 input file is 
mstm17_256_7299_18_00226.inp  
 input file comments follow:
***********************************************************
  This is the default mstm input file for v.3.0.
  The run is for a 7-sphere cluster of identical spheres.   The positions
  are embedded in the input file.

  The run makes use of the new_run and multiple_run options.

  14 April 2013
***********************************************************
 number of processors:
   1
 input parameters for run number 
    1
 number of spheres, volume size parameter:
  256  0.46346E+01
 position file:
position/n256/a17.out                                       
 output file:
output/256/x7299/18/00226/mt_17_256_7299_18_00226.dat       
 length, ref. indx. scale factors:
   0.730   1.800   0.023
 chiral factors:
  0.00000E+00  0.00000E+00
 scattering matrix directions based on incident frame
 automatic scattering angle calculation
 thetamin, thetamax:
      0.0    180.0
 number scattering angles:
      181
 epsmie, epssoln, max number iterations:
  0.1000E-05  0.1000E-07 5000
 medium refractive index:
  1.0000  0.0000
 target euler rotation angles:
    0.0000    0.0000    0.0000
 far field kr, iterations/correction:
 -0.1000E+01   20
 plane wave incidence
 random orientation calculations
 t matrix calculated, stored in file 
tmatrixfiles/1725672991800226                               
 t matrix convergence epsilon:
  0.1000E-06
 all spheres excited (total T matrix) 
 calculation results for run 
    1
 total ext, abs, scat efficiencies, w.r.t. xv, and asym. parm
  0.50817E+01  0.30912E+00  0.47726E+01  0.72086E+00
 scattering matrix elements (normalized w/ S11)
   theta      11           12           13           14           22           23           24           33           34           44      
    0.00  0.95751E+02  0.00000E+00  0.00000E+00 -0.33600E-03  0.99969E+00 -0.24038E-03  0.00000E+00  0.99969E+00  0.00000E+00  0.99942E+00 
    1.00  0.92088E+02 -0.28867E-03 -0.81512E-07 -0.33424E-03  0.99967E+00 -0.22937E-03  0.63764E-07  0.99967E+00 -0.32572E-03  0.99938E+00 
    2.00  0.82170E+02 -0.11862E-02 -0.42661E-06 -0.33250E-03  0.99961E+00 -0.19787E-03  0.20497E-06  0.99960E+00 -0.13634E-02  0.99926E+00 
    3.00  0.68725E+02 -0.27734E-02 -0.13267E-05 -0.34150E-03  0.99950E+00 -0.15274E-03  0.26072E-06  0.99949E+00 -0.32669E-02  0.99905E+00 
    4.00  0.54955E+02 -0.51172E-02 -0.31673E-05 -0.37741E-03  0.99935E+00 -0.11272E-03 -0.50410E-07  0.99931E+00 -0.61592E-02  0.99875E+00 
    5.00  0.43303E+02 -0.81176E-02 -0.60750E-05 -0.45286E-03  0.99917E+00 -0.11417E-03 -0.10087E-05  0.99909E+00 -0.98464E-02  0.99837E+00 
    6.00  0.34782E+02 -0.11341E-01 -0.93347E-05 -0.55918E-03  0.99899E+00 -0.19913E-03 -0.25158E-05  0.99883E+00 -0.13530E-01  0.99797E+00 
    7.00  0.29079E+02 -0.14157E-01 -0.11368E-04 -0.66114E-03  0.99882E+00 -0.37652E-03 -0.37297E-05  0.99858E+00 -0.16107E-01  0.99759E+00 
    8.00  0.25203E+02 -0.16231E-01 -0.10931E-04 -0.72767E-03  0.99867E+00 -0.59818E-03 -0.33808E-05  0.99836E+00 -0.17081E-01  0.99727E+00 
    9.00  0.22199E+02 -0.17761E-01 -0.81994E-05 -0.76423E-03  0.99852E+00 -0.78869E-03 -0.56819E-06  0.99815E+00 -0.16901E-01  0.99696E+00 
   10.00  0.19537E+02 -0.19215E-01 -0.44974E-05 -0.80442E-03  0.99836E+00 -0.88474E-03  0.48154E-05  0.99794E+00 -0.16349E-01  0.99665E+00 
   11.00  0.17110E+02 -0.21047E-01 -0.14114E-05 -0.87916E-03  0.99816E+00 -0.84996E-03  0.11996E-04  0.99772E+00 -0.15947E-01  0.99631E+00 
   12.00  0.14994E+02 -0.23571E-01  0.77794E-07 -0.99240E-03  0.99793E+00 -0.68510E-03  0.19401E-04  0.99748E+00 -0.15797E-01  0.99593E+00 
   13.00  0.13232E+02 -0.26878E-01  0.32779E-06 -0.11175E-02  0.99766E+00 -0.43665E-03  0.25354E-04  0.99722E+00 -0.15706E-01  0.99550E+00 
   14.00  0.11765E+02 -0.30811E-01  0.10292E-05 -0.12202E-02  0.99735E+00 -0.17933E-03  0.29342E-04  0.99691E+00 -0.15468E-01  0.99499E+00 
   15.00  0.10490E+02 -0.35075E-01  0.41493E-05 -0.12879E-02  0.99699E+00  0.25729E-04  0.32624E-04  0.99652E+00 -0.15084E-01  0.99436E+00 
   16.00  0.93403E+01 -0.39418E-01  0.10661E-04 -0.13330E-02  0.99661E+00  0.15985E-03  0.37346E-04  0.99603E+00 -0.14744E-01  0.99362E+00 
   17.00  0.83120E+01 -0.43733E-01  0.20014E-04 -0.13704E-02  0.99619E+00  0.24457E-03  0.44757E-04  0.99544E+00 -0.14639E-01  0.99277E+00 
   18.00  0.74260E+01 -0.48077E-01  0.30634E-04 -0.13919E-02  0.99576E+00  0.32008E-03  0.53795E-04  0.99478E+00 -0.14752E-01  0.99184E+00 
   19.00  0.66851E+01 -0.52602E-01  0.41263E-04 -0.13650E-02  0.99530E+00  0.41971E-03  0.61419E-04  0.99406E+00 -0.14818E-01  0.99084E+00 
   20.00  0.60598E+01 -0.57442E-01  0.52184E-04 -0.12598E-02  0.99479E+00  0.55406E-03  0.65069E-04  0.99329E+00 -0.14480E-01  0.98977E+00 
   21.00  0.55085E+01 -0.62632E-01  0.65010E-04 -0.10808E-02  0.99420E+00  0.71371E-03  0.65333E-04  0.99244E+00 -0.13522E-01  0.98857E+00 
   22.00  0.50031E+01 -0.68100E-01  0.81018E-04 -0.87172E-03  0.99352E+00  0.88265E-03  0.66260E-04  0.99146E+00 -0.11967E-01  0.98719E+00 
   23.00  0.45373E+01 -0.73724E-01  0.99466E-04 -0.68971E-03  0.99275E+00  0.10457E-02  0.72821E-04  0.99032E+00 -0.99757E-02  0.98558E+00 
   24.00  0.41162E+01 -0.79397E-01  0.11747E-03 -0.57019E-03  0.99187E+00  0.11838E-02  0.87068E-04  0.98899E+00 -0.76893E-02  0.98373E+00 
   25.00  0.37422E+01 -0.85090E-01  0.13204E-03 -0.50407E-03  0.99090E+00  0.12641E-02  0.10566E-03  0.98748E+00 -0.51389E-02  0.98163E+00 
   26.00  0.34098E+01 -0.90909E-01  0.14303E-03 -0.44619E-03  0.98984E+00  0.12389E-02  0.12113E-03  0.98580E+00 -0.23062E-02  0.97929E+00 
   27.00  0.31112E+01 -0.97129E-01  0.15440E-03 -0.34789E-03  0.98871E+00  0.10607E-02  0.12662E-03  0.98397E+00  0.70287E-03  0.97678E+00 
   28.00  0.28414E+01 -0.10417E+00  0.17204E-03 -0.18654E-03  0.98759E+00  0.70781E-03  0.12058E-03  0.98200E+00  0.35299E-02  0.97418E+00 
   29.00  0.25997E+01 -0.11244E+00  0.19925E-03  0.28056E-04  0.98651E+00  0.20795E-03  0.10839E-03  0.97987E+00  0.56377E-02  0.97150E+00 
   30.00  0.23841E+01 -0.12212E+00  0.23259E-03  0.26738E-03  0.98547E+00 -0.36221E-03  0.99868E-04  0.97752E+00  0.66033E-02  0.96867E+00 
   31.00  0.21893E+01 -0.13295E+00  0.26156E-03  0.50098E-03  0.98437E+00 -0.91016E-03  0.10443E-03  0.97489E+00  0.64310E-02  0.96555E+00 
   32.00  0.20073E+01 -0.14423E+00  0.27312E-03  0.70191E-03  0.98307E+00 -0.13747E-02  0.12730E-03  0.97191E+00  0.56064E-02  0.96196E+00 
   33.00  0.18321E+01 -0.15515E+00  0.25860E-03  0.84161E-03  0.98146E+00 -0.17507E-02  0.16892E-03  0.96858E+00  0.48207E-02  0.95780E+00 
   34.00  0.16636E+01 -0.16520E+00  0.21921E-03  0.88758E-03  0.97952E+00 -0.20751E-02  0.22631E-03  0.96492E+00  0.45692E-02  0.95312E+00 
   35.00  0.15067E+01 -0.17443E+00  0.16812E-03  0.81451E-03  0.97733E+00 -0.23889E-02  0.29408E-03  0.96094E+00  0.48733E-02  0.94799E+00 
   36.00  0.13673E+01 -0.18354E+00  0.12735E-03  0.62289E-03  0.97501E+00 -0.27008E-02  0.36459E-03  0.95662E+00  0.52696E-02  0.94251E+00 
   37.00  0.12491E+01 -0.19349E+00  0.11864E-03  0.34568E-03  0.97270E+00 -0.29740E-02  0.42937E-03  0.95191E+00  0.50951E-02  0.93668E+00 
   38.00  0.11516E+01 -0.20499E+00  0.15172E-03  0.28537E-04  0.97048E+00 -0.31473E-02  0.48301E-03  0.94681E+00  0.39178E-02  0.93053E+00 
   39.00  0.10714E+01 -0.21793E+00  0.21804E-03 -0.30159E-03  0.96840E+00 -0.31755E-02  0.52703E-03  0.94142E+00  0.18043E-02  0.92418E+00 
   40.00  0.10043E+01 -0.23150E+00  0.29496E-03 -0.64694E-03  0.96647E+00 -0.30595E-02  0.56957E-03  0.93596E+00 -0.77961E-03  0.91787E+00 
   41.00  0.94628E+00 -0.24476E+00  0.35728E-03 -0.10161E-02  0.96470E+00 -0.28466E-02  0.61918E-03  0.93062E+00 -0.33165E-02  0.91185E+00 
   42.00  0.89514E+00 -0.25715E+00  0.38813E-03 -0.13920E-02  0.96307E+00 -0.26067E-02  0.67653E-03  0.92543E+00 -0.55309E-02  0.90616E+00 
   43.00  0.85010E+00 -0.26882E+00  0.38380E-03 -0.17254E-02  0.96152E+00 -0.23999E-02  0.73042E-03  0.92023E+00 -0.74257E-02  0.90058E+00 
   44.00  0.81150E+00 -0.28043E+00  0.35174E-03 -0.19634E-02  0.95997E+00 -0.22528E-02  0.76238E-03  0.91475E+00 -0.90896E-02  0.89475E+00 
   45.00  0.77977E+00 -0.29263E+00  0.30445E-03 -0.20928E-02  0.95842E+00 -0.21506E-02  0.75879E-03  0.90881E+00 -0.10474E-01  0.88840E+00 
   46.00  0.75439E+00 -0.30575E+00  0.25321E-03 -0.21601E-02  0.95688E+00 -0.20479E-02  0.72253E-03  0.90242E+00 -0.11350E-01  0.88152E+00 
   47.00  0.73337E+00 -0.31965E+00  0.20453E-03 -0.22459E-02  0.95539E+00 -0.18918E-02  0.67440E-03  0.89570E+00 -0.11491E-01  0.87428E+00 
   48.00  0.71376E+00 -0.33398E+00  0.16056E-03 -0.24142E-02  0.95393E+00 -0.16436E-02  0.64234E-03  0.88874E+00 -0.10909E-01  0.86681E+00 
   49.00  0.69299E+00 -0.34855E+00  0.12173E-03 -0.26771E-02  0.95243E+00 -0.12886E-02  0.64661E-03  0.88144E+00 -0.99148E-02  0.85904E+00 
   50.00  0.67006E+00 -0.36338E+00  0.89543E-04 -0.29972E-02  0.95078E+00 -0.83295E-03  0.69143E-03  0.87357E+00 -0.89649E-02  0.85070E+00 
   51.00  0.64582E+00 -0.37867E+00  0.67573E-04 -0.33169E-02  0.94897E+00 -0.29600E-03  0.76628E-03  0.86493E+00 -0.83990E-02  0.84158E+00 
   52.00  0.62202E+00 -0.39450E+00  0.60230E-04 -0.35896E-02  0.94703E+00  0.29798E-03  0.85397E-03  0.85543E+00 -0.82488E-02  0.83160E+00 
   53.00  0.59985E+00 -0.41072E+00  0.69553E-04 -0.37954E-02  0.94502E+00  0.92839E-03  0.94031E-03  0.84519E+00 -0.82524E-02  0.82093E+00 
   54.00  0.57913E+00 -0.42692E+00  0.91523E-04 -0.39330E-02  0.94297E+00  0.15855E-02  0.10198E-02  0.83442E+00 -0.80885E-02  0.80981E+00 
   55.00  0.55855E+00 -0.44267E+00  0.11417E-03 -0.39985E-02  0.94081E+00  0.22703E-02  0.10942E-02  0.82322E+00 -0.76560E-02  0.79836E+00 
   56.00  0.53687E+00 -0.45773E+00  0.11905E-03 -0.39736E-02  0.93844E+00  0.29834E-02  0.11664E-02  0.81156E+00 -0.71654E-02  0.78653E+00 
   57.00  0.51390E+00 -0.47210E+00  0.86785E-04 -0.38337E-02  0.93581E+00  0.37058E-02  0.12357E-02  0.79932E+00 -0.69687E-02  0.77414E+00 
   58.00  0.49070E+00 -0.48603E+00  0.65753E-05 -0.35741E-02  0.93295E+00  0.43821E-02  0.12980E-02  0.78644E+00 -0.72530E-02  0.76107E+00 
   59.00  0.46893E+00 -0.49985E+00 -0.11238E-03 -0.32317E-02  0.93002E+00  0.49209E-02  0.13511E-02  0.77300E+00 -0.78191E-02  0.74738E+00 
   60.00  0.44982E+00 -0.51388E+00 -0.23483E-03 -0.28831E-02  0.92718E+00  0.52207E-02  0.13983E-02  0.75920E+00 -0.81433E-02  0.73319E+00 
   61.00  0.43360E+00 -0.52829E+00 -0.30745E-03 -0.26085E-02  0.92455E+00  0.52143E-02  0.14469E-02  0.74514E+00 -0.77408E-02  0.71863E+00 
   62.00  0.41968E+00 -0.54317E+00 -0.28104E-03 -0.24465E-02  0.92210E+00  0.49026E-02  0.15005E-02  0.73073E+00 -0.65801E-02  0.70363E+00 
   63.00  0.40724E+00 -0.55858E+00 -0.13532E-03 -0.23714E-02  0.91978E+00  0.43586E-02  0.15514E-02  0.71571E+00 -0.52082E-02  0.68800E+00 
   64.00  0.39583E+00 -0.57454E+00  0.10705E-03 -0.23093E-02  0.91756E+00  0.37039E-02  0.15785E-02  0.69977E+00 -0.44723E-02  0.67151E+00 
   65.00  0.38544E+00 -0.59102E+00  0.38474E-03 -0.21772E-02  0.91544E+00  0.30721E-02  0.15552E-02  0.68274E+00 -0.50216E-02  0.65405E+00 
   66.00  0.37617E+00 -0.60784E+00  0.62025E-03 -0.19231E-02  0.91344E+00  0.25710E-02  0.14621E-02  0.66464E+00 -0.69062E-02  0.63568E+00 
   67.00  0.36785E+00 -0.62467E+00  0.75233E-03 -0.15447E-02  0.91147E+00  0.22552E-02  0.12983E-02  0.64565E+00 -0.95446E-02  0.61654E+00 
   68.00  0.35988E+00 -0.64103E+00  0.76110E-03 -0.10811E-02  0.90936E+00  0.21202E-02  0.10823E-02  0.62598E+00 -0.12094E-01  0.59671E+00 
   69.00  0.35153E+00 -0.65653E+00  0.67113E-03 -0.58797E-03  0.90690E+00  0.21229E-02  0.84528E-03  0.60571E+00 -0.13967E-01  0.57619E+00 
   70.00  0.34235E+00 -0.67094E+00  0.53333E-03 -0.11546E-03  0.90396E+00  0.22110E-02  0.61975E-03  0.58483E+00 -0.15142E-01  0.55489E+00 
   71.00  0.33248E+00 -0.68423E+00  0.39955E-03  0.29858E-03  0.90061E+00  0.23436E-02  0.43257E-03  0.56332E+00 -0.16115E-01  0.53282E+00 
   72.00  0.32246E+00 -0.69658E+00  0.30363E-03  0.62556E-03  0.89707E+00  0.24920E-02  0.30204E-03  0.54120E+00 -0.17567E-01  0.51010E+00 
   73.00  0.31296E+00 -0.70822E+00  0.25584E-03  0.84257E-03  0.89364E+00  0.26261E-02  0.23723E-03  0.51860E+00 -0.19955E-01  0.48698E+00 
   74.00  0.30433E+00 -0.71935E+00  0.25061E-03  0.93471E-03  0.89055E+00  0.26992E-02  0.23768E-03  0.49570E+00 -0.23268E-01  0.46373E+00 
   75.00  0.29650E+00 -0.73003E+00  0.28079E-03  0.90107E-03  0.88781E+00  0.26482E-02  0.29369E-03  0.47263E+00 -0.27089E-01  0.44046E+00 
   76.00  0.28915E+00 -0.74022E+00  0.34809E-03  0.75751E-03  0.88529E+00  0.24119E-02  0.38858E-03  0.44941E+00 -0.30887E-01  0.41716E+00 
   77.00  0.28206E+00 -0.74984E+00  0.46253E-03  0.53302E-03  0.88282E+00  0.19590E-02  0.50248E-03  0.42604E+00 -0.34317E-01  0.39375E+00 
   78.00  0.27534E+00 -0.75893E+00  0.63282E-03  0.26156E-03  0.88036E+00  0.13121E-02  0.61708E-03  0.40254E+00 -0.37327E-01  0.37025E+00 
   79.00  0.26944E+00 -0.76765E+00  0.85571E-03 -0.26396E-04  0.87804E+00  0.55257E-03  0.72049E-03  0.37898E+00 -0.40031E-01  0.34684E+00 
   80.00  0.26487E+00 -0.77625E+00  0.11137E-02 -0.30990E-03  0.87614E+00 -0.20047E-03  0.81122E-03  0.35548E+00 -0.42483E-01  0.32374E+00 
   81.00  0.26191E+00 -0.78493E+00  0.13849E-02 -0.58011E-03  0.87487E+00 -0.83597E-03  0.89945E-03  0.33202E+00 -0.44528E-01  0.30103E+00 
   82.00  0.26033E+00 -0.79368E+00  0.16588E-02 -0.83899E-03  0.87420E+00 -0.12981E-02  0.10041E-02  0.30836E+00 -0.45835E-01  0.27847E+00 
   83.00  0.25944E+00 -0.80227E+00  0.19457E-02 -0.10947E-02  0.87388E+00 -0.16049E-02  0.11462E-02  0.28407E+00 -0.46095E-01  0.25551E+00 
   84.00  0.25833E+00 -0.81027E+00  0.22713E-02 -0.13561E-02  0.87350E+00 -0.18264E-02  0.13418E-02  0.25862E+00 -0.45223E-01  0.23146E+00 
   85.00  0.25625E+00 -0.81725E+00  0.26579E-02 -0.16276E-02  0.87267E+00 -0.20411E-02  0.15968E-02  0.23158E+00 -0.43452E-01  0.20574E+00 
   86.00  0.25282E+00 -0.82288E+00  0.31049E-02 -0.19057E-02  0.87119E+00 -0.22960E-02  0.19044E-02  0.20275E+00 -0.41274E-01  0.17804E+00 
   87.00  0.24817E+00 -0.82701E+00  0.35764E-02 -0.21759E-02  0.86905E+00 -0.25873E-02  0.22437E-02  0.17220E+00 -0.39311E-01  0.14845E+00 
   88.00  0.24278E+00 -0.82966E+00  0.40039E-02 -0.24128E-02  0.86646E+00 -0.28640E-02  0.25800E-02  0.14031E+00 -0.38138E-01  0.11740E+00 
   89.00  0.23729E+00 -0.83102E+00  0.43042E-02 -0.25834E-02  0.86374E+00 -0.30515E-02  0.28693E-02  0.10764E+00 -0.38131E-01  0.85575E-01 
   90.00  0.23221E+00 -0.83134E+00  0.44107E-02 -0.26559E-02  0.86122E+00 -0.30851E-02  0.30678E-02  0.74814E-01 -0.39365E-01  0.53730E-01 
   91.00  0.22786E+00 -0.83090E+00  0.43001E-02 -0.26115E-02  0.85912E+00 -0.29387E-02  0.31451E-02  0.42341E-01 -0.41609E-01  0.22445E-01 
   92.00  0.22426E+00 -0.82987E+00  0.40035E-02 -0.24543E-02  0.85753E+00 -0.26353E-02  0.30954E-02  0.10507E-01 -0.44416E-01 -0.79901E-02 
   93.00  0.22129E+00 -0.82830E+00  0.35918E-02 -0.22138E-02  0.85637E+00 -0.22336E-02  0.29410E-02 -0.20637E-01 -0.47268E-01 -0.37582E-01 
   94.00  0.21871E+00 -0.82614E+00  0.31467E-02 -0.19378E-02  0.85551E+00 -0.18030E-02  0.27270E-02 -0.51189E-01 -0.49700E-01 -0.66525E-01 
   95.00  0.21632E+00 -0.82329E+00  0.27309E-02 -0.16790E-02  0.85481E+00 -0.13988E-02  0.25080E-02 -0.81283E-01 -0.51376E-01 -0.95050E-01 
   96.00  0.21395E+00 -0.81960E+00  0.23722E-02 -0.14795E-02  0.85414E+00 -0.10492E-02  0.23322E-02 -0.11100E+00 -0.52114E-01 -0.12331E+00 
   97.00  0.21150E+00 -0.81492E+00  0.20636E-02 -0.13583E-02  0.85341E+00 -0.75675E-03  0.22274E-02 -0.14035E+00 -0.51889E-01 -0.15133E+00 
   98.00  0.20889E+00 -0.80912E+00  0.17778E-02 -0.13056E-02  0.85260E+00 -0.50786E-03  0.21924E-02 -0.16926E+00 -0.50824E-01 -0.17906E+00 
   99.00  0.20610E+00 -0.80209E+00  0.14868E-02 -0.12859E-02  0.85166E+00 -0.28598E-03  0.21977E-02 -0.19766E+00 -0.49164E-01 -0.20635E+00 
  100.00  0.20316E+00 -0.79382E+00  0.11784E-02 -0.12483E-02  0.85063E+00 -0.81134E-04  0.21936E-02 -0.22547E+00 -0.47240E-01 -0.23307E+00 
  101.00  0.20016E+00 -0.78435E+00  0.86345E-03 -0.11410E-02  0.84955E+00  0.10639E-03  0.21247E-02 -0.25266E+00 -0.45403E-01 -0.25911E+00 
  102.00  0.19722E+00 -0.77385E+00  0.57208E-03 -0.92544E-03  0.84852E+00  0.26833E-03  0.19448E-02 -0.27919E+00 -0.43960E-01 -0.28436E+00 
  103.00  0.19453E+00 -0.76256E+00  0.34149E-03 -0.58661E-03  0.84766E+00  0.39423E-03  0.16295E-02 -0.30504E+00 -0.43100E-01 -0.30875E+00 
  104.00  0.19228E+00 -0.75079E+00  0.20067E-03 -0.13682E-03  0.84712E+00  0.47768E-03  0.11817E-02 -0.33017E+00 -0.42858E-01 -0.33223E+00 
  105.00  0.19061E+00 -0.73884E+00  0.15825E-03  0.38793E-03  0.84700E+00  0.51999E-03  0.62952E-03 -0.35454E+00 -0.43113E-01 -0.35474E+00 
  106.00  0.18960E+00 -0.72692E+00  0.19844E-03  0.93766E-03  0.84733E+00  0.53023E-03  0.17277E-04 -0.37811E+00 -0.43637E-01 -0.37628E+00 
  107.00  0.18923E+00 -0.71510E+00  0.28664E-03  0.14609E-02  0.84807E+00  0.52159E-03 -0.60702E-03 -0.40085E+00 -0.44175E-01 -0.39688E+00 
  108.00  0.18939E+00 -0.70333E+00  0.38148E-03  0.19161E-02  0.84909E+00  0.50650E-03 -0.12023E-02 -0.42277E+00 -0.44529E-01 -0.41660E+00 
  109.00  0.18995E+00 -0.69145E+00  0.44785E-03  0.22781E-02  0.85023E+00  0.49273E-03 -0.17399E-02 -0.44390E+00 -0.44602E-01 -0.43552E+00 
  110.00  0.19073E+00 -0.67926E+00  0.46521E-03  0.25401E-02  0.85133E+00  0.48216E-03 -0.22034E-02 -0.46430E+00 -0.44411E-01 -0.45376E+00 
  111.00  0.19159E+00 -0.66662E+00  0.42915E-03  0.27115E-02  0.85226E+00  0.47243E-03 -0.25851E-02 -0.48402E+00 -0.44050E-01 -0.47141E+00 
  112.00  0.19244E+00 -0.65344E+00  0.34692E-03  0.28143E-02  0.85299E+00  0.46018E-03 -0.28822E-02 -0.50312E+00 -0.43640E-01 -0.48853E+00 
  113.00  0.19323E+00 -0.63971E+00  0.22993E-03  0.28791E-02  0.85352E+00  0.44428E-03 -0.30954E-02 -0.52164E+00 -0.43276E-01 -0.50517E+00 
  114.00  0.19397E+00 -0.62552E+00  0.86410E-04  0.29410E-02  0.85391E+00  0.42797E-03 -0.32301E-02 -0.53961E+00 -0.42999E-01 -0.52136E+00 
  115.00  0.19468E+00 -0.61098E+00 -0.83340E-04  0.30347E-02  0.85427E+00  0.41888E-03 -0.32988E-02 -0.55704E+00 -0.42783E-01 -0.53707E+00 
  116.00  0.19537E+00 -0.59623E+00 -0.28783E-03  0.31902E-02  0.85466E+00  0.42742E-03 -0.33231E-02 -0.57393E+00 -0.42554E-01 -0.55229E+00 
  117.00  0.19605E+00 -0.58135E+00 -0.54161E-03  0.34273E-02  0.85515E+00  0.46382E-03 -0.33326E-02 -0.59027E+00 -0.42216E-01 -0.56698E+00 
  118.00  0.19672E+00 -0.56642E+00 -0.86010E-03  0.37522E-02  0.85578E+00  0.53511E-03 -0.33622E-02 -0.60606E+00 -0.41685E-01 -0.58110E+00 
  119.00  0.19734E+00 -0.55144E+00 -0.12540E-02  0.41558E-02  0.85653E+00  0.64258E-03 -0.34450E-02 -0.62131E+00 -0.40920E-01 -0.59463E+00 
  120.00  0.19790E+00 -0.53638E+00 -0.17249E-02  0.46148E-02  0.85738E+00  0.78061E-03 -0.36062E-02 -0.63603E+00 -0.39928E-01 -0.60756E+00 
  121.00  0.19837E+00 -0.52120E+00 -0.22632E-02  0.50958E-02  0.85828E+00  0.93671E-03 -0.38574E-02 -0.65023E+00 -0.38763E-01 -0.61988E+00 
  122.00  0.19876E+00 -0.50587E+00 -0.28485E-02  0.55603E-02  0.85920E+00  0.10930E-02 -0.41931E-02 -0.66394E+00 -0.37510E-01 -0.63162E+00 
  123.00  0.19908E+00 -0.49035E+00 -0.34527E-02  0.59714E-02  0.86011E+00  0.12289E-02 -0.45910E-02 -0.67716E+00 -0.36267E-01 -0.64279E+00 
  124.00  0.19937E+00 -0.47466E+00 -0.40437E-02  0.62987E-02  0.86099E+00  0.13239E-02 -0.50151E-02 -0.68990E+00 -0.35116E-01 -0.65342E+00 
  125.00  0.19967E+00 -0.45884E+00 -0.45909E-02  0.65232E-02  0.86186E+00  0.13615E-02 -0.54213E-02 -0.70216E+00 -0.34117E-01 -0.66354E+00 
  126.00  0.20005E+00 -0.44295E+00 -0.50694E-02  0.66393E-02  0.86271E+00  0.13319E-02 -0.57644E-02 -0.71393E+00 -0.33291E-01 -0.67316E+00 
  127.00  0.20052E+00 -0.42705E+00 -0.54635E-02  0.66546E-02  0.86357E+00  0.12337E-02 -0.60050E-02 -0.72518E+00 -0.32628E-01 -0.68232E+00 
  128.00  0.20112E+00 -0.41122E+00 -0.57683E-02  0.65881E-02  0.86445E+00  0.10742E-02 -0.61154E-02 -0.73590E+00 -0.32091E-01 -0.69102E+00 
  129.00  0.20183E+00 -0.39551E+00 -0.59891E-02  0.64665E-02  0.86535E+00  0.86765E-03 -0.60832E-02 -0.74609E+00 -0.31624E-01 -0.69927E+00 
  130.00  0.20263E+00 -0.37996E+00 -0.61390E-02  0.63191E-02  0.86625E+00  0.63297E-03 -0.59118E-02 -0.75572E+00 -0.31170E-01 -0.70708E+00 
  131.00  0.20349E+00 -0.36457E+00 -0.62351E-02  0.61731E-02  0.86715E+00  0.39057E-03 -0.56181E-02 -0.76481E+00 -0.30677E-01 -0.71443E+00 
  132.00  0.20435E+00 -0.34935E+00 -0.62948E-02  0.60494E-02  0.86801E+00  0.15987E-03 -0.52288E-02 -0.77336E+00 -0.30106E-01 -0.72131E+00 
  133.00  0.20516E+00 -0.33428E+00 -0.63324E-02  0.59600E-02  0.86881E+00 -0.42701E-04 -0.47752E-02 -0.78138E+00 -0.29435E-01 -0.72771E+00 
  134.00  0.20589E+00 -0.31933E+00 -0.63572E-02  0.59078E-02  0.86951E+00 -0.20480E-03 -0.42889E-02 -0.78887E+00 -0.28665E-01 -0.73360E+00 
  135.00  0.20651E+00 -0.30449E+00 -0.63726E-02  0.58874E-02  0.87010E+00 -0.31883E-03 -0.37976E-02 -0.79587E+00 -0.27813E-01 -0.73897E+00 
  136.00  0.20699E+00 -0.28978E+00 -0.63764E-02  0.58884E-02  0.87056E+00 -0.38220E-03 -0.33240E-02 -0.80237E+00 -0.26910E-01 -0.74381E+00 
  137.00  0.20736E+00 -0.27519E+00 -0.63619E-02  0.58975E-02  0.87088E+00 -0.39727E-03 -0.28845E-02 -0.80840E+00 -0.25994E-01 -0.74810E+00 
  138.00  0.20762E+00 -0.26078E+00 -0.63200E-02  0.59018E-02  0.87108E+00 -0.37089E-03 -0.24899E-02 -0.81396E+00 -0.25108E-01 -0.75183E+00 
  139.00  0.20780E+00 -0.24658E+00 -0.62408E-02  0.58907E-02  0.87115E+00 -0.31333E-03 -0.21467E-02 -0.81906E+00 -0.24286E-01 -0.75503E+00 
  140.00  0.20795E+00 -0.23266E+00 -0.61157E-02  0.58569E-02  0.87111E+00 -0.23677E-03 -0.18581E-02 -0.82373E+00 -0.23553E-01 -0.75770E+00 
  141.00  0.20812E+00 -0.21905E+00 -0.59396E-02  0.57972E-02  0.87099E+00 -0.15334E-03 -0.16259E-02 -0.82799E+00 -0.22919E-01 -0.75988E+00 
  142.00  0.20833E+00 -0.20583E+00 -0.57122E-02  0.57125E-02  0.87081E+00 -0.73420E-04 -0.14508E-02 -0.83186E+00 -0.22381E-01 -0.76161E+00 
  143.00  0.20862E+00 -0.19302E+00 -0.54381E-02  0.56076E-02  0.87058E+00 -0.45526E-05 -0.13340E-02 -0.83537E+00 -0.21923E-01 -0.76293E+00 
  144.00  0.20904E+00 -0.18067E+00 -0.51270E-02  0.54902E-02  0.87033E+00  0.48845E-04 -0.12773E-02 -0.83856E+00 -0.21520E-01 -0.76391E+00 
  145.00  0.20959E+00 -0.16878E+00 -0.47920E-02  0.53702E-02  0.87008E+00  0.84984E-04 -0.12828E-02 -0.84147E+00 -0.21142E-01 -0.76458E+00 
  146.00  0.21031E+00 -0.15737E+00 -0.44479E-02  0.52576E-02  0.86982E+00  0.10391E-03 -0.13521E-02 -0.84412E+00 -0.20756E-01 -0.76500E+00 
  147.00  0.21118E+00 -0.14643E+00 -0.41093E-02  0.51613E-02  0.86958E+00  0.10680E-03 -0.14850E-02 -0.84654E+00 -0.20333E-01 -0.76519E+00 
  148.00  0.21221E+00 -0.13596E+00 -0.37890E-02  0.50876E-02  0.86936E+00  0.95622E-04 -0.16786E-02 -0.84874E+00 -0.19845E-01 -0.76519E+00 
  149.00  0.21339E+00 -0.12593E+00 -0.34967E-02  0.50393E-02  0.86916E+00  0.73041E-04 -0.19262E-02 -0.85075E+00 -0.19273E-01 -0.76501E+00 
  150.00  0.21471E+00 -0.11632E+00 -0.32386E-02  0.50163E-02  0.86897E+00  0.42381E-04 -0.22172E-02 -0.85257E+00 -0.18606E-01 -0.76467E+00 
  151.00  0.21615E+00 -0.10712E+00 -0.30175E-02  0.50151E-02  0.86878E+00  0.73598E-05 -0.25369E-02 -0.85419E+00 -0.17842E-01 -0.76417E+00 
  152.00  0.21770E+00 -0.98288E-01 -0.28327E-02  0.50307E-02  0.86859E+00 -0.28390E-04 -0.28682E-02 -0.85563E+00 -0.16990E-01 -0.76351E+00 
  153.00  0.21933E+00 -0.89822E-01 -0.26805E-02  0.50565E-02  0.86839E+00 -0.61874E-04 -0.31914E-02 -0.85688E+00 -0.16065E-01 -0.76269E+00 
  154.00  0.22103E+00 -0.81705E-01 -0.25553E-02  0.50855E-02  0.86818E+00 -0.91080E-04 -0.34866E-02 -0.85793E+00 -0.15089E-01 -0.76170E+00 
  155.00  0.22278E+00 -0.73930E-01 -0.24508E-02  0.51111E-02  0.86795E+00 -0.11498E-03 -0.37350E-02 -0.85881E+00 -0.14086E-01 -0.76056E+00 
  156.00  0.22457E+00 -0.66488E-01 -0.23604E-02  0.51278E-02  0.86770E+00 -0.13319E-03 -0.39206E-02 -0.85951E+00 -0.13080E-01 -0.75926E+00 
  157.00  0.22638E+00 -0.59376E-01 -0.22787E-02  0.51327E-02  0.86742E+00 -0.14555E-03 -0.40318E-02 -0.86005E+00 -0.12090E-01 -0.75781E+00 
  158.00  0.22821E+00 -0.52590E-01 -0.22010E-02  0.51249E-02  0.86711E+00 -0.15177E-03 -0.40623E-02 -0.86045E+00 -0.11134E-01 -0.75623E+00 
  159.00  0.23005E+00 -0.46127E-01 -0.21240E-02  0.51059E-02  0.86677E+00 -0.15139E-03 -0.40114E-02 -0.86072E+00 -0.10224E-01 -0.75453E+00 
  160.00  0.23189E+00 -0.39990E-01 -0.20441E-02  0.50789E-02  0.86640E+00 -0.14406E-03 -0.38830E-02 -0.86088E+00 -0.93678E-02 -0.75271E+00 
  161.00  0.23374E+00 -0.34184E-01 -0.19582E-02  0.50474E-02  0.86600E+00 -0.12994E-03 -0.36854E-02 -0.86094E+00 -0.85691E-02 -0.75079E+00 
  162.00  0.23560E+00 -0.28716E-01 -0.18626E-02  0.50147E-02  0.86556E+00 -0.11011E-03 -0.34295E-02 -0.86093E+00 -0.78284E-02 -0.74877E+00 
  163.00  0.23747E+00 -0.23599E-01 -0.17539E-02  0.49839E-02  0.86509E+00 -0.86684E-04 -0.31285E-02 -0.86085E+00 -0.71426E-02 -0.74669E+00 
  164.00  0.23936E+00 -0.18851E-01 -0.16300E-02  0.49572E-02  0.86459E+00 -0.62526E-04 -0.27966E-02 -0.86072E+00 -0.65056E-02 -0.74454E+00 
  165.00  0.24127E+00 -0.14495E-01 -0.14906E-02  0.49363E-02  0.86406E+00 -0.40608E-04 -0.24485E-02 -0.86055E+00 -0.59098E-02 -0.74236E+00 
  166.00  0.24322E+00 -0.10563E-01 -0.13379E-02  0.49219E-02  0.86350E+00 -0.23200E-04 -0.20984E-02 -0.86035E+00 -0.53474E-02 -0.74013E+00 
  167.00  0.24522E+00 -0.70909E-02 -0.11766E-02  0.49133E-02  0.86290E+00 -0.11271E-04 -0.17589E-02 -0.86012E+00 -0.48115E-02 -0.73787E+00 
  168.00  0.24726E+00 -0.41133E-02 -0.10130E-02  0.49087E-02  0.86228E+00 -0.43562E-05 -0.14407E-02 -0.85986E+00 -0.42970E-02 -0.73558E+00 
  169.00  0.24935E+00 -0.16547E-02 -0.85354E-03  0.49058E-02  0.86164E+00 -0.98357E-06 -0.11521E-02 -0.85958E+00 -0.38000E-02 -0.73326E+00 
  170.00  0.25148E+00  0.27635E-03 -0.70348E-03  0.49018E-02  0.86098E+00  0.55723E-06 -0.89869E-03 -0.85926E+00 -0.33181E-02 -0.73091E+00 
  171.00  0.25363E+00  0.16886E-02 -0.56619E-03  0.48946E-02  0.86032E+00  0.15053E-05 -0.68374E-03 -0.85893E+00 -0.28495E-02 -0.72853E+00 
  172.00  0.25579E+00  0.26036E-02 -0.44315E-03  0.48824E-02  0.85966E+00  0.23191E-05 -0.50754E-03 -0.85858E+00 -0.23930E-02 -0.72616E+00 
  173.00  0.25793E+00  0.30522E-02 -0.33476E-03  0.48632E-02  0.85901E+00  0.28575E-05 -0.36763E-03 -0.85822E+00 -0.19495E-02 -0.72378E+00 
  174.00  0.26000E+00  0.30757E-02 -0.24123E-03  0.48358E-02  0.85837E+00  0.28405E-05 -0.25916E-03 -0.85786E+00 -0.15226E-02 -0.72142E+00 
  175.00  0.26197E+00  0.27358E-02 -0.16305E-03  0.47994E-02  0.85777E+00  0.22377E-05 -0.17603E-03 -0.85747E+00 -0.11203E-02 -0.71913E+00 
  176.00  0.26377E+00  0.21287E-02 -0.10079E-03  0.47558E-02  0.85723E+00  0.13451E-05 -0.11237E-03 -0.85708E+00 -0.75521E-03 -0.71696E+00 
  177.00  0.26532E+00  0.13908E-02 -0.54507E-04  0.47093E-02  0.85676E+00  0.56732E-06 -0.63976E-04 -0.85671E+00 -0.44367E-03 -0.71505E+00 
  178.00  0.26651E+00  0.68753E-03 -0.23329E-04  0.46673E-02  0.85640E+00  0.13682E-06 -0.28953E-04 -0.85639E+00 -0.20375E-03 -0.71352E+00 
  179.00  0.26727E+00  0.18320E-03 -0.56732E-05  0.46377E-02  0.85617E+00  0.96175E-08 -0.73492E-05 -0.85617E+00 -0.51986E-04 -0.71253E+00 
  180.00  0.26753E+00  0.46380E-14 -0.13918E-15  0.46270E-02  0.85609E+00  0.61413E-29 -0.18321E-15 -0.85609E+00 -0.12973E-14 -0.71219E+00 
 scattering matrix expansion coefficients
    w  a11         a22         a33         a23         a32         a44         a12         a34         a13         a24         a14
    0  0.1000E+01  0.0000E+00  0.0000E+00  0.0000E+00  0.0000E+00  0.7786E+00  0.0000E+00  0.0000E+00  0.0000E+00  0.0000E+00 -0.4670E-03
    1  0.2163E+01  0.0000E+00  0.0000E+00  0.0000E+00  0.0000E+00  0.2348E+01  0.0000E+00  0.0000E+00  0.0000E+00  0.0000E+00 -0.2626E-02
    2  0.3077E+01  0.2458E+00  0.3857E+01 -0.1485E-06 -0.6213E-03  0.3062E+01 -0.3575E+00 -0.1580E-01  0.1482E-03  0.2068E-03 -0.1596E-02
    3  0.3542E+01  0.5182E-01  0.3962E+01  0.8754E-06 -0.1212E-02  0.3536E+01 -0.1726E+00  0.1244E-03  0.8428E-03  0.1187E-02 -0.2065E-02
    4  0.3824E+01  0.2065E-01  0.4145E+01  0.1540E-06 -0.1180E-02  0.3817E+01 -0.1234E+00 -0.5048E-02 -0.1082E-02 -0.5420E-03 -0.2903E-02
    5  0.3908E+01  0.6627E-02  0.4180E+01 -0.1609E-06 -0.3932E-03  0.3910E+01 -0.1132E+00 -0.1055E-01  0.8422E-03  0.4489E-03 -0.2696E-02
    6  0.3864E+01  0.7838E-02  0.4088E+01 -0.7775E-06  0.5775E-03  0.3860E+01 -0.1084E+00 -0.1965E-01  0.3944E-03  0.3846E-03 -0.3248E-02
    7  0.3720E+01 -0.7456E-03  0.3909E+01  0.7568E-06 -0.6312E-03  0.3731E+01 -0.1106E+00 -0.2503E-01 -0.1526E-04 -0.3316E-03 -0.4039E-02
    8  0.3561E+01  0.8219E-02  0.3701E+01 -0.3754E-07 -0.3129E-02  0.3550E+01 -0.9607E-01 -0.3212E-01  0.9160E-04 -0.3535E-03 -0.2855E-02
    9  0.3371E+01 -0.1381E-02  0.3490E+01  0.1999E-07 -0.4203E-02  0.3374E+01 -0.9500E-01 -0.4168E-01 -0.2079E-03  0.6987E-03 -0.1061E-02
   10  0.3205E+01  0.2405E-03  0.3296E+01 -0.5686E-06 -0.3813E-02  0.3208E+01 -0.9223E-01 -0.5406E-01  0.1739E-03 -0.1171E-03  0.2053E-03
   11  0.3077E+01  0.3304E-02  0.3143E+01  0.2182E-06 -0.2750E-02  0.3074E+01 -0.7410E-01 -0.6243E-01  0.1980E-03  0.1814E-03  0.6419E-03
   12  0.2973E+01  0.2697E-02  0.3025E+01 -0.2112E-06 -0.1652E-02  0.2967E+01 -0.5522E-01 -0.6473E-01 -0.5333E-03 -0.3073E-03  0.4078E-03
   13  0.2864E+01 -0.4091E-03  0.2913E+01 -0.4414E-06 -0.5300E-03  0.2864E+01 -0.5145E-01 -0.6321E-01  0.5801E-05  0.1006E-03  0.4487E-03
   14  0.2750E+01 -0.1435E-03  0.2793E+01  0.3778E-06  0.6801E-03  0.2750E+01 -0.4787E-01 -0.5963E-01  0.2705E-03  0.3735E-03  0.5687E-03
   15  0.2631E+01  0.2163E-02  0.2667E+01  0.9324E-07  0.1053E-02  0.2626E+01 -0.4364E-01 -0.5626E-01 -0.1587E-03 -0.1255E-03  0.2661E-03
   16  0.2499E+01  0.1224E-02  0.2533E+01 -0.1266E-06  0.9175E-03  0.2497E+01 -0.4430E-01 -0.5387E-01 -0.4055E-03  0.1445E-03 -0.9668E-04
   17  0.2362E+01 -0.2884E-02  0.2397E+01  0.3742E-06  0.1543E-02  0.2369E+01 -0.5163E-01 -0.5075E-01 -0.3590E-04 -0.1886E-03 -0.2907E-03
   18  0.2247E+01  0.9619E-03  0.2272E+01 -0.2249E-06  0.2012E-02  0.2247E+01 -0.5001E-01 -0.4736E-01  0.1702E-03 -0.2082E-03 -0.4222E-03
   19  0.2151E+01  0.6198E-03  0.2172E+01 -0.3199E-08  0.1872E-02  0.2152E+01 -0.4291E-01 -0.4692E-01  0.2271E-04  0.6416E-04 -0.3535E-03
   20  0.2077E+01  0.9253E-03  0.2094E+01  0.3944E-06  0.1218E-02  0.2077E+01 -0.3191E-01 -0.4921E-01 -0.2783E-04  0.1199E-04 -0.2668E-03
   21  0.2011E+01  0.2186E-02  0.2025E+01  0.4165E-06  0.3215E-03  0.2008E+01 -0.2414E-01 -0.4865E-01 -0.1096E-03 -0.1424E-03 -0.4952E-03
   22  0.1936E+01  0.6380E-03  0.1951E+01 -0.4205E-08  0.1478E-03  0.1936E+01 -0.2739E-01 -0.4703E-01  0.3327E-04  0.1284E-03 -0.3388E-03
   23  0.1857E+01 -0.1365E-02  0.1873E+01 -0.1799E-06  0.5356E-03  0.1862E+01 -0.3552E-01 -0.4737E-01  0.6092E-04  0.4485E-04 -0.1034E-03
   24  0.1787E+01 -0.7115E-04  0.1800E+01 -0.1132E-06  0.9282E-03  0.1790E+01 -0.3395E-01 -0.4822E-01 -0.7094E-04 -0.1432E-03 -0.4114E-03
   25  0.1724E+01  0.1915E-02  0.1733E+01 -0.2645E-06  0.1132E-02  0.1722E+01 -0.2672E-01 -0.4724E-01 -0.6299E-04  0.6120E-04 -0.5535E-03
   26  0.1656E+01  0.1623E-02  0.1665E+01 -0.1952E-06  0.9629E-03  0.1654E+01 -0.2630E-01 -0.4497E-01 -0.1064E-03  0.4325E-04 -0.6341E-03
   27  0.1582E+01 -0.9091E-03  0.1593E+01 -0.8424E-07  0.6711E-03  0.1585E+01 -0.3274E-01 -0.4404E-01 -0.1418E-03 -0.1289E-03 -0.8273E-03
   28  0.1517E+01 -0.3872E-03  0.1526E+01  0.1958E-07  0.6274E-03  0.1519E+01 -0.3317E-01 -0.4320E-01 -0.1571E-04 -0.1404E-03 -0.6571E-03
   29  0.1460E+01  0.1367E-02  0.1466E+01  0.2505E-06  0.6127E-03  0.1459E+01 -0.2812E-01 -0.3919E-01  0.9212E-04 -0.2018E-04 -0.1652E-03
   30  0.1402E+01  0.6405E-03  0.1409E+01  0.2005E-06  0.3614E-03  0.1402E+01 -0.2604E-01 -0.3383E-01  0.1460E-03  0.7412E-04  0.1338E-03
   31  0.1344E+01 -0.1951E-03  0.1352E+01 -0.8285E-07 -0.9885E-04  0.1347E+01 -0.2511E-01 -0.3012E-01  0.4648E-04 -0.5431E-05  0.1312E-03
   32  0.1291E+01  0.9603E-03  0.1297E+01 -0.1170E-06 -0.5460E-03  0.1292E+01 -0.2027E-01 -0.2737E-01 -0.1505E-03 -0.1039E-03  0.5709E-04
   33  0.1238E+01  0.1356E-02  0.1243E+01 -0.1446E-06 -0.8239E-03  0.1238E+01 -0.1565E-01 -0.2458E-01 -0.1505E-03 -0.3919E-04  0.7336E-04
   34  0.1179E+01  0.6546E-03  0.1185E+01 -0.1290E-06 -0.1035E-02  0.1180E+01 -0.1508E-01 -0.2251E-01 -0.6895E-05  0.3834E-04  0.1137E-03
   35  0.1117E+01  0.2540E-03  0.1123E+01 -0.2309E-07 -0.1304E-02  0.1118E+01 -0.1653E-01 -0.2118E-01  0.1965E-05  0.3073E-04  0.8831E-04
   36  0.1054E+01  0.4681E-03  0.1060E+01  0.2152E-07 -0.1533E-02  0.1055E+01 -0.1653E-01 -0.1992E-01 -0.8260E-04  0.3418E-04  0.1349E-04
   37  0.9926E+00  0.7873E-03  0.9973E+00  0.1830E-07 -0.1597E-02  0.9925E+00 -0.1507E-01 -0.1865E-01 -0.6176E-04  0.5060E-04 -0.8747E-04
   38  0.9302E+00  0.7822E-03  0.9343E+00 -0.1879E-07 -0.1581E-02  0.9294E+00 -0.1451E-01 -0.1757E-01 -0.3383E-05  0.7794E-05 -0.2238E-03
   39  0.8664E+00  0.8781E-04  0.8708E+00  0.2168E-07 -0.1547E-02  0.8666E+00 -0.1577E-01 -0.1640E-01  0.7471E-05 -0.3455E-04 -0.3214E-03
   40  0.8059E+00 -0.3311E-03  0.8103E+00  0.4346E-07 -0.1400E-02  0.8071E+00 -0.1574E-01 -0.1464E-01  0.3028E-04 -0.3433E-04 -0.3301E-03
   41  0.7527E+00  0.1449E-03  0.7563E+00 -0.1269E-07 -0.1128E-02  0.7532E+00 -0.1216E-01 -0.1217E-01  0.7253E-04 -0.2527E-04 -0.2925E-03
   42  0.7048E+00  0.6728E-03  0.7076E+00 -0.2747E-07 -0.9224E-03  0.7043E+00 -0.7277E-02 -0.9680E-02  0.4360E-04 -0.2660E-04 -0.2642E-03
   43  0.6583E+00  0.3952E-03  0.6610E+00 -0.5994E-07 -0.8950E-03  0.6581E+00 -0.4237E-02 -0.8091E-02 -0.4491E-04 -0.1027E-04 -0.2317E-03
   44  0.6125E+00  0.3914E-04  0.6153E+00 -0.8680E-07 -0.9382E-03  0.6128E+00 -0.2430E-02 -0.7312E-02 -0.8175E-04  0.1875E-04 -0.1766E-03
   45  0.5676E+00  0.2519E-03  0.5701E+00 -0.7144E-07 -0.9019E-03  0.5675E+00 -0.4399E-03 -0.6378E-02 -0.3946E-04  0.3970E-04 -0.1117E-03
   46  0.5219E+00  0.5515E-03  0.5241E+00 -0.1881E-07 -0.7800E-03  0.5212E+00  0.6614E-03 -0.4967E-02  0.1012E-04  0.4625E-04 -0.6717E-04
   47  0.4740E+00  0.2685E-03  0.4764E+00  0.2131E-07 -0.6534E-03  0.4738E+00 -0.6946E-03 -0.3787E-02  0.1545E-04  0.4351E-04 -0.6505E-04
   48  0.4260E+00 -0.2648E-03  0.4288E+00  0.2546E-07 -0.5413E-03  0.4270E+00 -0.3159E-02 -0.3403E-02  0.5238E-05  0.3065E-04 -0.1191E-03
   49  0.3820E+00 -0.4260E-03  0.3846E+00  0.2253E-07 -0.4171E-03  0.3833E+00 -0.4025E-02 -0.3370E-02  0.1078E-04  0.1643E-04 -0.2049E-03
   50  0.3431E+00 -0.1278E-03  0.3452E+00  0.2783E-07 -0.2695E-03  0.3438E+00 -0.2535E-02 -0.2830E-02  0.3037E-04  0.1098E-04 -0.2739E-03
   51  0.3072E+00  0.1889E-03  0.3087E+00  0.2026E-07 -0.1306E-03  0.3070E+00 -0.4403E-03 -0.1533E-02  0.3942E-04  0.1507E-04 -0.2974E-03
   52  0.2713E+00  0.2590E-03  0.2726E+00 -0.6228E-08 -0.3340E-04  0.2708E+00  0.5094E-03  0.2163E-04  0.3173E-04  0.1807E-04 -0.2909E-03
   53  0.2349E+00  0.1497E-03  0.2363E+00 -0.2007E-07  0.1729E-04  0.2347E+00  0.1358E-03  0.1213E-02  0.1750E-04  0.1314E-04 -0.2887E-03
   54  0.1995E+00  0.6453E-04  0.2009E+00 -0.1480E-07  0.3664E-04  0.1995E+00 -0.6167E-03  0.1804E-02  0.7961E-05  0.7155E-06 -0.3123E-03
   55  0.1665E+00  0.6555E-04  0.1679E+00 -0.5274E-08  0.3745E-04  0.1668E+00 -0.1046E-02  0.1926E-02  0.4559E-05 -0.1032E-04 -0.3489E-03
   56  0.1365E+00  0.1052E-03  0.1378E+00 -0.2278E-08  0.2727E-04  0.1368E+00 -0.1140E-02  0.1813E-02  0.4246E-05 -0.1560E-04 -0.3736E-03
   57  0.1093E+00  0.1171E-03  0.1105E+00 -0.8392E-09  0.1027E-04  0.1097E+00 -0.1234E-02  0.1607E-02  0.3527E-05 -0.1404E-04 -0.3664E-03
   58  0.8469E-01  0.9322E-04  0.8571E-01 -0.2336E-09 -0.7409E-05  0.8503E-01 -0.1500E-02  0.1357E-02  0.2304E-05 -0.9047E-05 -0.3257E-03
   59  0.6285E-01  0.5625E-04  0.6374E-01 -0.1595E-08 -0.2050E-04  0.6318E-01 -0.1842E-02  0.1079E-02  0.9991E-06 -0.3581E-05 -0.2629E-03
   60  0.4436E-01  0.3094E-04  0.4508E-01 -0.4857E-08 -0.2596E-04  0.4464E-01 -0.2055E-02  0.7957E-03  0.3687E-06  0.3727E-06 -0.1942E-03
   61  0.2965E-01  0.2197E-04  0.3018E-01 -0.6771E-08 -0.2471E-04  0.2985E-01 -0.2019E-02  0.5412E-03  0.1660E-06  0.2400E-05 -0.1322E-03
   62  0.1872E-01  0.2332E-04  0.1908E-01 -0.5764E-08 -0.1962E-04  0.1884E-01 -0.1752E-02  0.3386E-03  0.2594E-06  0.2913E-05 -0.8348E-04
   63  0.1116E-01  0.2588E-04  0.1139E-01 -0.4458E-08 -0.1358E-04  0.1122E-01 -0.1359E-02  0.1951E-03  0.3165E-06  0.2571E-05 -0.4918E-04
   64  0.6288E-02  0.2539E-04  0.6414E-02 -0.3587E-08 -0.8406E-05  0.6302E-02 -0.9537E-03  0.1039E-03  0.3163E-06  0.1916E-05 -0.2712E-04
   65  0.3351E-02  0.2141E-04  0.3416E-02 -0.3039E-08 -0.4718E-05  0.3345E-02 -0.6117E-03  0.5143E-04  0.2515E-06  0.1267E-05 -0.1405E-04
   66  0.1692E-02  0.1585E-04  0.1722E-02 -0.2240E-08 -0.2427E-05  0.1680E-02 -0.3617E-03  0.2381E-04  0.1756E-06  0.7658E-06 -0.6848E-05
   67  0.8102E-03  0.1047E-04  0.8228E-03 -0.1472E-08 -0.1157E-05  0.7993E-03 -0.1986E-03  0.1037E-04  0.1104E-06  0.4299E-06 -0.3155E-05
   68  0.3687E-03  0.6283E-05  0.3734E-03 -0.1044E-08 -0.5162E-06  0.3610E-03 -0.1018E-03  0.4271E-05  0.6443E-07  0.2282E-06 -0.1379E-05
   69  0.1597E-03  0.3454E-05  0.1612E-03 -0.8773E-09 -0.2166E-06  0.1550E-03 -0.4896E-04  0.1672E-05  0.3364E-07  0.1160E-06 -0.5715E-06
   70  0.6596E-04  0.1757E-05  0.6630E-04 -0.7293E-09 -0.8624E-07  0.6340E-04 -0.2218E-04  0.6305E-06  0.1484E-07  0.5782E-07 -0.2240E-06
   71  0.2603E-04  0.8319E-06  0.2605E-04 -0.5081E-09 -0.3221E-07  0.2476E-04 -0.9501E-05  0.2338E-06  0.4144E-08  0.2917E-07 -0.8273E-07
   72  0.9834E-05  0.3696E-06  0.9792E-05 -0.2530E-09 -0.1147E-07  0.9249E-05 -0.3861E-05  0.8703E-07 -0.6951E-09  0.1526E-07 -0.2873E-07
   73  0.3563E-05  0.1549E-06  0.3529E-05 -0.5158E-10 -0.3809E-08  0.3311E-05 -0.1494E-05  0.3265E-07 -0.2232E-08  0.8331E-08 -0.9629E-08
   74  0.1242E-05  0.6151E-07  0.1223E-05  0.5826E-10 -0.1213E-08  0.1139E-05 -0.5523E-06  0.1211E-07 -0.2113E-08  0.4608E-08 -0.3159E-08
   75  0.4178E-06  0.2321E-07  0.4091E-06  0.8877E-10 -0.3545E-09  0.3786E-06 -0.1959E-06  0.4397E-08 -0.1497E-08  0.2498E-08 -0.1071E-08
   76  0.1374E-06  0.8378E-08  0.1338E-06  0.7592E-10 -0.8400E-10  0.1231E-06 -0.6733E-07  0.1531E-08 -0.8953E-09  0.1289E-08 -0.3691E-09
   77  0.4483E-07  0.2921E-08  0.4344E-07  0.5102E-10 -0.1757E-10  0.3979E-07 -0.2273E-07  0.5577E-09 -0.4745E-09  0.6285E-09 -0.1345E-09
   78  0.1519E-07  0.1017E-08  0.1466E-07  0.2940E-10  0.4320E-11  0.1342E-07 -0.7832E-08  0.2062E-09 -0.2313E-09  0.2872E-09 -0.4476E-10
   79  0.5543E-08  0.3475E-09  0.5353E-08  0.1511E-10  0.1886E-11  0.4937E-08 -0.2834E-08  0.9420E-10 -0.1037E-09  0.1248E-09 -0.1781E-10
   80  0.2470E-08  0.1229E-09  0.2406E-08  0.7110E-11  0.2117E-11  0.2257E-08 -0.1138E-08  0.4186E-10 -0.4432E-10  0.5039E-10 -0.9618E-11
   81  0.1097E-08  0.4098E-10  0.1068E-08  0.3171E-11 -0.1227E-12  0.1026E-08 -0.5498E-09  0.4316E-10 -0.1776E-10  0.1963E-10 -0.2198E-11
   82  0.1067E-08  0.1977E-10  0.1070E-08  0.1380E-11 -0.9172E-12  0.1036E-08 -0.3871E-09  0.1887E-10 -0.6744E-11  0.8074E-11 -0.6561E-11
   83  0.2645E-09  0.3868E-11  0.2588E-09  0.5792E-12 -0.3538E-12  0.2602E-09 -0.1385E-09  0.2032E-10 -0.2608E-11  0.2571E-11 -0.1976E-12
   84  0.5188E-09  0.1459E-10  0.5175E-09  0.2293E-12 -0.9071E-12  0.4944E-09 -0.2054E-09  0.7632E-11 -0.6852E-12  0.1430E-11 -0.2851E-11
   85  0.4906E-10  0.3407E-12  0.4761E-10  0.8791E-13 -0.1479E-12  0.4946E-10 -0.2724E-10  0.5280E-11 -0.3058E-12  0.2424E-12  0.3373E-13
   86  0.1616E-09  0.7786E-11  0.1586E-09  0.3166E-13 -0.3275E-12  0.1479E-09 -0.7376E-10  0.1809E-11 -0.1238E-14  0.2609E-12 -0.7202E-12
   87  0.5962E-11  0.5005E-13  0.5688E-11  0.1039E-13 -0.2940E-13  0.6070E-11 -0.3474E-11  0.7727E-12 -0.2694E-13  0.1465E-13  0.1268E-13
   88  0.3192E-10  0.2148E-11  0.3073E-10  0.3261E-14 -0.6667E-13  0.2803E-10 -0.1631E-10  0.2692E-12  0.1410E-13  0.3775E-13 -0.1142E-12
   89  0.4561E-12  0.5645E-14  0.4192E-12  0.1045E-14 -0.4071E-14  0.4715E-12 -0.2722E-12  0.6885E-13 -0.1875E-14  0.1720E-15  0.2019E-14
   90  0.4312E-11  0.3698E-12  0.4091E-11  0.3139E-15 -0.8835E-14  0.3639E-11 -0.2414E-11  0.2885E-13  0.2537E-14  0.4346E-14 -0.1288E-13
   91  0.1914E-13  0.2110E-15  0.1689E-13  0.7906E-16 -0.3347E-15  0.2042E-13 -0.1146E-13  0.3609E-14 -0.1007E-15 -0.7849E-16  0.2388E-15
   92  0.3950E-12  0.3903E-13  0.3659E-12  0.1572E-16 -0.7643E-15  0.3215E-12 -0.2349E-12  0.2261E-14  0.2680E-15  0.3357E-15 -0.9903E-15
   93  0.3699E-15 -0.2151E-16  0.1577E-15  0.3360E-17 -0.2938E-16  0.5516E-15 -0.1158E-15  0.1609E-15  0.1696E-17 -0.1179E-16  0.2061E-16
   94  0.3455E-13  0.4137E-14  0.3218E-13  0.5801E-18 -0.6566E-16  0.2714E-13 -0.2219E-13  0.1971E-15  0.2606E-16  0.2733E-16 -0.7428E-16
