 input file is 
mstm22_256_6398_18_009.inp    
 input file comments follow:
***********************************************************
  This is the default mstm input file for v.3.0.
  The run is for a 7-sphere cluster of identical spheres.   The positions
  are embedded in the input file.

  The run makes use of the new_run and multiple_run options.

  14 April 2013
***********************************************************
 number of processors:
   1
 input parameters for run number 
    1
 number of spheres, volume size parameter:
  256  0.40625E+01
 position file:
position/n256/a22.out                                       
 output file:
output/256/x6398/18/009/mt_22_256_6398_18_009.dat           
 length, ref. indx. scale factors:
   0.640   1.800   0.090
 chiral factors:
  0.00000E+00  0.00000E+00
 scattering matrix directions based on incident frame
 automatic scattering angle calculation
 thetamin, thetamax:
      0.0    180.0
 number scattering angles:
      181
 epsmie, epssoln, max number iterations:
  0.1000E-05  0.1000E-07 5000
 medium refractive index:
  1.0000  0.0000
 target euler rotation angles:
    0.0000    0.0000    0.0000
 far field kr, iterations/correction:
 -0.1000E+01   20
 plane wave incidence
 random orientation calculations
 t matrix calculated, stored in file 
tmatrixfiles/22256639818009                                 
 t matrix convergence epsilon:
  0.1000E-06
 all spheres excited (total T matrix) 
 calculation results for run 
    1
 total ext, abs, scat efficiencies, w.r.t. xv, and asym. parm
  0.42260E+01  0.94008E+00  0.32859E+01  0.72254E+00
 scattering matrix elements (normalized w/ S11)
   theta      11           12           13           14           22           23           24           33           34           44      
    0.00  0.81346E+02  0.00000E+00  0.00000E+00 -0.42802E-03  0.99959E+00  0.25190E-03  0.00000E+00  0.99959E+00  0.00000E+00  0.99919E+00 
    1.00  0.79610E+02 -0.18992E-03 -0.53393E-07 -0.42481E-03  0.99958E+00  0.25899E-03  0.50601E-07  0.99958E+00 -0.11931E-03  0.99918E+00 
    2.00  0.74666E+02 -0.76716E-03 -0.23938E-06 -0.41513E-03  0.99957E+00  0.27955E-03  0.19302E-06  0.99957E+00 -0.47691E-03  0.99915E+00 
    3.00  0.67248E+02 -0.17530E-02 -0.63392E-06 -0.39892E-03  0.99954E+00  0.31144E-03  0.39734E-06  0.99954E+00 -0.10683E-02  0.99910E+00 
    4.00  0.58372E+02 -0.31782E-02 -0.13560E-05 -0.37620E-03  0.99950E+00  0.35108E-03  0.60851E-06  0.99949E+00 -0.18744E-02  0.99902E+00 
    5.00  0.49112E+02 -0.50720E-02 -0.25467E-05 -0.34725E-03  0.99944E+00  0.39388E-03  0.74159E-06  0.99942E+00 -0.28431E-02  0.99890E+00 
    6.00  0.40376E+02 -0.74416E-02 -0.43219E-05 -0.31269E-03  0.99936E+00  0.43531E-03  0.68185E-06  0.99933E+00 -0.38686E-02  0.99874E+00 
    7.00  0.32765E+02 -0.10244E-01 -0.66959E-05 -0.27344E-03  0.99926E+00  0.47314E-03  0.29556E-06  0.99919E+00 -0.47819E-02  0.99851E+00 
    8.00  0.26534E+02 -0.13361E-01 -0.94998E-05 -0.23012E-03  0.99913E+00  0.51007E-03 -0.55227E-06  0.99902E+00 -0.53811E-02  0.99822E+00 
    9.00  0.21650E+02 -0.16616E-01 -0.12363E-04 -0.18231E-03  0.99896E+00  0.55416E-03 -0.19984E-05  0.99880E+00 -0.55152E-02  0.99786E+00 
   10.00  0.17897E+02 -0.19836E-01 -0.14812E-04 -0.12819E-03  0.99876E+00  0.61456E-03 -0.42371E-05  0.99854E+00 -0.51843E-02  0.99742E+00 
   11.00  0.15003E+02 -0.22938E-01 -0.16407E-04 -0.66051E-04  0.99850E+00  0.69348E-03 -0.76228E-05  0.99823E+00 -0.45680E-02  0.99689E+00 
   12.00  0.12726E+02 -0.25958E-01 -0.16784E-04  0.27430E-05  0.99818E+00  0.78054E-03 -0.12720E-04  0.99787E+00 -0.39393E-02  0.99624E+00 
   13.00  0.10896E+02 -0.29025E-01 -0.15517E-04  0.70722E-04  0.99779E+00  0.85521E-03 -0.20158E-04  0.99745E+00 -0.35228E-02  0.99547E+00 
   14.00  0.94147E+01 -0.32299E-01 -0.11973E-04  0.12366E-03  0.99731E+00  0.89763E-03 -0.30187E-04  0.99695E+00 -0.33942E-02  0.99456E+00 
   15.00  0.82245E+01 -0.35925E-01 -0.53853E-05  0.14443E-03  0.99677E+00  0.90340E-03 -0.42022E-04  0.99637E+00 -0.34707E-02  0.99350E+00 
   16.00  0.72802E+01 -0.40029E-01  0.47457E-05  0.12143E-03  0.99618E+00  0.89346E-03 -0.53330E-04  0.99570E+00 -0.36001E-02  0.99231E+00 
   17.00  0.65318E+01 -0.44724E-01  0.18112E-04  0.57520E-04  0.99558E+00  0.90844E-03 -0.60404E-04  0.99494E+00 -0.37071E-02  0.99104E+00 
   18.00  0.59249E+01 -0.50136E-01  0.33315E-04 -0.27946E-04  0.99501E+00  0.98595E-03 -0.59176E-04  0.99410E+00 -0.39032E-02  0.98971E+00 
   19.00  0.54104E+01 -0.56397E-01  0.48059E-04 -0.10655E-03  0.99447E+00  0.11343E-02 -0.46563E-04  0.99317E+00 -0.44736E-02  0.98833E+00 
   20.00  0.49560E+01 -0.63607E-01  0.59646E-04 -0.15267E-03  0.99397E+00  0.13196E-02 -0.21542E-04  0.99215E+00 -0.57432E-02  0.98692E+00 
   21.00  0.45490E+01 -0.71752E-01  0.65562E-04 -0.15336E-03  0.99351E+00  0.14721E-02  0.14131E-04  0.99105E+00 -0.78936E-02  0.98547E+00 
   22.00  0.41911E+01 -0.80625E-01  0.64136E-04 -0.11302E-03  0.99309E+00  0.15109E-02  0.55557E-04  0.98990E+00 -0.10809E-01  0.98404E+00 
   23.00  0.38876E+01 -0.89801E-01  0.55248E-04 -0.51604E-04  0.99272E+00  0.13812E-02  0.95227E-04  0.98874E+00 -0.14035E-01  0.98266E+00 
   24.00  0.36374E+01 -0.98747E-01  0.40687E-04  0.47626E-05  0.99239E+00  0.10880E-02  0.12511E-03  0.98761E+00 -0.16923E-01  0.98136E+00 
   25.00  0.34289E+01 -0.10704E+00  0.23639E-04  0.37752E-04  0.99207E+00  0.70235E-03  0.13976E-03  0.98650E+00 -0.18929E-01  0.98009E+00 
   26.00  0.32431E+01 -0.11455E+00  0.74131E-05  0.46737E-04  0.99172E+00  0.33078E-03  0.13839E-03  0.98535E+00 -0.19878E-01  0.97876E+00 
   27.00  0.30605E+01 -0.12149E+00 -0.57749E-05  0.48139E-04  0.99128E+00  0.68746E-04  0.12478E-03  0.98408E+00 -0.20011E-01  0.97724E+00 
   28.00  0.28680E+01 -0.12827E+00 -0.15324E-04  0.65938E-04  0.99072E+00 -0.31833E-04  0.10529E-03  0.98257E+00 -0.19827E-01  0.97537E+00 
   29.00  0.26633E+01 -0.13538E+00 -0.22118E-04  0.11958E-03  0.99000E+00  0.29256E-04  0.86915E-04  0.98076E+00 -0.19869E-01  0.97308E+00 
   30.00  0.24532E+01 -0.14325E+00 -0.28130E-04  0.21381E-03  0.98912E+00  0.20901E-03  0.75704E-04  0.97858E+00 -0.20540E-01  0.97030E+00 
   31.00  0.22499E+01 -0.15221E+00 -0.35944E-04  0.33321E-03  0.98810E+00  0.43821E-03  0.75636E-04  0.97604E+00 -0.21988E-01  0.96707E+00 
   32.00  0.20655E+01 -0.16239E+00 -0.48068E-04  0.44464E-03  0.98701E+00  0.64438E-03  0.87500E-04  0.97316E+00 -0.24078E-01  0.96346E+00 
   33.00  0.19085E+01 -0.17376E+00 -0.65926E-04  0.51081E-03  0.98593E+00  0.77725E-03  0.10812E-03  0.97002E+00 -0.26472E-01  0.95963E+00 
   34.00  0.17823E+01 -0.18614E+00 -0.88809E-04  0.51149E-03  0.98496E+00  0.82594E-03  0.13058E-03  0.96668E+00 -0.28793E-01  0.95573E+00 
   35.00  0.16864E+01 -0.19931E+00 -0.11339E-03  0.46035E-03  0.98419E+00  0.81638E-03  0.14583E-03  0.96320E+00 -0.30805E-01  0.95186E+00 
   36.00  0.16179E+01 -0.21304E+00 -0.13441E-03  0.40429E-03  0.98368E+00  0.78881E-03  0.14519E-03  0.95961E+00 -0.32466E-01  0.94809E+00 
   37.00  0.15724E+01 -0.22713E+00 -0.14651E-03  0.40270E-03  0.98344E+00  0.77115E-03  0.12268E-03  0.95592E+00 -0.33842E-01  0.94444E+00 
   38.00  0.15442E+01 -0.24134E+00 -0.14656E-03  0.49827E-03  0.98341E+00  0.76592E-03  0.76571E-04  0.95215E+00 -0.34966E-01  0.94086E+00 
   39.00  0.15267E+01 -0.25548E+00 -0.13530E-03  0.69675E-03  0.98348E+00  0.75670E-03  0.95174E-05  0.94830E+00 -0.35754E-01  0.93726E+00 
   40.00  0.15118E+01 -0.26936E+00 -0.11745E-03  0.96637E-03  0.98351E+00  0.72534E-03 -0.72439E-04  0.94436E+00 -0.36045E-01  0.93353E+00 
   41.00  0.14910E+01 -0.28291E+00 -0.10024E-03  0.12537E-02  0.98337E+00  0.66602E-03 -0.16147E-03  0.94025E+00 -0.35694E-01  0.92951E+00 
   42.00  0.14573E+01 -0.29618E+00 -0.91447E-04  0.15041E-02  0.98294E+00  0.58892E-03 -0.24925E-03  0.93588E+00 -0.34662E-01  0.92504E+00 
   43.00  0.14068E+01 -0.30930E+00 -0.97555E-04  0.16754E-02  0.98219E+00  0.51502E-03 -0.32761E-03  0.93112E+00 -0.33044E-01  0.91998E+00 
   44.00  0.13401E+01 -0.32244E+00 -0.12247E-03  0.17439E-02  0.98112E+00  0.46752E-03 -0.38856E-03  0.92586E+00 -0.31051E-01  0.91423E+00 
   45.00  0.12620E+01 -0.33579E+00 -0.16653E-03  0.17046E-02  0.97976E+00  0.46417E-03 -0.42475E-03  0.92001E+00 -0.28958E-01  0.90778E+00 
   46.00  0.11799E+01 -0.34947E+00 -0.22573E-03  0.15699E-02  0.97824E+00  0.51218E-03 -0.43087E-03  0.91356E+00 -0.27036E-01  0.90070E+00 
   47.00  0.11017E+01 -0.36353E+00 -0.29187E-03  0.13680E-02  0.97671E+00  0.60697E-03 -0.40643E-03  0.90657E+00 -0.25473E-01  0.89317E+00 
   48.00  0.10332E+01 -0.37791E+00 -0.35464E-03  0.11377E-02  0.97531E+00  0.73628E-03 -0.35847E-03  0.89919E+00 -0.24300E-01  0.88541E+00 
   49.00  0.97675E+00 -0.39248E+00 -0.40589E-03  0.91908E-03  0.97413E+00  0.88913E-03 -0.30187E-03  0.89157E+00 -0.23372E-01  0.87759E+00 
   50.00  0.93110E+00 -0.40711E+00 -0.44399E-03  0.74252E-03  0.97315E+00  0.10654E-02 -0.25544E-03  0.88379E+00 -0.22442E-01  0.86976E+00 
   51.00  0.89235E+00 -0.42176E+00 -0.47550E-03  0.62223E-03  0.97223E+00  0.12793E-02 -0.23543E-03  0.87579E+00 -0.21292E-01  0.86173E+00 
   52.00  0.85575E+00 -0.43648E+00 -0.51282E-03  0.55837E-03  0.97121E+00  0.15536E-02 -0.25049E-03  0.86739E+00 -0.19834E-01  0.85323E+00 
   53.00  0.81735E+00 -0.45135E+00 -0.56981E-03  0.54394E-03  0.96993E+00  0.19099E-02 -0.30040E-03  0.85835E+00 -0.18136E-01  0.84391E+00 
   54.00  0.77515E+00 -0.46651E+00 -0.65758E-03  0.57049E-03  0.96829E+00  0.23577E-02 -0.37757E-03  0.84842E+00 -0.16378E-01  0.83351E+00 
   55.00  0.72937E+00 -0.48201E+00 -0.78141E-03  0.62928E-03  0.96626E+00  0.28873E-02 -0.46924E-03  0.83745E+00 -0.14780E-01  0.82189E+00 
   56.00  0.68196E+00 -0.49786E+00 -0.93862E-03  0.70859E-03  0.96390E+00  0.34655E-02 -0.55953E-03  0.82539E+00 -0.13529E-01  0.80905E+00 
   57.00  0.63572E+00 -0.51395E+00 -0.11174E-02  0.78979E-03  0.96131E+00  0.40363E-02 -0.63143E-03  0.81233E+00 -0.12722E-01  0.79519E+00 
   58.00  0.59323E+00 -0.53012E+00 -0.12978E-02  0.84609E-03  0.95867E+00  0.45295E-02 -0.66951E-03  0.79850E+00 -0.12324E-01  0.78063E+00 
   59.00  0.55622E+00 -0.54617E+00 -0.14553E-02  0.84702E-03  0.95613E+00  0.48771E-02 -0.66332E-03  0.78418E+00 -0.12176E-01  0.76575E+00 
   60.00  0.52526E+00 -0.56195E+00 -0.15679E-02  0.76831E-03  0.95383E+00  0.50328E-02 -0.60999E-03  0.76964E+00 -0.12044E-01  0.75086E+00 
   61.00  0.49991E+00 -0.57743E+00 -0.16216E-02  0.60280E-03  0.95180E+00  0.49841E-02 -0.51476E-03  0.75502E+00 -0.11709E-01  0.73609E+00 
   62.00  0.47906E+00 -0.59267E+00 -0.16145E-02  0.36560E-03  0.95004E+00  0.47524E-02 -0.38889E-03  0.74027E+00 -0.11044E-01  0.72136E+00 
   63.00  0.46136E+00 -0.60785E+00 -0.15551E-02  0.90439E-04  0.94845E+00  0.43801E-02 -0.24634E-03  0.72517E+00 -0.10040E-01  0.70639E+00 
   64.00  0.44562E+00 -0.62314E+00 -0.14581E-02 -0.18064E-03  0.94696E+00  0.39164E-02 -0.10101E-03  0.70945E+00 -0.87834E-02  0.69087E+00 
   65.00  0.43098E+00 -0.63866E+00 -0.13411E-02 -0.40927E-03  0.94547E+00  0.34080E-02  0.34585E-04  0.69283E+00 -0.74144E-02  0.67447E+00 
   66.00  0.41693E+00 -0.65445E+00 -0.12211E-02 -0.57006E-03  0.94393E+00  0.28956E-02  0.14967E-03  0.67512E+00 -0.60787E-02  0.65698E+00 
   67.00  0.40328E+00 -0.67044E+00 -0.11134E-02 -0.65496E-03  0.94231E+00  0.24155E-02  0.23530E-03  0.65623E+00 -0.49015E-02  0.63830E+00 
   68.00  0.39000E+00 -0.68649E+00 -0.10309E-02 -0.67213E-03  0.94059E+00  0.20015E-02  0.28486E-03  0.63618E+00 -0.39768E-02  0.61843E+00 
   69.00  0.37717E+00 -0.70239E+00 -0.98397E-03 -0.64023E-03  0.93879E+00  0.16836E-02  0.29479E-03  0.61508E+00 -0.33672E-02  0.59747E+00 
   70.00  0.36486E+00 -0.71794E+00 -0.97973E-03 -0.58043E-03  0.93692E+00  0.14861E-02  0.26547E-03  0.59307E+00 -0.31066E-02  0.57558E+00 
   71.00  0.35317E+00 -0.73298E+00 -0.10219E-02 -0.50925E-03  0.93502E+00  0.14221E-02  0.20155E-03  0.57031E+00 -0.32007E-02  0.55294E+00 
   72.00  0.34217E+00 -0.74741E+00 -0.11106E-02 -0.43484E-03  0.93313E+00  0.14909E-02  0.11165E-03  0.54693E+00 -0.36234E-02  0.52971E+00 
   73.00  0.33197E+00 -0.76122E+00 -0.12424E-02 -0.35813E-03  0.93132E+00  0.16758E-02  0.73790E-05  0.52301E+00 -0.43117E-02  0.50602E+00 
   74.00  0.32268E+00 -0.77446E+00 -0.14115E-02 -0.27780E-03  0.92964E+00  0.19463E-02 -0.98096E-04  0.49857E+00 -0.51634E-02  0.48192E+00 
   75.00  0.31440E+00 -0.78722E+00 -0.16101E-02 -0.19667E-03  0.92813E+00  0.22630E-02 -0.19174E-03  0.47361E+00 -0.60429E-02  0.45746E+00 
   76.00  0.30720E+00 -0.79959E+00 -0.18301E-02 -0.12620E-03  0.92683E+00  0.25846E-02 -0.26231E-03  0.44809E+00 -0.67960E-02  0.43259E+00 
   77.00  0.30107E+00 -0.81162E+00 -0.20640E-02 -0.86527E-04  0.92572E+00  0.28754E-02 -0.30172E-03  0.42195E+00 -0.72731E-02  0.40729E+00 
   78.00  0.29591E+00 -0.82328E+00 -0.23057E-02 -0.10152E-03  0.92477E+00  0.31109E-02 -0.30613E-03  0.39518E+00 -0.73541E-02  0.38149E+00 
   79.00  0.29150E+00 -0.83451E+00 -0.25504E-02 -0.19065E-03  0.92391E+00  0.32802E-02 -0.27629E-03  0.36778E+00 -0.69681E-02  0.35515E+00 
   80.00  0.28753E+00 -0.84515E+00 -0.27942E-02 -0.36102E-03  0.92306E+00  0.33846E-02 -0.21732E-03  0.33978E+00 -0.61023E-02  0.32825E+00 
   81.00  0.28363E+00 -0.85503E+00 -0.30335E-02 -0.60290E-03  0.92214E+00  0.34334E-02 -0.13784E-03  0.31123E+00 -0.47989E-02  0.30076E+00 
   82.00  0.27944E+00 -0.86394E+00 -0.32636E-02 -0.89039E-03  0.92107E+00  0.34378E-02 -0.48703E-04  0.28216E+00 -0.31439E-02  0.27269E+00 
   83.00  0.27463E+00 -0.87172E+00 -0.34783E-02 -0.11867E-02  0.91976E+00  0.34070E-02  0.38521E-04  0.25263E+00 -0.12523E-02  0.24404E+00 
   84.00  0.26900E+00 -0.87820E+00 -0.36693E-02 -0.14521E-02  0.91815E+00  0.33441E-02  0.11316E-03  0.22265E+00  0.74340E-03  0.21481E+00 
   85.00  0.26246E+00 -0.88328E+00 -0.38266E-02 -0.16526E-02  0.91622E+00  0.32464E-02  0.16700E-03  0.19223E+00  0.27028E-02  0.18498E+00 
   86.00  0.25508E+00 -0.88688E+00 -0.39393E-02 -0.17672E-02  0.91394E+00  0.31056E-02  0.19583E-03  0.16136E+00  0.44831E-02  0.15455E+00 
   87.00  0.24707E+00 -0.88897E+00 -0.39965E-02 -0.17929E-02  0.91131E+00  0.29114E-02  0.20061E-03  0.13003E+00  0.59453E-02  0.12352E+00 
   88.00  0.23872E+00 -0.88958E+00 -0.39895E-02 -0.17458E-02  0.90840E+00  0.26549E-02  0.18821E-03  0.98251E-01  0.69633E-02  0.91944E-01 
   89.00  0.23037E+00 -0.88876E+00 -0.39137E-02 -0.16589E-02  0.90528E+00  0.23330E-02  0.17109E-03  0.66054E-01  0.74366E-02  0.59894E-01 
   90.00  0.22236E+00 -0.88663E+00 -0.37706E-02 -0.15758E-02  0.90207E+00  0.19515E-02  0.16569E-03  0.33517E-01  0.73065E-02  0.27514E-01 
   91.00  0.21497E+00 -0.88335E+00 -0.35696E-02 -0.15403E-02  0.89893E+00  0.15276E-02  0.18943E-03  0.76978E-03  0.65717E-02 -0.49947E-02 
   92.00  0.20841E+00 -0.87912E+00 -0.33271E-02 -0.15865E-02  0.89602E+00  0.10885E-02  0.25677E-03 -0.32016E-01  0.52971E-02 -0.37389E-01 
   93.00  0.20278E+00 -0.87412E+00 -0.30653E-02 -0.17292E-02  0.89349E+00  0.66798E-03  0.37543E-03 -0.64638E-01  0.36113E-02 -0.69411E-01 
   94.00  0.19811E+00 -0.86852E+00 -0.28084E-02 -0.19606E-02  0.89142E+00  0.30032E-03  0.54402E-03 -0.96890E-01  0.16901E-02 -0.10082E+00 
   95.00  0.19432E+00 -0.86245E+00 -0.25782E-02 -0.22526E-02  0.88988E+00  0.13943E-04  0.75195E-03 -0.12859E+00 -0.26978E-03 -0.13143E+00 
   96.00  0.19130E+00 -0.85596E+00 -0.23909E-02 -0.25647E-02  0.88884E+00 -0.17375E-03  0.98185E-03 -0.15958E+00 -0.20803E-02 -0.16113E+00 
   97.00  0.18891E+00 -0.84906E+00 -0.22542E-02 -0.28547E-02  0.88822E+00 -0.25878E-03  0.12135E-02 -0.18978E+00 -0.35872E-02 -0.18987E+00 
   98.00  0.18700E+00 -0.84172E+00 -0.21672E-02 -0.30879E-02  0.88793E+00 -0.25004E-03  0.14282E-02 -0.21913E+00 -0.46857E-02 -0.21766E+00 
   99.00  0.18543E+00 -0.83387E+00 -0.21216E-02 -0.32432E-02  0.88785E+00 -0.16620E-03  0.16120E-02 -0.24764E+00 -0.53248E-02 -0.24454E+00 
  100.00  0.18410E+00 -0.82542E+00 -0.21041E-02 -0.33156E-02  0.88786E+00 -0.31500E-04  0.17575E-02 -0.27531E+00 -0.55041E-02 -0.27059E+00 
  101.00  0.18294E+00 -0.81631E+00 -0.20994E-02 -0.33135E-02  0.88788E+00  0.12890E-03  0.18639E-02 -0.30218E+00 -0.52646E-02 -0.29587E+00 
  102.00  0.18191E+00 -0.80648E+00 -0.20931E-02 -0.32541E-02  0.88784E+00  0.29288E-03  0.19355E-02 -0.32829E+00 -0.46765E-02 -0.32042E+00 
  103.00  0.18096E+00 -0.79592E+00 -0.20745E-02 -0.31579E-02  0.88772E+00  0.44416E-03  0.19794E-02 -0.35368E+00 -0.38285E-02 -0.34428E+00 
  104.00  0.18012E+00 -0.78462E+00 -0.20378E-02 -0.30429E-02  0.88753E+00  0.57382E-03  0.20027E-02 -0.37838E+00 -0.28165E-02 -0.36748E+00 
  105.00  0.17936E+00 -0.77260E+00 -0.19831E-02 -0.29206E-02  0.88728E+00  0.68030E-03  0.20104E-02 -0.40243E+00 -0.17353E-02 -0.39003E+00 
  106.00  0.17872E+00 -0.75992E+00 -0.19158E-02 -0.27942E-02  0.88703E+00  0.76817E-03  0.20041E-02 -0.42586E+00 -0.67113E-03 -0.41195E+00 
  107.00  0.17819E+00 -0.74663E+00 -0.18453E-02 -0.26593E-02  0.88683E+00  0.84600E-03  0.19818E-02 -0.44869E+00  0.30271E-03 -0.43327E+00 
  108.00  0.17778E+00 -0.73277E+00 -0.17829E-02 -0.25059E-02  0.88670E+00  0.92378E-03  0.19385E-02 -0.47095E+00  0.11290E-02 -0.45401E+00 
  109.00  0.17751E+00 -0.71840E+00 -0.17399E-02 -0.23219E-02  0.88670E+00  0.10104E-02  0.18680E-02 -0.49267E+00  0.17677E-02 -0.47422E+00 
  110.00  0.17736E+00 -0.70356E+00 -0.17249E-02 -0.20973E-02  0.88682E+00  0.11116E-02  0.17647E-02 -0.51387E+00  0.21956E-02 -0.49393E+00 
  111.00  0.17732E+00 -0.68827E+00 -0.17425E-02 -0.18265E-02  0.88706E+00  0.12289E-02  0.16254E-02 -0.53454E+00  0.24051E-02 -0.51316E+00 
  112.00  0.17739E+00 -0.67254E+00 -0.17924E-02 -0.15109E-02  0.88741E+00  0.13591E-02  0.14499E-02 -0.55469E+00  0.24014E-02 -0.53192E+00 
  113.00  0.17754E+00 -0.65641E+00 -0.18698E-02 -0.11592E-02  0.88783E+00  0.14950E-02  0.12421E-02 -0.57429E+00  0.21997E-02 -0.55020E+00 
  114.00  0.17773E+00 -0.63987E+00 -0.19656E-02 -0.78612E-03  0.88827E+00  0.16269E-02  0.10088E-02 -0.59330E+00  0.18222E-02 -0.56796E+00 
  115.00  0.17793E+00 -0.62296E+00 -0.20688E-02 -0.41071E-03  0.88870E+00  0.17439E-02  0.75937E-03 -0.61169E+00  0.12944E-02 -0.58515E+00 
  116.00  0.17810E+00 -0.60572E+00 -0.21675E-02 -0.53695E-04  0.88907E+00  0.18361E-02  0.50370E-03 -0.62940E+00  0.64212E-03 -0.60169E+00 
  117.00  0.17819E+00 -0.58820E+00 -0.22513E-02  0.26511E-03  0.88936E+00  0.18954E-02  0.25139E-03 -0.64635E+00 -0.11018E-03 -0.61750E+00 
  118.00  0.17817E+00 -0.57045E+00 -0.23127E-02  0.52896E-03  0.88954E+00  0.19167E-02  0.10402E-04 -0.66252E+00 -0.94141E-03 -0.63250E+00 
  119.00  0.17801E+00 -0.55256E+00 -0.23476E-02  0.72571E-03  0.88960E+00  0.18987E-02 -0.21354E-03 -0.67785E+00 -0.18343E-02 -0.64663E+00 
  120.00  0.17769E+00 -0.53462E+00 -0.23563E-02  0.84848E-03  0.88955E+00  0.18431E-02 -0.41713E-03 -0.69231E+00 -0.27750E-02 -0.65984E+00 
  121.00  0.17720E+00 -0.51669E+00 -0.23427E-02  0.89580E-03  0.88941E+00  0.17546E-02 -0.59928E-03 -0.70591E+00 -0.37527E-02 -0.67212E+00 
  122.00  0.17655E+00 -0.49887E+00 -0.23140E-02  0.87106E-03  0.88918E+00  0.16401E-02 -0.76058E-03 -0.71864E+00 -0.47586E-02 -0.68348E+00 
  123.00  0.17576E+00 -0.48121E+00 -0.22792E-02  0.78175E-03  0.88891E+00  0.15079E-02 -0.90267E-03 -0.73055E+00 -0.57845E-02 -0.69393E+00 
  124.00  0.17486E+00 -0.46378E+00 -0.22479E-02  0.63842E-03  0.88862E+00  0.13668E-02 -0.10276E-02 -0.74167E+00 -0.68224E-02 -0.70354E+00 
  125.00  0.17389E+00 -0.44663E+00 -0.22290E-02  0.45369E-03  0.88834E+00  0.12253E-02 -0.11372E-02 -0.75207E+00 -0.78643E-02 -0.71237E+00 
  126.00  0.17291E+00 -0.42977E+00 -0.22293E-02  0.24128E-03  0.88810E+00  0.10910E-02 -0.12330E-02 -0.76180E+00 -0.89017E-02 -0.72049E+00 
  127.00  0.17196E+00 -0.41323E+00 -0.22527E-02  0.15120E-04  0.88792E+00  0.97020E-03 -0.13159E-02 -0.77093E+00 -0.99263E-02 -0.72798E+00 
  128.00  0.17110E+00 -0.39700E+00 -0.22992E-02 -0.21146E-03  0.88783E+00  0.86739E-03 -0.13866E-02 -0.77952E+00 -0.10930E-01 -0.73491E+00 
  129.00  0.17037E+00 -0.38108E+00 -0.23652E-02 -0.42642E-03  0.88782E+00  0.78518E-03 -0.14455E-02 -0.78762E+00 -0.11907E-01 -0.74135E+00 
  130.00  0.16981E+00 -0.36547E+00 -0.24437E-02 -0.61967E-03  0.88790E+00  0.72420E-03 -0.14931E-02 -0.79528E+00 -0.12851E-01 -0.74735E+00 
  131.00  0.16944E+00 -0.35013E+00 -0.25247E-02 -0.78358E-03  0.88806E+00  0.68327E-03 -0.15302E-02 -0.80253E+00 -0.13757E-01 -0.75295E+00 
  132.00  0.16929E+00 -0.33507E+00 -0.25970E-02 -0.91339E-03  0.88830E+00  0.65962E-03 -0.15578E-02 -0.80940E+00 -0.14620E-01 -0.75816E+00 
  133.00  0.16937E+00 -0.32028E+00 -0.26491E-02 -0.10073E-02  0.88859E+00  0.64937E-03 -0.15768E-02 -0.81590E+00 -0.15437E-01 -0.76300E+00 
  134.00  0.16967E+00 -0.30574E+00 -0.26703E-02 -0.10664E-02  0.88892E+00  0.64795E-03 -0.15882E-02 -0.82205E+00 -0.16204E-01 -0.76747E+00 
  135.00  0.17018E+00 -0.29147E+00 -0.26524E-02 -0.10942E-02  0.88926E+00  0.65064E-03 -0.15929E-02 -0.82783E+00 -0.16916E-01 -0.77158E+00 
  136.00  0.17088E+00 -0.27747E+00 -0.25904E-02 -0.10957E-02  0.88961E+00  0.65306E-03 -0.15910E-02 -0.83326E+00 -0.17570E-01 -0.77532E+00 
  137.00  0.17176E+00 -0.26375E+00 -0.24827E-02 -0.10768E-02  0.88995E+00  0.65154E-03 -0.15827E-02 -0.83835E+00 -0.18160E-01 -0.77870E+00 
  138.00  0.17278E+00 -0.25033E+00 -0.23320E-02 -0.10431E-02  0.89026E+00  0.64338E-03 -0.15676E-02 -0.84309E+00 -0.18682E-01 -0.78172E+00 
  139.00  0.17393E+00 -0.23721E+00 -0.21443E-02 -0.99914E-03  0.89055E+00  0.62697E-03 -0.15454E-02 -0.84750E+00 -0.19131E-01 -0.78439E+00 
  140.00  0.17518E+00 -0.22443E+00 -0.19287E-02 -0.94803E-03  0.89080E+00  0.60176E-03 -0.15161E-02 -0.85159E+00 -0.19503E-01 -0.78673E+00 
  141.00  0.17650E+00 -0.21200E+00 -0.16964E-02 -0.89112E-03  0.89102E+00  0.56809E-03 -0.14796E-02 -0.85538E+00 -0.19792E-01 -0.78876E+00 
  142.00  0.17787E+00 -0.19992E+00 -0.14596E-02 -0.82815E-03  0.89121E+00  0.52709E-03 -0.14363E-02 -0.85886E+00 -0.19996E-01 -0.79050E+00 
  143.00  0.17929E+00 -0.18822E+00 -0.12306E-02 -0.75768E-03  0.89138E+00  0.48037E-03 -0.13867E-02 -0.86207E+00 -0.20109E-01 -0.79197E+00 
  144.00  0.18073E+00 -0.17690E+00 -0.10204E-02 -0.67758E-03  0.89153E+00  0.42992E-03 -0.13314E-02 -0.86501E+00 -0.20131E-01 -0.79320E+00 
  145.00  0.18219E+00 -0.16596E+00 -0.83839E-03 -0.58552E-03  0.89167E+00  0.37787E-03 -0.12709E-02 -0.86770E+00 -0.20060E-01 -0.79422E+00 
  146.00  0.18365E+00 -0.15540E+00 -0.69133E-03 -0.47943E-03  0.89182E+00  0.32635E-03 -0.12056E-02 -0.87016E+00 -0.19899E-01 -0.79505E+00 
  147.00  0.18511E+00 -0.14522E+00 -0.58329E-03 -0.35784E-03  0.89196E+00  0.27731E-03 -0.11356E-02 -0.87242E+00 -0.19652E-01 -0.79573E+00 
  148.00  0.18656E+00 -0.13540E+00 -0.51548E-03 -0.22005E-03  0.89212E+00  0.23241E-03 -0.10609E-02 -0.87448E+00 -0.19326E-01 -0.79628E+00 
  149.00  0.18800E+00 -0.12594E+00 -0.48640E-03 -0.66200E-04  0.89229E+00  0.19283E-03 -0.98118E-03 -0.87638E+00 -0.18929E-01 -0.79673E+00 
  150.00  0.18943E+00 -0.11683E+00 -0.49224E-03  0.10279E-03  0.89248E+00  0.15925E-03 -0.89637E-03 -0.87812E+00 -0.18471E-01 -0.79709E+00 
  151.00  0.19085E+00 -0.10806E+00 -0.52738E-03  0.28539E-03  0.89268E+00  0.13178E-03 -0.80660E-03 -0.87973E+00 -0.17964E-01 -0.79739E+00 
  152.00  0.19225E+00 -0.99614E-01 -0.58491E-03  0.47971E-03  0.89289E+00  0.11007E-03 -0.71257E-03 -0.88122E+00 -0.17418E-01 -0.79764E+00 
  153.00  0.19363E+00 -0.91496E-01 -0.65733E-03  0.68380E-03  0.89311E+00  0.93389E-04 -0.61576E-03 -0.88260E+00 -0.16845E-01 -0.79785E+00 
  154.00  0.19499E+00 -0.83701E-01 -0.73714E-03  0.89589E-03  0.89334E+00  0.80865E-04 -0.51850E-03 -0.88389E+00 -0.16254E-01 -0.79801E+00 
  155.00  0.19634E+00 -0.76231E-01 -0.81731E-03  0.11145E-02  0.89357E+00  0.71602E-04 -0.42396E-03 -0.88508E+00 -0.15654E-01 -0.79813E+00 
  156.00  0.19768E+00 -0.69092E-01 -0.89168E-03  0.13384E-02  0.89378E+00  0.64816E-04 -0.33574E-03 -0.88619E+00 -0.15049E-01 -0.79820E+00 
  157.00  0.19900E+00 -0.62294E-01 -0.95519E-03  0.15664E-02  0.89397E+00  0.59876E-04 -0.25742E-03 -0.88720E+00 -0.14442E-01 -0.79820E+00 
  158.00  0.20031E+00 -0.55847E-01 -0.10040E-02  0.17968E-02  0.89414E+00  0.56278E-04 -0.19191E-03 -0.88811E+00 -0.13830E-01 -0.79812E+00 
  159.00  0.20161E+00 -0.49760E-01 -0.10353E-02  0.20274E-02  0.89427E+00  0.53586E-04 -0.14093E-03 -0.88892E+00 -0.13211E-01 -0.79794E+00 
  160.00  0.20290E+00 -0.44039E-01 -0.10476E-02  0.22552E-02  0.89437E+00  0.51383E-04 -0.10458E-03 -0.88962E+00 -0.12580E-01 -0.79766E+00 
  161.00  0.20418E+00 -0.38686E-01 -0.10403E-02  0.24765E-02  0.89441E+00  0.49258E-04 -0.81360E-04 -0.89022E+00 -0.11932E-01 -0.79725E+00 
  162.00  0.20545E+00 -0.33698E-01 -0.10139E-02  0.26873E-02  0.89441E+00  0.46854E-04 -0.68390E-04 -0.89071E+00 -0.11263E-01 -0.79673E+00 
  163.00  0.20670E+00 -0.29070E-01 -0.96996E-03  0.28836E-02  0.89435E+00  0.43924E-04 -0.61986E-04 -0.89109E+00 -0.10570E-01 -0.79608E+00 
  164.00  0.20794E+00 -0.24796E-01 -0.91065E-03  0.30621E-02  0.89423E+00  0.40396E-04 -0.58286E-04 -0.89138E+00 -0.98498E-02 -0.79531E+00 
  165.00  0.20915E+00 -0.20872E-01 -0.83890E-03  0.32207E-02  0.89405E+00  0.36375E-04 -0.53877E-04 -0.89157E+00 -0.91039E-02 -0.79442E+00 
  166.00  0.21035E+00 -0.17293E-01 -0.75794E-03  0.33582E-02  0.89380E+00  0.32096E-04 -0.46266E-04 -0.89168E+00 -0.83337E-02 -0.79339E+00 
  167.00  0.21153E+00 -0.14061E-01 -0.67108E-03  0.34746E-02  0.89349E+00  0.27826E-04 -0.34153E-04 -0.89169E+00 -0.75428E-02 -0.79225E+00 
  168.00  0.21269E+00 -0.11175E-01 -0.58147E-03  0.35708E-02  0.89311E+00  0.23771E-04 -0.17513E-04 -0.89162E+00 -0.67368E-02 -0.79098E+00 
  169.00  0.21384E+00 -0.86394E-02 -0.49197E-03  0.36488E-02  0.89268E+00  0.20017E-04  0.24951E-05 -0.89147E+00 -0.59232E-02 -0.78960E+00 
  170.00  0.21496E+00 -0.64548E-02 -0.40517E-03  0.37113E-02  0.89219E+00  0.16540E-04  0.23755E-04 -0.89124E+00 -0.51117E-02 -0.78812E+00 
  171.00  0.21606E+00 -0.46216E-02 -0.32339E-03  0.37613E-02  0.89166E+00  0.13268E-04  0.43548E-04 -0.89095E+00 -0.43135E-02 -0.78655E+00 
  172.00  0.21714E+00 -0.31353E-02 -0.24875E-03  0.38024E-02  0.89110E+00  0.10162E-04  0.59037E-04 -0.89059E+00 -0.35413E-02 -0.78493E+00 
  173.00  0.21817E+00 -0.19841E-02 -0.18305E-03  0.38379E-02  0.89052E+00  0.72694E-05  0.67829E-04 -0.89018E+00 -0.28089E-02 -0.78329E+00 
  174.00  0.21915E+00 -0.11450E-02 -0.12764E-03  0.38706E-02  0.88995E+00  0.47245E-05  0.68559E-04 -0.88974E+00 -0.21310E-02 -0.78167E+00 
  175.00  0.22005E+00 -0.58201E-03 -0.83229E-04  0.39019E-02  0.88941E+00  0.26885E-05  0.61327E-04 -0.88929E+00 -0.15224E-02 -0.78012E+00 
  176.00  0.22085E+00 -0.24555E-03 -0.49671E-04  0.39321E-02  0.88891E+00  0.12671E-05  0.47860E-04 -0.88886E+00 -0.99814E-03 -0.77871E+00 
  177.00  0.22152E+00 -0.76379E-04 -0.26048E-04  0.39596E-02  0.88849E+00  0.44836E-06  0.31270E-04 -0.88848E+00 -0.57248E-03 -0.77751E+00 
  178.00  0.22202E+00 -0.12688E-04 -0.10888E-04  0.39821E-02  0.88818E+00  0.96047E-07  0.15434E-04 -0.88817E+00 -0.25810E-03 -0.77659E+00 
  179.00  0.22233E+00  0.19666E-06 -0.26091E-05  0.39970E-02  0.88798E+00  0.63050E-08  0.41059E-05 -0.88798E+00 -0.65092E-04 -0.77602E+00 
  180.00  0.22244E+00  0.33483E-16 -0.63687E-16  0.40022E-02  0.88791E+00  0.39370E-29  0.10388E-15 -0.88791E+00 -0.16180E-14 -0.77582E+00 
 scattering matrix expansion coefficients
    w  a11         a22         a33         a23         a32         a44         a12         a34         a13         a24         a14
    0  0.1000E+01  0.0000E+00  0.0000E+00  0.0000E+00  0.0000E+00  0.7886E+00  0.0000E+00  0.0000E+00  0.0000E+00  0.0000E+00 -0.1872E-04
    1  0.2168E+01  0.0000E+00  0.0000E+00  0.0000E+00  0.0000E+00  0.2319E+01  0.0000E+00  0.0000E+00  0.0000E+00  0.0000E+00  0.1093E-03
    2  0.2935E+01  0.2283E+00  0.3839E+01 -0.2035E-06  0.3303E-02  0.2937E+01 -0.4093E+00 -0.1078E-01 -0.1024E-02  0.8072E-05  0.2047E-03
    3  0.3245E+01  0.6954E-01  0.3734E+01 -0.5501E-06  0.1473E-02  0.3252E+01 -0.2817E+00 -0.2082E-01 -0.1214E-03 -0.1188E-03 -0.1022E-02
    4  0.3448E+01  0.3820E-01  0.3749E+01  0.8816E-08  0.1664E-02  0.3442E+01 -0.2047E+00 -0.3390E-01  0.1636E-04 -0.3898E-03 -0.1409E-02
    5  0.3577E+01  0.1276E-01  0.3792E+01 -0.1106E-06  0.2160E-02  0.3592E+01 -0.1555E+00 -0.3075E-01  0.2756E-03  0.3290E-03 -0.1615E-02
    6  0.3703E+01  0.1671E-01  0.3852E+01 -0.4486E-06  0.2809E-02  0.3699E+01 -0.1087E+00 -0.2841E-01 -0.9611E-05  0.1424E-03 -0.1041E-02
    7  0.3783E+01  0.5853E-02  0.3906E+01  0.8423E-06  0.2212E-02  0.3789E+01 -0.7131E-01 -0.1652E-01 -0.2788E-04  0.2370E-04 -0.1342E-02
    8  0.3824E+01  0.8137E-02  0.3929E+01  0.1233E-05  0.1464E-02  0.3819E+01 -0.3955E-01 -0.8194E-02  0.2660E-03  0.3674E-03 -0.7819E-03
    9  0.3788E+01  0.8416E-02  0.3882E+01 -0.7308E-07  0.9660E-03  0.3769E+01 -0.3236E-01 -0.2611E-02  0.9490E-04  0.6637E-04 -0.5888E-03
   10  0.3655E+01 -0.6309E-02  0.3756E+01  0.1935E-06  0.2992E-03  0.3662E+01 -0.6218E-01 -0.9931E-03 -0.3228E-03 -0.2915E-03 -0.1312E-02
   11  0.3503E+01 -0.6676E-02  0.3591E+01  0.1829E-07  0.1068E-03  0.3518E+01 -0.8598E-01 -0.3864E-02 -0.4144E-04 -0.2706E-03 -0.1586E-02
   12  0.3384E+01  0.3837E-02  0.3445E+01 -0.2208E-06  0.8361E-03  0.3381E+01 -0.6918E-01 -0.9270E-02  0.1848E-03 -0.1235E-03 -0.1693E-02
   13  0.3272E+01  0.2127E-02  0.3324E+01 -0.2203E-06  0.1119E-02  0.3271E+01 -0.4649E-01 -0.1089E-01  0.3262E-03 -0.1634E-03 -0.1958E-02
   14  0.3159E+01  0.8991E-03  0.3206E+01 -0.5231E-06  0.2897E-03  0.3159E+01 -0.3628E-01 -0.1047E-01 -0.1671E-03 -0.1056E-03 -0.1869E-02
   15  0.3031E+01  0.3649E-03  0.3074E+01 -0.5958E-06 -0.4551E-03  0.3030E+01 -0.2912E-01 -0.1133E-01 -0.3492E-03 -0.5065E-04 -0.1582E-02
   16  0.2880E+01  0.7356E-03  0.2921E+01  0.1939E-07 -0.2911E-03  0.2879E+01 -0.1921E-01 -0.1265E-01 -0.1467E-03 -0.9203E-04 -0.1629E-02
   17  0.2700E+01  0.3266E-02  0.2737E+01 -0.5298E-08  0.5839E-03  0.2692E+01 -0.1724E-01 -0.1154E-01 -0.3417E-04  0.1296E-05 -0.1457E-02
   18  0.2484E+01  0.3748E-03  0.2521E+01 -0.3406E-06  0.1331E-02  0.2479E+01 -0.3030E-01 -0.1189E-01  0.5240E-04  0.1213E-03 -0.1230E-02
   19  0.2256E+01 -0.3632E-02  0.2293E+01 -0.3523E-06  0.1326E-02  0.2259E+01 -0.4641E-01 -0.1615E-01 -0.1442E-03  0.1255E-03 -0.1335E-02
   20  0.2048E+01 -0.4348E-03  0.2077E+01 -0.2970E-06  0.1011E-02  0.2047E+01 -0.4924E-01 -0.2152E-01 -0.1321E-03 -0.1185E-04 -0.1581E-02
   21  0.1860E+01  0.1452E-02  0.1883E+01  0.6931E-07  0.6827E-03  0.1855E+01 -0.4733E-01 -0.2438E-01 -0.1925E-04 -0.1310E-03 -0.1739E-02
   22  0.1691E+01 -0.1233E-02  0.1712E+01 -0.1801E-07  0.3583E-03  0.1691E+01 -0.5147E-01 -0.2480E-01 -0.7182E-04 -0.5252E-04 -0.1467E-02
   23  0.1551E+01 -0.2579E-02  0.1569E+01 -0.8722E-07  0.2006E-03  0.1555E+01 -0.5176E-01 -0.2425E-01 -0.1790E-04  0.1686E-03 -0.7902E-03
   24  0.1447E+01 -0.1406E-03  0.1460E+01 -0.2981E-06  0.8025E-04  0.1448E+01 -0.3722E-01 -0.2262E-01  0.7996E-04  0.2968E-03 -0.3187E-03
   25  0.1362E+01  0.2383E-02  0.1371E+01 -0.1945E-06 -0.2497E-03  0.1358E+01 -0.1643E-01 -0.1955E-01  0.1629E-04  0.2048E-03 -0.2642E-03
   26  0.1266E+01  0.2518E-02  0.1276E+01 -0.2108E-06 -0.6039E-03  0.1262E+01 -0.3906E-02 -0.1574E-01 -0.6869E-04  0.9346E-04 -0.2971E-03
   27  0.1146E+01  0.9408E-03  0.1158E+01 -0.2015E-06 -0.6880E-03  0.1145E+01 -0.4095E-02 -0.1241E-01 -0.4499E-04 -0.5446E-05 -0.3745E-03
   28  0.1006E+01  0.4541E-04  0.1019E+01 -0.1532E-06 -0.5309E-03  0.1007E+01 -0.1094E-01 -0.1039E-01  0.3737E-04 -0.9985E-04 -0.5557E-03
   29  0.8643E+00 -0.1868E-03  0.8762E+00 -0.1423E-06 -0.2977E-03  0.8654E+00 -0.1807E-01 -0.9772E-02  0.8466E-04 -0.1658E-03 -0.6633E-03
   30  0.7394E+00 -0.4603E-03  0.7490E+00 -0.7905E-07 -0.3051E-04  0.7407E+00 -0.2161E-01 -0.1008E-01  0.8341E-04 -0.1201E-03 -0.4935E-03
   31  0.6429E+00 -0.5169E-03  0.6501E+00  0.3937E-07  0.2497E-03  0.6443E+00 -0.1953E-01 -0.1050E-01  0.4354E-04 -0.4807E-04 -0.2273E-03
   32  0.5746E+00  0.1991E-03  0.5793E+00  0.3474E-07  0.4695E-03  0.5747E+00 -0.1234E-01 -0.1039E-01 -0.9839E-05 -0.1130E-04 -0.9198E-04
   33  0.5224E+00  0.9944E-03  0.5255E+00 -0.7260E-07  0.5740E-03  0.5209E+00 -0.4545E-02 -0.9658E-02 -0.4908E-04 -0.6201E-06 -0.7704E-04
   34  0.4721E+00  0.1097E-02  0.4750E+00 -0.1289E-06  0.5770E-03  0.4703E+00 -0.9996E-03 -0.8802E-02 -0.5816E-04  0.3161E-05 -0.9628E-04
   35  0.4175E+00  0.5475E-03  0.4209E+00 -0.9383E-07  0.5103E-03  0.4166E+00 -0.2622E-02 -0.8347E-02 -0.4011E-04  0.1400E-05 -0.1612E-03
   36  0.3614E+00 -0.6008E-04  0.3651E+00 -0.2893E-07  0.3782E-03  0.3616E+00 -0.6229E-02 -0.8406E-02 -0.9247E-05  0.2590E-05 -0.3017E-03
   37  0.3104E+00 -0.3613E-03  0.3137E+00  0.3293E-07  0.1669E-03  0.3110E+00 -0.8171E-02 -0.8593E-02  0.1263E-04  0.1361E-04 -0.4645E-03
   38  0.2682E+00 -0.3139E-03  0.2707E+00  0.4907E-07 -0.1074E-03  0.2685E+00 -0.7052E-02 -0.8303E-02  0.1745E-04  0.2952E-04 -0.5470E-03
   39  0.2333E+00 -0.9591E-04  0.2351E+00  0.2110E-07 -0.3822E-03  0.2331E+00 -0.3985E-02 -0.7124E-02  0.9068E-05  0.3578E-04 -0.5031E-03
   40  0.2012E+00  0.1030E-03  0.2028E+00 -0.1036E-07 -0.5781E-03  0.2008E+00 -0.1020E-02 -0.5132E-02 -0.2402E-07  0.2915E-04 -0.3678E-03
   41  0.1683E+00  0.1628E-03  0.1699E+00 -0.2588E-07 -0.6491E-03  0.1679E+00  0.3909E-03 -0.2830E-02 -0.3373E-05  0.1536E-04 -0.2130E-03
   42  0.1336E+00  0.1041E-03  0.1353E+00 -0.2117E-07 -0.5998E-03  0.1334E+00  0.1155E-03 -0.8330E-03 -0.4663E-07  0.4120E-05 -0.9102E-04
   43  0.9932E-01  0.8816E-05  0.1010E+00 -0.1103E-07 -0.4766E-03  0.9936E-01 -0.1047E-02  0.4684E-03  0.4495E-05 -0.2506E-05 -0.2068E-04
   44  0.6853E-01 -0.4429E-04  0.6996E-01 -0.2653E-08 -0.3330E-03  0.6869E-01 -0.2119E-02  0.1029E-02  0.7740E-05 -0.3914E-05  0.8972E-05
   45  0.4375E-01 -0.4632E-04  0.4482E-01  0.6159E-09 -0.2081E-03  0.4391E-01 -0.2571E-02  0.1057E-02  0.7922E-05 -0.3480E-05  0.1441E-04
   46  0.2583E-01 -0.1812E-04  0.2654E-01  0.7650E-09 -0.1175E-03  0.2592E-01 -0.2380E-02  0.8235E-03  0.6521E-05 -0.2198E-05  0.1113E-04
   47  0.1412E-01  0.8259E-05  0.1453E-01  0.2595E-09 -0.6052E-04  0.1414E-01 -0.1830E-02  0.5399E-03  0.4395E-05 -0.1276E-05  0.6329E-05
   48  0.7163E-02  0.2177E-04  0.7370E-02 -0.7719E-10 -0.2858E-04  0.7146E-02 -0.1214E-02  0.3096E-03  0.2614E-05 -0.6349E-06  0.2988E-05
   49  0.3379E-02  0.2232E-04  0.3472E-02 -0.1095E-09 -0.1247E-04  0.3350E-02 -0.7126E-03  0.1588E-03  0.1362E-05 -0.3017E-06  0.1165E-05
   50  0.1486E-02  0.1690E-04  0.1523E-02 -0.2950E-10 -0.5037E-05  0.1461E-02 -0.3755E-03  0.7381E-04  0.6474E-06 -0.1267E-06  0.3676E-06
   51  0.6105E-03  0.1048E-04  0.6235E-03  0.2946E-10 -0.1898E-05  0.5939E-03 -0.1797E-03  0.3139E-04  0.2769E-06 -0.4873E-07  0.8426E-07
   52  0.2349E-03  0.5644E-05  0.2387E-03  0.4930E-10 -0.6680E-06  0.2256E-03 -0.7875E-04  0.1227E-04  0.1103E-06 -0.1692E-07  0.9257E-08
   53  0.8474E-04  0.2689E-05  0.8560E-04  0.4040E-10 -0.2206E-06  0.8020E-04 -0.3178E-04  0.4440E-05  0.4034E-07 -0.5633E-08 -0.2952E-08
   54  0.2870E-04  0.1156E-05  0.2879E-04  0.2541E-10 -0.6838E-07  0.2672E-04 -0.1186E-04  0.1488E-05  0.1373E-07 -0.1895E-08 -0.1780E-08
   55  0.9128E-05  0.4515E-06  0.9085E-05  0.1305E-10 -0.1996E-07  0.8342E-05 -0.4109E-05  0.4637E-06  0.4400E-08 -0.7470E-09 -0.1737E-09
   56  0.2726E-05  0.1613E-06  0.2690E-05  0.5801E-11 -0.5457E-08  0.2442E-05 -0.1322E-05  0.1346E-06  0.1298E-08 -0.2996E-09  0.1397E-09
   57  0.7635E-06  0.5291E-07  0.7464E-06  0.2267E-11 -0.1405E-08  0.6695E-06 -0.3957E-06  0.3640E-07  0.3585E-09 -0.1265E-09  0.1782E-09
   58  0.2010E-06  0.1595E-07  0.1947E-06  0.8231E-12 -0.3428E-09  0.1724E-06 -0.1103E-06  0.9253E-08  0.9612E-10 -0.4893E-10  0.7904E-10
   59  0.4915E-07  0.4416E-08  0.4712E-07  0.2808E-12 -0.7544E-10  0.4119E-07 -0.2847E-07  0.2183E-08  0.2100E-10 -0.1679E-10  0.3257E-10
   60  0.1160E-07  0.1144E-08  0.1103E-07  0.8771E-13 -0.1760E-10  0.9531E-08 -0.6985E-08  0.4988E-09  0.5723E-11 -0.5326E-11  0.9986E-11
   61  0.2386E-08  0.2620E-09  0.2241E-08  0.2556E-13 -0.2963E-11  0.1909E-08 -0.1509E-08  0.1004E-09  0.8295E-12 -0.1448E-11  0.2826E-11
   62  0.5547E-09  0.6359E-10  0.5192E-09  0.6873E-14 -0.8027E-12  0.4387E-09 -0.3559E-09  0.2240E-10  0.2846E-12 -0.3223E-12  0.5878E-12
   63  0.8317E-10  0.1069E-10  0.7647E-10  0.1673E-14 -0.7857E-13  0.6365E-10 -0.5639E-10  0.3389E-11  0.1875E-13 -0.7549E-13  0.1401E-12
   64  0.2475E-10  0.3167E-11  0.2289E-10  0.3686E-15 -0.3409E-13  0.1897E-10 -0.1658E-10  0.9179E-12  0.1214E-13 -0.6870E-14  0.9754E-14
   65  0.1853E-11  0.2700E-12  0.1664E-11  0.7808E-16 -0.1172E-14  0.1362E-11 -0.1326E-11  0.7392E-13  0.7677E-16 -0.2164E-14  0.3792E-14
   66  0.1088E-11  0.1534E-12  0.9873E-12  0.2004E-16 -0.1240E-14  0.8057E-12 -0.7564E-12  0.3600E-13  0.4107E-15  0.3432E-15 -0.8368E-15
   67  0.1903E-13  0.2957E-14  0.1612E-13  0.3492E-17 -0.4098E-17  0.1409E-13 -0.1373E-13  0.7486E-15 -0.9921E-17 -0.2305E-16  0.3717E-16
   68  0.5124E-13  0.8392E-14  0.4640E-13  0.3328E-18 -0.3930E-16  0.3632E-13 -0.3771E-13  0.1566E-14  0.1283E-16  0.4023E-16 -0.8041E-16
