 input file is 
mstm5_256_6398_18_009.inp     
 input file comments follow:
***********************************************************
  This is the default mstm input file for v.3.0.
  The run is for a 7-sphere cluster of identical spheres.   The positions
  are embedded in the input file.

  The run makes use of the new_run and multiple_run options.

  14 April 2013
***********************************************************
 number of processors:
   1
 input parameters for run number 
    1
 number of spheres, volume size parameter:
  256  0.40625E+01
 position file:
position/n256/a5.out                                        
 output file:
output/256/x6398/18/009/mt_5_256_6398_18_009.dat            
 length, ref. indx. scale factors:
   0.640   1.800   0.090
 chiral factors:
  0.00000E+00  0.00000E+00
 scattering matrix directions based on incident frame
 automatic scattering angle calculation
 thetamin, thetamax:
      0.0    180.0
 number scattering angles:
      181
 epsmie, epssoln, max number iterations:
  0.1000E-05  0.1000E-07 5000
 medium refractive index:
  1.0000  0.0000
 target euler rotation angles:
    0.0000    0.0000    0.0000
 far field kr, iterations/correction:
 -0.1000E+01   20
 plane wave incidence
 random orientation calculations
 t matrix calculated, stored in file 
tmatrixfiles/5256639818009                                  
 t matrix convergence epsilon:
  0.1000E-06
 all spheres excited (total T matrix) 
 calculation results for run 
    1
 total ext, abs, scat efficiencies, w.r.t. xv, and asym. parm
  0.44602E+01  0.93087E+00  0.35293E+01  0.75202E+00
 scattering matrix elements (normalized w/ S11)
   theta      11           12           13           14           22           23           24           33           34           44      
    0.00  0.71964E+02  0.00000E+00  0.00000E+00 -0.17178E-04  0.99979E+00 -0.49680E-03  0.00000E+00  0.99979E+00  0.00000E+00  0.99961E+00 
    1.00  0.71281E+02 -0.16414E-03 -0.28008E-08 -0.21552E-04  0.99979E+00 -0.49396E-03 -0.34683E-07  0.99979E+00 -0.20358E-04  0.99961E+00 
    2.00  0.69270E+02 -0.65753E-03 -0.18657E-07 -0.34828E-04  0.99978E+00 -0.48535E-03 -0.13970E-06  0.99978E+00 -0.82253E-04  0.99959E+00 
    3.00  0.66038E+02 -0.14831E-02 -0.70655E-07 -0.57475E-04  0.99976E+00 -0.47079E-03 -0.31809E-06  0.99976E+00 -0.18818E-03  0.99956E+00 
    4.00  0.61753E+02 -0.26459E-02 -0.19976E-06 -0.90299E-04  0.99974E+00 -0.44993E-03 -0.57547E-06  0.99974E+00 -0.34244E-03  0.99951E+00 
    5.00  0.56634E+02 -0.41532E-02 -0.46875E-06 -0.13448E-03  0.99971E+00 -0.42232E-03 -0.92086E-06  0.99970E+00 -0.55134E-03  0.99943E+00 
    6.00  0.50929E+02 -0.60154E-02 -0.96813E-06 -0.19162E-03  0.99966E+00 -0.38740E-03 -0.13680E-05  0.99964E+00 -0.82346E-03  0.99934E+00 
    7.00  0.44899E+02 -0.82455E-02 -0.18243E-05 -0.26379E-03  0.99960E+00 -0.34456E-03 -0.19371E-05  0.99956E+00 -0.11700E-02  0.99920E+00 
    8.00  0.38803E+02 -0.10861E-01 -0.32100E-05 -0.35360E-03  0.99951E+00 -0.29322E-03 -0.26575E-05  0.99946E+00 -0.16051E-02  0.99902E+00 
    9.00  0.32873E+02 -0.13881E-01 -0.53566E-05 -0.46421E-03  0.99940E+00 -0.23305E-03 -0.35700E-05  0.99932E+00 -0.21460E-02  0.99878E+00 
   10.00  0.27309E+02 -0.17332E-01 -0.85657E-05 -0.59917E-03  0.99926E+00 -0.16423E-03 -0.47299E-05  0.99912E+00 -0.28128E-02  0.99846E+00 
   11.00  0.22265E+02 -0.21240E-01 -0.13213E-04 -0.76217E-03  0.99906E+00 -0.88153E-04 -0.62067E-05  0.99886E+00 -0.36268E-02  0.99802E+00 
   12.00  0.17844E+02 -0.25628E-01 -0.19725E-04 -0.95606E-03  0.99880E+00 -0.83771E-05 -0.80773E-05  0.99851E+00 -0.46066E-02  0.99743E+00 
   13.00  0.14099E+02 -0.30507E-01 -0.28506E-04 -0.11811E-02  0.99844E+00  0.67756E-04 -0.10402E-04  0.99804E+00 -0.57593E-02  0.99665E+00 
   14.00  0.11038E+02 -0.35857E-01 -0.39739E-04 -0.14317E-02  0.99796E+00  0.12704E-03 -0.13167E-04  0.99742E+00 -0.70643E-02  0.99561E+00 
   15.00  0.86286E+01 -0.41593E-01 -0.53013E-04 -0.16915E-02  0.99733E+00  0.14866E-03 -0.16170E-04  0.99663E+00 -0.84485E-02  0.99428E+00 
   16.00  0.68079E+01 -0.47536E-01 -0.66788E-04 -0.19287E-02  0.99655E+00  0.10514E-03 -0.18858E-04  0.99566E+00 -0.97604E-02  0.99265E+00 
   17.00  0.54929E+01 -0.53407E-01 -0.77990E-04 -0.20969E-02  0.99565E+00 -0.29917E-04 -0.20198E-04  0.99456E+00 -0.10771E-01  0.99078E+00 
   18.00  0.45904E+01 -0.58908E-01 -0.82422E-04 -0.21497E-02  0.99471E+00 -0.26606E-03 -0.18776E-04  0.99341E+00 -0.11240E-01  0.98886E+00 
   19.00  0.40058E+01 -0.63875E-01 -0.76449E-04 -0.20667E-02  0.99384E+00 -0.58122E-03 -0.13286E-04  0.99235E+00 -0.11049E-01  0.98710E+00 
   20.00  0.36501E+01 -0.68412E-01 -0.59032E-04 -0.18715E-02  0.99316E+00 -0.92494E-03 -0.31358E-05  0.99145E+00 -0.10295E-01  0.98568E+00 
   21.00  0.34456E+01 -0.72839E-01 -0.32191E-04 -0.16205E-02  0.99269E+00 -0.12421E-02  0.11387E-04  0.99073E+00 -0.92494E-02  0.98461E+00 
   22.00  0.33288E+01 -0.77521E-01  0.46298E-06 -0.13728E-02  0.99238E+00 -0.14960E-02  0.29532E-04  0.99013E+00 -0.82063E-02  0.98382E+00 
   23.00  0.32511E+01 -0.82728E-01  0.35526E-04 -0.11683E-02  0.99218E+00 -0.16745E-02  0.50603E-04  0.98955E+00 -0.73732E-02  0.98314E+00 
   24.00  0.31792E+01 -0.88601E-01  0.70631E-04 -0.10241E-02  0.99202E+00 -0.17810E-02  0.74203E-04  0.98892E+00 -0.68455E-02  0.98245E+00 
   25.00  0.30925E+01 -0.95188E-01  0.10437E-03 -0.94149E-03  0.99184E+00 -0.18250E-02  0.10020E-03  0.98816E+00 -0.66364E-02  0.98162E+00 
   26.00  0.29812E+01 -0.10248E+00  0.13586E-03 -0.91323E-03  0.99161E+00 -0.18155E-02  0.12858E-03  0.98725E+00 -0.67127E-02  0.98060E+00 
   27.00  0.28434E+01 -0.11046E+00  0.16441E-03 -0.92838E-03  0.99131E+00 -0.17586E-02  0.15930E-03  0.98613E+00 -0.70191E-02  0.97934E+00 
   28.00  0.26827E+01 -0.11906E+00  0.18917E-03 -0.97454E-03  0.99092E+00 -0.16568E-02  0.19216E-03  0.98479E+00 -0.74894E-02  0.97780E+00 
   29.00  0.25055E+01 -0.12826E+00  0.20908E-03 -0.10387E-02  0.99042E+00 -0.15099E-02  0.22672E-03  0.98321E+00 -0.80518E-02  0.97594E+00 
   30.00  0.23192E+01 -0.13799E+00  0.22277E-03 -0.11075E-02  0.98980E+00 -0.13152E-02  0.26225E-03  0.98135E+00 -0.86317E-02  0.97373E+00 
   31.00  0.21314E+01 -0.14817E+00  0.22860E-03 -0.11679E-02  0.98906E+00 -0.10693E-02  0.29773E-03  0.97919E+00 -0.91556E-02  0.97115E+00 
   32.00  0.19481E+01 -0.15872E+00  0.22474E-03 -0.12076E-02  0.98816E+00 -0.76874E-03  0.33187E-03  0.97672E+00 -0.95561E-02  0.96817E+00 
   33.00  0.17743E+01 -0.16954E+00  0.20940E-03 -0.12165E-02  0.98710E+00 -0.41139E-03  0.36328E-03  0.97392E+00 -0.97806E-02  0.96477E+00 
   34.00  0.16131E+01 -0.18053E+00  0.18101E-03 -0.11878E-02  0.98587E+00  0.19332E-05  0.39058E-03  0.97077E+00 -0.97995E-02  0.96092E+00 
   35.00  0.14666E+01 -0.19157E+00  0.13851E-03 -0.11196E-02  0.98445E+00  0.46629E-03  0.41268E-03  0.96726E+00 -0.96149E-02  0.95662E+00 
   36.00  0.13353E+01 -0.20258E+00  0.81643E-04 -0.10154E-02  0.98287E+00  0.97160E-03  0.42901E-03  0.96340E+00 -0.92647E-02  0.95187E+00 
   37.00  0.12192E+01 -0.21350E+00  0.11125E-04 -0.88449E-03  0.98111E+00  0.15023E-02  0.43968E-03  0.95920E+00 -0.88217E-02  0.94668E+00 
   38.00  0.11173E+01 -0.22432E+00 -0.71216E-04 -0.74094E-03  0.97922E+00  0.20376E-02  0.44560E-03  0.95465E+00 -0.83851E-02  0.94108E+00 
   39.00  0.10287E+01 -0.23506E+00 -0.16249E-03 -0.60132E-03  0.97721E+00  0.25533E-02  0.44838E-03  0.94978E+00 -0.80661E-02  0.93511E+00 
   40.00  0.95205E+00 -0.24581E+00 -0.25891E-03 -0.48220E-03  0.97515E+00  0.30234E-02  0.45022E-03  0.94460E+00 -0.79685E-02  0.92882E+00 
   41.00  0.88599E+00 -0.25666E+00 -0.35612E-03 -0.39727E-03  0.97308E+00  0.34231E-02  0.45350E-03  0.93912E+00 -0.81702E-02  0.92225E+00 
   42.00  0.82925E+00 -0.26775E+00 -0.44957E-03 -0.35495E-03  0.97105E+00  0.37317E-02  0.46045E-03  0.93335E+00 -0.87069E-02  0.91545E+00 
   43.00  0.78061E+00 -0.27920E+00 -0.53492E-03 -0.35697E-03  0.96912E+00  0.39347E-02  0.47276E-03  0.92730E+00 -0.95644E-02  0.90846E+00 
   44.00  0.73897E+00 -0.29113E+00 -0.60841E-03 -0.39825E-03  0.96733E+00  0.40256E-02  0.49130E-03  0.92099E+00 -0.10678E-01  0.90134E+00 
   45.00  0.70333E+00 -0.30359E+00 -0.66712E-03 -0.46797E-03  0.96571E+00  0.40065E-02  0.51589E-03  0.91442E+00 -0.11944E-01  0.89410E+00 
   46.00  0.67280E+00 -0.31662E+00 -0.70911E-03 -0.55163E-03  0.96428E+00  0.38871E-02  0.54534E-03  0.90760E+00 -0.13231E-01  0.88676E+00 
   47.00  0.64658E+00 -0.33020E+00 -0.73341E-03 -0.63351E-03  0.96303E+00  0.36836E-02  0.57751E-03  0.90054E+00 -0.14403E-01  0.87933E+00 
   48.00  0.62395E+00 -0.34428E+00 -0.73996E-03 -0.69912E-03  0.96196E+00  0.34161E-02  0.60958E-03  0.89325E+00 -0.15339E-01  0.87181E+00 
   49.00  0.60424E+00 -0.35879E+00 -0.72940E-03 -0.73708E-03  0.96103E+00  0.31065E-02  0.63835E-03  0.88573E+00 -0.15946E-01  0.86419E+00 
   50.00  0.58687E+00 -0.37366E+00 -0.70290E-03 -0.74027E-03  0.96022E+00  0.27760E-02  0.66051E-03  0.87797E+00 -0.16173E-01  0.85644E+00 
   51.00  0.57128E+00 -0.38881E+00 -0.66200E-03 -0.70599E-03  0.95948E+00  0.24433E-02  0.67297E-03  0.86995E+00 -0.16013E-01  0.84850E+00 
   52.00  0.55697E+00 -0.40419E+00 -0.60845E-03 -0.63547E-03  0.95877E+00  0.21238E-02  0.67304E-03  0.86164E+00 -0.15503E-01  0.84032E+00 
   53.00  0.54350E+00 -0.41977E+00 -0.54418E-03 -0.53280E-03  0.95806E+00  0.18288E-02  0.65857E-03  0.85299E+00 -0.14716E-01  0.83183E+00 
   54.00  0.53047E+00 -0.43555E+00 -0.47127E-03 -0.40365E-03  0.95730E+00  0.15659E-02  0.62802E-03  0.84392E+00 -0.13752E-01  0.82292E+00 
   55.00  0.51757E+00 -0.45154E+00 -0.39203E-03 -0.25406E-03  0.95646E+00  0.13392E-02  0.58046E-03  0.83435E+00 -0.12728E-01  0.81350E+00 
   56.00  0.50456E+00 -0.46776E+00 -0.30901E-03 -0.89503E-04  0.95552E+00  0.11501E-02  0.51552E-03  0.82417E+00 -0.11765E-01  0.80345E+00 
   57.00  0.49127E+00 -0.48426E+00 -0.22509E-03  0.85715E-04  0.95446E+00  0.99843E-03  0.43336E-03  0.81329E+00 -0.10980E-01  0.79265E+00 
   58.00  0.47765E+00 -0.50106E+00 -0.14354E-03  0.26861E-03  0.95328E+00  0.88224E-03  0.33468E-03  0.80158E+00 -0.10476E-01  0.78100E+00 
   59.00  0.46371E+00 -0.51819E+00 -0.67947E-04  0.45738E-03  0.95197E+00  0.79890E-03  0.22067E-03  0.78897E+00 -0.10335E-01  0.76840E+00 
   60.00  0.44955E+00 -0.53564E+00 -0.21545E-05  0.65091E-03  0.95054E+00  0.74490E-03  0.93087E-04  0.77536E+00 -0.10609E-01  0.75477E+00 
   61.00  0.43531E+00 -0.55340E+00  0.49960E-04  0.84823E-03  0.94900E+00  0.71601E-03 -0.45725E-04  0.76070E+00 -0.11319E-01  0.74006E+00 
   62.00  0.42120E+00 -0.57140E+00  0.84787E-04  0.10478E-02  0.94738E+00  0.70711E-03 -0.19281E-03  0.74497E+00 -0.12444E-01  0.72426E+00 
   63.00  0.40742E+00 -0.58958E+00  0.99376E-04  0.12471E-02  0.94569E+00  0.71213E-03 -0.34461E-03  0.72819E+00 -0.13922E-01  0.70741E+00 
   64.00  0.39414E+00 -0.60780E+00  0.91872E-04  0.14421E-02  0.94396E+00  0.72403E-03 -0.49707E-03  0.71042E+00 -0.15651E-01  0.68956E+00 
   65.00  0.38154E+00 -0.62596E+00  0.61915E-04  0.16271E-02  0.94222E+00  0.73503E-03 -0.64580E-03  0.69175E+00 -0.17494E-01  0.67083E+00 
   66.00  0.36972E+00 -0.64389E+00  0.10924E-04  0.17954E-02  0.94048E+00  0.73704E-03 -0.78632E-03  0.67231E+00 -0.19284E-01  0.65137E+00 
   67.00  0.35871E+00 -0.66145E+00 -0.57840E-04  0.19393E-02  0.93877E+00  0.72228E-03 -0.91442E-03  0.65225E+00 -0.20845E-01  0.63132E+00 
   68.00  0.34851E+00 -0.67852E+00 -0.13946E-03  0.20512E-02  0.93709E+00  0.68410E-03 -0.10264E-02  0.63171E+00 -0.22008E-01  0.61085E+00 
   69.00  0.33903E+00 -0.69496E+00 -0.22784E-03  0.21244E-02  0.93543E+00  0.61774E-03 -0.11192E-02  0.61083E+00 -0.22626E-01  0.59007E+00 
   70.00  0.33016E+00 -0.71069E+00 -0.31627E-03  0.21533E-02  0.93377E+00  0.52091E-03 -0.11908E-02  0.58969E+00 -0.22593E-01  0.56910E+00 
   71.00  0.32173E+00 -0.72566E+00 -0.39825E-03  0.21345E-02  0.93208E+00  0.39414E-03 -0.12398E-02  0.56834E+00 -0.21849E-01  0.54798E+00 
   72.00  0.31360E+00 -0.73981E+00 -0.46804E-03  0.20666E-02  0.93034E+00  0.24081E-03 -0.12652E-02  0.54680E+00 -0.20394E-01  0.52670E+00 
   73.00  0.30561E+00 -0.75315E+00 -0.52129E-03  0.19501E-02  0.92851E+00  0.66903E-04 -0.12667E-02  0.52501E+00 -0.18275E-01  0.50522E+00 
   74.00  0.29763E+00 -0.76566E+00 -0.55533E-03  0.17870E-02  0.92655E+00 -0.11948E-03 -0.12435E-02  0.50291E+00 -0.15589E-01  0.48346E+00 
   75.00  0.28958E+00 -0.77737E+00 -0.56930E-03  0.15806E-02  0.92443E+00 -0.30871E-03 -0.11950E-02  0.48039E+00 -0.12473E-01  0.46131E+00 
   76.00  0.28141E+00 -0.78828E+00 -0.56417E-03  0.13354E-02  0.92214E+00 -0.49027E-03 -0.11199E-02  0.45733E+00 -0.90913E-02  0.43864E+00 
   77.00  0.27313E+00 -0.79841E+00 -0.54254E-03  0.10564E-02  0.91966E+00 -0.65346E-03 -0.10166E-02  0.43361E+00 -0.56269E-02  0.41533E+00 
   78.00  0.26480E+00 -0.80777E+00 -0.50836E-03  0.74902E-03  0.91700E+00 -0.78810E-03 -0.88339E-03  0.40910E+00 -0.22730E-02  0.39124E+00 
   79.00  0.25650E+00 -0.81639E+00 -0.46654E-03  0.41969E-03  0.91417E+00 -0.88524E-03 -0.71837E-03  0.38371E+00  0.77984E-03  0.36628E+00 
   80.00  0.24835E+00 -0.82426E+00 -0.42249E-03  0.75402E-04  0.91121E+00 -0.93786E-03 -0.52035E-03  0.35736E+00  0.33541E-02  0.34038E+00 
   81.00  0.24048E+00 -0.83141E+00 -0.38162E-03 -0.27595E-03  0.90817E+00 -0.94160E-03 -0.28916E-03  0.33001E+00  0.52979E-02  0.31349E+00 
   82.00  0.23302E+00 -0.83785E+00 -0.34870E-03 -0.62555E-03  0.90511E+00 -0.89534E-03 -0.26349E-04  0.30166E+00  0.64976E-02  0.28563E+00 
   83.00  0.22610E+00 -0.84361E+00 -0.32730E-03 -0.96374E-03  0.90210E+00 -0.80159E-03  0.26431E-03  0.27236E+00  0.68890E-02  0.25684E+00 
   84.00  0.21980E+00 -0.84869E+00 -0.31931E-03 -0.12804E-02  0.89923E+00 -0.66654E-03  0.57647E-03  0.24220E+00  0.64666E-02  0.22723E+00 
   85.00  0.21421E+00 -0.85312E+00 -0.32458E-03 -0.15653E-02  0.89656E+00 -0.49967E-03  0.90123E-03  0.21132E+00  0.52869E-02  0.19694E+00 
   86.00  0.20935E+00 -0.85692E+00 -0.34088E-03 -0.18091E-02  0.89417E+00 -0.31294E-03  0.12274E-02  0.17987E+00  0.34652E-02  0.16615E+00 
   87.00  0.20524E+00 -0.86010E+00 -0.36408E-03 -0.20040E-02  0.89209E+00 -0.11954E-03  0.15424E-02  0.14804E+00  0.11655E-02  0.13504E+00 
   88.00  0.20184E+00 -0.86265E+00 -0.38877E-03 -0.21443E-02  0.89036E+00  0.67525E-04  0.18332E-02  0.11603E+00 -0.14168E-02  0.10381E+00 
   89.00  0.19910E+00 -0.86455E+00 -0.40889E-03 -0.22273E-02  0.88898E+00  0.23691E-03  0.20873E-02  0.84003E-01 -0.40754E-02  0.72648E-01 
   90.00  0.19693E+00 -0.86579E+00 -0.41866E-03 -0.22532E-02  0.88793E+00  0.38007E-03  0.22941E-02  0.52119E-01 -0.66132E-02  0.41705E-01 
   91.00  0.19524E+00 -0.86633E+00 -0.41332E-03 -0.22250E-02  0.88719E+00  0.49197E-03  0.24456E-02  0.20499E-01 -0.88607E-02  0.11106E-01 
   92.00  0.19392E+00 -0.86612E+00 -0.38973E-03 -0.21485E-02  0.88669E+00  0.57141E-03  0.25367E-02 -0.10767E-01 -0.10688E-01 -0.19064E-01 
   93.00  0.19286E+00 -0.86510E+00 -0.34677E-03 -0.20313E-02  0.88639E+00  0.62071E-03  0.25656E-02 -0.41625E-01 -0.12010E-01 -0.48752E-01 
   94.00  0.19196E+00 -0.86323E+00 -0.28549E-03 -0.18824E-02  0.88622E+00  0.64524E-03  0.25333E-02 -0.72046E-01 -0.12787E-01 -0.77935E-01 
   95.00  0.19113E+00 -0.86045E+00 -0.20902E-03 -0.17116E-02  0.88612E+00  0.65261E-03  0.24435E-02 -0.10202E+00 -0.13021E-01 -0.10661E+00 
   96.00  0.19029E+00 -0.85672E+00 -0.12232E-03 -0.15284E-02  0.88605E+00  0.65181E-03  0.23018E-02 -0.13156E+00 -0.12748E-01 -0.13479E+00 
   97.00  0.18936E+00 -0.85200E+00 -0.31831E-04 -0.13421E-02  0.88596E+00  0.65245E-03  0.21155E-02 -0.16068E+00 -0.12029E-01 -0.16249E+00 
   98.00  0.18831E+00 -0.84624E+00  0.54955E-04 -0.11614E-02  0.88582E+00  0.66395E-03  0.18926E-02 -0.18938E+00 -0.10941E-01 -0.18973E+00 
   99.00  0.18710E+00 -0.83944E+00  0.12994E-03 -0.99349E-03  0.88560E+00  0.69498E-03  0.16416E-02 -0.21770E+00 -0.95752E-02 -0.21653E+00 
  100.00  0.18571E+00 -0.83157E+00  0.18491E-03 -0.84452E-03  0.88528E+00  0.75290E-03  0.13712E-02 -0.24562E+00 -0.80233E-02 -0.24290E+00 
  101.00  0.18415E+00 -0.82264E+00  0.21196E-03 -0.71912E-03  0.88486E+00  0.84334E-03  0.10897E-02 -0.27315E+00 -0.63782E-02 -0.26885E+00 
  102.00  0.18243E+00 -0.81265E+00  0.20400E-03 -0.62047E-03  0.88432E+00  0.96996E-03  0.80465E-03 -0.30029E+00 -0.47281E-02 -0.29435E+00 
  103.00  0.18057E+00 -0.80163E+00  0.15514E-03 -0.55024E-03  0.88368E+00  0.11342E-02  0.52308E-03 -0.32701E+00 -0.31543E-02 -0.31940E+00 
  104.00  0.17861E+00 -0.78962E+00  0.61090E-04 -0.50871E-03  0.88295E+00  0.13352E-02  0.25080E-03 -0.35328E+00 -0.17293E-02 -0.34397E+00 
  105.00  0.17657E+00 -0.77666E+00 -0.80530E-04 -0.49484E-03  0.88213E+00  0.15697E-02 -0.74329E-05 -0.37909E+00 -0.51566E-03 -0.36803E+00 
  106.00  0.17451E+00 -0.76281E+00 -0.26995E-03 -0.50646E-03  0.88125E+00  0.18325E-02 -0.24808E-03 -0.40438E+00  0.43483E-03 -0.39154E+00 
  107.00  0.17246E+00 -0.74814E+00 -0.50513E-03 -0.54050E-03  0.88033E+00  0.21163E-02 -0.46880E-03 -0.42910E+00  0.10816E-02 -0.41445E+00 
  108.00  0.17046E+00 -0.73274E+00 -0.78175E-03 -0.59323E-03  0.87941E+00  0.24122E-02 -0.66842E-03 -0.45322E+00  0.13954E-02 -0.43673E+00 
  109.00  0.16855E+00 -0.71670E+00 -0.10934E-02 -0.66052E-03  0.87850E+00  0.27102E-02 -0.84678E-03 -0.47668E+00  0.13583E-02 -0.45832E+00 
  110.00  0.16677E+00 -0.70011E+00 -0.14317E-02 -0.73815E-03  0.87763E+00  0.29997E-02 -0.10047E-02 -0.49944E+00  0.96348E-03 -0.47918E+00 
  111.00  0.16514E+00 -0.68309E+00 -0.17871E-02 -0.82199E-03  0.87685E+00  0.32701E-02 -0.11435E-02 -0.52144E+00  0.21454E-03 -0.49929E+00 
  112.00  0.16370E+00 -0.66573E+00 -0.21490E-02 -0.90829E-03  0.87616E+00  0.35116E-02 -0.12652E-02 -0.54265E+00 -0.87497E-03 -0.51860E+00 
  113.00  0.16245E+00 -0.64815E+00 -0.25065E-02 -0.99377E-03  0.87561E+00  0.37152E-02 -0.13718E-02 -0.56304E+00 -0.22825E-02 -0.53710E+00 
  114.00  0.16143E+00 -0.63045E+00 -0.28493E-02 -0.10758E-02  0.87521E+00  0.38739E-02 -0.14655E-02 -0.58257E+00 -0.39776E-02 -0.55477E+00 
  115.00  0.16063E+00 -0.61271E+00 -0.31678E-02 -0.11522E-02  0.87499E+00  0.39827E-02 -0.15483E-02 -0.60124E+00 -0.59232E-02 -0.57161E+00 
  116.00  0.16007E+00 -0.59504E+00 -0.34542E-02 -0.12217E-02  0.87495E+00  0.40389E-02 -0.16215E-02 -0.61904E+00 -0.80771E-02 -0.58764E+00 
  117.00  0.15974E+00 -0.57750E+00 -0.37024E-02 -0.12833E-02  0.87510E+00  0.40422E-02 -0.16863E-02 -0.63597E+00 -0.10394E-01 -0.60286E+00 
  118.00  0.15965E+00 -0.56015E+00 -0.39084E-02 -0.13364E-02  0.87544E+00  0.39946E-02 -0.17431E-02 -0.65205E+00 -0.12826E-01 -0.61731E+00 
  119.00  0.15977E+00 -0.54303E+00 -0.40705E-02 -0.13810E-02  0.87597E+00  0.39000E-02 -0.17921E-02 -0.66730E+00 -0.15325E-01 -0.63101E+00 
  120.00  0.16010E+00 -0.52618E+00 -0.41890E-02 -0.14170E-02  0.87668E+00  0.37640E-02 -0.18328E-02 -0.68176E+00 -0.17846E-01 -0.64401E+00 
  121.00  0.16062E+00 -0.50961E+00 -0.42660E-02 -0.14444E-02  0.87754E+00  0.35934E-02 -0.18643E-02 -0.69545E+00 -0.20345E-01 -0.65634E+00 
  122.00  0.16131E+00 -0.49334E+00 -0.43050E-02 -0.14634E-02  0.87856E+00  0.33954E-02 -0.18857E-02 -0.70843E+00 -0.22782E-01 -0.66804E+00 
  123.00  0.16214E+00 -0.47734E+00 -0.43104E-02 -0.14741E-02  0.87969E+00  0.31778E-02 -0.18958E-02 -0.72074E+00 -0.25123E-01 -0.67916E+00 
  124.00  0.16310E+00 -0.46163E+00 -0.42874E-02 -0.14764E-02  0.88091E+00  0.29477E-02 -0.18935E-02 -0.73240E+00 -0.27338E-01 -0.68972E+00 
  125.00  0.16417E+00 -0.44616E+00 -0.42411E-02 -0.14703E-02  0.88221E+00  0.27120E-02 -0.18779E-02 -0.74348E+00 -0.29404E-01 -0.69976E+00 
  126.00  0.16531E+00 -0.43093E+00 -0.41765E-02 -0.14557E-02  0.88356E+00  0.24763E-02 -0.18482E-02 -0.75400E+00 -0.31302E-01 -0.70931E+00 
  127.00  0.16650E+00 -0.41590E+00 -0.40980E-02 -0.14323E-02  0.88492E+00  0.22456E-02 -0.18040E-02 -0.76399E+00 -0.33020E-01 -0.71838E+00 
  128.00  0.16772E+00 -0.40107E+00 -0.40095E-02 -0.13999E-02  0.88629E+00  0.20235E-02 -0.17452E-02 -0.77349E+00 -0.34550E-01 -0.72699E+00 
  129.00  0.16896E+00 -0.38640E+00 -0.39139E-02 -0.13582E-02  0.88764E+00  0.18128E-02 -0.16723E-02 -0.78252E+00 -0.35887E-01 -0.73516E+00 
  130.00  0.17019E+00 -0.37189E+00 -0.38136E-02 -0.13071E-02  0.88894E+00  0.16150E-02 -0.15860E-02 -0.79110E+00 -0.37033E-01 -0.74289E+00 
  131.00  0.17139E+00 -0.35751E+00 -0.37102E-02 -0.12461E-02  0.89019E+00  0.14312E-02 -0.14873E-02 -0.79925E+00 -0.37989E-01 -0.75018E+00 
  132.00  0.17256E+00 -0.34327E+00 -0.36047E-02 -0.11752E-02  0.89137E+00  0.12616E-02 -0.13778E-02 -0.80697E+00 -0.38762E-01 -0.75703E+00 
  133.00  0.17369E+00 -0.32916E+00 -0.34974E-02 -0.10941E-02  0.89248E+00  0.11058E-02 -0.12591E-02 -0.81428E+00 -0.39358E-01 -0.76345E+00 
  134.00  0.17477E+00 -0.31518E+00 -0.33887E-02 -0.10028E-02  0.89350E+00  0.96356E-03 -0.11331E-02 -0.82119E+00 -0.39786E-01 -0.76942E+00 
  135.00  0.17579E+00 -0.30133E+00 -0.32783E-02 -0.90123E-03  0.89443E+00  0.83401E-03 -0.10018E-02 -0.82769E+00 -0.40055E-01 -0.77496E+00 
  136.00  0.17676E+00 -0.28763E+00 -0.31662E-02 -0.78964E-03  0.89527E+00  0.71649E-03 -0.86722E-03 -0.83380E+00 -0.40175E-01 -0.78005E+00 
  137.00  0.17767E+00 -0.27409E+00 -0.30521E-02 -0.66839E-03  0.89602E+00  0.61032E-03 -0.73143E-03 -0.83951E+00 -0.40155E-01 -0.78471E+00 
  138.00  0.17853E+00 -0.26071E+00 -0.29357E-02 -0.53805E-03  0.89669E+00  0.51492E-03 -0.59625E-03 -0.84484E+00 -0.40007E-01 -0.78893E+00 
  139.00  0.17934E+00 -0.24752E+00 -0.28169E-02 -0.39943E-03  0.89727E+00  0.42980E-03 -0.46337E-03 -0.84979E+00 -0.39738E-01 -0.79272E+00 
  140.00  0.18011E+00 -0.23453E+00 -0.26955E-02 -0.25356E-03  0.89778E+00  0.35458E-03 -0.33422E-03 -0.85437E+00 -0.39359E-01 -0.79610E+00 
  141.00  0.18086E+00 -0.22176E+00 -0.25714E-02 -0.10171E-03  0.89823E+00  0.28891E-03 -0.20998E-03 -0.85860E+00 -0.38880E-01 -0.79909E+00 
  142.00  0.18158E+00 -0.20922E+00 -0.24443E-02  0.54731E-04  0.89861E+00  0.23245E-03 -0.91562E-04 -0.86248E+00 -0.38308E-01 -0.80170E+00 
  143.00  0.18228E+00 -0.19693E+00 -0.23141E-02  0.21424E-03  0.89893E+00  0.18483E-03  0.20396E-04 -0.86605E+00 -0.37653E-01 -0.80395E+00 
  144.00  0.18298E+00 -0.18491E+00 -0.21805E-02  0.37531E-03  0.89922E+00  0.14558E-03  0.12545E-03 -0.86930E+00 -0.36922E-01 -0.80587E+00 
  145.00  0.18368E+00 -0.17316E+00 -0.20431E-02  0.53650E-03  0.89946E+00  0.11414E-03  0.22332E-03 -0.87227E+00 -0.36123E-01 -0.80749E+00 
  146.00  0.18440E+00 -0.16171E+00 -0.19018E-02  0.69659E-03  0.89967E+00  0.89801E-04  0.31381E-03 -0.87497E+00 -0.35263E-01 -0.80882E+00 
  147.00  0.18514E+00 -0.15057E+00 -0.17563E-02  0.85464E-03  0.89985E+00  0.71739E-04  0.39675E-03 -0.87742E+00 -0.34348E-01 -0.80990E+00 
  148.00  0.18591E+00 -0.13975E+00 -0.16066E-02  0.10101E-02  0.90001E+00  0.59036E-04  0.47189E-03 -0.87965E+00 -0.33384E-01 -0.81076E+00 
  149.00  0.18672E+00 -0.12927E+00 -0.14528E-02  0.11629E-02  0.90016E+00  0.50708E-04  0.53890E-03 -0.88167E+00 -0.32375E-01 -0.81140E+00 
  150.00  0.18757E+00 -0.11913E+00 -0.12953E-02  0.13132E-02  0.90028E+00  0.45759E-04  0.59734E-03 -0.88349E+00 -0.31326E-01 -0.81186E+00 
  151.00  0.18847E+00 -0.10936E+00 -0.11351E-02  0.14620E-02  0.90038E+00  0.43223E-04  0.64659E-03 -0.88515E+00 -0.30240E-01 -0.81216E+00 
  152.00  0.18943E+00 -0.99954E-01 -0.97326E-03  0.16103E-02  0.90047E+00  0.42217E-04  0.68598E-03 -0.88664E+00 -0.29122E-01 -0.81231E+00 
  153.00  0.19046E+00 -0.90932E-01 -0.81144E-03  0.17594E-02  0.90054E+00  0.41975E-04  0.71477E-03 -0.88798E+00 -0.27972E-01 -0.81232E+00 
  154.00  0.19155E+00 -0.82304E-01 -0.65159E-03  0.19108E-02  0.90058E+00  0.41881E-04  0.73230E-03 -0.88920E+00 -0.26794E-01 -0.81221E+00 
  155.00  0.19270E+00 -0.74079E-01 -0.49593E-03  0.20659E-02  0.90060E+00  0.41481E-04  0.73804E-03 -0.89028E+00 -0.25591E-01 -0.81198E+00 
  156.00  0.19393E+00 -0.66265E-01 -0.34685E-03  0.22259E-02  0.90059E+00  0.40483E-04  0.73172E-03 -0.89126E+00 -0.24364E-01 -0.81165E+00 
  157.00  0.19523E+00 -0.58870E-01 -0.20679E-03  0.23917E-02  0.90055E+00  0.38750E-04  0.71340E-03 -0.89212E+00 -0.23116E-01 -0.81122E+00 
  158.00  0.19660E+00 -0.51903E-01 -0.78070E-04  0.25636E-02  0.90047E+00  0.36272E-04  0.68358E-03 -0.89289E+00 -0.21850E-01 -0.81068E+00 
  159.00  0.19804E+00 -0.45371E-01  0.37224E-04  0.27415E-02  0.90034E+00  0.33142E-04  0.64320E-03 -0.89356E+00 -0.20569E-01 -0.81004E+00 
  160.00  0.19954E+00 -0.39282E-01  0.13737E-03  0.29246E-02  0.90017E+00  0.29522E-04  0.59365E-03 -0.89413E+00 -0.19275E-01 -0.80929E+00 
  161.00  0.20111E+00 -0.33642E-01  0.22112E-03  0.31118E-02  0.89995E+00  0.25611E-04  0.53673E-03 -0.89462E+00 -0.17972E-01 -0.80843E+00 
  162.00  0.20275E+00 -0.28459E-01  0.28777E-03  0.33013E-02  0.89967E+00  0.21617E-04  0.47457E-03 -0.89501E+00 -0.16664E-01 -0.80745E+00 
  163.00  0.20443E+00 -0.23740E-01  0.33715E-03  0.34911E-02  0.89934E+00  0.17732E-04  0.40949E-03 -0.89531E+00 -0.15354E-01 -0.80636E+00 
  164.00  0.20617E+00 -0.19487E-01  0.36969E-03  0.36789E-02  0.89895E+00  0.14117E-04  0.34391E-03 -0.89551E+00 -0.14047E-01 -0.80513E+00 
  165.00  0.20795E+00 -0.15703E-01  0.38632E-03  0.38624E-02  0.89850E+00  0.10889E-04  0.28013E-03 -0.89562E+00 -0.12747E-01 -0.80378E+00 
  166.00  0.20976E+00 -0.12386E-01  0.38844E-03  0.40392E-02  0.89799E+00  0.81212E-05  0.22026E-03 -0.89563E+00 -0.11459E-01 -0.80229E+00 
  167.00  0.21159E+00 -0.95280E-02  0.37781E-03  0.42073E-02  0.89744E+00  0.58408E-05  0.16604E-03 -0.89554E+00 -0.10190E-01 -0.80069E+00 
  168.00  0.21342E+00 -0.71163E-02  0.35648E-03  0.43650E-02  0.89685E+00  0.40374E-05  0.11876E-03 -0.89537E+00 -0.89468E-02 -0.79898E+00 
  169.00  0.21524E+00 -0.51301E-02  0.32665E-03  0.45108E-02  0.89622E+00  0.26710E-05  0.79251E-04 -0.89510E+00 -0.77382E-02 -0.79718E+00 
  170.00  0.21703E+00 -0.35414E-02  0.29059E-03  0.46436E-02  0.89558E+00  0.16822E-05  0.47792E-04 -0.89476E+00 -0.65739E-02 -0.79531E+00 
  171.00  0.21876E+00 -0.23150E-02  0.25056E-03  0.47629E-02  0.89493E+00  0.10015E-05  0.24190E-04 -0.89436E+00 -0.54649E-02 -0.79343E+00 
  172.00  0.22041E+00 -0.14090E-02  0.20870E-03  0.48684E-02  0.89428E+00  0.55858E-06  0.78237E-05 -0.89391E+00 -0.44231E-02 -0.79155E+00 
  173.00  0.22195E+00 -0.77640E-03  0.16701E-03  0.49600E-02  0.89367E+00  0.28825E-06 -0.22697E-05 -0.89344E+00 -0.34616E-02 -0.78974E+00 
  174.00  0.22336E+00 -0.36687E-03  0.12727E-03  0.50381E-02  0.89309E+00  0.13523E-06 -0.72870E-05 -0.89296E+00 -0.25934E-02 -0.78803E+00 
  175.00  0.22461E+00 -0.12933E-03  0.91049E-04  0.51030E-02  0.89258E+00  0.56166E-07 -0.85463E-05 -0.89251E+00 -0.18318E-02 -0.78648E+00 
  176.00  0.22567E+00 -0.14425E-04  0.59658E-04  0.51552E-02  0.89213E+00  0.19759E-07 -0.73758E-05 -0.89210E+00 -0.11890E-02 -0.78514E+00 
  177.00  0.22652E+00  0.22750E-04  0.34160E-04  0.51952E-02  0.89177E+00  0.54093E-08 -0.50113E-05 -0.89176E+00 -0.67635E-03 -0.78405E+00 
  178.00  0.22715E+00  0.20145E-04  0.15372E-04  0.52234E-02  0.89150E+00  0.94495E-09 -0.25078E-05 -0.89150E+00 -0.30304E-03 -0.78324E+00 
  179.00  0.22753E+00  0.65652E-05  0.38715E-05  0.52402E-02  0.89134E+00  0.54306E-10 -0.66970E-06 -0.89134E+00 -0.76130E-04 -0.78274E+00 
  180.00  0.22765E+00  0.17544E-15  0.96185E-16  0.52458E-02  0.89129E+00  0.32372E-31 -0.16954E-16 -0.89129E+00 -0.18899E-14 -0.78257E+00 
 scattering matrix expansion coefficients
    w  a11         a22         a33         a23         a32         a44         a12         a34         a13         a24         a14
    0  0.1000E+01  0.0000E+00  0.0000E+00  0.0000E+00  0.0000E+00  0.8052E+00  0.0000E+00  0.0000E+00  0.0000E+00  0.0000E+00 -0.5845E-03
    1  0.2256E+01  0.0000E+00  0.0000E+00  0.0000E+00  0.0000E+00  0.2420E+01  0.0000E+00  0.0000E+00  0.0000E+00  0.0000E+00 -0.1656E-02
    2  0.3255E+01  0.2205E+00  0.3984E+01 -0.8720E-08 -0.5409E-03  0.3246E+01 -0.3400E+00 -0.7815E-02 -0.4052E-03  0.5005E-04 -0.2205E-02
    3  0.3856E+01  0.5185E-01  0.4245E+01 -0.3343E-06 -0.1903E-02  0.3861E+01 -0.1846E+00 -0.5534E-02  0.3522E-03  0.2666E-03 -0.3276E-02
    4  0.4320E+01  0.2776E-01  0.4596E+01  0.3474E-06 -0.2141E-02  0.4307E+01 -0.1190E+00 -0.1587E-01 -0.4798E-03  0.6852E-04 -0.2471E-02
    5  0.4605E+01  0.6022E-02  0.4845E+01  0.2057E-06 -0.3060E-02  0.4608E+01 -0.1021E+00 -0.6695E-02  0.1395E-03  0.4365E-03 -0.2110E-02
    6  0.4760E+01  0.5255E-02  0.4966E+01  0.1161E-05 -0.1561E-02  0.4760E+01 -0.1030E+00 -0.1290E-01  0.3074E-03  0.6414E-03 -0.1300E-02
    7  0.4804E+01  0.2188E-02  0.4981E+01 -0.8904E-06 -0.3502E-03  0.4805E+01 -0.1062E+00 -0.1322E-01 -0.1090E-03 -0.3864E-03 -0.1360E-02
    8  0.4783E+01  0.1182E-02  0.4932E+01  0.7023E-06  0.3373E-04  0.4786E+01 -0.1043E+00 -0.1506E-01  0.2942E-03 -0.4089E-03 -0.1234E-02
    9  0.4717E+01 -0.2831E-02  0.4848E+01  0.4880E-07  0.4013E-03  0.4733E+01 -0.9160E-01 -0.1785E-01  0.1916E-03  0.5514E-04 -0.4029E-03
   10  0.4636E+01  0.9598E-02  0.4739E+01  0.7068E-07 -0.2797E-03  0.4626E+01 -0.5526E-01 -0.1596E-01 -0.1947E-03  0.1992E-03  0.6162E-03
   11  0.4473E+01  0.3158E-02  0.4575E+01  0.3111E-06 -0.1462E-02  0.4468E+01 -0.4184E-01 -0.1261E-01 -0.4363E-03 -0.1163E-03  0.8145E-03
   12  0.4221E+01 -0.3541E-02  0.4326E+01  0.8505E-06 -0.2460E-02  0.4229E+01 -0.5038E-01 -0.1604E-01 -0.2894E-03 -0.3454E-03  0.7686E-03
   13  0.3892E+01 -0.8070E-04  0.3992E+01  0.1004E-06 -0.3473E-02  0.3896E+01 -0.5291E-01 -0.1808E-01 -0.3698E-03 -0.1496E-03  0.9603E-03
   14  0.3488E+01  0.3074E-02  0.3581E+01 -0.1055E-06 -0.3885E-02  0.3483E+01 -0.5327E-01 -0.1463E-01 -0.1810E-03 -0.4159E-04  0.1405E-02
   15  0.3015E+01  0.2079E-04  0.3104E+01  0.1425E-06 -0.3399E-02  0.3014E+01 -0.6730E-01 -0.1073E-01  0.6993E-04 -0.4094E-04  0.1704E-02
   16  0.2519E+01 -0.1880E-02  0.2600E+01  0.8426E-07 -0.2733E-02  0.2522E+01 -0.8093E-01 -0.1161E-01  0.6254E-04  0.2221E-04  0.1831E-02
   17  0.2040E+01 -0.1003E-02  0.2108E+01 -0.1419E-07 -0.2326E-02  0.2043E+01 -0.8177E-01 -0.1398E-01 -0.2613E-04  0.1229E-03  0.1891E-02
   18  0.1603E+01  0.9675E-03  0.1657E+01 -0.1699E-07 -0.1926E-02  0.1603E+01 -0.7287E-01 -0.1329E-01  0.3674E-04  0.6647E-04  0.1753E-02
   19  0.1213E+01  0.1239E-02  0.1257E+01 -0.2037E-06 -0.1469E-02  0.1212E+01 -0.6440E-01 -0.9434E-02  0.1153E-03  0.9995E-05  0.1452E-02
   20  0.8794E+00  0.7188E-03  0.9138E+00 -0.2310E-06 -0.1096E-02  0.8800E+00 -0.5783E-01 -0.5441E-02  0.8907E-04 -0.1275E-04  0.1052E-02
   21  0.6105E+00  0.4919E-03  0.6359E+00 -0.1808E-06 -0.8191E-03  0.6116E+00 -0.4997E-01 -0.2777E-02  0.4548E-04 -0.6652E-05  0.6538E-03
   22  0.4072E+00  0.7052E-03  0.4246E+00 -0.1738E-06 -0.5991E-03  0.4077E+00 -0.3961E-01 -0.1227E-02  0.1641E-04 -0.1108E-04  0.3201E-03
   23  0.2610E+00  0.7112E-03  0.2723E+00 -0.1338E-06 -0.3951E-03  0.2609E+00 -0.2940E-01 -0.2483E-03  0.1323E-04 -0.1790E-04  0.1063E-03
   24  0.1598E+00  0.5500E-03  0.1670E+00 -0.9385E-07 -0.2166E-03  0.1596E+00 -0.2111E-01  0.2521E-03  0.1722E-04 -0.1437E-04  0.1817E-04
   25  0.9258E-01  0.3785E-03  0.9700E-01 -0.5491E-07 -0.9168E-04  0.9241E-01 -0.1489E-01  0.3762E-03  0.1416E-04 -0.8189E-05 -0.1295E-05
   26  0.5023E-01  0.3024E-03  0.5273E-01 -0.2511E-07 -0.2365E-04  0.5002E-01 -0.1003E-01  0.2805E-03  0.8412E-05 -0.2750E-05  0.2653E-05
   27  0.2533E-01  0.2537E-03  0.2660E-01 -0.1044E-07  0.2470E-05  0.2508E-01 -0.6263E-02  0.1491E-03  0.3044E-05 -0.8459E-06  0.5674E-05
   28  0.1183E-01  0.1970E-03  0.1240E-01 -0.4288E-08  0.7281E-05  0.1159E-01 -0.3544E-02  0.5842E-04  0.3603E-06 -0.1884E-06  0.5089E-05
   29  0.5109E-02  0.1309E-03  0.5327E-02 -0.1938E-08  0.5305E-05  0.4932E-02 -0.1806E-02  0.1657E-04 -0.4699E-06 -0.1577E-06  0.2986E-05
   30  0.2041E-02  0.7477E-04  0.2113E-02 -0.8269E-09  0.2717E-05  0.1933E-02 -0.8299E-03  0.2455E-05 -0.4474E-06 -0.8222E-07  0.1380E-05
   31  0.7557E-03  0.3705E-04  0.7752E-03 -0.3827E-09  0.1146E-05  0.6998E-03 -0.3457E-03 -0.5034E-06 -0.2459E-06 -0.4686E-07  0.5213E-06
   32  0.2598E-03  0.1623E-04  0.2637E-03 -0.1693E-09  0.4189E-06  0.2346E-03 -0.1312E-03 -0.5555E-06 -0.1086E-06 -0.1616E-07  0.1666E-06
   33  0.8315E-04  0.6360E-05  0.8338E-04 -0.6772E-10  0.1356E-06  0.7301E-04 -0.4569E-04 -0.2455E-06 -0.3985E-07 -0.5030E-08  0.4706E-07
   34  0.2483E-04  0.2256E-05  0.2458E-04 -0.3396E-10  0.3958E-07  0.2116E-04 -0.1466E-04 -0.7705E-07 -0.1281E-07 -0.9528E-09  0.1188E-07
   35  0.6941E-05  0.7300E-06  0.6779E-05 -0.1821E-10  0.1071E-07  0.5738E-05 -0.4357E-05 -0.1802E-07 -0.3803E-08 -0.7268E-10  0.2600E-08
   36  0.1825E-05  0.2172E-06  0.1758E-05 -0.9150E-11  0.2685E-08  0.1463E-05 -0.1207E-05 -0.2586E-08 -0.1002E-08  0.5120E-10  0.4364E-09
   37  0.4555E-06  0.5973E-07  0.4330E-06 -0.4116E-11  0.6513E-09  0.3547E-06 -0.3144E-06  0.1995E-09 -0.2526E-09  0.1719E-10  0.4430E-10
   38  0.1095E-06  0.1547E-07  0.1028E-06 -0.1618E-11  0.1578E-09  0.8317E-07 -0.7811E-07  0.2506E-09 -0.5843E-10 -0.1789E-10  0.2000E-10
   39  0.2573E-07  0.3838E-08  0.2392E-07 -0.5149E-12  0.3952E-10  0.1917E-07 -0.1883E-07  0.1202E-09 -0.1269E-10 -0.1959E-10  0.2778E-10
   40  0.6168E-08  0.9529E-09  0.5691E-08 -0.1312E-12  0.1021E-10  0.4534E-08 -0.4576E-08  0.2788E-10 -0.2639E-11 -0.1022E-10  0.1488E-10
   41  0.1412E-08  0.2302E-09  0.1287E-08 -0.3051E-13  0.3174E-11  0.1017E-08 -0.1069E-08  0.8932E-11 -0.7798E-12 -0.4196E-11  0.6848E-11
   42  0.3890E-09  0.6538E-10  0.3525E-09 -0.7468E-14  0.8441E-12  0.2758E-09 -0.2953E-09  0.2718E-13 -0.1917E-12 -0.1400E-11  0.2434E-11
   43  0.7668E-10  0.1385E-10  0.6839E-10 -0.1127E-14  0.2392E-12  0.5276E-10 -0.5973E-10  0.3938E-12 -0.6403E-13 -0.4034E-12  0.7303E-12
   44  0.2397E-10  0.4566E-11  0.2124E-10 -0.8515E-16  0.5680E-13  0.1595E-10 -0.1894E-10 -0.9830E-13 -0.1732E-13 -0.1004E-12  0.1836E-12
   45  0.2875E-11  0.5841E-12  0.2507E-11  0.1155E-16  0.1081E-13  0.1847E-11 -0.2332E-11  0.1662E-13 -0.3840E-14 -0.1846E-13  0.3360E-13
   46  0.9212E-12  0.1971E-12  0.7913E-12 -0.7898E-18  0.1518E-14  0.5667E-12 -0.7597E-12 -0.6964E-14 -0.5910E-15 -0.2644E-14  0.4751E-14
   47  0.3665E-13  0.8280E-14  0.3117E-13  0.4553E-19  0.1471E-15  0.2197E-13 -0.3095E-13  0.2931E-15 -0.6427E-16 -0.2340E-15  0.4153E-15
   48  0.2533E-13  0.6287E-14  0.2157E-13 -0.1151E-18  0.2637E-17  0.1440E-13 -0.2203E-13 -0.2996E-15 -0.9455E-18 -0.9580E-17  0.1730E-16
