 input file is 
mstm2_512_3360_20_009.inp     
 input file comments follow:
***********************************************************
  This is the default mstm input file for v.3.0.
  The run is for a 7-sphere cluster of identical spheres.   The positions
  are embedded in the input file.

  The run makes use of the new_run and multiple_run options.

  14 April 2013
***********************************************************
 number of processors:
   1
 input parameters for run number 
    1
 number of spheres, volume size parameter:
  512  0.26880E+01
 position file:
position/n512/a2.out                                        
 output file:
output/512/x3360/20/009/mt_2_512_3360_20_009.dat            
 length, ref. indx. scale factors:
   0.336   2.000   0.090
 chiral factors:
  0.00000E+00  0.00000E+00
 scattering matrix directions based on incident frame
 automatic scattering angle calculation
 thetamin, thetamax:
      0.0    180.0
 number scattering angles:
      181
 epsmie, epssoln, max number iterations:
  0.1000E-05  0.1000E-07 5000
 medium refractive index:
  1.0000  0.0000
 target euler rotation angles:
    0.0000    0.0000    0.0000
 far field kr, iterations/correction:
  0.1000E-07   20
 plane wave incidence
 random orientation calculations
 t matrix calculated, stored in file 
tmatrixfiles/tmf_2_512_3360_20_009                          
 t matrix convergence epsilon:
  0.1000E-06
 all spheres excited (total T matrix) 
 calculation results for run 
    1
 total ext, abs, scat efficiencies, w.r.t. xv, and asym. parm
  0.20378E+01  0.48154E+00  0.15563E+01  0.73846E+00
 scattering matrix elements (normalized w/ S11)
   theta      11           12           13           14           22           23           24           33           34           44     
    0.00  0.45062E+02  0.00000E+00  0.00000E+00  0.30429E-05  0.99980E+00  0.85753E-04  0.00000E+00  0.99980E+00  0.00000E+00  0.99960E+00
    1.00  0.44739E+02 -0.19501E-03 -0.33348E-07  0.30858E-05  0.99980E+00  0.85384E-04  0.42500E-07  0.99980E+00 -0.19963E-04  0.99960E+00
    2.00  0.43787E+02 -0.78060E-03 -0.13393E-06  0.32137E-05  0.99979E+00  0.84263E-04  0.16888E-06  0.99979E+00 -0.79665E-04  0.99959E+00
    3.00  0.42250E+02 -0.17584E-02 -0.30323E-06  0.34250E-05  0.99978E+00  0.82351E-04  0.37553E-06  0.99978E+00 -0.17848E-03  0.99957E+00
    4.00  0.40201E+02 -0.31306E-02 -0.54338E-06  0.37213E-05  0.99977E+00  0.79587E-04  0.65569E-06  0.99977E+00 -0.31519E-03  0.99954E+00
    5.00  0.37730E+02 -0.48999E-02 -0.85653E-06  0.41138E-05  0.99975E+00  0.75888E-04  0.99819E-06  0.99974E+00 -0.48766E-03  0.99950E+00
    6.00  0.34945E+02 -0.70682E-02 -0.12439E-05  0.46340E-05  0.99973E+00  0.71161E-04  0.13855E-05  0.99971E+00 -0.69242E-03  0.99945E+00
    7.00  0.31957E+02 -0.96356E-02 -0.17046E-05  0.53491E-05  0.99971E+00  0.65311E-04  0.17914E-05  0.99966E+00 -0.92408E-03  0.99938E+00
    8.00  0.28876E+02 -0.12599E-01 -0.22335E-05  0.63840E-05  0.99967E+00  0.58262E-04  0.21772E-05  0.99960E+00 -0.11747E-02  0.99928E+00
    9.00  0.25807E+02 -0.15949E-01 -0.28189E-05  0.79504E-05  0.99964E+00  0.49983E-04  0.24876E-05  0.99951E+00 -0.14328E-02  0.99916E+00
   10.00  0.22837E+02 -0.19668E-01 -0.34398E-05  0.10383E-04  0.99959E+00  0.40529E-04  0.26459E-05  0.99940E+00 -0.16831E-02  0.99900E+00
   11.00  0.20040E+02 -0.23729E-01 -0.40622E-05  0.14181E-04  0.99953E+00  0.30085E-04  0.25492E-05  0.99925E+00 -0.19055E-02  0.99881E+00
   12.00  0.17467E+02 -0.28089E-01 -0.46366E-05  0.20042E-04  0.99946E+00  0.19029E-04  0.20648E-05  0.99907E+00 -0.20758E-02  0.99856E+00
   13.00  0.15152E+02 -0.32691E-01 -0.50953E-05  0.28891E-04  0.99938E+00  0.79816E-05  0.10295E-05  0.99885E+00 -0.21664E-02  0.99827E+00
   14.00  0.13109E+02 -0.37467E-01 -0.53538E-05  0.41858E-04  0.99928E+00 -0.21525E-05 -0.74461E-06  0.99859E+00 -0.21494E-02  0.99791E+00
   15.00  0.11338E+02 -0.42337E-01 -0.53141E-05  0.60217E-04  0.99916E+00 -0.10197E-04 -0.34568E-05  0.99827E+00 -0.20006E-02  0.99749E+00
   16.00  0.98251E+01 -0.47226E-01 -0.48739E-05  0.85235E-04  0.99902E+00 -0.14782E-04 -0.72944E-05  0.99791E+00 -0.17056E-02  0.99700E+00
   17.00  0.85489E+01 -0.52072E-01 -0.39395E-05  0.11796E-03  0.99886E+00 -0.14502E-04 -0.12402E-04  0.99750E+00 -0.12651E-02  0.99645E+00
   18.00  0.74820E+01 -0.56847E-01 -0.24395E-05  0.15896E-03  0.99867E+00 -0.81613E-05 -0.18850E-04  0.99705E+00 -0.69925E-03  0.99583E+00
   19.00  0.65951E+01 -0.61565E-01 -0.33618E-06  0.20809E-03  0.99846E+00  0.49768E-05 -0.26605E-04  0.99656E+00 -0.48348E-04  0.99516E+00
   20.00  0.58594E+01 -0.66289E-01  0.23706E-05  0.26436E-03  0.99824E+00  0.24967E-04 -0.35519E-04  0.99602E+00  0.63165E-03  0.99442E+00
   21.00  0.52479E+01 -0.71123E-01  0.56486E-05  0.32595E-03  0.99799E+00  0.51083E-04 -0.45339E-04  0.99544E+00  0.12773E-02  0.99364E+00
   22.00  0.47372E+01 -0.76203E-01  0.94460E-05  0.39031E-03  0.99773E+00  0.81854E-04 -0.55727E-04  0.99481E+00  0.18278E-02  0.99280E+00
   23.00  0.43073E+01 -0.81672E-01  0.13708E-04  0.45450E-03  0.99747E+00  0.11523E-03 -0.66299E-04  0.99413E+00  0.22346E-02  0.99190E+00
   24.00  0.39420E+01 -0.87662E-01  0.18390E-04  0.51544E-03  0.99721E+00  0.14884E-03 -0.76659E-04  0.99336E+00  0.24677E-02  0.99093E+00
   25.00  0.36282E+01 -0.94283E-01  0.23469E-04  0.57027E-03  0.99696E+00  0.18025E-03 -0.86440E-04  0.99250E+00  0.25180E-02  0.98987E+00
   26.00  0.33556E+01 -0.10161E+00  0.28948E-04  0.61662E-03  0.99671E+00  0.20720E-03 -0.95338E-04  0.99153E+00  0.23964E-02  0.98872E+00
   27.00  0.31161E+01 -0.10968E+00  0.34852E-04  0.65279E-03  0.99647E+00  0.22785E-03 -0.10315E-03  0.99042E+00  0.21295E-02  0.98745E+00
   28.00  0.29034E+01 -0.11849E+00  0.41224E-04  0.67794E-03  0.99624E+00  0.24091E-03 -0.10978E-03  0.98917E+00  0.17537E-02  0.98605E+00
   29.00  0.27123E+01 -0.12802E+00  0.48120E-04  0.69208E-03  0.99602E+00  0.24569E-03 -0.11530E-03  0.98774E+00  0.13091E-02  0.98449E+00
   30.00  0.25387E+01 -0.13820E+00  0.55603E-04  0.69601E-03  0.99581E+00  0.24214E-03 -0.11989E-03  0.98612E+00  0.83417E-03  0.98276E+00
   31.00  0.23793E+01 -0.14898E+00  0.63741E-04  0.69119E-03  0.99561E+00  0.23074E-03 -0.12392E-03  0.98430E+00  0.36061E-03  0.98084E+00
   32.00  0.22315E+01 -0.16029E+00  0.72599E-04  0.67948E-03  0.99540E+00  0.21241E-03 -0.12782E-03  0.98226E+00 -0.88570E-04  0.97871E+00
   33.00  0.20934E+01 -0.17204E+00  0.82242E-04  0.66293E-03  0.99518E+00  0.18834E-03 -0.13212E-03  0.97999E+00 -0.50004E-03  0.97635E+00
   34.00  0.19635E+01 -0.18419E+00  0.92732E-04  0.64345E-03  0.99494E+00  0.15982E-03 -0.13738E-03  0.97749E+00 -0.86931E-03  0.97376E+00
   35.00  0.18410E+01 -0.19666E+00  0.10412E-03  0.62267E-03  0.99469E+00  0.12810E-03 -0.14408E-03  0.97473E+00 -0.11989E-02  0.97090E+00
   36.00  0.17254E+01 -0.20942E+00  0.11644E-03  0.60171E-03  0.99442E+00  0.94279E-04 -0.15263E-03  0.97172E+00 -0.14958E-02  0.96779E+00
   37.00  0.16166E+01 -0.22243E+00  0.12969E-03  0.58112E-03  0.99412E+00  0.59219E-04 -0.16322E-03  0.96845E+00 -0.17696E-02  0.96439E+00
   38.00  0.15146E+01 -0.23566E+00  0.14385E-03  0.56080E-03  0.99380E+00  0.23478E-04 -0.17579E-03  0.96490E+00 -0.20299E-02  0.96072E+00
   39.00  0.14197E+01 -0.24909E+00  0.15882E-03  0.54010E-03  0.99346E+00 -0.12671E-04 -0.18998E-03  0.96107E+00 -0.22860E-02  0.95676E+00
   40.00  0.13318E+01 -0.26271E+00  0.17444E-03  0.51789E-03  0.99309E+00 -0.49213E-04 -0.20510E-03  0.95696E+00 -0.25455E-02  0.95250E+00
   41.00  0.12510E+01 -0.27653E+00  0.19045E-03  0.49274E-03  0.99270E+00 -0.86301E-04 -0.22012E-03  0.95255E+00 -0.28153E-02  0.94794E+00
   42.00  0.11772E+01 -0.29053E+00  0.20652E-03  0.46322E-03  0.99229E+00 -0.12415E-03 -0.23379E-03  0.94784E+00 -0.31015E-02  0.94307E+00
   43.00  0.11102E+01 -0.30475E+00  0.22219E-03  0.42809E-03  0.99187E+00 -0.16289E-03 -0.24471E-03  0.94281E+00 -0.34108E-02  0.93788E+00
   44.00  0.10495E+01 -0.31920E+00  0.23694E-03  0.38658E-03  0.99143E+00 -0.20246E-03 -0.25147E-03  0.93745E+00 -0.37501E-02  0.93234E+00
   45.00  0.99469E+00 -0.33391E+00  0.25021E-03  0.33855E-03  0.99098E+00 -0.24252E-03 -0.25289E-03  0.93172E+00 -0.41271E-02  0.92644E+00
   46.00  0.94504E+00 -0.34890E+00  0.26138E-03  0.28458E-03  0.99052E+00 -0.28239E-03 -0.24811E-03  0.92561E+00 -0.45489E-02  0.92015E+00
   47.00  0.89994E+00 -0.36422E+00  0.26989E-03  0.22591E-03  0.99003E+00 -0.32112E-03 -0.23673E-03  0.91907E+00 -0.50208E-02  0.91342E+00
   48.00  0.85870E+00 -0.37988E+00  0.27522E-03  0.16431E-03  0.98954E+00 -0.35761E-03 -0.21887E-03  0.91207E+00 -0.55446E-02  0.90623E+00
   49.00  0.82069E+00 -0.39590E+00  0.27702E-03  0.10187E-03  0.98902E+00 -0.39079E-03 -0.19513E-03  0.90458E+00 -0.61166E-02  0.89853E+00
   50.00  0.78529E+00 -0.41229E+00  0.27506E-03  0.40736E-04  0.98847E+00 -0.41978E-03 -0.16657E-03  0.89655E+00 -0.67265E-02  0.89028E+00
   51.00  0.75198E+00 -0.42905E+00  0.26937E-03 -0.17152E-04  0.98790E+00 -0.44415E-03 -0.13453E-03  0.88794E+00 -0.73570E-02  0.88146E+00
   52.00  0.72028E+00 -0.44615E+00  0.26019E-03 -0.70243E-04  0.98729E+00 -0.46408E-03 -0.10056E-03  0.87873E+00 -0.79845E-02  0.87202E+00
   53.00  0.68982E+00 -0.46358E+00  0.24807E-03 -0.11754E-03  0.98665E+00 -0.48045E-03 -0.66218E-04  0.86887E+00 -0.85796E-02  0.86193E+00
   54.00  0.66029E+00 -0.48130E+00  0.23384E-03 -0.15866E-03  0.98597E+00 -0.49492E-03 -0.32975E-04  0.85835E+00 -0.91099E-02  0.85116E+00
   55.00  0.63149E+00 -0.49926E+00  0.21860E-03 -0.19385E-03  0.98525E+00 -0.50989E-03 -0.21143E-05  0.84713E+00 -0.95418E-02  0.83970E+00
   56.00  0.60328E+00 -0.51742E+00  0.20376E-03 -0.22390E-03  0.98449E+00 -0.52836E-03  0.25340E-04  0.83519E+00 -0.98430E-02  0.82752E+00
   57.00  0.57562E+00 -0.53573E+00  0.19094E-03 -0.25006E-03  0.98368E+00 -0.55382E-03  0.48658E-04  0.82253E+00 -0.99849E-02  0.81461E+00
   58.00  0.54853E+00 -0.55415E+00  0.18201E-03 -0.27391E-03  0.98281E+00 -0.58997E-03  0.67410E-04  0.80910E+00 -0.99442E-02  0.80094E+00
   59.00  0.52207E+00 -0.57262E+00  0.17893E-03 -0.29719E-03  0.98191E+00 -0.64046E-03  0.81453E-04  0.79491E+00 -0.97047E-02  0.78650E+00
   60.00  0.49635E+00 -0.59112E+00  0.18375E-03 -0.32170E-03  0.98095E+00 -0.70860E-03  0.90920E-04  0.77994E+00 -0.92580E-02  0.77127E+00
   61.00  0.47153E+00 -0.60959E+00  0.19843E-03 -0.34916E-03  0.97994E+00 -0.79706E-03  0.96191E-04  0.76416E+00 -0.86040E-02  0.75525E+00
   62.00  0.44772E+00 -0.62801E+00  0.22474E-03 -0.38115E-03  0.97890E+00 -0.90757E-03  0.97886E-04  0.74757E+00 -0.77513E-02  0.73842E+00
   63.00  0.42507E+00 -0.64634E+00  0.26412E-03 -0.41903E-03  0.97782E+00 -0.10407E-02  0.96860E-04  0.73014E+00 -0.67162E-02  0.72076E+00
   64.00  0.40369E+00 -0.66456E+00  0.31748E-03 -0.46394E-03  0.97672E+00 -0.11957E-02  0.94207E-04  0.71187E+00 -0.55225E-02  0.70226E+00
   65.00  0.38364E+00 -0.68264E+00  0.38516E-03 -0.51686E-03  0.97560E+00 -0.13705E-02  0.91270E-04  0.69272E+00 -0.41999E-02  0.68291E+00
   66.00  0.36496E+00 -0.70055E+00  0.46678E-03 -0.57858E-03  0.97447E+00 -0.15618E-02  0.89634E-04  0.67269E+00 -0.27826E-02  0.66269E+00
   67.00  0.34765E+00 -0.71827E+00  0.56125E-03 -0.64983E-03  0.97336E+00 -0.17654E-02  0.91116E-04  0.65176E+00 -0.13076E-02  0.64159E+00
   68.00  0.33164E+00 -0.73576E+00  0.66680E-03 -0.73131E-03  0.97225E+00 -0.19763E-02  0.97712E-04  0.62990E+00  0.18643E-03  0.61960E+00
   69.00  0.31688E+00 -0.75298E+00  0.78112E-03 -0.82367E-03  0.97117E+00 -0.21896E-02  0.11151E-03  0.60711E+00  0.16612E-02  0.59670E+00
   70.00  0.30327E+00 -0.76987E+00  0.90149E-03 -0.92751E-03  0.97011E+00 -0.24002E-02  0.13459E-03  0.58336E+00  0.30790E-02  0.57288E+00
   71.00  0.29070E+00 -0.78639E+00  0.10250E-02 -0.10433E-02  0.96908E+00 -0.26037E-02  0.16881E-03  0.55866E+00  0.44042E-02  0.54814E+00
   72.00  0.27909E+00 -0.80247E+00  0.11485E-02 -0.11710E-02  0.96808E+00 -0.27962E-02  0.21568E-03  0.53301E+00  0.56026E-02  0.52249E+00
   73.00  0.26834E+00 -0.81803E+00  0.12692E-02 -0.13102E-02  0.96710E+00 -0.29744E-02  0.27612E-03  0.50642E+00  0.66429E-02  0.49594E+00
   74.00  0.25838E+00 -0.83300E+00  0.13841E-02 -0.14597E-02  0.96615E+00 -0.31354E-02  0.35026E-03  0.47893E+00  0.74965E-02  0.46853E+00
   75.00  0.24916E+00 -0.84730E+00  0.14907E-02 -0.16171E-02  0.96522E+00 -0.32767E-02  0.43724E-03  0.45056E+00  0.81386E-02  0.44029E+00
   76.00  0.24064E+00 -0.86086E+00  0.15862E-02 -0.17787E-02  0.96431E+00 -0.33960E-02  0.53508E-03  0.42139E+00  0.85500E-02  0.41128E+00
   77.00  0.23282E+00 -0.87360E+00  0.16685E-02 -0.19398E-02  0.96344E+00 -0.34910E-02  0.64063E-03  0.39147E+00  0.87188E-02  0.38157E+00
   78.00  0.22568E+00 -0.88545E+00  0.17354E-02 -0.20942E-02  0.96260E+00 -0.35592E-02  0.74960E-03  0.36089E+00  0.86426E-02  0.35124E+00
   79.00  0.21921E+00 -0.89638E+00  0.17849E-02 -0.22348E-02  0.96180E+00 -0.35982E-02  0.85676E-03  0.32975E+00  0.83308E-02  0.32039E+00
   80.00  0.21342E+00 -0.90632E+00  0.18156E-02 -0.23541E-02  0.96104E+00 -0.36059E-02  0.95626E-03  0.29814E+00  0.78053E-02  0.28911E+00
   81.00  0.20829E+00 -0.91524E+00  0.18261E-02 -0.24446E-02  0.96034E+00 -0.35806E-02  0.10421E-02  0.26616E+00  0.71011E-02  0.25749E+00
   82.00  0.20379E+00 -0.92313E+00  0.18161E-02 -0.24994E-02  0.95971E+00 -0.35216E-02  0.11086E-02  0.23389E+00  0.62643E-02  0.22563E+00
   83.00  0.19988E+00 -0.92997E+00  0.17853E-02 -0.25132E-02  0.95913E+00 -0.34291E-02  0.11512E-02  0.20142E+00  0.53494E-02  0.19360E+00
   84.00  0.19653E+00 -0.93576E+00  0.17347E-02 -0.24825E-02  0.95863E+00 -0.33047E-02  0.11666E-02  0.16882E+00  0.44146E-02  0.16146E+00
   85.00  0.19365E+00 -0.94048E+00  0.16654E-02 -0.24063E-02  0.95818E+00 -0.31513E-02  0.11531E-02  0.13613E+00  0.35172E-02  0.12926E+00
   86.00  0.19118E+00 -0.94414E+00  0.15796E-02 -0.22858E-02  0.95780E+00 -0.29729E-02  0.11112E-02  0.10341E+00  0.27085E-02  0.97035E-01
   87.00  0.18904E+00 -0.94673E+00  0.14798E-02 -0.21246E-02  0.95746E+00 -0.27748E-02  0.10430E-02  0.70687E-01  0.20295E-02  0.64818E-01
   88.00  0.18714E+00 -0.94825E+00  0.13688E-02 -0.19280E-02  0.95716E+00 -0.25625E-02  0.95233E-03  0.37981E-01  0.15088E-02  0.32630E-01
   89.00  0.18541E+00 -0.94870E+00  0.12497E-02 -0.17028E-02  0.95688E+00 -0.23424E-02  0.84434E-03  0.53200E-02  0.11608E-02  0.49040E-03
   90.00  0.18378E+00 -0.94805E+00  0.11259E-02 -0.14565E-02  0.95662E+00 -0.21204E-02  0.72505E-03 -0.27270E-01  0.98605E-03 -0.31575E-01
   91.00  0.18218E+00 -0.94632E+00  0.10005E-02 -0.11972E-02  0.95637E+00 -0.19024E-02  0.60099E-03 -0.59759E-01  0.97233E-03 -0.63537E-01
   92.00  0.18058E+00 -0.94350E+00  0.87659E-03 -0.93276E-03  0.95611E+00 -0.16937E-02  0.47889E-03 -0.92109E-01  0.10970E-02 -0.95358E-01
   93.00  0.17894E+00 -0.93958E+00  0.75697E-03 -0.67044E-03  0.95584E+00 -0.14987E-02  0.36530E-03 -0.12427E+00  0.13296E-02 -0.12699E+00
   94.00  0.17725E+00 -0.93457E+00  0.64417E-03 -0.41684E-03  0.95556E+00 -0.13213E-02  0.26637E-03 -0.15621E+00  0.16342E-02 -0.15839E+00
   95.00  0.17549E+00 -0.92849E+00  0.54035E-03 -0.17749E-03  0.95525E+00 -0.11641E-02  0.18760E-03 -0.18785E+00  0.19726E-02 -0.18948E+00
   96.00  0.17369E+00 -0.92135E+00  0.44727E-03  0.43183E-04  0.95493E+00 -0.10289E-02  0.13367E-03 -0.21914E+00  0.23066E-02 -0.22021E+00
   97.00  0.17185E+00 -0.91319E+00  0.36618E-03  0.24205E-03  0.95458E+00 -0.91665E-03  0.10833E-03 -0.25001E+00  0.26002E-02 -0.25051E+00
   98.00  0.17001E+00 -0.90405E+00  0.29785E-03  0.41722E-03  0.95422E+00 -0.82707E-03  0.11423E-03 -0.28041E+00  0.28222E-02 -0.28031E+00
   99.00  0.16820E+00 -0.89396E+00  0.24253E-03  0.56809E-03  0.95384E+00 -0.75915E-03  0.15285E-03 -0.31026E+00  0.29470E-02 -0.30955E+00
  100.00  0.16644E+00 -0.88297E+00  0.19993E-03  0.69523E-03  0.95345E+00 -0.71102E-03  0.22448E-03 -0.33952E+00  0.29565E-02 -0.33816E+00
  101.00  0.16476E+00 -0.87115E+00  0.16924E-03  0.80024E-03  0.95306E+00 -0.68019E-03  0.32821E-03 -0.36814E+00  0.28405E-02 -0.36611E+00
  102.00  0.16321E+00 -0.85855E+00  0.14923E-03  0.88558E-03  0.95266E+00 -0.66365E-03  0.46196E-03 -0.39606E+00  0.25967E-02 -0.39333E+00
  103.00  0.16179E+00 -0.84523E+00  0.13827E-03  0.95436E-03  0.95228E+00 -0.65810E-03  0.62258E-03 -0.42326E+00  0.22308E-02 -0.41979E+00
  104.00  0.16054E+00 -0.83125E+00  0.13447E-03  0.10100E-02  0.95190E+00 -0.66015E-03  0.80605E-03 -0.44970E+00  0.17551E-02 -0.44546E+00
  105.00  0.15946E+00 -0.81666E+00  0.13577E-03  0.10561E-02  0.95154E+00 -0.66653E-03  0.10076E-02 -0.47535E+00  0.11878E-02 -0.47032E+00
  106.00  0.15858E+00 -0.80153E+00  0.14012E-03  0.10959E-02  0.95121E+00 -0.67429E-03  0.12221E-02 -0.50021E+00  0.55084E-03 -0.49436E+00
  107.00  0.15789E+00 -0.78592E+00  0.14554E-03  0.11324E-02  0.95090E+00 -0.68092E-03  0.14440E-02 -0.52427E+00 -0.13144E-03 -0.51756E+00
  108.00  0.15740E+00 -0.76987E+00  0.15029E-03  0.11678E-02  0.95062E+00 -0.68447E-03  0.16680E-02 -0.54751E+00 -0.83416E-03 -0.53993E+00
  109.00  0.15711E+00 -0.75344E+00  0.15291E-03  0.12038E-02  0.95038E+00 -0.68362E-03  0.18889E-02 -0.56994E+00 -0.15335E-02 -0.56146E+00
  110.00  0.15701E+00 -0.73667E+00  0.15231E-03  0.12412E-02  0.95019E+00 -0.67767E-03  0.21020E-02 -0.59155E+00 -0.22078E-02 -0.58216E+00
  111.00  0.15711E+00 -0.71962E+00  0.14775E-03  0.12798E-02  0.95003E+00 -0.66648E-03  0.23032E-02 -0.61235E+00 -0.28388E-02 -0.60205E+00
  112.00  0.15738E+00 -0.70233E+00  0.13890E-03  0.13192E-02  0.94992E+00 -0.65041E-03  0.24892E-02 -0.63234E+00 -0.34122E-02 -0.62112E+00
  113.00  0.15784E+00 -0.68485E+00  0.12573E-03  0.13580E-02  0.94986E+00 -0.63020E-03  0.26573E-02 -0.65154E+00 -0.39176E-02 -0.63940E+00
  114.00  0.15845E+00 -0.66721E+00  0.10852E-03  0.13947E-02  0.94985E+00 -0.60687E-03  0.28059E-02 -0.66993E+00 -0.43488E-02 -0.65689E+00
  115.00  0.15923E+00 -0.64947E+00  0.87736E-04  0.14275E-02  0.94989E+00 -0.58155E-03  0.29339E-02 -0.68755E+00 -0.47033E-02 -0.67360E+00
  116.00  0.16015E+00 -0.63167E+00  0.64001E-04  0.14544E-02  0.94998E+00 -0.55543E-03  0.30411E-02 -0.70438E+00 -0.49819E-02 -0.68956E+00
  117.00  0.16121E+00 -0.61384E+00  0.37989E-04  0.14737E-02  0.95012E+00 -0.52961E-03  0.31279E-02 -0.72045E+00 -0.51880E-02 -0.70478E+00
  118.00  0.16240E+00 -0.59602E+00  0.10369E-04  0.14841E-02  0.95031E+00 -0.50504E-03  0.31954E-02 -0.73577E+00 -0.53269E-02 -0.71927E+00
  119.00  0.16370E+00 -0.57825E+00 -0.18252E-04  0.14845E-02  0.95055E+00 -0.48248E-03  0.32449E-02 -0.75036E+00 -0.54055E-02 -0.73305E+00
  120.00  0.16511E+00 -0.56056E+00 -0.47376E-04  0.14742E-02  0.95082E+00 -0.46243E-03  0.32782E-02 -0.76423E+00 -0.54315E-02 -0.74615E+00
  121.00  0.16662E+00 -0.54298E+00 -0.76637E-04  0.14534E-02  0.95114E+00 -0.44518E-03  0.32974E-02 -0.77739E+00 -0.54130E-02 -0.75858E+00
  122.00  0.16821E+00 -0.52554E+00 -0.10582E-03  0.14225E-02  0.95150E+00 -0.43076E-03  0.33044E-02 -0.78988E+00 -0.53578E-02 -0.77037E+00
  123.00  0.16987E+00 -0.50826E+00 -0.13486E-03  0.13823E-02  0.95188E+00 -0.41900E-03  0.33013E-02 -0.80171E+00 -0.52740E-02 -0.78153E+00
  124.00  0.17159E+00 -0.49116E+00 -0.16381E-03  0.13344E-02  0.95229E+00 -0.40956E-03  0.32901E-02 -0.81290E+00 -0.51686E-02 -0.79209E+00
  125.00  0.17336E+00 -0.47425E+00 -0.19285E-03  0.12804E-02  0.95272E+00 -0.40197E-03  0.32725E-02 -0.82348E+00 -0.50485E-02 -0.80207E+00
  126.00  0.17515E+00 -0.45756E+00 -0.22225E-03  0.12222E-02  0.95316E+00 -0.39568E-03  0.32501E-02 -0.83347E+00 -0.49197E-02 -0.81150E+00
  127.00  0.17697E+00 -0.44110E+00 -0.25230E-03  0.11621E-02  0.95362E+00 -0.39012E-03  0.32241E-02 -0.84289E+00 -0.47877E-02 -0.82038E+00
  128.00  0.17879E+00 -0.42487E+00 -0.28336E-03  0.11020E-02  0.95408E+00 -0.38470E-03  0.31954E-02 -0.85178E+00 -0.46573E-02 -0.82875E+00
  129.00  0.18060E+00 -0.40889E+00 -0.31573E-03  0.10443E-02  0.95454E+00 -0.37891E-03  0.31648E-02 -0.86014E+00 -0.45328E-02 -0.83662E+00
  130.00  0.18240E+00 -0.39316E+00 -0.34971E-03  0.99075E-03  0.95500E+00 -0.37228E-03  0.31328E-02 -0.86800E+00 -0.44180E-02 -0.84402E+00
  131.00  0.18416E+00 -0.37768E+00 -0.38551E-03  0.94320E-03  0.95545E+00 -0.36446E-03  0.30994E-02 -0.87538E+00 -0.43160E-02 -0.85096E+00
  132.00  0.18589E+00 -0.36247E+00 -0.42327E-03  0.90316E-03  0.95589E+00 -0.35519E-03  0.30647E-02 -0.88231E+00 -0.42297E-02 -0.85746E+00
  133.00  0.18756E+00 -0.34753E+00 -0.46304E-03  0.87188E-03  0.95632E+00 -0.34435E-03  0.30287E-02 -0.88881E+00 -0.41613E-02 -0.86354E+00
  134.00  0.18918E+00 -0.33286E+00 -0.50477E-03  0.85029E-03  0.95674E+00 -0.33188E-03  0.29910E-02 -0.89489E+00 -0.41127E-02 -0.86922E+00
  135.00  0.19073E+00 -0.31847E+00 -0.54830E-03  0.83905E-03  0.95714E+00 -0.31785E-03  0.29514E-02 -0.90057E+00 -0.40850E-02 -0.87451E+00
  136.00  0.19222E+00 -0.30437E+00 -0.59338E-03  0.83851E-03  0.95752E+00 -0.30240E-03  0.29097E-02 -0.90587E+00 -0.40792E-02 -0.87943E+00
  137.00  0.19363E+00 -0.29055E+00 -0.63967E-03  0.84877E-03  0.95788E+00 -0.28575E-03  0.28654E-02 -0.91082E+00 -0.40953E-02 -0.88399E+00
  138.00  0.19497E+00 -0.27702E+00 -0.68675E-03  0.86970E-03  0.95823E+00 -0.26815E-03  0.28183E-02 -0.91542E+00 -0.41331E-02 -0.88822E+00
  139.00  0.19624E+00 -0.26378E+00 -0.73411E-03  0.90100E-03  0.95855E+00 -0.24988E-03  0.27682E-02 -0.91969E+00 -0.41917E-02 -0.89213E+00
  140.00  0.19744E+00 -0.25085E+00 -0.78123E-03  0.94220E-03  0.95886E+00 -0.23125E-03  0.27149E-02 -0.92365E+00 -0.42694E-02 -0.89574E+00
  141.00  0.19856E+00 -0.23821E+00 -0.82752E-03  0.99273E-03  0.95914E+00 -0.21253E-03  0.26583E-02 -0.92733E+00 -0.43642E-02 -0.89905E+00
  142.00  0.19962E+00 -0.22588E+00 -0.87241E-03  0.10520E-02  0.95941E+00 -0.19401E-03  0.25982E-02 -0.93072E+00 -0.44736E-02 -0.90208E+00
  143.00  0.20061E+00 -0.21387E+00 -0.91528E-03  0.11192E-02  0.95966E+00 -0.17594E-03  0.25347E-02 -0.93384E+00 -0.45944E-02 -0.90486E+00
  144.00  0.20154E+00 -0.20216E+00 -0.95555E-03  0.11938E-02  0.95989E+00 -0.15854E-03  0.24677E-02 -0.93672E+00 -0.47232E-02 -0.90739E+00
  145.00  0.20241E+00 -0.19077E+00 -0.99266E-03  0.12751E-02  0.96010E+00 -0.14198E-03  0.23973E-02 -0.93937E+00 -0.48563E-02 -0.90968E+00
  146.00  0.20324E+00 -0.17969E+00 -0.10261E-02  0.13623E-02  0.96030E+00 -0.12640E-03  0.23235E-02 -0.94179E+00 -0.49896E-02 -0.91175E+00
  147.00  0.20401E+00 -0.16894E+00 -0.10553E-02  0.14549E-02  0.96048E+00 -0.11190E-03  0.22464E-02 -0.94400E+00 -0.51191E-02 -0.91362E+00
  148.00  0.20474E+00 -0.15851E+00 -0.10799E-02  0.15522E-02  0.96064E+00 -0.98544E-04  0.21663E-02 -0.94602E+00 -0.52408E-02 -0.91529E+00
  149.00  0.20544E+00 -0.14840E+00 -0.10994E-02  0.16537E-02  0.96079E+00 -0.86353E-04  0.20833E-02 -0.94786E+00 -0.53508E-02 -0.91679E+00
  150.00  0.20611E+00 -0.13862E+00 -0.11136E-02  0.17587E-02  0.96093E+00 -0.75322E-04  0.19976E-02 -0.94952E+00 -0.54452E-02 -0.91811E+00
  151.00  0.20674E+00 -0.12918E+00 -0.11220E-02  0.18666E-02  0.96105E+00 -0.65419E-04  0.19096E-02 -0.95102E+00 -0.55206E-02 -0.91927E+00
  152.00  0.20736E+00 -0.12006E+00 -0.11246E-02  0.19770E-02  0.96116E+00 -0.56587E-04  0.18196E-02 -0.95238E+00 -0.55738E-02 -0.92029E+00
  153.00  0.20796E+00 -0.11128E+00 -0.11210E-02  0.20891E-02  0.96126E+00 -0.48758E-04  0.17280E-02 -0.95359E+00 -0.56023E-02 -0.92117E+00
  154.00  0.20854E+00 -0.10283E+00 -0.11112E-02  0.22026E-02  0.96134E+00 -0.41850E-04  0.16353E-02 -0.95468E+00 -0.56036E-02 -0.92192E+00
  155.00  0.20910E+00 -0.94711E-01 -0.10951E-02  0.23167E-02  0.96141E+00 -0.35778E-04  0.15419E-02 -0.95565E+00 -0.55759E-02 -0.92256E+00
  156.00  0.20966E+00 -0.86933E-01 -0.10728E-02  0.24309E-02  0.96147E+00 -0.30455E-04  0.14484E-02 -0.95651E+00 -0.55180E-02 -0.92308E+00
  157.00  0.21021E+00 -0.79492E-01 -0.10444E-02  0.25447E-02  0.96152E+00 -0.25797E-04  0.13553E-02 -0.95727E+00 -0.54290E-02 -0.92350E+00
  158.00  0.21076E+00 -0.72390E-01 -0.10100E-02  0.26577E-02  0.96155E+00 -0.21728E-04  0.12631E-02 -0.95793E+00 -0.53087E-02 -0.92383E+00
  159.00  0.21130E+00 -0.65628E-01 -0.96996E-03  0.27693E-02  0.96156E+00 -0.18179E-04  0.11721E-02 -0.95850E+00 -0.51572E-02 -0.92407E+00
  160.00  0.21183E+00 -0.59206E-01 -0.92460E-03  0.28791E-02  0.96156E+00 -0.15088E-04  0.10829E-02 -0.95899E+00 -0.49754E-02 -0.92423E+00
  161.00  0.21236E+00 -0.53125E-01 -0.87440E-03  0.29867E-02  0.96155E+00 -0.12406E-04  0.99579E-03 -0.95941E+00 -0.47643E-02 -0.92431E+00
  162.00  0.21290E+00 -0.47387E-01 -0.81993E-03  0.30919E-02  0.96153E+00 -0.10088E-04  0.91099E-03 -0.95976E+00 -0.45259E-02 -0.92432E+00
  163.00  0.21342E+00 -0.41991E-01 -0.76183E-03  0.31942E-02  0.96148E+00 -0.80970E-05  0.82873E-03 -0.96004E+00 -0.42623E-02 -0.92426E+00
  164.00  0.21394E+00 -0.36939E-01 -0.70084E-03  0.32935E-02  0.96143E+00 -0.64023E-05  0.74917E-03 -0.96027E+00 -0.39763E-02 -0.92414E+00
  165.00  0.21446E+00 -0.32229E-01 -0.63777E-03  0.33896E-02  0.96136E+00 -0.49756E-05  0.67239E-03 -0.96044E+00 -0.36711E-02 -0.92397E+00
  166.00  0.21497E+00 -0.27861E-01 -0.57350E-03  0.34821E-02  0.96128E+00 -0.37909E-05  0.59850E-03 -0.96056E+00 -0.33506E-02 -0.92375E+00
  167.00  0.21547E+00 -0.23834E-01 -0.50892E-03  0.35708E-02  0.96118E+00 -0.28234E-05  0.52755E-03 -0.96063E+00 -0.30188E-02 -0.92349E+00
  168.00  0.21596E+00 -0.20144E-01 -0.44497E-03  0.36555E-02  0.96108E+00 -0.20486E-05  0.45967E-03 -0.96067E+00 -0.26804E-02 -0.92319E+00
  169.00  0.21643E+00 -0.16787E-01 -0.38257E-03  0.37359E-02  0.96097E+00 -0.14421E-05  0.39500E-03 -0.96067E+00 -0.23404E-02 -0.92286E+00
  170.00  0.21688E+00 -0.13760E-01 -0.32261E-03  0.38115E-02  0.96085E+00 -0.97980E-06  0.33375E-03 -0.96064E+00 -0.20040E-02 -0.92252E+00
  171.00  0.21731E+00 -0.11055E-01 -0.26593E-03  0.38822E-02  0.96073E+00 -0.63822E-06  0.27623E-03 -0.96059E+00 -0.16768E-02 -0.92216E+00
  172.00  0.21771E+00 -0.86662E-02 -0.21329E-03  0.39473E-02  0.96061E+00 -0.39496E-06  0.22279E-03 -0.96052E+00 -0.13643E-02 -0.92180E+00
  173.00  0.21808E+00 -0.65857E-02 -0.16537E-03  0.40064E-02  0.96050E+00 -0.22925E-06  0.17389E-03 -0.96044E+00 -0.10722E-02 -0.92146E+00
  174.00  0.21840E+00 -0.48052E-02 -0.12278E-03  0.40590E-02  0.96039E+00 -0.12247E-06  0.13002E-03 -0.96036E+00 -0.80599E-03 -0.92113E+00
  175.00  0.21869E+00 -0.33164E-02 -0.85988E-04  0.41046E-02  0.96029E+00 -0.58463E-07  0.91704E-04 -0.96028E+00 -0.57074E-03 -0.92083E+00
  176.00  0.21893E+00 -0.21113E-02 -0.55400E-04  0.41427E-02  0.96021E+00 -0.23722E-07  0.59467E-04 -0.96020E+00 -0.37119E-03 -0.92058E+00
  177.00  0.21913E+00 -0.11826E-02 -0.31318E-04  0.41729E-02  0.96014E+00 -0.74455E-08  0.33804E-04 -0.96014E+00 -0.21144E-03 -0.92037E+00
  178.00  0.21927E+00 -0.52394E-03 -0.13967E-04  0.41948E-02  0.96009E+00 -0.14617E-08  0.15140E-04 -0.96009E+00 -0.94824E-04 -0.92021E+00
  179.00  0.21935E+00 -0.13073E-03 -0.34990E-05  0.42080E-02  0.96005E+00 -0.91001E-10  0.38026E-05 -0.96005E+00 -0.23835E-04 -0.92012E+00
  180.00  0.21938E+00 -0.32380E-14 -0.86776E-16  0.42124E-02  0.96004E+00 -0.55822E-31  0.94391E-16 -0.96004E+00 -0.59179E-15 -0.92009E+00
 scattering matrix expansion coefficients
    w  a11         a22         a33         a23         a32         a44         a12         a34         a13         a24         a14
    0  0.1000E+01  0.0000E+00  0.0000E+00  0.0000E+00  0.0000E+00  0.7976E+00  0.0000E+00  0.0000E+00  0.0000E+00  0.0000E+00  0.1808E-03
    1  0.2215E+01  0.0000E+00  0.0000E+00  0.0000E+00  0.0000E+00  0.2411E+01  0.0000E+00  0.0000E+00  0.0000E+00  0.0000E+00  0.1409E-03
    2  0.3100E+01  0.2487E+00  0.3936E+01 -0.5174E-07 -0.2358E-03  0.3072E+01 -0.3713E+00 -0.1250E-02  0.2618E-03  0.3568E-03  0.8829E-03
    3  0.3428E+01  0.5007E-01  0.3947E+01  0.1220E-06  0.9096E-03  0.3440E+01 -0.2440E+00 -0.1779E-02  0.3088E-03 -0.5664E-03  0.5192E-03
    4  0.3567E+01  0.2889E-01  0.3935E+01 -0.5121E-07  0.3683E-03  0.3577E+01 -0.2079E+00 -0.4154E-02 -0.1314E-03  0.1776E-03  0.6014E-04
    5  0.3594E+01  0.2254E-01  0.3855E+01  0.8748E-07 -0.1385E-03  0.3587E+01 -0.1572E+00 -0.8177E-03  0.6054E-04 -0.3991E-03 -0.5943E-03
    6  0.3525E+01  0.7598E-02  0.3735E+01  0.4195E-08 -0.1195E-03  0.3531E+01 -0.1192E+00  0.1811E-02 -0.4173E-05 -0.1582E-03 -0.2642E-03
    7  0.3392E+01  0.1030E-01  0.3562E+01  0.4647E-07  0.2495E-03  0.3385E+01 -0.9479E-01  0.3184E-02  0.2071E-03  0.6624E-04 -0.3973E-03
    8  0.3181E+01  0.5112E-02  0.3327E+01 -0.2842E-07  0.1682E-03  0.3174E+01 -0.8986E-01  0.4878E-03 -0.1149E-03  0.9488E-06 -0.5557E-03
    9  0.2909E+01 -0.4122E-02  0.3041E+01 -0.2838E-07 -0.5260E-04  0.2920E+01 -0.1014E+00 -0.2480E-02 -0.1773E-03 -0.1151E-03 -0.4408E-03
   10  0.2633E+01  0.1885E-02  0.2739E+01  0.3108E-07  0.5532E-04  0.2637E+01 -0.9633E-01 -0.5672E-02 -0.8911E-04  0.7912E-04 -0.1394E-03
   11  0.2355E+01  0.4573E-02  0.2439E+01 -0.4700E-08  0.3740E-03  0.2350E+01 -0.8036E-01 -0.5753E-02  0.7062E-04  0.1425E-03  0.1108E-03
   12  0.2062E+01  0.1600E-02  0.2136E+01 -0.1856E-07  0.5162E-03  0.2060E+01 -0.7487E-01 -0.5459E-02  0.5226E-04 -0.5659E-04  0.7954E-04
   13  0.1759E+01 -0.3887E-03  0.1825E+01  0.3819E-08  0.4234E-03  0.1761E+01 -0.7800E-01 -0.7126E-02 -0.3417E-04 -0.9319E-04  0.9506E-05
   14  0.1464E+01  0.3648E-03  0.1519E+01  0.1400E-08  0.3498E-03  0.1465E+01 -0.7817E-01 -0.9505E-02 -0.4794E-04  0.6250E-04  0.1466E-03
   15  0.1188E+01  0.1083E-02  0.1233E+01 -0.9265E-08  0.3166E-03  0.1188E+01 -0.7407E-01 -0.1031E-01 -0.3456E-04  0.1116E-03  0.2256E-03
   16  0.9408E+00  0.5859E-03  0.9767E+00 -0.5501E-08  0.2465E-03  0.9422E+00 -0.6797E-01 -0.9729E-02 -0.2705E-04  0.6544E-04  0.1625E-03
   17  0.7328E+00  0.6093E-03  0.7603E+00 -0.2132E-08  0.1952E-03  0.7346E+00 -0.5819E-01 -0.8708E-02 -0.5913E-05  0.2667E-04  0.1073E-03
   18  0.5668E+00  0.1725E-02  0.5860E+00 -0.2961E-08  0.1611E-03  0.5662E+00 -0.4398E-01 -0.7409E-02  0.8104E-05  0.1913E-04  0.8301E-04
   19  0.4342E+00  0.1928E-02  0.4479E+00 -0.7106E-08  0.9669E-04  0.4323E+00 -0.3086E-01 -0.5818E-02 -0.2071E-05  0.7094E-05  0.3141E-04
   20  0.3254E+00  0.9979E-03  0.3362E+00 -0.4800E-08  0.2214E-04  0.3246E+00 -0.2309E-01 -0.4365E-02 -0.1121E-04 -0.6067E-05 -0.2619E-04
   21  0.2365E+00  0.3072E-03  0.2451E+00 -0.1374E-08 -0.1815E-04  0.2368E+00 -0.1889E-01 -0.3229E-02 -0.9549E-05 -0.1283E-04 -0.5704E-04
   22  0.1665E+00  0.3255E-03  0.1728E+00 -0.3178E-09 -0.1911E-04  0.1668E+00 -0.1495E-01 -0.2268E-02 -0.2272E-05 -0.3819E-05 -0.5240E-04
   23  0.1136E+00  0.4492E-03  0.1179E+00 -0.7072E-09 -0.6006E-05  0.1134E+00 -0.1086E-01 -0.1380E-02  0.1149E-05  0.4838E-05 -0.3416E-04
   24  0.7444E-01  0.3475E-03  0.7730E-01 -0.7458E-09  0.2004E-05  0.7419E-01 -0.7683E-02 -0.6554E-03  0.1410E-05  0.6797E-05 -0.1867E-04
   25  0.4610E-01  0.1658E-03  0.4807E-01 -0.1156E-09  0.2602E-05  0.4603E-01 -0.5655E-02 -0.1947E-03  0.7060E-06  0.4140E-05 -0.9821E-05
   26  0.2656E-01  0.7319E-04  0.2784E-01  0.1473E-09  0.5465E-06  0.2659E-01 -0.4227E-02  0.1340E-04  0.5283E-06  0.1320E-05 -0.5496E-05
   27  0.1407E-01  0.6253E-04  0.1480E-01 -0.9184E-10 -0.9813E-06  0.1406E-01 -0.2971E-02  0.6481E-04  0.4912E-06 -0.1557E-07 -0.3368E-05
   28  0.6807E-02  0.6862E-04  0.7163E-02 -0.2427E-09 -0.1241E-05  0.6751E-02 -0.1861E-02  0.5264E-04  0.4552E-06 -0.2397E-06 -0.2059E-05
   29  0.3000E-02  0.5941E-04  0.3144E-02 -0.1205E-09 -0.8791E-06  0.2930E-02 -0.1021E-02  0.2974E-04  0.2943E-06 -0.1475E-06 -0.1183E-05
   30  0.1204E-02  0.3997E-04  0.1252E-02  0.5853E-10 -0.4915E-06  0.1150E-02 -0.4910E-03  0.1347E-04  0.1750E-06 -0.4279E-07 -0.5863E-06
   31  0.4410E-03  0.2177E-04  0.4533E-03  0.1190E-09 -0.2267E-06  0.4091E-03 -0.2084E-03  0.5166E-05  0.8242E-07  0.5501E-09 -0.2587E-06
   32  0.1477E-03  0.9956E-05  0.1497E-03  0.8529E-10 -0.8814E-07  0.1324E-03 -0.7866E-04  0.1734E-05  0.3316E-07  0.6396E-08 -0.9577E-07
   33  0.4540E-04  0.3915E-05  0.4526E-04  0.4068E-10 -0.2939E-07  0.3919E-04 -0.2664E-04  0.5288E-06  0.1177E-07  0.2884E-08 -0.3289E-07
   34  0.1287E-04  0.1354E-05  0.1261E-04  0.1808E-10 -0.8835E-08  0.1067E-04 -0.8168E-05  0.1473E-06  0.3529E-08  0.1341E-08 -0.1231E-07
   35  0.3378E-05  0.4196E-06  0.3249E-05  0.1026E-10 -0.2542E-08  0.2684E-05 -0.2287E-05  0.3682E-07  0.9871E-09  0.9129E-09 -0.5135E-08
   36  0.8232E-06  0.1176E-06  0.7770E-06  0.6605E-11 -0.7016E-09  0.6258E-06 -0.5880E-06  0.8568E-08  0.2561E-09  0.5509E-09 -0.2090E-08
   37  0.1865E-06  0.3000E-07  0.1726E-06  0.3786E-11 -0.1865E-09  0.1355E-06 -0.1393E-06  0.1718E-08  0.5937E-10  0.2513E-09 -0.7438E-09
   38  0.3974E-07  0.7011E-08  0.3611E-07  0.1782E-11 -0.4637E-10  0.2767E-07 -0.3073E-07  0.3157E-09  0.1270E-10  0.8897E-10 -0.2249E-09
   39  0.8450E-08  0.1444E-08  0.7640E-08  0.6713E-12 -0.8997E-11  0.5938E-08 -0.6556E-08  0.9363E-10  0.1790E-11  0.2488E-10 -0.5857E-10
   40  0.2428E-08  0.2500E-09  0.2317E-08  0.2018E-12 -0.2261E-11  0.1999E-08 -0.1613E-08  0.5527E-10  0.9519E-13  0.5895E-11 -0.1595E-10
   41  0.7845E-09  0.3668E-10  0.7674E-09  0.4890E-13  0.7338E-13  0.7379E-09 -0.5354E-09  0.3980E-10 -0.1009E-12  0.4261E-12 -0.2289E-11
   42  0.7652E-09  0.4385E-10  0.7674E-09  0.1035E-13 -0.9821E-12  0.6982E-09 -0.4553E-09  0.1862E-10  0.2977E-12  0.1124E-11 -0.3438E-11
   43  0.1180E-09  0.4879E-11  0.1150E-09  0.2498E-14  0.1838E-13  0.1153E-09 -0.8299E-10  0.7222E-11  0.8164E-14 -0.2053E-12  0.1045E-12
   44  0.1900E-09  0.2338E-10  0.1800E-09  0.6601E-15 -0.2799E-12  0.1505E-09 -0.1318E-09  0.2378E-11  0.1155E-12  0.3006E-12 -0.7287E-12
   45  0.9105E-11  0.7690E-12  0.8420E-11  0.1612E-15  0.2360E-15  0.8390E-11 -0.6840E-11  0.5074E-12  0.2096E-14 -0.2410E-13  0.1785E-13
   46  0.2284E-10  0.3995E-11  0.2059E-10  0.5555E-16 -0.3301E-13  0.1593E-10 -0.1756E-10  0.1447E-12  0.1504E-13  0.3640E-13 -0.7803E-13
   47  0.3008E-12  0.3600E-13  0.2620E-12  0.1987E-16 -0.2041E-16  0.2676E-12 -0.2346E-12  0.1537E-13  0.8130E-16 -0.9187E-15  0.6471E-15
   48  0.1463E-11  0.3047E-12  0.1258E-11  0.5478E-17 -0.1961E-14  0.9195E-12 -0.1192E-11  0.5361E-14  0.9567E-15  0.2291E-14 -0.4598E-14
   49  0.3524E-14  0.3663E-15  0.2467E-14  0.1297E-17 -0.6553E-18  0.4023E-14 -0.2380E-14  0.2026E-15 -0.6381E-18 -0.9614E-17 -0.5281E-18
   50  0.6494E-13  0.1605E-13  0.5528E-13  0.1853E-18 -0.8132E-16  0.3729E-13 -0.5625E-13  0.1667E-15  0.4203E-16  0.1006E-15 -0.1915E-15
