 input file is 
mstm6_1024_3360_13_009.inp    
 input file comments follow:
***********************************************************
  This is the default mstm input file for v.3.0.
  The run is for a 7-sphere cluster of identical spheres.   The positions
  are embedded in the input file.

  The run makes use of the new_run and multiple_run options.

  14 April 2013
***********************************************************
 number of processors:
   1
 input parameters for run number 
    1
 number of spheres, volume size parameter:
 1024  0.33867E+01
 position file:
position/n1024/a6.out                                       
 output file:
output/1024/x3360/13/009/mt_6_1024_3360_13_009.dat          
 length, ref. indx. scale factors:
   0.336   1.300   0.090
 chiral factors:
  0.00000E+00  0.00000E+00
 scattering matrix directions based on incident frame
 automatic scattering angle calculation
 thetamin, thetamax:
      0.0    180.0
 number scattering angles:
      181
 epsmie, epssoln, max number iterations:
  0.1000E-05  0.1000E-07 5000
 medium refractive index:
  1.0000  0.0000
 target euler rotation angles:
    0.0000    0.0000    0.0000
 far field kr, iterations/correction:
 -0.1000E+01   20
 plane wave incidence
 random orientation calculations
 t matrix calculated, stored in file 
tmatrixfiles/61024336013009                                 
 t matrix convergence epsilon:
  0.1000E-06
 all spheres excited (total T matrix) 
 calculation results for run 
    1
 total ext, abs, scat efficiencies, w.r.t. xv, and asym. parm
  0.96236E+00  0.74565E+00  0.21671E+00  0.71726E+00
 scattering matrix elements (normalized w/ S11)
   theta      11           12           13           14           22           23           24           33           34           44      
    0.00  0.97688E+02  0.00000E+00  0.00000E+00  0.87389E-06  0.10000E+01 -0.49441E-05  0.00000E+00  0.10000E+01  0.00000E+00  0.99999E+00 
    1.00  0.94331E+02 -0.95776E-04 -0.66521E-08  0.88451E-07  0.99999E+00 -0.44297E-05 -0.21423E-08  0.99999E+00  0.30068E-04  0.99999E+00 
    2.00  0.85055E+02 -0.38605E-03 -0.26117E-07 -0.22046E-05  0.99999E+00 -0.28440E-05 -0.89929E-08  0.99999E+00  0.11523E-03  0.99999E+00 
    3.00  0.71963E+02 -0.88378E-03 -0.56135E-07 -0.57431E-05  0.99999E+00 -0.91613E-07 -0.21888E-07  0.99999E+00  0.23742E-03  0.99998E+00 
    4.00  0.57750E+02 -0.16255E-02 -0.90075E-07 -0.98379E-05  0.99999E+00  0.38442E-05 -0.43064E-07  0.99998E+00  0.35716E-03  0.99997E+00 
    5.00  0.44843E+02 -0.26919E-02 -0.11278E-06 -0.13055E-04  0.99998E+00  0.85867E-05 -0.74742E-07  0.99998E+00  0.40590E-03  0.99995E+00 
    6.00  0.34745E+02 -0.42131E-02 -0.99129E-07 -0.13262E-04  0.99997E+00  0.12918E-04 -0.11579E-06  0.99996E+00  0.30198E-03  0.99993E+00 
    7.00  0.27799E+02 -0.63010E-02 -0.26492E-07 -0.89918E-05  0.99996E+00  0.14845E-04 -0.15649E-06  0.99994E+00  0.20794E-04  0.99990E+00 
    8.00  0.23413E+02 -0.89212E-02  0.99650E-07 -0.16661E-05  0.99995E+00  0.13008E-04 -0.17897E-06  0.99991E+00 -0.33120E-03  0.99986E+00 
    9.00  0.20554E+02 -0.11890E-01  0.24220E-06  0.46798E-05  0.99994E+00  0.81555E-05 -0.16793E-06  0.99987E+00 -0.58048E-03  0.99982E+00 
   10.00  0.18280E+02 -0.15054E-01  0.36402E-06  0.66417E-05  0.99994E+00  0.23613E-05 -0.11808E-06  0.99982E+00 -0.64030E-03  0.99976E+00 
   11.00  0.16059E+02 -0.18403E-01  0.44942E-06  0.32711E-05  0.99993E+00 -0.26848E-05 -0.29624E-07  0.99976E+00 -0.55740E-03  0.99969E+00 
   12.00  0.13824E+02 -0.22053E-01  0.49907E-06 -0.43386E-05  0.99992E+00 -0.62617E-05  0.96921E-07  0.99967E+00 -0.46466E-03  0.99959E+00 
   13.00  0.11779E+02 -0.26171E-01  0.52092E-06 -0.13570E-04  0.99991E+00 -0.85127E-05  0.26007E-06  0.99955E+00 -0.52792E-03  0.99947E+00 
   14.00  0.10157E+02 -0.30871E-01  0.52766E-06 -0.20792E-04  0.99990E+00 -0.10400E-04  0.45589E-06  0.99940E+00 -0.86968E-03  0.99930E+00 
   15.00  0.90268E+01 -0.36097E-01  0.53667E-06 -0.23258E-04  0.99989E+00 -0.13447E-04  0.68424E-06  0.99921E+00 -0.14613E-02  0.99910E+00 
   16.00  0.82687E+01 -0.41629E-01  0.56601E-06 -0.21495E-04  0.99987E+00 -0.18862E-04  0.96007E-06  0.99898E+00 -0.21142E-02  0.99886E+00 
   17.00  0.76630E+01 -0.47273E-01  0.63080E-06 -0.18846E-04  0.99986E+00 -0.26810E-04  0.13113E-05  0.99872E+00 -0.26375E-02  0.99859E+00 
   18.00  0.70253E+01 -0.52996E-01  0.74579E-06 -0.18564E-04  0.99984E+00 -0.36567E-04  0.17564E-05  0.99842E+00 -0.29681E-02  0.99828E+00 
   19.00  0.62951E+01 -0.58889E-01  0.92765E-06 -0.21923E-04  0.99982E+00 -0.46813E-04  0.22716E-05  0.99807E+00 -0.31507E-02  0.99791E+00 
   20.00  0.55359E+01 -0.65071E-01  0.11840E-05 -0.27866E-04  0.99979E+00 -0.55413E-04  0.27539E-05  0.99767E+00 -0.32532E-02  0.99748E+00 
   21.00  0.48659E+01 -0.71605E-01  0.14832E-05 -0.33273E-04  0.99976E+00 -0.59291E-04  0.30088E-05  0.99719E+00 -0.32967E-02  0.99698E+00 
   22.00  0.43700E+01 -0.78427E-01  0.17289E-05 -0.34464E-04  0.99973E+00 -0.55693E-04  0.28396E-05  0.99666E+00 -0.32245E-02  0.99642E+00 
   23.00  0.40501E+01 -0.85375E-01  0.17944E-05 -0.30264E-04  0.99971E+00 -0.44681E-04  0.22354E-05  0.99608E+00 -0.29488E-02  0.99583E+00 
   24.00  0.38327E+01 -0.92326E-01  0.16156E-05 -0.23517E-04  0.99970E+00 -0.29648E-04  0.14324E-05  0.99545E+00 -0.24482E-02  0.99519E+00 
   25.00  0.36199E+01 -0.99295E-01  0.12358E-05 -0.18816E-04  0.99968E+00 -0.14698E-04  0.73591E-06  0.99477E+00 -0.18043E-02  0.99449E+00 
   26.00  0.33462E+01 -0.10642E+00  0.78194E-06 -0.19662E-04  0.99965E+00 -0.25050E-05  0.34218E-06  0.99401E+00 -0.11589E-02  0.99371E+00 
   27.00  0.30080E+01 -0.11389E+00  0.44980E-06 -0.27576E-04  0.99961E+00  0.55523E-05  0.30084E-06  0.99313E+00 -0.67545E-03  0.99280E+00 
   28.00  0.26535E+01 -0.12199E+00  0.50716E-06 -0.41937E-04  0.99955E+00  0.85994E-05  0.52678E-06  0.99211E+00 -0.50984E-03  0.99173E+00 
   29.00  0.23463E+01 -0.13098E+00  0.12191E-05 -0.59519E-04  0.99950E+00  0.63470E-05  0.80714E-06  0.99089E+00 -0.73848E-03  0.99047E+00 
   30.00  0.21287E+01 -0.14094E+00  0.26196E-05 -0.75037E-04  0.99945E+00  0.15184E-06  0.88371E-06  0.98946E+00 -0.12461E-02  0.98900E+00 
   31.00  0.20031E+01 -0.15163E+00  0.43199E-05 -0.84398E-04  0.99942E+00 -0.66273E-05  0.65894E-06  0.98785E+00 -0.17342E-02  0.98736E+00 
   32.00  0.19395E+01 -0.16265E+00  0.56989E-05 -0.87891E-04  0.99939E+00 -0.10474E-04  0.31974E-06  0.98608E+00 -0.19443E-02  0.98559E+00 
   33.00  0.18976E+01 -0.17374E+00  0.63076E-05 -0.89029E-04  0.99937E+00 -0.98539E-05  0.19618E-06  0.98419E+00 -0.18489E-02  0.98368E+00 
   34.00  0.18492E+01 -0.18493E+00  0.60394E-05 -0.90951E-04  0.99935E+00 -0.54072E-05  0.53716E-06  0.98213E+00 -0.16114E-02  0.98161E+00 
   35.00  0.17864E+01 -0.19642E+00  0.50704E-05 -0.94400E-04  0.99931E+00  0.98876E-06  0.13929E-05  0.97987E+00 -0.14370E-02  0.97933E+00 
   36.00  0.17171E+01 -0.20844E+00  0.37693E-05 -0.97817E-04  0.99928E+00  0.70696E-05  0.25935E-05  0.97735E+00 -0.14528E-02  0.97678E+00 
   37.00  0.16515E+01 -0.22112E+00  0.25846E-05 -0.98751E-04  0.99925E+00  0.10982E-04  0.38175E-05  0.97452E+00 -0.16438E-02  0.97393E+00 
   38.00  0.15918E+01 -0.23442E+00  0.18547E-05 -0.95759E-04  0.99923E+00  0.12065E-04  0.47684E-05  0.97137E+00 -0.18722E-02  0.97077E+00 
   39.00  0.15305E+01 -0.24819E+00  0.16444E-05 -0.89506E-04  0.99921E+00  0.11027E-04  0.53612E-05  0.96791E+00 -0.19807E-02  0.96730E+00 
   40.00  0.14564E+01 -0.26231E+00  0.17530E-05 -0.82249E-04  0.99918E+00  0.92424E-05  0.57603E-05  0.96415E+00 -0.19027E-02  0.96352E+00 
   41.00  0.13640E+01 -0.27674E+00  0.18708E-05 -0.76420E-04  0.99914E+00  0.77510E-05  0.62482E-05  0.96007E+00 -0.17002E-02  0.95942E+00 
   42.00  0.12582E+01 -0.29150E+00  0.17591E-05 -0.73408E-04  0.99908E+00  0.65961E-05  0.70274E-05  0.95563E+00 -0.15308E-02  0.95496E+00 
   43.00  0.11522E+01 -0.30671E+00  0.13845E-05 -0.72847E-04  0.99902E+00  0.47002E-05  0.80244E-05  0.95079E+00 -0.15727E-02  0.95008E+00 
   44.00  0.10607E+01 -0.32241E+00  0.97233E-06 -0.72521E-04  0.99894E+00  0.40376E-06  0.87797E-05  0.94550E+00 -0.19172E-02  0.94476E+00 
   45.00  0.99180E+00 -0.33853E+00  0.89459E-06 -0.69406E-04  0.99888E+00 -0.72849E-05  0.85886E-05  0.93978E+00 -0.24749E-02  0.93901E+00 
   46.00  0.94344E+00 -0.35492E+00  0.13913E-05 -0.61715E-04  0.99883E+00 -0.17535E-04  0.69354E-05  0.93366E+00 -0.30005E-02  0.93287E+00 
   47.00  0.90544E+00 -0.37142E+00  0.23644E-05 -0.50254E-04  0.99879E+00 -0.27912E-04  0.38666E-05  0.92717E+00 -0.32558E-02  0.92636E+00 
   48.00  0.86564E+00 -0.38799E+00  0.34605E-05 -0.37810E-04  0.99874E+00 -0.35806E-04 -0.47218E-07  0.92031E+00 -0.31577E-02  0.91947E+00 
   49.00  0.81648E+00 -0.40467E+00  0.43337E-05 -0.27613E-04  0.99867E+00 -0.39660E-04 -0.39964E-05  0.91301E+00 -0.27950E-02  0.91216E+00 
   50.00  0.75845E+00 -0.42158E+00  0.48866E-05 -0.22197E-04  0.99858E+00 -0.39478E-04 -0.71495E-05  0.90522E+00 -0.23607E-02  0.90433E+00 
   51.00  0.69902E+00 -0.43884E+00  0.54268E-05 -0.22665E-04  0.99848E+00 -0.36967E-04 -0.87966E-05  0.89685E+00 -0.20709E-02  0.89592E+00 
   52.00  0.64820E+00 -0.45656E+00  0.66597E-05 -0.27942E-04  0.99838E+00 -0.35309E-04 -0.85894E-05  0.88784E+00 -0.20692E-02  0.88687E+00 
   53.00  0.61334E+00 -0.47472E+00  0.93365E-05 -0.34572E-04  0.99830E+00 -0.37799E-04 -0.68508E-05  0.87817E+00 -0.23294E-02  0.87718E+00 
   54.00  0.59594E+00 -0.49320E+00  0.13613E-04 -0.38269E-04  0.99827E+00 -0.45495E-04 -0.45567E-05  0.86789E+00 -0.26450E-02  0.86690E+00 
   55.00  0.59158E+00 -0.51181E+00  0.18705E-04 -0.36581E-04  0.99826E+00 -0.55995E-04 -0.27517E-05  0.85705E+00 -0.27692E-02  0.85608E+00 
   56.00  0.59258E+00 -0.53041E+00  0.23250E-04 -0.30056E-04  0.99826E+00 -0.64851E-04 -0.19175E-05  0.84568E+00 -0.25805E-02  0.84473E+00 
   57.00  0.59158E+00 -0.54893E+00  0.25940E-04 -0.21108E-04  0.99826E+00 -0.67975E-04 -0.18820E-05  0.83377E+00 -0.21216E-02  0.83284E+00 
   58.00  0.58432E+00 -0.56741E+00  0.25921E-04 -0.12331E-04  0.99823E+00 -0.63080E-04 -0.21430E-05  0.82127E+00 -0.15333E-02  0.82035E+00 
   59.00  0.57042E+00 -0.58591E+00  0.22987E-04 -0.55390E-05  0.99818E+00 -0.50178E-04 -0.22099E-05  0.80811E+00 -0.97377E-03  0.80719E+00 
   60.00  0.55232E+00 -0.60452E+00  0.17723E-04 -0.15431E-05  0.99811E+00 -0.31705E-04 -0.17950E-05  0.79420E+00 -0.56291E-03  0.79326E+00 
   61.00  0.53323E+00 -0.62331E+00  0.11518E-04 -0.34739E-06  0.99802E+00 -0.12149E-04 -0.83547E-06  0.77943E+00 -0.34691E-03  0.77848E+00 
   62.00  0.51537E+00 -0.64233E+00  0.62344E-05 -0.16709E-05  0.99794E+00  0.32726E-05  0.65681E-06  0.76372E+00 -0.29066E-03  0.76275E+00 
   63.00  0.49916E+00 -0.66155E+00  0.35150E-05 -0.56041E-05  0.99785E+00  0.10656E-04  0.28525E-05  0.74702E+00 -0.30673E-03  0.74603E+00 
   64.00  0.48362E+00 -0.68088E+00  0.41219E-05 -0.13004E-04  0.99776E+00  0.89603E-05  0.62992E-05  0.72932E+00 -0.30808E-03  0.72832E+00 
   65.00  0.46737E+00 -0.70020E+00  0.77101E-05 -0.25296E-04  0.99767E+00  0.12962E-06  0.11886E-04  0.71067E+00 -0.25004E-03  0.70965E+00 
   66.00  0.44969E+00 -0.71936E+00  0.13066E-04 -0.43704E-04  0.99755E+00 -0.11977E-04  0.20539E-04  0.69112E+00 -0.13868E-03  0.69008E+00 
   67.00  0.43101E+00 -0.73827E+00  0.18569E-04 -0.68180E-04  0.99744E+00 -0.23030E-04  0.32718E-04  0.67072E+00 -0.10521E-04  0.66967E+00 
   68.00  0.41267E+00 -0.75685E+00  0.22697E-04 -0.96482E-04  0.99731E+00 -0.29537E-04  0.47878E-04  0.64950E+00  0.97643E-04  0.64844E+00 
   69.00  0.39621E+00 -0.77509E+00  0.24506E-04 -0.12399E-03  0.99720E+00 -0.29867E-04  0.64170E-04  0.62745E+00  0.17212E-03  0.62638E+00 
   70.00  0.38264E+00 -0.79297E+00  0.23981E-04 -0.14483E-03  0.99711E+00 -0.24740E-04  0.78752E-04  0.60452E+00  0.22691E-03  0.60346E+00 
   71.00  0.37193E+00 -0.81049E+00  0.22039E-04 -0.15408E-03  0.99703E+00 -0.16811E-04  0.88770E-04  0.58065E+00  0.28724E-03  0.57961E+00 
   72.00  0.36315E+00 -0.82761E+00  0.20108E-04 -0.14978E-03  0.99696E+00 -0.94054E-05  0.92507E-04  0.55582E+00  0.36393E-03  0.55480E+00 
   73.00  0.35489E+00 -0.84425E+00  0.19528E-04 -0.13344E-03  0.99690E+00 -0.51158E-05  0.89968E-04  0.53003E+00  0.43808E-03  0.52902E+00 
   74.00  0.34591E+00 -0.86032E+00  0.21091E-04 -0.10907E-03  0.99683E+00 -0.50063E-05  0.82675E-04  0.50334E+00  0.46636E-03  0.50235E+00 
   75.00  0.33564E+00 -0.87570E+00  0.24874E-04 -0.81535E-04  0.99674E+00 -0.85932E-05  0.72975E-04  0.47585E+00  0.40216E-03  0.47487E+00 
   76.00  0.32429E+00 -0.89031E+00  0.30297E-04 -0.55219E-04  0.99664E+00 -0.14292E-04  0.63297E-04  0.44767E+00  0.22157E-03  0.44670E+00 
   77.00  0.31273E+00 -0.90408E+00  0.36296E-04 -0.33114E-04  0.99652E+00 -0.20031E-04  0.55531E-04  0.41889E+00 -0.56094E-04  0.41793E+00 
   78.00  0.30203E+00 -0.91699E+00  0.41589E-04 -0.16403E-04  0.99641E+00 -0.23895E-04  0.50591E-04  0.38954E+00 -0.36268E-03  0.38860E+00 
   79.00  0.29301E+00 -0.92904E+00  0.45044E-04 -0.44910E-05  0.99632E+00 -0.24701E-04  0.48262E-04  0.35959E+00 -0.59835E-03  0.35870E+00 
   80.00  0.28600E+00 -0.94023E+00  0.46030E-04  0.44035E-05  0.99624E+00 -0.22323E-04  0.47451E-04  0.32899E+00 -0.66853E-03  0.32814E+00 
   81.00  0.28072E+00 -0.95054E+00  0.44594E-04  0.12272E-04  0.99618E+00 -0.17581E-04  0.46819E-04  0.29766E+00 -0.52269E-03  0.29687E+00 
   82.00  0.27649E+00 -0.95993E+00  0.41366E-04  0.20399E-04  0.99614E+00 -0.11763E-04  0.45463E-04  0.26559E+00 -0.17194E-03  0.26486E+00 
   83.00  0.27249E+00 -0.96832E+00  0.37252E-04  0.28936E-04  0.99609E+00 -0.60666E-05  0.43306E-04  0.23281E+00  0.32250E-03  0.23216E+00 
   84.00  0.26808E+00 -0.97565E+00  0.33123E-04  0.37047E-04  0.99604E+00 -0.12510E-05  0.41044E-04  0.19944E+00  0.87864E-03  0.19885E+00 
   85.00  0.26297E+00 -0.98186E+00  0.29597E-04  0.43387E-04  0.99598E+00  0.24092E-05  0.39788E-04  0.16561E+00  0.14238E-02  0.16510E+00 
   86.00  0.25725E+00 -0.98690E+00  0.26971E-04  0.46646E-04  0.99590E+00  0.49614E-05  0.40574E-04  0.13149E+00  0.19145E-02  0.13106E+00 
   87.00  0.25131E+00 -0.99076E+00  0.25229E-04  0.46010E-04  0.99582E+00  0.65406E-05  0.43920E-04  0.97204E-01  0.23440E-02  0.96837E-01 
   88.00  0.24561E+00 -0.99344E+00  0.24132E-04  0.41439E-04  0.99573E+00  0.71762E-05  0.49562E-04  0.62832E-01  0.27371E-02  0.62533E-01 
   89.00  0.24052E+00 -0.99494E+00  0.23340E-04  0.33722E-04  0.99565E+00  0.67168E-05  0.56470E-04  0.28421E-01  0.31348E-02  0.28186E-01 
   90.00  0.23620E+00 -0.99526E+00  0.22554E-04  0.24280E-04  0.99558E+00  0.49002E-05  0.63166E-04 -0.60212E-02  0.35748E-02 -0.61957E-02 
   91.00  0.23251E+00 -0.99440E+00  0.21635E-04  0.14814E-04  0.99551E+00  0.15261E-05  0.68238E-04 -0.40492E-01  0.40729E-02 -0.40609E-01 
   92.00  0.22915E+00 -0.99233E+00  0.20648E-04  0.69295E-05  0.99544E+00 -0.33617E-05  0.70801E-04 -0.74971E-01  0.46159E-02 -0.75032E-01 
   93.00  0.22571E+00 -0.98905E+00  0.19837E-04  0.18979E-05  0.99537E+00 -0.93748E-05  0.70710E-04 -0.10941E+00  0.51644E-02 -0.10941E+00 
   94.00  0.22182E+00 -0.98456E+00  0.19541E-04  0.58409E-06  0.99529E+00 -0.15801E-04  0.68486E-04 -0.14372E+00  0.56648E-02 -0.14366E+00 
   95.00  0.21727E+00 -0.97886E+00  0.20103E-04  0.34697E-05  0.99520E+00 -0.21730E-04  0.65029E-04 -0.17780E+00  0.60623E-02 -0.17768E+00 
   96.00  0.21204E+00 -0.97200E+00  0.21790E-04  0.10677E-04  0.99511E+00 -0.26238E-04  0.61281E-04 -0.21154E+00  0.63129E-02 -0.21134E+00 
   97.00  0.20631E+00 -0.96400E+00  0.24734E-04  0.21932E-04  0.99500E+00 -0.28593E-04  0.57917E-04 -0.24484E+00  0.63921E-02 -0.24456E+00 
   98.00  0.20039E+00 -0.95492E+00  0.28912E-04  0.36481E-04  0.99489E+00 -0.28449E-04  0.55149E-04 -0.27762E+00  0.62993E-02 -0.27724E+00 
   99.00  0.19463E+00 -0.94482E+00  0.34144E-04  0.53030E-04  0.99478E+00 -0.25966E-04  0.52664E-04 -0.30980E+00  0.60589E-02 -0.30932E+00 
  100.00  0.18936E+00 -0.93375E+00  0.40122E-04  0.69809E-04  0.99467E+00 -0.21825E-04  0.49721E-04 -0.34135E+00  0.57167E-02 -0.34076E+00 
  101.00  0.18482E+00 -0.92176E+00  0.46466E-04  0.84822E-04  0.99458E+00 -0.17089E-04  0.45379E-04 -0.37223E+00  0.53298E-02 -0.37153E+00 
  102.00  0.18113E+00 -0.90890E+00  0.52770E-04  0.96244E-04  0.99451E+00 -0.12930E-04  0.38810E-04 -0.40240E+00  0.49554E-02 -0.40160E+00 
  103.00  0.17830E+00 -0.89521E+00  0.58647E-04  0.10286E-03  0.99445E+00 -0.10313E-04  0.29565E-04 -0.43184E+00  0.46378E-02 -0.43093E+00 
  104.00  0.17625E+00 -0.88076E+00  0.63737E-04  0.10434E-03  0.99440E+00 -0.97482E-05  0.17720E-04 -0.46050E+00  0.44011E-02 -0.45949E+00 
  105.00  0.17486E+00 -0.86560E+00  0.67701E-04  0.10130E-03  0.99436E+00 -0.11188E-04  0.38523E-05 -0.48832E+00  0.42476E-02 -0.48721E+00 
  106.00  0.17402E+00 -0.84981E+00  0.70209E-04  0.95071E-04  0.99434E+00 -0.14090E-04 -0.11115E-04 -0.51526E+00  0.41621E-02 -0.51405E+00 
  107.00  0.17362E+00 -0.83347E+00  0.70941E-04  0.87335E-04  0.99432E+00 -0.17602E-04 -0.26137E-04 -0.54128E+00  0.41198E-02 -0.53997E+00 
  108.00  0.17359E+00 -0.81664E+00  0.69618E-04  0.79699E-04  0.99432E+00 -0.20793E-04 -0.40255E-04 -0.56633E+00  0.40940E-02 -0.56493E+00 
  109.00  0.17392E+00 -0.79940E+00  0.66058E-04  0.73352E-04  0.99432E+00 -0.22868E-04 -0.52766E-04 -0.59042E+00  0.40630E-02 -0.58891E+00 
  110.00  0.17459E+00 -0.78182E+00  0.60231E-04  0.68870E-04  0.99434E+00 -0.23313E-04 -0.63309E-04 -0.61354E+00  0.40142E-02 -0.61194E+00 
  111.00  0.17561E+00 -0.76394E+00  0.52307E-04  0.66185E-04  0.99436E+00 -0.21958E-04 -0.71879E-04 -0.63571E+00  0.39443E-02 -0.63401E+00 
  112.00  0.17696E+00 -0.74580E+00  0.42646E-04  0.64728E-04  0.99439E+00 -0.18953E-04 -0.78773E-04 -0.65695E+00  0.38583E-02 -0.65517E+00 
  113.00  0.17859E+00 -0.72743E+00  0.31764E-04  0.63681E-04  0.99444E+00 -0.14680E-04 -0.84487E-04 -0.67730E+00  0.37665E-02 -0.67543E+00 
  114.00  0.18044E+00 -0.70886E+00  0.20238E-04  0.62251E-04  0.99449E+00 -0.96327E-05 -0.89584E-04 -0.69679E+00  0.36802E-02 -0.69484E+00 
  115.00  0.18241E+00 -0.69011E+00  0.86196E-05  0.59906E-04  0.99454E+00 -0.43014E-05 -0.94573E-04 -0.71544E+00  0.36090E-02 -0.71342E+00 
  116.00  0.18439E+00 -0.67122E+00 -0.26580E-05  0.56501E-04  0.99459E+00  0.90445E-06 -0.99804E-04 -0.73327E+00  0.35584E-02 -0.73118E+00 
  117.00  0.18627E+00 -0.65222E+00 -0.13326E-04  0.52296E-04  0.99464E+00  0.56937E-05 -0.10541E-03 -0.75030E+00  0.35293E-02 -0.74814E+00 
  118.00  0.18795E+00 -0.63314E+00 -0.23290E-04  0.47877E-04  0.99469E+00  0.98925E-05 -0.11130E-03 -0.76653E+00  0.35181E-02 -0.76431E+00 
  119.00  0.18936E+00 -0.61402E+00 -0.32604E-04  0.44009E-04  0.99473E+00  0.13421E-04 -0.11715E-03 -0.78198E+00  0.35181E-02 -0.77970E+00 
  120.00  0.19045E+00 -0.59491E+00 -0.41411E-04  0.41484E-04  0.99477E+00  0.16263E-04 -0.12248E-03 -0.79667E+00  0.35207E-02 -0.79433E+00 
  121.00  0.19121E+00 -0.57584E+00 -0.49879E-04  0.40966E-04  0.99481E+00  0.18438E-04 -0.12674E-03 -0.81060E+00  0.35168E-02 -0.80820E+00 
  122.00  0.19166E+00 -0.55685E+00 -0.58125E-04  0.42874E-04  0.99483E+00  0.19989E-04 -0.12933E-03 -0.82379E+00  0.34981E-02 -0.82134E+00 
  123.00  0.19183E+00 -0.53797E+00 -0.66171E-04  0.47315E-04  0.99486E+00  0.20967E-04 -0.12976E-03 -0.83628E+00  0.34574E-02 -0.83377E+00 
  124.00  0.19179E+00 -0.51923E+00 -0.73903E-04  0.54060E-04  0.99488E+00  0.21436E-04 -0.12770E-03 -0.84806E+00  0.33892E-02 -0.84550E+00 
  125.00  0.19159E+00 -0.50066E+00 -0.81071E-04  0.62574E-04  0.99489E+00  0.21468E-04 -0.12303E-03 -0.85918E+00  0.32900E-02 -0.85655E+00 
  126.00  0.19130E+00 -0.48228E+00 -0.87317E-04  0.72086E-04  0.99489E+00  0.21146E-04 -0.11587E-03 -0.86965E+00  0.31584E-02 -0.86695E+00 
  127.00  0.19097E+00 -0.46413E+00 -0.92219E-04  0.81697E-04  0.99490E+00  0.20559E-04 -0.10661E-03 -0.87949E+00  0.29945E-02 -0.87673E+00 
  128.00  0.19066E+00 -0.44622E+00 -0.95360E-04  0.90492E-04  0.99489E+00  0.19805E-04 -0.95825E-04 -0.88872E+00  0.28002E-02 -0.88589E+00 
  129.00  0.19039E+00 -0.42857E+00 -0.96395E-04  0.97655E-04  0.99489E+00  0.18982E-04 -0.84251E-04 -0.89738E+00  0.25785E-02 -0.89447E+00 
  130.00  0.19019E+00 -0.41120E+00 -0.95112E-04  0.10256E-03  0.99487E+00  0.18184E-04 -0.72683E-04 -0.90548E+00  0.23337E-02 -0.90249E+00 
  131.00  0.19009E+00 -0.39415E+00 -0.91472E-04  0.10482E-03  0.99486E+00  0.17496E-04 -0.61886E-04 -0.91304E+00  0.20708E-02 -0.90996E+00 
  132.00  0.19009E+00 -0.37741E+00 -0.85625E-04  0.10430E-03  0.99484E+00  0.16984E-04 -0.52511E-04 -0.92008E+00  0.17954E-02 -0.91693E+00 
  133.00  0.19020E+00 -0.36101E+00 -0.77896E-04  0.10110E-03  0.99483E+00  0.16691E-04 -0.45019E-04 -0.92664E+00  0.15132E-02 -0.92341E+00 
  134.00  0.19042E+00 -0.34497E+00 -0.68753E-04  0.95489E-04  0.99481E+00  0.16627E-04 -0.39642E-04 -0.93274E+00  0.12299E-02 -0.92942E+00 
  135.00  0.19076E+00 -0.32928E+00 -0.58754E-04  0.87846E-04  0.99480E+00  0.16772E-04 -0.36366E-04 -0.93839E+00  0.95084E-03 -0.93499E+00 
  136.00  0.19121E+00 -0.31398E+00 -0.48486E-04  0.78601E-04  0.99479E+00  0.17073E-04 -0.34950E-04 -0.94363E+00  0.68076E-03 -0.94015E+00 
  137.00  0.19177E+00 -0.29906E+00 -0.38506E-04  0.68175E-04  0.99479E+00  0.17449E-04 -0.34972E-04 -0.94847E+00  0.42366E-03 -0.94493E+00 
  138.00  0.19244E+00 -0.28452E+00 -0.29283E-04  0.56950E-04  0.99479E+00  0.17805E-04 -0.35900E-04 -0.95295E+00  0.18270E-03 -0.94934E+00 
  139.00  0.19322E+00 -0.27038E+00 -0.21159E-04  0.45243E-04  0.99480E+00  0.18043E-04 -0.37167E-04 -0.95708E+00 -0.39785E-04 -0.95340E+00 
  140.00  0.19411E+00 -0.25665E+00 -0.14327E-04  0.33301E-04  0.99482E+00  0.18070E-04 -0.38243E-04 -0.96088E+00 -0.24212E-03 -0.95715E+00 
  141.00  0.19509E+00 -0.24331E+00 -0.88280E-05  0.21294E-04  0.99483E+00  0.17815E-04 -0.38693E-04 -0.96437E+00 -0.42316E-03 -0.96059E+00 
  142.00  0.19616E+00 -0.23037E+00 -0.45686E-05  0.93265E-05  0.99486E+00  0.17238E-04 -0.38218E-04 -0.96758E+00 -0.58211E-03 -0.96376E+00 
  143.00  0.19730E+00 -0.21783E+00 -0.13573E-05 -0.25556E-05  0.99489E+00  0.16329E-04 -0.36665E-04 -0.97052E+00 -0.71837E-03 -0.96666E+00 
  144.00  0.19851E+00 -0.20568E+00  0.10524E-05 -0.14349E-04  0.99492E+00  0.15116E-04 -0.34023E-04 -0.97321E+00 -0.83156E-03 -0.96931E+00 
  145.00  0.19976E+00 -0.19393E+00  0.29164E-05 -0.26076E-04  0.99495E+00  0.13655E-04 -0.30415E-04 -0.97566E+00 -0.92156E-03 -0.97173E+00 
  146.00  0.20103E+00 -0.18256E+00  0.44615E-05 -0.37762E-04  0.99499E+00  0.12022E-04 -0.26062E-04 -0.97790E+00 -0.98862E-03 -0.97393E+00 
  147.00  0.20231E+00 -0.17157E+00  0.58586E-05 -0.49425E-04  0.99502E+00  0.10307E-04 -0.21260E-04 -0.97993E+00 -0.10335E-02 -0.97594E+00 
  148.00  0.20358E+00 -0.16095E+00  0.72107E-05 -0.61061E-04  0.99505E+00  0.85963E-05 -0.16348E-04 -0.98177E+00 -0.10578E-02 -0.97775E+00 
  149.00  0.20482E+00 -0.15070E+00  0.85537E-05 -0.72643E-04  0.99508E+00  0.69666E-05 -0.11668E-04 -0.98344E+00 -0.10635E-02 -0.97938E+00 
  150.00  0.20602E+00 -0.14081E+00  0.98671E-05 -0.84127E-04  0.99511E+00  0.54790E-05 -0.75354E-05 -0.98493E+00 -0.10535E-02 -0.98085E+00 
  151.00  0.20716E+00 -0.13127E+00  0.11091E-04 -0.95463E-04  0.99514E+00  0.41752E-05 -0.42017E-05 -0.98628E+00 -0.10310E-02 -0.98217E+00 
  152.00  0.20823E+00 -0.12209E+00  0.12142E-04 -0.10660E-03  0.99516E+00  0.30780E-05 -0.18285E-05 -0.98749E+00 -0.99967E-03 -0.98334E+00 
  153.00  0.20924E+00 -0.11325E+00  0.12937E-04 -0.11751E-03  0.99518E+00  0.21936E-05 -0.47142E-06 -0.98856E+00 -0.96286E-03 -0.98438E+00 
  154.00  0.21016E+00 -0.10475E+00  0.13401E-04 -0.12819E-03  0.99519E+00  0.15144E-05 -0.79007E-07 -0.98951E+00 -0.92385E-03 -0.98530E+00 
  155.00  0.21101E+00 -0.96593E-01  0.13484E-04 -0.13865E-03  0.99520E+00  0.10219E-05 -0.50746E-06 -0.99036E+00 -0.88529E-03 -0.98611E+00 
  156.00  0.21178E+00 -0.88775E-01  0.13170E-04 -0.14893E-03  0.99520E+00  0.68941E-06 -0.15484E-05 -0.99110E+00 -0.84912E-03 -0.98681E+00 
  157.00  0.21248E+00 -0.81294E-01  0.12472E-04 -0.15908E-03  0.99520E+00  0.48584E-06 -0.29638E-05 -0.99175E+00 -0.81645E-03 -0.98742E+00 
  158.00  0.21311E+00 -0.74153E-01  0.11433E-04 -0.16916E-03  0.99520E+00  0.37908E-06 -0.45199E-05 -0.99231E+00 -0.78752E-03 -0.98794E+00 
  159.00  0.21368E+00 -0.67353E-01  0.10115E-04 -0.17922E-03  0.99520E+00  0.33985E-06 -0.60145E-05 -0.99279E+00 -0.76181E-03 -0.98838E+00 
  160.00  0.21419E+00 -0.60897E-01  0.85881E-05 -0.18928E-03  0.99518E+00  0.34447E-06 -0.72921E-05 -0.99321E+00 -0.73811E-03 -0.98875E+00 
  161.00  0.21464E+00 -0.54785E-01  0.69253E-05 -0.19937E-03  0.99517E+00  0.37577E-06 -0.82490E-05 -0.99356E+00 -0.71481E-03 -0.98905E+00 
  162.00  0.21505E+00 -0.49017E-01  0.51959E-05 -0.20950E-03  0.99515E+00  0.42192E-06 -0.88288E-05 -0.99385E+00 -0.69007E-03 -0.98929E+00 
  163.00  0.21542E+00 -0.43593E-01  0.34676E-05 -0.21965E-03  0.99513E+00  0.47365E-06 -0.90149E-05 -0.99409E+00 -0.66208E-03 -0.98948E+00 
  164.00  0.21575E+00 -0.38507E-01  0.18095E-05 -0.22979E-03  0.99511E+00  0.52165E-06 -0.88236E-05 -0.99428E+00 -0.62935E-03 -0.98962E+00 
  165.00  0.21605E+00 -0.33756E-01  0.29252E-06 -0.23988E-03  0.99508E+00  0.55531E-06 -0.82982E-05 -0.99444E+00 -0.59085E-03 -0.98973E+00 
  166.00  0.21632E+00 -0.29334E-01 -0.10149E-05 -0.24981E-03  0.99506E+00  0.56389E-06 -0.75049E-05 -0.99456E+00 -0.54624E-03 -0.98979E+00 
  167.00  0.21656E+00 -0.25235E-01 -0.20558E-05 -0.25951E-03  0.99503E+00  0.53957E-06 -0.65272E-05 -0.99465E+00 -0.49588E-03 -0.98983E+00 
  168.00  0.21678E+00 -0.21452E-01 -0.27959E-05 -0.26884E-03  0.99499E+00  0.48073E-06 -0.54579E-05 -0.99471E+00 -0.44087E-03 -0.98984E+00 
  169.00  0.21698E+00 -0.17981E-01 -0.32310E-05 -0.27769E-03  0.99496E+00  0.39374E-06 -0.43880E-05 -0.99475E+00 -0.38288E-03 -0.98983E+00 
  170.00  0.21716E+00 -0.14820E-01 -0.33876E-05 -0.28596E-03  0.99493E+00  0.29186E-06 -0.33949E-05 -0.99478E+00 -0.32397E-03 -0.98980E+00 
  171.00  0.21732E+00 -0.11965E-01 -0.33137E-05 -0.29357E-03  0.99489E+00  0.19148E-06 -0.25325E-05 -0.99479E+00 -0.26632E-03 -0.98976E+00 
  172.00  0.21747E+00 -0.94169E-02 -0.30656E-05 -0.30048E-03  0.99486E+00  0.10713E-06 -0.18269E-05 -0.99479E+00 -0.21193E-03 -0.98971E+00 
  173.00  0.21759E+00 -0.71768E-02 -0.26956E-05 -0.30667E-03  0.99483E+00  0.47317E-07 -0.12781E-05 -0.99478E+00 -0.16243E-03 -0.98965E+00 
  174.00  0.21771E+00 -0.52453E-02 -0.22451E-05 -0.31212E-03  0.99479E+00  0.12913E-07 -0.86741E-06 -0.99476E+00 -0.11894E-03 -0.98959E+00 
  175.00  0.21780E+00 -0.36220E-02 -0.17481E-05 -0.31684E-03  0.99475E+00 -0.14758E-08 -0.56684E-06 -0.99474E+00 -0.82128E-04 -0.98952E+00 
  176.00  0.21789E+00 -0.23049E-02 -0.12387E-05 -0.32079E-03  0.99472E+00 -0.40951E-08 -0.34890E-06 -0.99471E+00 -0.52217E-04 -0.98945E+00 
  177.00  0.21795E+00 -0.12897E-02 -0.75900E-06 -0.32395E-03  0.99469E+00 -0.23718E-08 -0.19246E-06 -0.99469E+00 -0.29192E-04 -0.98939E+00 
  178.00  0.21800E+00 -0.57076E-03 -0.36000E-06 -0.32626E-03  0.99467E+00 -0.64689E-09 -0.85002E-07 -0.99467E+00 -0.12912E-04 -0.98934E+00 
  179.00  0.21803E+00 -0.14229E-03 -0.93735E-07 -0.32767E-03  0.99465E+00 -0.47856E-10 -0.21248E-07 -0.99465E+00 -0.32181E-05 -0.98931E+00 
  180.00  0.21804E+00 -0.35231E-14 -0.23555E-17 -0.32814E-03  0.99465E+00 -0.30995E-31 -0.52693E-18 -0.99465E+00 -0.79673E-16 -0.98930E+00 
 scattering matrix expansion coefficients
    w  a11         a22         a33         a23         a32         a44         a12         a34         a13         a24         a14
    0  0.1000E+01  0.0000E+00  0.0000E+00  0.0000E+00  0.0000E+00  0.7781E+00  0.0000E+00  0.0000E+00  0.0000E+00  0.0000E+00 -0.2339E-04
    1  0.2152E+01  0.0000E+00  0.0000E+00  0.0000E+00  0.0000E+00  0.2370E+01  0.0000E+00  0.0000E+00  0.0000E+00  0.0000E+00 -0.5554E-04
    2  0.2958E+01  0.2746E+00  0.3859E+01 -0.1299E-06 -0.3465E-04  0.2967E+01 -0.4462E+00  0.4629E-04  0.9076E-05  0.7171E-05 -0.7223E-04
    3  0.3320E+01  0.8108E-01  0.3781E+01  0.1560E-06 -0.1974E-04  0.3325E+01 -0.2619E+00 -0.2404E-02  0.1141E-04  0.2138E-04 -0.8490E-05
    4  0.3558E+01  0.3707E-01  0.3855E+01 -0.1110E-06 -0.1127E-04  0.3550E+01 -0.1622E+00 -0.3219E-02 -0.8082E-05 -0.1780E-04 -0.2697E-04
    5  0.3683E+01  0.1639E-01  0.3909E+01  0.5460E-07 -0.9691E-05  0.3672E+01 -0.1152E+00 -0.2723E-02  0.3692E-05 -0.8061E-05  0.1314E-04
    6  0.3705E+01  0.2820E-02  0.3894E+01 -0.9098E-08  0.1143E-05  0.3708E+01 -0.1100E+00 -0.3429E-02  0.6783E-05  0.1817E-04  0.1233E-04
    7  0.3675E+01 -0.2734E-03  0.3830E+01  0.1605E-07  0.6096E-05  0.3689E+01 -0.1052E+00 -0.3541E-02 -0.8300E-05  0.3623E-05  0.2972E-04
    8  0.3639E+01  0.9567E-02  0.3752E+01 -0.1222E-08  0.3448E-04  0.3632E+01 -0.7681E-01 -0.3839E-02  0.1124E-04  0.1726E-05  0.1707E-04
    9  0.3572E+01  0.6283E-02  0.3665E+01 -0.2080E-08  0.6286E-04  0.3561E+01 -0.5833E-01 -0.3766E-02  0.2973E-05  0.5208E-05 -0.2635E-04
   10  0.3461E+01 -0.6499E-02  0.3555E+01  0.8002E-07  0.7994E-04  0.3477E+01 -0.5810E-01 -0.4132E-02 -0.7775E-05 -0.1077E-04 -0.4743E-04
   11  0.3347E+01  0.5910E-02  0.3420E+01 -0.1187E-07  0.8870E-04  0.3341E+01 -0.4511E-01 -0.4793E-02  0.8633E-05 -0.6462E-05 -0.4473E-04
   12  0.3199E+01  0.6122E-02  0.3260E+01  0.1478E-07  0.8208E-04  0.3185E+01 -0.4151E-01 -0.3981E-02  0.6556E-06  0.1305E-04 -0.2290E-04
   13  0.3020E+01 -0.7361E-02  0.3085E+01 -0.3287E-07  0.6053E-04  0.3033E+01 -0.6293E-01 -0.2453E-02 -0.7960E-05  0.1263E-04  0.1145E-04
   14  0.2884E+01 -0.2182E-02  0.2932E+01 -0.4718E-07  0.3716E-04  0.2893E+01 -0.6505E-01 -0.1625E-02 -0.5218E-06  0.7934E-06  0.2145E-05
   15  0.2803E+01  0.4745E-02  0.2833E+01 -0.5354E-08  0.2318E-04  0.2798E+01 -0.3987E-01 -0.9215E-03  0.4049E-05 -0.6166E-05 -0.1981E-04
   16  0.2749E+01  0.1668E-02  0.2774E+01  0.1747E-07  0.1303E-04  0.2748E+01 -0.1687E-01  0.1376E-03  0.5073E-05 -0.8992E-05 -0.9135E-05
   17  0.2701E+01  0.6848E-03  0.2725E+01  0.2497E-07  0.2351E-05  0.2702E+01 -0.1651E-02  0.1308E-02  0.3616E-05  0.2720E-05  0.3496E-05
   18  0.2637E+01  0.2832E-02  0.2658E+01  0.2595E-07 -0.1718E-04  0.2632E+01  0.8006E-02  0.1999E-02 -0.1165E-05  0.1023E-05 -0.1005E-04
   19  0.2535E+01  0.1128E-02  0.2559E+01 -0.1466E-07 -0.4017E-04  0.2531E+01  0.4379E-02  0.2340E-02 -0.1023E-05 -0.8258E-05 -0.4169E-04
   20  0.2403E+01 -0.1616E-02  0.2429E+01  0.2984E-07 -0.4998E-04  0.2405E+01 -0.9383E-02  0.2650E-02 -0.3654E-05 -0.5540E-05 -0.6412E-04
   21  0.2267E+01 -0.1815E-02  0.2291E+01  0.3847E-07 -0.5291E-04  0.2270E+01 -0.1894E-01  0.2702E-02 -0.1917E-05 -0.4442E-05 -0.5829E-04
   22  0.2145E+01 -0.4233E-03  0.2164E+01  0.2460E-07 -0.5263E-04  0.2146E+01 -0.1807E-01  0.2254E-02  0.1196E-05  0.4066E-05 -0.4400E-04
   23  0.2040E+01  0.1108E-02  0.2055E+01 -0.1164E-07 -0.4305E-04  0.2039E+01 -0.1253E-01  0.1561E-02 -0.4815E-06  0.6555E-05 -0.3766E-04
   24  0.1947E+01  0.5456E-03  0.1960E+01 -0.2394E-07 -0.2943E-04  0.1946E+01 -0.1005E-01  0.8618E-03  0.5968E-06 -0.2797E-05 -0.3308E-04
   25  0.1863E+01 -0.3730E-03  0.1875E+01 -0.2207E-07 -0.2166E-04  0.1864E+01 -0.1083E-01  0.1088E-03 -0.1173E-06 -0.6009E-05 -0.3584E-04
   26  0.1792E+01  0.4408E-04  0.1802E+01 -0.1384E-07 -0.1534E-04  0.1792E+01 -0.1129E-01 -0.4424E-03 -0.2536E-05 -0.2825E-05 -0.3513E-04
   27  0.1734E+01 -0.7080E-03  0.1743E+01  0.2770E-08 -0.2329E-05  0.1735E+01 -0.9812E-02 -0.6715E-03 -0.9914E-07  0.1009E-05 -0.1425E-04
   28  0.1685E+01 -0.1048E-02  0.1694E+01  0.4677E-08  0.8729E-05  0.1688E+01 -0.3113E-02 -0.7918E-03  0.3855E-05  0.4791E-05  0.7855E-05
   29  0.1637E+01  0.1457E-02  0.1643E+01  0.2883E-10  0.4568E-05  0.1634E+01  0.8110E-02 -0.7456E-03  0.4783E-05  0.4812E-05  0.1080E-04
   30  0.1568E+01  0.2436E-02  0.1575E+01  0.4775E-08 -0.1405E-04  0.1563E+01  0.1262E-01 -0.2032E-03  0.1007E-05 -0.5402E-06  0.4517E-05
   31  0.1471E+01 -0.3267E-03  0.1481E+01  0.1165E-07 -0.3698E-04  0.1471E+01  0.4183E-02  0.6522E-03 -0.4915E-05 -0.3709E-05  0.4071E-05
   32  0.1361E+01 -0.1823E-02  0.1372E+01  0.6530E-08 -0.5296E-04  0.1364E+01 -0.6919E-02  0.1241E-02 -0.6637E-05 -0.5301E-06  0.9916E-05
   33  0.1260E+01 -0.2192E-03  0.1268E+01  0.8370E-09 -0.5617E-04  0.1260E+01 -0.1093E-01  0.1444E-02 -0.2782E-05  0.2473E-05  0.1613E-04
   34  0.1175E+01  0.4572E-03  0.1181E+01  0.7053E-09 -0.5280E-04  0.1174E+01 -0.1099E-01  0.1604E-02  0.1068E-05  0.1539E-06  0.1919E-04
   35  0.1108E+01 -0.8507E-03  0.1114E+01  0.7537E-09 -0.5454E-04  0.1110E+01 -0.1071E-01  0.1899E-02  0.5081E-06 -0.3005E-05  0.2189E-04
   36  0.1061E+01 -0.9203E-03  0.1066E+01  0.1699E-08 -0.6255E-04  0.1064E+01 -0.6141E-02  0.2228E-02 -0.2313E-05 -0.1721E-05  0.2907E-04
   37  0.1028E+01  0.9363E-03  0.1031E+01 -0.7617E-09 -0.6573E-04  0.1027E+01  0.3198E-02  0.2508E-02 -0.3250E-05  0.1082E-05  0.3896E-04
   38  0.9913E+00  0.1822E-02  0.9931E+00 -0.4251E-08 -0.5613E-04  0.9876E+00  0.8797E-02  0.2723E-02 -0.1300E-05  0.5645E-06  0.4494E-04
   39  0.9406E+00  0.3694E-03  0.9440E+00 -0.2321E-08 -0.3811E-04  0.9394E+00  0.4796E-02  0.2773E-02  0.1524E-05 -0.2172E-05  0.4628E-04
   40  0.8819E+00 -0.1425E-02  0.8871E+00  0.1412E-08 -0.2202E-04  0.8844E+00 -0.2949E-02  0.2564E-02  0.2749E-05 -0.3007E-05  0.4915E-04
   41  0.8272E+00 -0.1445E-02  0.8321E+00  0.1838E-08 -0.1404E-04  0.8303E+00 -0.4250E-02  0.2230E-02  0.1694E-05 -0.7654E-06  0.5739E-04
   42  0.7785E+00  0.1490E-04  0.7819E+00 -0.4012E-12 -0.1321E-04  0.7790E+00  0.3217E-02  0.2088E-02 -0.4753E-06  0.1920E-05  0.6665E-04
   43  0.7236E+00  0.1250E-02  0.7262E+00 -0.1504E-08 -0.1472E-04  0.7215E+00  0.1239E-01  0.2324E-02 -0.2043E-05  0.2862E-05  0.6997E-04
   44  0.6477E+00  0.1269E-02  0.6510E+00 -0.1175E-08 -0.1460E-04  0.6450E+00  0.1514E-01  0.2799E-02 -0.2265E-05  0.2056E-05  0.6461E-04
   45  0.5457E+00  0.4200E-03  0.5506E+00  0.1145E-09 -0.1175E-04  0.5445E+00  0.9498E-02  0.3167E-02 -0.1473E-05  0.7346E-06  0.5309E-04
   46  0.4270E+00 -0.4281E-03  0.4329E+00  0.5508E-09 -0.7395E-05  0.4275E+00 -0.4543E-03  0.3163E-02 -0.5187E-06 -0.1541E-06  0.3979E-04
   47  0.3084E+00 -0.7657E-03  0.3141E+00 -0.1634E-09 -0.3295E-05  0.3097E+00 -0.9172E-02  0.2756E-02  0.1125E-06 -0.4729E-06  0.2789E-04
   48  0.2053E+00 -0.6255E-03  0.2099E+00 -0.9664E-09 -0.5492E-06  0.2065E+00 -0.1351E-01  0.2110E-02  0.3107E-06 -0.4618E-06  0.1855E-04
   49  0.1262E+00 -0.2959E-03  0.1294E+00 -0.8847E-09  0.7402E-06  0.1269E+00 -0.1347E-01  0.1434E-02  0.2642E-06 -0.3547E-06  0.1173E-04
   50  0.7182E-01 -0.1659E-04  0.7368E-01 -0.1668E-09  0.1031E-05  0.7200E-01 -0.1081E-01  0.8752E-03  0.1402E-06 -0.2511E-06  0.7007E-05
   51  0.3795E-01  0.1252E-03  0.3891E-01  0.5229E-09  0.8473E-06  0.3783E-01 -0.7424E-02  0.4839E-03  0.4639E-07 -0.1720E-06  0.3915E-05
   52  0.1868E-01  0.1527E-03  0.1911E-01  0.7764E-09  0.5481E-06  0.1847E-01 -0.4503E-02  0.2444E-03  0.3633E-09 -0.1099E-06  0.2034E-05
   53  0.8596E-02  0.1226E-03  0.8761E-02  0.6561E-09  0.3017E-06  0.8410E-02 -0.2457E-02  0.1136E-03 -0.1202E-07 -0.6479E-07  0.9750E-06
   54  0.3707E-02  0.7937E-04  0.3760E-02  0.4119E-09  0.1475E-06  0.3581E-02 -0.1221E-02  0.4887E-04 -0.1141E-07 -0.3459E-07  0.4321E-06
   55  0.1503E-02  0.4428E-04  0.1515E-02  0.2005E-09  0.6575E-07  0.1430E-02 -0.5584E-03  0.1958E-04 -0.7413E-08 -0.1706E-07  0.1790E-06
   56  0.5739E-03  0.2197E-04  0.5744E-03  0.7718E-10  0.2703E-07  0.5370E-03 -0.2364E-03  0.7338E-05 -0.4046E-08 -0.7825E-08  0.7054E-07
   57  0.2070E-03  0.9873E-05  0.2055E-03  0.2238E-10  0.1006E-07  0.1902E-03 -0.9317E-04  0.2585E-05 -0.1694E-08 -0.3276E-08  0.2697E-07
   58  0.7066E-04  0.4067E-05  0.6956E-04  0.3196E-11  0.3358E-08  0.6364E-04 -0.3436E-04  0.8592E-06 -0.5588E-09 -0.1254E-08  0.9857E-08
   59  0.2288E-04  0.1549E-05  0.2232E-04 -0.1228E-11  0.1040E-08  0.2018E-04 -0.1190E-04  0.2707E-06 -0.1485E-09 -0.4356E-09  0.3410E-08
   60  0.7048E-05  0.5487E-06  0.6809E-05 -0.1295E-11  0.3367E-09  0.6083E-05 -0.3887E-05  0.8141E-07 -0.4501E-10 -0.1564E-09  0.1111E-08
   61  0.2074E-05  0.1819E-06  0.1984E-05 -0.6821E-12  0.1261E-09  0.1751E-05 -0.1203E-05  0.2355E-07 -0.2254E-10 -0.6450E-10  0.3661E-09
   62  0.5871E-06  0.5679E-07  0.5567E-06 -0.2726E-12  0.5184E-10  0.4860E-06 -0.3553E-06  0.6657E-08 -0.1197E-10 -0.2910E-10  0.1282E-09
   63  0.1610E-06  0.1685E-07  0.1514E-06 -0.9921E-13  0.1990E-10  0.1309E-06 -0.1010E-06  0.1853E-08 -0.5305E-11 -0.1292E-10  0.4731E-10
   64  0.4444E-07  0.4853E-08  0.4157E-07 -0.3197E-13  0.7381E-11  0.3575E-07 -0.2837E-07  0.5349E-09 -0.2084E-11 -0.4291E-11  0.1564E-10
   65  0.1167E-07  0.1349E-08  0.1083E-07 -0.7973E-14  0.2586E-11  0.9251E-08 -0.7672E-08  0.1439E-09 -0.7192E-12 -0.1363E-11  0.4817E-11
   66  0.3508E-08  0.4033E-09  0.3260E-08 -0.1446E-14  0.7395E-12  0.2784E-08 -0.2290E-08  0.4696E-10 -0.2160E-12 -0.1504E-12  0.1143E-11
   67  0.7873E-09  0.1002E-09  0.7202E-09 -0.2231E-15  0.2219E-12  0.6081E-09 -0.5410E-09  0.9811E-11 -0.6033E-13 -0.1328E-12  0.5149E-12
   68  0.2961E-09  0.3712E-10  0.2722E-09  0.9933E-16  0.3189E-13  0.2292E-09 -0.1991E-09  0.4106E-11 -0.1530E-13 -0.7068E-14  0.1212E-12
   69  0.5107E-10  0.7233E-11  0.4576E-10  0.8856E-16  0.1869E-13  0.3819E-10 -0.3624E-10  0.6205E-12 -0.6591E-14 -0.1821E-13  0.5479E-13
   70  0.2707E-10  0.3829E-11  0.2450E-10  0.2586E-16  0.8195E-14  0.2012E-10 -0.1891E-10  0.3680E-12 -0.3891E-14 -0.1384E-14  0.9329E-14
   71  0.3284E-11  0.5071E-12  0.2904E-11  0.5791E-17  0.3532E-14  0.2366E-11 -0.2381E-11  0.4264E-13 -0.1468E-14 -0.1109E-14  0.2675E-14
   72  0.1759E-11  0.2781E-12  0.1559E-11  0.2005E-17  0.8967E-15  0.1243E-11 -0.1284E-11  0.2338E-13 -0.4136E-15 -0.1898E-15  0.6173E-15
   73  0.7826E-13  0.1308E-13  0.6781E-13  0.8382E-18  0.1361E-15  0.5466E-13 -0.5827E-13  0.1052E-14 -0.6109E-16 -0.3322E-16  0.7168E-16
   74  0.7732E-13  0.1407E-13  0.6823E-13  0.1518E-18  0.1584E-16  0.5201E-13 -0.5954E-13  0.9885E-15 -0.8117E-17 -0.1483E-16  0.3202E-16
