 input file is 
mstm17_256_6398_23_00226.inp  
 input file comments follow:
***********************************************************
  This is the default mstm input file for v.3.0.
  The run is for a 7-sphere cluster of identical spheres.   The positions
  are embedded in the input file.

  The run makes use of the new_run and multiple_run options.

  14 April 2013
***********************************************************
 number of processors:
   1
 input parameters for run number 
    1
 number of spheres, volume size parameter:
  256  0.40625E+01
 position file:
position/n256/a17.out                                       
 output file:
output/256/x6398/23/00226/mt_17_256_6398_23_00226.dat       
 length, ref. indx. scale factors:
   0.640   2.300   0.023
 chiral factors:
  0.00000E+00  0.00000E+00
 scattering matrix directions based on incident frame
 automatic scattering angle calculation
 thetamin, thetamax:
      0.0    180.0
 number scattering angles:
      181
 epsmie, epssoln, max number iterations:
  0.1000E-05  0.1000E-07 5000
 medium refractive index:
  1.0000  0.0000
 target euler rotation angles:
    0.0000    0.0000    0.0000
 far field kr, iterations/correction:
 -0.1000E+01   20
 plane wave incidence
 random orientation calculations
 t matrix calculated, stored in file 
tmatrixfiles/1725663982300226                               
 t matrix convergence epsilon:
  0.1000E-06
 all spheres excited (total T matrix) 
 calculation results for run 
    1
 total ext, abs, scat efficiencies, w.r.t. xv, and asym. parm
  0.76484E+01  0.25435E+00  0.73940E+01  0.68367E+00
 scattering matrix elements (normalized w/ S11)
   theta      11           12           13           14           22           23           24           33           34           44      
    0.00  0.76475E+02  0.00000E+00  0.00000E+00 -0.61435E-03  0.99921E+00  0.26461E-03  0.00000E+00  0.99921E+00  0.00000E+00  0.99861E+00 
    1.00  0.74168E+02 -0.32336E-03 -0.15752E-06 -0.59683E-03  0.99917E+00  0.27146E-03  0.11461E-06  0.99917E+00 -0.39215E-03  0.99854E+00 
    2.00  0.67778E+02 -0.13207E-02 -0.79779E-06 -0.55060E-03  0.99905E+00  0.29079E-03  0.30987E-06  0.99905E+00 -0.16275E-02  0.99832E+00 
    3.00  0.58704E+02 -0.30645E-02 -0.24196E-05 -0.49624E-03  0.99884E+00  0.31716E-03  0.12623E-06  0.99883E+00 -0.38648E-02  0.99793E+00 
    4.00  0.48736E+02 -0.56330E-02 -0.57708E-05 -0.47198E-03  0.99855E+00  0.33536E-03 -0.11934E-05  0.99850E+00 -0.72832E-02  0.99736E+00 
    5.00  0.39483E+02 -0.90099E-02 -0.11477E-04 -0.53173E-03  0.99818E+00  0.31283E-03 -0.44705E-05  0.99806E+00 -0.11884E-01  0.99663E+00 
    6.00  0.31953E+02 -0.12928E-01 -0.19178E-04 -0.72466E-03  0.99777E+00  0.19897E-03 -0.98690E-05  0.99753E+00 -0.17182E-01  0.99580E+00 
    7.00  0.26424E+02 -0.16804E-01 -0.26627E-04 -0.10528E-02  0.99736E+00 -0.51925E-04 -0.15864E-04  0.99698E+00 -0.22079E-01  0.99496E+00 
    8.00  0.22591E+02 -0.19990E-01 -0.30207E-04 -0.14467E-02  0.99700E+00 -0.43709E-03 -0.19127E-04  0.99647E+00 -0.25377E-01  0.99422E+00 
    9.00  0.19876E+02 -0.22216E-01 -0.27283E-04 -0.18084E-02  0.99667E+00 -0.88658E-03 -0.16205E-04  0.99602E+00 -0.26644E-01  0.99359E+00 
   10.00  0.17739E+02 -0.23714E-01 -0.18009E-04 -0.20835E-02  0.99634E+00 -0.12946E-02 -0.54030E-05  0.99560E+00 -0.26414E-01  0.99300E+00 
   11.00  0.15847E+02 -0.24961E-01 -0.50129E-05 -0.22782E-02  0.99596E+00 -0.15601E-02  0.12767E-04  0.99518E+00 -0.25603E-01  0.99239E+00 
   12.00  0.14093E+02 -0.26434E-01  0.79365E-05 -0.24260E-02  0.99551E+00 -0.16073E-02  0.35907E-04  0.99472E+00 -0.24925E-01  0.99170E+00 
   13.00  0.12503E+02 -0.28505E-01  0.17376E-04 -0.25494E-02  0.99498E+00 -0.14048E-02  0.60015E-04  0.99423E+00 -0.24656E-01  0.99094E+00 
   14.00  0.11127E+02 -0.31395E-01  0.21862E-04 -0.26432E-02  0.99438E+00 -0.99005E-03  0.80382E-04  0.99369E+00 -0.24670E-01  0.99009E+00 
   15.00  0.99674E+01 -0.35116E-01  0.23348E-04 -0.26860E-02  0.99371E+00 -0.47119E-03  0.93697E-04  0.99310E+00 -0.24645E-01  0.98914E+00 
   16.00  0.89814E+01 -0.39478E-01  0.26768E-04 -0.26678E-02  0.99298E+00  0.18888E-04  0.10024E-03  0.99242E+00 -0.24344E-01  0.98806E+00 
   17.00  0.81104E+01 -0.44180E-01  0.37514E-04 -0.26078E-02  0.99218E+00  0.38999E-03  0.10419E-03  0.99161E+00 -0.23797E-01  0.98679E+00 
   18.00  0.73173E+01 -0.48946E-01  0.58469E-04 -0.25446E-02  0.99131E+00  0.63032E-03  0.11157E-03  0.99064E+00 -0.23249E-01  0.98533E+00 
   19.00  0.65956E+01 -0.53618E-01  0.88271E-04 -0.25043E-02  0.99039E+00  0.79317E-03  0.12713E-03  0.98951E+00 -0.22962E-01  0.98370E+00 
   20.00  0.59569E+01 -0.58196E-01  0.12163E-03 -0.24702E-02  0.98942E+00  0.95304E-03  0.15161E-03  0.98826E+00 -0.23003E-01  0.98194E+00 
   21.00  0.54091E+01 -0.62811E-01  0.15196E-03 -0.23771E-02  0.98840E+00  0.11566E-02  0.18064E-03  0.98693E+00 -0.23139E-01  0.98011E+00 
   22.00  0.49447E+01 -0.67647E-01  0.17551E-03 -0.21443E-02  0.98731E+00  0.13949E-02  0.20688E-03  0.98554E+00 -0.22932E-01  0.97818E+00 
   23.00  0.45427E+01 -0.72837E-01  0.19401E-03 -0.17301E-02  0.98611E+00  0.16160E-02  0.22454E-03  0.98405E+00 -0.21984E-01  0.97612E+00 
   24.00  0.41808E+01 -0.78388E-01  0.21369E-03 -0.11677E-02  0.98478E+00  0.17656E-02  0.23323E-03  0.98241E+00 -0.20152E-01  0.97383E+00 
   25.00  0.38447E+01 -0.84194E-01  0.24129E-03 -0.55680E-03  0.98330E+00  0.18250E-02  0.23833E-03  0.98055E+00 -0.17590E-01  0.97126E+00 
   26.00  0.35313E+01 -0.90088E-01  0.27969E-03 -0.22063E-04  0.98167E+00  0.18184E-02  0.24780E-03  0.97843E+00 -0.14613E-01  0.96837E+00 
   27.00  0.32433E+01 -0.95916E-01  0.32580E-03  0.34060E-03  0.97990E+00  0.17903E-02  0.26733E-03  0.97606E+00 -0.11508E-01  0.96515E+00 
   28.00  0.29830E+01 -0.10160E+00  0.37201E-03  0.50321E-03  0.97797E+00  0.17646E-02  0.29626E-03  0.97345E+00 -0.83875E-02  0.96159E+00 
   29.00  0.27486E+01 -0.10718E+00  0.41091E-03  0.50887E-03  0.97587E+00  0.17135E-02  0.32714E-03  0.97062E+00 -0.51702E-02  0.95770E+00 
   30.00  0.25360E+01 -0.11285E+00  0.44053E-03  0.43695E-03  0.97358E+00  0.15584E-02  0.34947E-03  0.96758E+00 -0.17282E-02  0.95350E+00 
   31.00  0.23411E+01 -0.11895E+00  0.46650E-03  0.35690E-03  0.97114E+00  0.12069E-02  0.35548E-03  0.96431E+00  0.19081E-02  0.94901E+00 
   32.00  0.21623E+01 -0.12590E+00  0.49957E-03  0.30364E-03  0.96864E+00  0.60573E-03  0.34443E-03  0.96081E+00  0.54254E-02  0.94432E+00 
   33.00  0.19996E+01 -0.13412E+00  0.54933E-03  0.28467E-03  0.96615E+00 -0.22000E-03  0.32319E-03  0.95702E+00  0.82927E-02  0.93945E+00 
   34.00  0.18532E+01 -0.14381E+00  0.61703E-03  0.30315E-03  0.96372E+00 -0.11659E-02  0.30323E-03  0.95289E+00  0.10010E-01  0.93437E+00 
   35.00  0.17209E+01 -0.15481E+00  0.69141E-03  0.37118E-03  0.96127E+00 -0.20929E-02  0.29598E-03  0.94836E+00  0.10401E-01  0.92893E+00 
   36.00  0.15989E+01 -0.16653E+00  0.75059E-03  0.49995E-03  0.95864E+00 -0.28923E-02  0.30946E-03  0.94336E+00  0.97492E-02  0.92296E+00 
   37.00  0.14833E+01 -0.17818E+00  0.76960E-03  0.67544E-03  0.95563E+00 -0.35312E-02  0.34806E-03  0.93789E+00  0.86702E-02  0.91631E+00 
   38.00  0.13716E+01 -0.18896E+00  0.73001E-03  0.84249E-03  0.95209E+00 -0.40497E-02  0.41409E-03  0.93194E+00  0.78092E-02  0.90892E+00 
   39.00  0.12645E+01 -0.19848E+00  0.62843E-03  0.91339E-03  0.94801E+00 -0.45189E-02  0.50833E-03  0.92556E+00  0.75415E-02  0.90087E+00 
   40.00  0.11642E+01 -0.20686E+00  0.48114E-03  0.80140E-03  0.94351E+00 -0.49858E-02  0.62798E-03  0.91878E+00  0.78109E-02  0.89229E+00 
   41.00  0.10739E+01 -0.21482E+00  0.32244E-03  0.46277E-03  0.93879E+00 -0.54335E-02  0.76362E-03  0.91157E+00  0.81667E-02  0.88327E+00 
   42.00  0.99552E+00 -0.22339E+00  0.19431E-03 -0.79026E-04  0.93407E+00 -0.57759E-02  0.89930E-03  0.90387E+00  0.79892E-02  0.87382E+00 
   43.00  0.92932E+00 -0.23347E+00  0.12954E-03 -0.74821E-03  0.92953E+00 -0.58935E-02  0.10191E-02  0.89563E+00  0.68065E-02  0.86394E+00 
   44.00  0.87399E+00 -0.24537E+00  0.13682E-03 -0.14639E-02  0.92528E+00 -0.56919E-02  0.11178E-02  0.88693E+00  0.45240E-02  0.85371E+00 
   45.00  0.82730E+00 -0.25866E+00  0.19719E-03 -0.21832E-02  0.92135E+00 -0.51491E-02  0.12083E-02  0.87801E+00  0.14276E-02  0.84338E+00 
   46.00  0.78689E+00 -0.27242E+00  0.27419E-03 -0.29059E-02  0.91773E+00 -0.43277E-02  0.13180E-02  0.86918E+00 -0.20174E-02  0.83333E+00 
   47.00  0.75086E+00 -0.28570E+00  0.33116E-03 -0.36397E-02  0.91439E+00 -0.33507E-02  0.14747E-02  0.86069E+00 -0.54207E-02  0.82388E+00 
   48.00  0.71805E+00 -0.29794E+00  0.34620E-03 -0.43563E-02  0.91126E+00 -0.23616E-02  0.16875E-02  0.85255E+00 -0.86147E-02  0.81510E+00 
   49.00  0.68810E+00 -0.30916E+00  0.31845E-03 -0.49753E-02  0.90823E+00 -0.14855E-02  0.19356E-02  0.84457E+00 -0.11632E-01  0.80673E+00 
   50.00  0.66125E+00 -0.31986E+00  0.26446E-03 -0.53908E-02  0.90523E+00 -0.80339E-03  0.21704E-02  0.83640E+00 -0.14557E-01  0.79832E+00 
   51.00  0.63790E+00 -0.33071E+00  0.20774E-03 -0.55281E-02  0.90221E+00 -0.33895E-03  0.23344E-02  0.82773E+00 -0.17356E-01  0.78943E+00 
   52.00  0.61826E+00 -0.34228E+00  0.16667E-03 -0.53963E-02  0.89920E+00 -0.60002E-04  0.23892E-02  0.81846E+00 -0.19803E-01  0.77984E+00 
   53.00  0.60188E+00 -0.35473E+00  0.14674E-03 -0.50999E-02  0.89625E+00  0.10843E-03  0.23369E-02  0.80870E+00 -0.21556E-01  0.76965E+00 
   54.00  0.58767E+00 -0.36788E+00  0.14035E-03 -0.47955E-02  0.89337E+00  0.26142E-03  0.22217E-02  0.79869E+00 -0.22344E-01  0.75909E+00 
   55.00  0.57418E+00 -0.38135E+00  0.13317E-03 -0.46213E-02  0.89050E+00  0.48929E-03  0.21095E-02  0.78857E+00 -0.22125E-01  0.74835E+00 
   56.00  0.56012E+00 -0.39480E+00  0.11273E-03 -0.46394E-02  0.88750E+00  0.85845E-03  0.20577E-02  0.77828E+00 -0.21130E-01  0.73737E+00 
   57.00  0.54487E+00 -0.40812E+00  0.74739E-04 -0.48207E-02  0.88422E+00  0.14011E-02  0.20919E-02  0.76759E+00 -0.19761E-01  0.72591E+00 
   58.00  0.52859E+00 -0.42140E+00  0.25610E-04 -0.50681E-02  0.88059E+00  0.21127E-02  0.21992E-02  0.75615E+00 -0.18431E-01  0.71363E+00 
   59.00  0.51206E+00 -0.43484E+00 -0.18780E-04 -0.52620E-02  0.87663E+00  0.29550E-02  0.23369E-02  0.74370E+00 -0.17407E-01  0.70028E+00 
   60.00  0.49615E+00 -0.44864E+00 -0.37701E-04 -0.53065E-02  0.87245E+00  0.38682E-02  0.24536E-02  0.73013E+00 -0.16739E-01  0.68584E+00 
   61.00  0.48135E+00 -0.46276E+00 -0.12913E-04 -0.51592E-02  0.86818E+00  0.47910E-02  0.25132E-02  0.71553E+00 -0.16312E-01  0.67051E+00 
   62.00  0.46755E+00 -0.47698E+00  0.63209E-04 -0.48318E-02  0.86388E+00  0.56840E-02  0.25103E-02  0.70008E+00 -0.15985E-01  0.65458E+00 
   63.00  0.45415E+00 -0.49092E+00  0.18185E-03 -0.43665E-02  0.85949E+00  0.65426E-02  0.24700E-02  0.68396E+00 -0.15752E-01  0.63828E+00 
   64.00  0.44050E+00 -0.50416E+00  0.31673E-03 -0.38058E-02  0.85490E+00  0.73925E-02  0.24329E-02  0.66724E+00 -0.15795E-01  0.62170E+00 
   65.00  0.42623E+00 -0.51648E+00  0.42878E-03 -0.31758E-02  0.84998E+00  0.82654E-02  0.24366E-02  0.64994E+00 -0.16407E-01  0.60477E+00 
   66.00  0.41149E+00 -0.52781E+00  0.47643E-03 -0.24909E-02  0.84471E+00  0.91679E-02  0.25018E-02  0.63206E+00 -0.17821E-01  0.58738E+00 
   67.00  0.39689E+00 -0.53836E+00  0.43062E-03 -0.17723E-02  0.83918E+00  0.10056E-01  0.26279E-02  0.61367E+00 -0.20021E-01  0.56948E+00 
   68.00  0.38317E+00 -0.54845E+00  0.29138E-03 -0.10654E-02  0.83362E+00  0.10826E-01  0.27965E-02  0.59493E+00 -0.22657E-01  0.55112E+00 
   69.00  0.37087E+00 -0.55844E+00  0.98129E-04 -0.44131E-03  0.82827E+00  0.11341E-01  0.29805E-02  0.57603E+00 -0.25130E-01  0.53242E+00 
   70.00  0.36021E+00 -0.56861E+00 -0.74822E-04  0.21863E-04  0.82329E+00  0.11471E-01  0.31526E-02  0.55710E+00 -0.26847E-01  0.51346E+00 
   71.00  0.35100E+00 -0.57910E+00 -0.14004E-03  0.27039E-03  0.81873E+00  0.11148E-01  0.32900E-02  0.53810E+00 -0.27516E-01  0.49423E+00 
   72.00  0.34290E+00 -0.58989E+00 -0.28051E-04  0.30133E-03  0.81455E+00  0.10391E-01  0.33732E-02  0.51884E+00 -0.27312E-01  0.47459E+00 
   73.00  0.33557E+00 -0.60092E+00  0.28581E-03  0.17074E-03  0.81066E+00  0.93111E-02  0.33818E-02  0.49902E+00 -0.26814E-01  0.45437E+00 
   74.00  0.32886E+00 -0.61209E+00  0.76949E-03 -0.18633E-04  0.80702E+00  0.80736E-02  0.32930E-02  0.47841E+00 -0.26761E-01  0.43343E+00 
   75.00  0.32278E+00 -0.62332E+00  0.13417E-02 -0.14466E-03  0.80364E+00  0.68581E-02  0.30851E-02  0.45689E+00 -0.27734E-01  0.41175E+00 
   76.00  0.31740E+00 -0.63452E+00  0.18965E-02 -0.98805E-04  0.80051E+00  0.58098E-02  0.27456E-02  0.43452E+00 -0.29911E-01  0.38945E+00 
   77.00  0.31271E+00 -0.64551E+00  0.23380E-02  0.18550E-03  0.79757E+00  0.50065E-02  0.22785E-02  0.41146E+00 -0.33019E-01  0.36669E+00 
   78.00  0.30853E+00 -0.65600E+00  0.26093E-02  0.71874E-03  0.79468E+00  0.44497E-02  0.17063E-02  0.38792E+00 -0.36474E-01  0.34366E+00 
   79.00  0.30459E+00 -0.66564E+00  0.27053E-02  0.14595E-02  0.79164E+00  0.40849E-02  0.10649E-02  0.36410E+00 -0.39670E-01  0.32046E+00 
   80.00  0.30056E+00 -0.67405E+00  0.26633E-02  0.23323E-02  0.78825E+00  0.38376E-02  0.39417E-03  0.34009E+00 -0.42237E-01  0.29712E+00 
   81.00  0.29623E+00 -0.68099E+00  0.25390E-02  0.32491E-02  0.78442E+00  0.36494E-02 -0.27008E-03  0.31593E+00 -0.44177E-01  0.27365E+00 
   82.00  0.29158E+00 -0.68635E+00  0.23808E-02  0.41259E-02  0.78022E+00  0.34974E-02 -0.89944E-03  0.29166E+00 -0.45820E-01  0.25011E+00 
   83.00  0.28675E+00 -0.69022E+00  0.22132E-02  0.48920E-02  0.77588E+00  0.33912E-02 -0.14709E-02  0.26733E+00 -0.47656E-01  0.22659E+00 
   84.00  0.28202E+00 -0.69286E+00  0.20333E-02  0.54941E-02  0.77173E+00  0.33536E-02 -0.19622E-02  0.24303E+00 -0.50116E-01  0.20326E+00 
   85.00  0.27760E+00 -0.69464E+00  0.18224E-02  0.58965E-02  0.76807E+00  0.33927E-02 -0.23483E-02  0.21888E+00 -0.53393E-01  0.18029E+00 
   86.00  0.27364E+00 -0.69589E+00  0.15629E-02  0.60818E-02  0.76509E+00  0.34825E-02 -0.26021E-02  0.19493E+00 -0.57375E-01  0.15775E+00 
   87.00  0.27009E+00 -0.69683E+00  0.12541E-02  0.60503E-02  0.76278E+00  0.35610E-02 -0.26995E-02  0.17121E+00 -0.61708E-01  0.13562E+00 
   88.00  0.26684E+00 -0.69755E+00  0.91688E-03  0.58184E-02  0.76099E+00  0.35477E-02 -0.26274E-02  0.14765E+00 -0.65948E-01  0.11376E+00 
   89.00  0.26373E+00 -0.69800E+00  0.58677E-03  0.54173E-02  0.75947E+00  0.33728E-02 -0.23917E-02  0.12415E+00 -0.69728E-01  0.91987E-01 
   90.00  0.26067E+00 -0.69813E+00  0.29829E-03  0.48916E-02  0.75801E+00  0.30059E-02 -0.20221E-02  0.10061E+00 -0.72856E-01  0.70146E-01 
   91.00  0.25770E+00 -0.69790E+00  0.69029E-04  0.42971E-02  0.75650E+00  0.24722E-02 -0.15715E-02  0.76995E-01 -0.75314E-01  0.48170E-01 
   92.00  0.25497E+00 -0.69737E+00 -0.10972E-03  0.36979E-02  0.75498E+00  0.18510E-02 -0.11093E-02  0.53319E-01 -0.77196E-01  0.26114E-01 
   93.00  0.25269E+00 -0.69666E+00 -0.27137E-03  0.31592E-02  0.75361E+00  0.12570E-02 -0.70850E-03  0.29654E-01 -0.78604E-01  0.41202E-02 
   94.00  0.25103E+00 -0.69592E+00 -0.46118E-03  0.27370E-02  0.75257E+00  0.80683E-03 -0.42811E-03  0.60856E-02 -0.79565E-01 -0.17638E-01 
   95.00  0.25007E+00 -0.69519E+00 -0.71699E-03  0.24663E-02  0.75197E+00  0.58508E-03 -0.29714E-03 -0.17333E-01 -0.80008E-01 -0.39037E-01 
   96.00  0.24972E+00 -0.69435E+00 -0.10516E-02  0.23530E-02  0.75181E+00  0.61940E-03 -0.30548E-03 -0.40615E-01 -0.79790E-01 -0.60057E-01 
   97.00  0.24976E+00 -0.69314E+00 -0.14451E-02  0.23734E-02  0.75195E+00  0.87636E-03 -0.40642E-03 -0.63850E-01 -0.78779E-01 -0.80799E-01 
   98.00  0.24987E+00 -0.69118E+00 -0.18496E-02  0.24808E-02  0.75214E+00  0.12768E-02 -0.52957E-03 -0.87174E-01 -0.76927E-01 -0.10145E+00 
   99.00  0.24973E+00 -0.68806E+00 -0.22042E-02  0.26191E-02  0.75213E+00  0.17225E-02 -0.59918E-03 -0.11073E+00 -0.74322E-01 -0.12223E+00 
  100.00  0.24908E+00 -0.68342E+00 -0.24534E-02  0.27354E-02  0.75171E+00  0.21224E-02 -0.55177E-03 -0.13464E+00 -0.71196E-01 -0.14332E+00 
  101.00  0.24779E+00 -0.67707E+00 -0.25621E-02  0.27918E-02  0.75078E+00  0.24112E-02 -0.34931E-03 -0.15895E+00 -0.67890E-01 -0.16482E+00 
  102.00  0.24586E+00 -0.66895E+00 -0.25250E-02  0.27722E-02  0.74934E+00  0.25578E-02  0.13444E-04 -0.18362E+00 -0.64801E-01 -0.18672E+00 
  103.00  0.24344E+00 -0.65922E+00 -0.23681E-02  0.26849E-02  0.74751E+00  0.25640E-02  0.50742E-03 -0.20855E+00 -0.62314E-01 -0.20891E+00 
  104.00  0.24074E+00 -0.64817E+00 -0.21416E-02  0.25603E-02  0.74551E+00  0.24570E-02  0.10734E-02 -0.23356E+00 -0.60739E-01 -0.23118E+00 
  105.00  0.23800E+00 -0.63618E+00 -0.19081E-02  0.24443E-02  0.74358E+00  0.22785E-02  0.16313E-02 -0.25844E+00 -0.60254E-01 -0.25326E+00 
  106.00  0.23546E+00 -0.62370E+00 -0.17264E-02  0.23881E-02  0.74193E+00  0.20723E-02  0.20946E-02 -0.28296E+00 -0.60879E-01 -0.27487E+00 
  107.00  0.23327E+00 -0.61109E+00 -0.16375E-02  0.24362E-02  0.74072E+00  0.18741E-02  0.23853E-02 -0.30694E+00 -0.62476E-01 -0.29579E+00 
  108.00  0.23152E+00 -0.59863E+00 -0.16551E-02  0.26161E-02  0.74005E+00  0.17059E-02  0.24488E-02 -0.33022E+00 -0.64779E-01 -0.31582E+00 
  109.00  0.23023E+00 -0.58648E+00 -0.17650E-02  0.29316E-02  0.73990E+00  0.15739E-02  0.22624E-02 -0.35271E+00 -0.67448E-01 -0.33490E+00 
  110.00  0.22935E+00 -0.57467E+00 -0.19321E-02  0.33628E-02  0.74021E+00  0.14724E-02  0.18373E-02 -0.37439E+00 -0.70133E-01 -0.35299E+00 
  111.00  0.22881E+00 -0.56311E+00 -0.21119E-02  0.38707E-02  0.74086E+00  0.13890E-02  0.12141E-02 -0.39523E+00 -0.72517E-01 -0.37018E+00 
  112.00  0.22849E+00 -0.55169E+00 -0.22626E-02  0.44055E-02  0.74172E+00  0.13101E-02  0.45324E-03 -0.41527E+00 -0.74356E-01 -0.38653E+00 
  113.00  0.22831E+00 -0.54026E+00 -0.23548E-02  0.49162E-02  0.74270E+00  0.12250E-02 -0.37531E-03 -0.43451E+00 -0.75491E-01 -0.40215E+00 
  114.00  0.22819E+00 -0.52868E+00 -0.23757E-02  0.53586E-02  0.74371E+00  0.11277E-02 -0.12026E-02 -0.45298E+00 -0.75846E-01 -0.41713E+00 
  115.00  0.22807E+00 -0.51685E+00 -0.23280E-02  0.57012E-02  0.74469E+00  0.10168E-02 -0.19681E-02 -0.47067E+00 -0.75427E-01 -0.43150E+00 
  116.00  0.22789E+00 -0.50468E+00 -0.22261E-02  0.59281E-02  0.74562E+00  0.89441E-03 -0.26250E-02 -0.48758E+00 -0.74301E-01 -0.44530E+00 
  117.00  0.22762E+00 -0.49213E+00 -0.20899E-02  0.60387E-02  0.74647E+00  0.76430E-03 -0.31421E-02 -0.50370E+00 -0.72587E-01 -0.45853E+00 
  118.00  0.22727E+00 -0.47916E+00 -0.19382E-02  0.60455E-02  0.74725E+00  0.63075E-03 -0.35038E-02 -0.51902E+00 -0.70443E-01 -0.47116E+00 
  119.00  0.22682E+00 -0.46580E+00 -0.17851E-02  0.59706E-02  0.74796E+00  0.49759E-03 -0.37082E-02 -0.53356E+00 -0.68048E-01 -0.48317E+00 
  120.00  0.22629E+00 -0.45205E+00 -0.16375E-02  0.58414E-02  0.74864E+00  0.36784E-03 -0.37650E-02 -0.54734E+00 -0.65588E-01 -0.49454E+00 
  121.00  0.22572E+00 -0.43797E+00 -0.14953E-02  0.56865E-02  0.74928E+00  0.24368E-03 -0.36918E-02 -0.56039E+00 -0.63242E-01 -0.50525E+00 
  122.00  0.22514E+00 -0.42364E+00 -0.13541E-02  0.55325E-02  0.74993E+00  0.12651E-03 -0.35114E-02 -0.57277E+00 -0.61166E-01 -0.51532E+00 
  123.00  0.22460E+00 -0.40915E+00 -0.12082E-02  0.54009E-02  0.75063E+00  0.17188E-04 -0.32488E-02 -0.58454E+00 -0.59480E-01 -0.52475E+00 
  124.00  0.22416E+00 -0.39463E+00 -0.10536E-02  0.53068E-02  0.75140E+00 -0.83715E-04 -0.29290E-02 -0.59574E+00 -0.58258E-01 -0.53357E+00 
  125.00  0.22387E+00 -0.38021E+00 -0.89137E-03  0.52583E-02  0.75228E+00 -0.17551E-03 -0.25749E-02 -0.60643E+00 -0.57522E-01 -0.54183E+00 
  126.00  0.22378E+00 -0.36601E+00 -0.72836E-03  0.52566E-02  0.75332E+00 -0.25698E-03 -0.22058E-02 -0.61665E+00 -0.57244E-01 -0.54957E+00 
  127.00  0.22392E+00 -0.35215E+00 -0.57759E-03  0.52976E-02  0.75452E+00 -0.32609E-03 -0.18366E-02 -0.62644E+00 -0.57349E-01 -0.55685E+00 
  128.00  0.22434E+00 -0.33871E+00 -0.45667E-03  0.53738E-02  0.75591E+00 -0.38004E-03 -0.14780E-02 -0.63583E+00 -0.57734E-01 -0.56371E+00 
  129.00  0.22503E+00 -0.32574E+00 -0.38541E-03  0.54771E-02  0.75746E+00 -0.41566E-03 -0.11371E-02 -0.64484E+00 -0.58276E-01 -0.57019E+00 
  130.00  0.22598E+00 -0.31325E+00 -0.38282E-03  0.56002E-02  0.75916E+00 -0.43031E-03 -0.81804E-03 -0.65348E+00 -0.58853E-01 -0.57633E+00 
  131.00  0.22718E+00 -0.30122E+00 -0.46424E-03  0.57385E-02  0.76098E+00 -0.42274E-03 -0.52329E-03 -0.66177E+00 -0.59358E-01 -0.58215E+00 
  132.00  0.22859E+00 -0.28959E+00 -0.63902E-03  0.58894E-02  0.76287E+00 -0.39400E-03 -0.25404E-03 -0.66970E+00 -0.59705E-01 -0.58766E+00 
  133.00  0.23018E+00 -0.27830E+00 -0.90925E-03  0.60521E-02  0.76480E+00 -0.34772E-03 -0.10441E-04 -0.67728E+00 -0.59837E-01 -0.59285E+00 
  134.00  0.23190E+00 -0.26729E+00 -0.12694E-02  0.62260E-02  0.76672E+00 -0.29000E-03  0.20880E-03 -0.68450E+00 -0.59727E-01 -0.59773E+00 
  135.00  0.23373E+00 -0.25647E+00 -0.17074E-02  0.64092E-02  0.76862E+00 -0.22862E-03  0.40684E-03 -0.69136E+00 -0.59374E-01 -0.60228E+00 
  136.00  0.23561E+00 -0.24579E+00 -0.22056E-02  0.65984E-02  0.77046E+00 -0.17208E-03  0.58896E-03 -0.69788E+00 -0.58798E-01 -0.60650E+00 
  137.00  0.23754E+00 -0.23520E+00 -0.27432E-02  0.67886E-02  0.77224E+00 -0.12851E-03  0.76251E-03 -0.70407E+00 -0.58037E-01 -0.61041E+00 
  138.00  0.23947E+00 -0.22466E+00 -0.32982E-02  0.69742E-02  0.77393E+00 -0.10466E-03  0.93625E-03 -0.70995E+00 -0.57137E-01 -0.61402E+00 
  139.00  0.24139E+00 -0.21414E+00 -0.38487E-02  0.71498E-02  0.77555E+00 -0.10525E-03  0.11195E-02 -0.71556E+00 -0.56146E-01 -0.61737E+00 
  140.00  0.24329E+00 -0.20362E+00 -0.43751E-02  0.73115E-02  0.77709E+00 -0.13253E-03  0.13210E-02 -0.72095E+00 -0.55112E-01 -0.62049E+00 
  141.00  0.24518E+00 -0.19313E+00 -0.48610E-02  0.74570E-02  0.77858E+00 -0.18598E-03  0.15483E-02 -0.72615E+00 -0.54072E-01 -0.62342E+00 
  142.00  0.24704E+00 -0.18266E+00 -0.52937E-02  0.75858E-02  0.78004E+00 -0.26236E-03  0.18062E-02 -0.73120E+00 -0.53051E-01 -0.62618E+00 
  143.00  0.24888E+00 -0.17226E+00 -0.56648E-02  0.76989E-02  0.78147E+00 -0.35578E-03  0.20971E-02 -0.73611E+00 -0.52063E-01 -0.62879E+00 
  144.00  0.25073E+00 -0.16195E+00 -0.59699E-02  0.77985E-02  0.78290E+00 -0.45819E-03  0.24195E-02 -0.74090E+00 -0.51107E-01 -0.63127E+00 
  145.00  0.25259E+00 -0.15179E+00 -0.62078E-02  0.78884E-02  0.78434E+00 -0.56017E-03  0.27679E-02 -0.74558E+00 -0.50175E-01 -0.63361E+00 
  146.00  0.25448E+00 -0.14182E+00 -0.63796E-02  0.79733E-02  0.78581E+00 -0.65214E-03  0.31326E-02 -0.75015E+00 -0.49253E-01 -0.63582E+00 
  147.00  0.25641E+00 -0.13207E+00 -0.64870E-02  0.80599E-02  0.78729E+00 -0.72571E-03  0.35000E-02 -0.75458E+00 -0.48319E-01 -0.63790E+00 
  148.00  0.25840E+00 -0.12260E+00 -0.65311E-02  0.81559E-02  0.78879E+00 -0.77507E-03  0.38534E-02 -0.75889E+00 -0.47356E-01 -0.63983E+00 
  149.00  0.26045E+00 -0.11343E+00 -0.65113E-02  0.82697E-02  0.79028E+00 -0.79782E-03  0.41744E-02 -0.76307E+00 -0.46343E-01 -0.64162E+00 
  150.00  0.26258E+00 -0.10460E+00 -0.64258E-02  0.84090E-02  0.79177E+00 -0.79514E-03  0.44451E-02 -0.76709E+00 -0.45260E-01 -0.64323E+00 
  151.00  0.26479E+00 -0.96138E-01 -0.62717E-02  0.85807E-02  0.79323E+00 -0.77113E-03  0.46494E-02 -0.77095E+00 -0.44092E-01 -0.64467E+00 
  152.00  0.26709E+00 -0.88077E-01 -0.60469E-02  0.87890E-02  0.79464E+00 -0.73159E-03  0.47747E-02 -0.77462E+00 -0.42822E-01 -0.64588E+00 
  153.00  0.26946E+00 -0.80440E-01 -0.57518E-02  0.90362E-02  0.79599E+00 -0.68255E-03  0.48127E-02 -0.77808E+00 -0.41441E-01 -0.64686E+00 
  154.00  0.27193E+00 -0.73242E-01 -0.53907E-02  0.93225E-02  0.79726E+00 -0.62913E-03  0.47594E-02 -0.78130E+00 -0.39944E-01 -0.64756E+00 
  155.00  0.27447E+00 -0.66483E-01 -0.49720E-02  0.96462E-02  0.79844E+00 -0.57489E-03  0.46153E-02 -0.78426E+00 -0.38331E-01 -0.64796E+00 
  156.00  0.27708E+00 -0.60151E-01 -0.45083E-02  0.10004E-01  0.79951E+00 -0.52184E-03  0.43849E-02 -0.78693E+00 -0.36612E-01 -0.64805E+00 
  157.00  0.27975E+00 -0.54219E-01 -0.40145E-02  0.10390E-01  0.80045E+00 -0.47092E-03  0.40765E-02 -0.78931E+00 -0.34798E-01 -0.64783E+00 
  158.00  0.28246E+00 -0.48652E-01 -0.35072E-02  0.10797E-01  0.80127E+00 -0.42265E-03  0.37024E-02 -0.79140E+00 -0.32907E-01 -0.64731E+00 
  159.00  0.28520E+00 -0.43413E-01 -0.30026E-02  0.11215E-01  0.80196E+00 -0.37754E-03  0.32779E-02 -0.79321E+00 -0.30957E-01 -0.64649E+00 
  160.00  0.28795E+00 -0.38466E-01 -0.25164E-02  0.11628E-01  0.80252E+00 -0.33632E-03  0.28214E-02 -0.79476E+00 -0.28967E-01 -0.64541E+00 
  161.00  0.29071E+00 -0.33780E-01 -0.20624E-02  0.12022E-01  0.80296E+00 -0.29966E-03  0.23526E-02 -0.79607E+00 -0.26953E-01 -0.64409E+00 
  162.00  0.29347E+00 -0.29335E-01 -0.16529E-02  0.12379E-01  0.80328E+00 -0.26788E-03  0.18912E-02 -0.79716E+00 -0.24928E-01 -0.64256E+00 
  163.00  0.29621E+00 -0.25124E-01 -0.12978E-02  0.12684E-01  0.80349E+00 -0.24059E-03  0.14553E-02 -0.79807E+00 -0.22906E-01 -0.64085E+00 
  164.00  0.29896E+00 -0.21150E-01 -0.10038E-02  0.12926E-01  0.80359E+00 -0.21661E-03  0.10600E-02 -0.79881E+00 -0.20898E-01 -0.63897E+00 
  165.00  0.30170E+00 -0.17429E-01 -0.77362E-03  0.13096E-01  0.80360E+00 -0.19421E-03  0.71571E-03 -0.79940E+00 -0.18915E-01 -0.63694E+00 
  166.00  0.30445E+00 -0.13988E-01 -0.60534E-03  0.13192E-01  0.80352E+00 -0.17157E-03  0.42826E-03 -0.79986E+00 -0.16968E-01 -0.63476E+00 
  167.00  0.30720E+00 -0.10854E-01 -0.49187E-03  0.13218E-01  0.80337E+00 -0.14741E-03  0.19888E-03 -0.80021E+00 -0.15067E-01 -0.63241E+00 
  168.00  0.30995E+00 -0.80567E-02 -0.42179E-03  0.13180E-01  0.80316E+00 -0.12141E-03  0.25037E-04 -0.80047E+00 -0.13221E-01 -0.62992E+00 
  169.00  0.31271E+00 -0.56156E-02 -0.38088E-03  0.13090E-01  0.80289E+00 -0.94419E-04 -0.98468E-04 -0.80064E+00 -0.11440E-01 -0.62727E+00 
  170.00  0.31546E+00 -0.35461E-02 -0.35448E-03  0.12962E-01  0.80260E+00 -0.68198E-04 -0.17829E-03 -0.80076E+00 -0.97342E-02 -0.62449E+00 
  171.00  0.31818E+00 -0.18585E-02 -0.32999E-03  0.12806E-01  0.80228E+00 -0.44867E-04 -0.22150E-03 -0.80082E+00 -0.81140E-02 -0.62158E+00 
  172.00  0.32086E+00 -0.56050E-03 -0.29893E-03  0.12635E-01  0.80195E+00 -0.26198E-04 -0.23492E-03 -0.80085E+00 -0.65921E-02 -0.61856E+00 
  173.00  0.32346E+00  0.34545E-03 -0.25796E-03  0.12458E-01  0.80162E+00 -0.13043E-04 -0.22487E-03 -0.80085E+00 -0.51832E-02 -0.61548E+00 
  174.00  0.32596E+00  0.86980E-03 -0.20846E-03  0.12282E-01  0.80131E+00 -0.51374E-05 -0.19731E-03 -0.80081E+00 -0.39041E-02 -0.61239E+00 
  175.00  0.32831E+00  0.10476E-02 -0.15512E-03  0.12115E-01  0.80101E+00 -0.13106E-05 -0.15814E-03 -0.80073E+00 -0.27731E-02 -0.60937E+00 
  176.00  0.33041E+00  0.94785E-03 -0.10383E-03  0.11963E-01  0.80076E+00 -0.60600E-08 -0.11351E-03 -0.80063E+00 -0.18101E-02 -0.60655E+00 
  177.00  0.33220E+00  0.67367E-03 -0.59895E-04  0.11834E-01  0.80054E+00  0.16212E-06 -0.69748E-04 -0.80050E+00 -0.10348E-02 -0.60410E+00 
  178.00  0.33357E+00  0.34931E-03 -0.26929E-04  0.11735E-01  0.80039E+00  0.59265E-07 -0.33014E-04 -0.80038E+00 -0.46549E-03 -0.60217E+00 
  179.00  0.33444E+00  0.95401E-04 -0.67582E-05  0.11672E-01  0.80029E+00  0.48390E-08 -0.85713E-05 -0.80029E+00 -0.11724E-03 -0.60094E+00 
  180.00  0.33473E+00  0.24337E-14 -0.16762E-15  0.11650E-01  0.80026E+00  0.32171E-29 -0.21513E-15 -0.80026E+00 -0.29131E-14 -0.60052E+00 
 scattering matrix expansion coefficients
    w  a11         a22         a33         a23         a32         a44         a12         a34         a13         a24         a14
    0  0.1000E+01  0.0000E+00  0.0000E+00  0.0000E+00  0.0000E+00  0.7454E+00  0.0000E+00  0.0000E+00  0.0000E+00  0.0000E+00 -0.4587E-03
    1  0.2051E+01  0.0000E+00  0.0000E+00  0.0000E+00  0.0000E+00  0.2235E+01  0.0000E+00  0.0000E+00  0.0000E+00  0.0000E+00 -0.4631E-02
    2  0.2897E+01  0.2561E+00  0.3686E+01 -0.8258E-07  0.3635E-03  0.2863E+01 -0.3439E+00 -0.2776E-01 -0.1019E-03  0.5701E-03 -0.3519E-02
    3  0.3261E+01  0.3574E-01  0.3689E+01 -0.1889E-07 -0.2307E-02  0.3266E+01 -0.1572E+00  0.3855E-02  0.1062E-02  0.1150E-02 -0.4643E-02
    4  0.3467E+01  0.2621E-01  0.3786E+01 -0.6893E-07 -0.3801E-03  0.3442E+01 -0.1179E+00 -0.1277E-01 -0.3223E-03  0.1109E-02 -0.3925E-02
    5  0.3445E+01 -0.3752E-02  0.3726E+01  0.1026E-06  0.1881E-02  0.3463E+01 -0.1228E+00 -0.1749E-01  0.7263E-03 -0.3607E-03 -0.6037E-02
    6  0.3358E+01  0.1216E-01  0.3567E+01 -0.1648E-06  0.1303E-02  0.3351E+01 -0.1185E+00 -0.3634E-01  0.2611E-04  0.2825E-03 -0.6816E-02
    7  0.3199E+01  0.2451E-02  0.3364E+01 -0.3400E-07 -0.1524E-02  0.3195E+01 -0.1079E+00 -0.4228E-01  0.1422E-02 -0.7686E-03 -0.6570E-02
    8  0.3027E+01  0.9537E-03  0.3157E+01  0.2429E-06 -0.4880E-02  0.3026E+01 -0.1050E+00 -0.6099E-01 -0.2928E-03  0.1060E-02 -0.3702E-02
    9  0.2871E+01  0.8489E-03  0.2966E+01 -0.1047E-07 -0.5169E-02  0.2869E+01 -0.9911E-01 -0.7654E-01 -0.3531E-03  0.6102E-03 -0.9939E-03
   10  0.2754E+01  0.2891E-02  0.2822E+01 -0.1953E-07 -0.3079E-02  0.2747E+01 -0.7837E-01 -0.8851E-01  0.2235E-03 -0.4868E-03  0.3278E-03
   11  0.2644E+01 -0.5752E-03  0.2704E+01  0.1821E-06 -0.5729E-03  0.2643E+01 -0.6579E-01 -0.8863E-01 -0.3222E-03  0.1479E-03  0.1435E-02
   12  0.2539E+01  0.2483E-02  0.2587E+01 -0.8467E-07  0.9641E-03  0.2533E+01 -0.5723E-01 -0.8320E-01  0.1364E-03  0.6443E-03  0.2366E-02
   13  0.2416E+01  0.7029E-03  0.2460E+01 -0.1156E-06  0.2561E-02  0.2412E+01 -0.5493E-01 -0.7903E-01 -0.6338E-03  0.1542E-03  0.2410E-02
   14  0.2284E+01  0.4278E-04  0.2325E+01 -0.5646E-07  0.3848E-02  0.2283E+01 -0.5615E-01 -0.7561E-01 -0.1935E-03 -0.6423E-03  0.1576E-02
   15  0.2152E+01  0.1601E-03  0.2188E+01  0.6904E-07  0.5046E-02  0.2154E+01 -0.5969E-01 -0.6819E-01  0.2543E-03  0.9993E-05  0.2099E-02
   16  0.2036E+01 -0.8302E-03  0.2066E+01 -0.1035E-07  0.5459E-02  0.2041E+01 -0.5940E-01 -0.6672E-01  0.2756E-04 -0.3857E-03  0.2163E-02
   17  0.1948E+01  0.1119E-02  0.1970E+01  0.2286E-07  0.4565E-02  0.1947E+01 -0.4605E-01 -0.7043E-01 -0.5161E-04  0.1723E-03  0.2012E-02
   18  0.1873E+01  0.3937E-02  0.1890E+01 -0.1149E-08  0.3184E-02  0.1867E+01 -0.3459E-01 -0.6770E-01 -0.8826E-04  0.3354E-03  0.1413E-02
   19  0.1789E+01 -0.1232E-02  0.1809E+01  0.7519E-07  0.2556E-02  0.1793E+01 -0.4212E-01 -0.6441E-01 -0.1157E-03 -0.3441E-03  0.7585E-03
   20  0.1712E+01 -0.6783E-03  0.1730E+01  0.4934E-07  0.3355E-02  0.1718E+01 -0.4516E-01 -0.6596E-01 -0.8726E-04 -0.2978E-03  0.6358E-03
   21  0.1644E+01  0.2434E-02  0.1657E+01 -0.4387E-07  0.4186E-02  0.1643E+01 -0.3873E-01 -0.6508E-01 -0.3732E-04  0.2571E-03  0.5722E-03
   22  0.1574E+01  0.1668E-02  0.1586E+01  0.2173E-07  0.3773E-02  0.1573E+01 -0.3740E-01 -0.6365E-01 -0.2836E-03  0.8163E-04 -0.2618E-03
   23  0.1501E+01 -0.3234E-03  0.1514E+01 -0.3058E-07  0.3046E-02  0.1503E+01 -0.4197E-01 -0.6402E-01 -0.2842E-03 -0.4400E-03 -0.1042E-02
   24  0.1435E+01  0.6893E-03  0.1445E+01  0.4760E-07  0.2650E-02  0.1435E+01 -0.4177E-01 -0.6185E-01 -0.3922E-04 -0.1607E-03 -0.4117E-03
   25  0.1371E+01  0.9411E-03  0.1380E+01  0.3423E-07  0.2244E-02  0.1372E+01 -0.3976E-01 -0.5602E-01  0.3269E-03  0.9994E-04  0.6040E-03
   26  0.1309E+01  0.6197E-03  0.1318E+01  0.4568E-07  0.1424E-02  0.1312E+01 -0.3768E-01 -0.4994E-01  0.9424E-04 -0.1331E-03  0.8778E-03
   27  0.1252E+01  0.1191E-02  0.1260E+01 -0.2791E-07  0.6843E-03  0.1254E+01 -0.3256E-01 -0.4481E-01 -0.2171E-03 -0.1986E-03  0.6414E-03
   28  0.1197E+01  0.2119E-02  0.1204E+01  0.9449E-09  0.2761E-03  0.1198E+01 -0.2576E-01 -0.4030E-01 -0.1368E-03 -0.5264E-04  0.2885E-03
   29  0.1137E+01  0.1296E-02  0.1145E+01  0.1052E-07 -0.2407E-03  0.1139E+01 -0.2336E-01 -0.3657E-01 -0.7712E-04 -0.9023E-04 -0.2283E-03
   30  0.1074E+01  0.5437E-03  0.1082E+01  0.2359E-07 -0.8424E-03  0.1077E+01 -0.2348E-01 -0.3351E-01 -0.1381E-03 -0.1437E-03 -0.6641E-03
   31  0.1012E+01  0.1301E-02  0.1018E+01  0.7898E-08 -0.1267E-02  0.1013E+01 -0.2182E-01 -0.3040E-01 -0.1001E-03  0.1037E-04 -0.9481E-03
   32  0.9477E+00  0.1813E-02  0.9532E+00 -0.5070E-08 -0.1665E-02  0.9471E+00 -0.2054E-01 -0.2770E-01 -0.9277E-04  0.1324E-03 -0.1259E-02
   33  0.8801E+00  0.6605E-03  0.8859E+00 -0.1118E-07 -0.2040E-02  0.8807E+00 -0.2227E-01 -0.2608E-01 -0.1361E-03  0.3952E-04 -0.1568E-02
   34  0.8140E+00 -0.2523E-05  0.8199E+00 -0.1846E-07 -0.2012E-02  0.8157E+00 -0.2282E-01 -0.2412E-01 -0.7645E-05 -0.1092E-03 -0.1717E-02
   35  0.7538E+00  0.4853E-03  0.7589E+00 -0.4193E-08 -0.1545E-02  0.7550E+00 -0.1945E-01 -0.2045E-01  0.1724E-03 -0.1265E-03 -0.1697E-02
   36  0.6988E+00  0.8115E-03  0.7032E+00  0.5478E-08 -0.1203E-02  0.6995E+00 -0.1452E-01 -0.1654E-01  0.9409E-04 -0.7567E-04 -0.1624E-02
   37  0.6474E+00  0.5353E-03  0.6515E+00 -0.2415E-08 -0.1284E-02  0.6483E+00 -0.9896E-02 -0.1419E-01 -0.1312E-03 -0.2646E-05 -0.1472E-02
   38  0.5995E+00  0.7414E-03  0.6028E+00 -0.1607E-08 -0.1466E-02  0.5995E+00 -0.4812E-02 -0.1269E-01 -0.1846E-03  0.8370E-04 -0.1198E-02
   39  0.5522E+00  0.1126E-02  0.5548E+00  0.7530E-08 -0.1436E-02  0.5510E+00 -0.9231E-03 -0.1058E-01 -0.7862E-04  0.1534E-03 -0.8922E-03
   40  0.5021E+00  0.8630E-03  0.5048E+00  0.1019E-07 -0.1241E-02  0.5013E+00 -0.6704E-03 -0.8268E-02  0.1422E-04  0.1411E-03 -0.7309E-03
   41  0.4501E+00  0.2097E-04  0.4535E+00  0.4519E-08 -0.1034E-02  0.4510E+00 -0.3236E-02 -0.6953E-02  0.2958E-04  0.7244E-04 -0.7358E-03
   42  0.4007E+00 -0.4476E-03  0.4043E+00  0.3077E-08 -0.7798E-03  0.4027E+00 -0.4909E-02 -0.6453E-02  0.5283E-04  0.2219E-04 -0.8019E-03
   43  0.3566E+00 -0.2799E-03  0.3596E+00  0.2246E-08 -0.4265E-03  0.3581E+00 -0.3957E-02 -0.5520E-02  0.9254E-04  0.3043E-04 -0.8117E-03
   44  0.3162E+00  0.1097E-03  0.3185E+00  0.6968E-10 -0.1940E-04  0.3166E+00 -0.1803E-02 -0.3519E-02  0.1138E-03  0.6826E-04 -0.7457E-03
   45  0.2770E+00  0.2738E-03  0.2788E+00 -0.1231E-09  0.3229E-03  0.2767E+00 -0.5077E-03 -0.1015E-02  0.9177E-04  0.8085E-04 -0.6824E-03
   46  0.2379E+00  0.2512E-03  0.2396E+00  0.1862E-08  0.5266E-03  0.2376E+00 -0.4437E-03  0.1092E-02  0.5241E-04  0.5518E-04 -0.6908E-03
   47  0.2000E+00  0.1926E-03  0.2017E+00  0.2033E-08  0.5927E-03  0.2001E+00 -0.9014E-03  0.2368E-02  0.2434E-04  0.1252E-04 -0.7741E-03
   48  0.1645E+00  0.1944E-03  0.1663E+00  0.1458E-08  0.5593E-03  0.1649E+00 -0.1253E-02  0.2888E-02  0.1375E-04 -0.2094E-04 -0.8743E-03
   49  0.1319E+00  0.1986E-03  0.1336E+00  0.1038E-08  0.4650E-03  0.1326E+00 -0.1525E-02  0.2906E-02  0.1109E-04 -0.3150E-04 -0.9178E-03
   50  0.1023E+00  0.1784E-03  0.1039E+00  0.1709E-08  0.3451E-03  0.1030E+00 -0.1875E-02  0.2615E-02  0.8582E-05 -0.2483E-04 -0.8696E-03
   51  0.7596E-01  0.1311E-03  0.7732E-01  0.2434E-08  0.2276E-03  0.7663E-01 -0.2293E-02  0.2144E-02  0.4223E-05 -0.1102E-04 -0.7389E-03
   52  0.5352E-01  0.9019E-04  0.5461E-01  0.2476E-08  0.1326E-03  0.5406E-01 -0.2564E-02  0.1602E-02  0.4475E-06  0.9735E-06 -0.5660E-03
   53  0.3555E-01  0.6511E-04  0.3636E-01  0.2189E-08  0.6736E-04  0.3593E-01 -0.2533E-02  0.1090E-02 -0.1781E-05  0.7662E-05 -0.3937E-03
   54  0.2219E-01  0.5541E-04  0.2273E-01  0.1975E-08  0.2935E-04  0.2242E-01 -0.2199E-02  0.6742E-03 -0.2166E-05  0.9425E-05 -0.2506E-03
   55  0.1300E-01  0.4947E-04  0.1333E-01  0.2029E-08  0.1032E-04  0.1311E-01 -0.1693E-02  0.3800E-03 -0.1778E-05  0.8217E-05 -0.1469E-03
   56  0.7146E-02  0.4230E-04  0.7328E-02  0.1928E-08  0.2436E-05  0.7183E-02 -0.1168E-02  0.1954E-03 -0.1091E-05  0.5926E-05 -0.7972E-04
   57  0.3693E-02  0.3245E-04  0.3783E-02  0.1461E-08 -0.9004E-07  0.3694E-02 -0.7307E-03  0.9216E-04 -0.5986E-06  0.3751E-05 -0.4029E-04
   58  0.1796E-02  0.2235E-04  0.1837E-02  0.8372E-09 -0.5382E-06  0.1785E-02 -0.4177E-03  0.3997E-04 -0.2794E-06  0.2131E-05 -0.1902E-04
   59  0.8241E-03  0.1381E-04  0.8405E-03  0.3017E-09 -0.4207E-06  0.8127E-03 -0.2200E-03  0.1604E-04 -0.1183E-06  0.1111E-05 -0.8439E-05
   60  0.3573E-03  0.7760E-05  0.3631E-03 -0.1705E-11 -0.2363E-06  0.3491E-03 -0.1074E-03  0.5941E-05 -0.4386E-07  0.5344E-06 -0.3528E-05
   61  0.1467E-03  0.3985E-05  0.1484E-03 -0.9708E-10 -0.1166E-06  0.1418E-03 -0.4891E-04  0.2050E-05 -0.1294E-07  0.2391E-06 -0.1393E-05
   62  0.5715E-04  0.1889E-05  0.5757E-04 -0.8424E-10 -0.5085E-07  0.5464E-04 -0.2086E-04  0.6652E-06 -0.2599E-08  0.9923E-07 -0.5190E-06
   63  0.2119E-04  0.8310E-06  0.2123E-04 -0.4531E-10 -0.2045E-07  0.2001E-04 -0.8371E-05  0.2091E-06  0.2433E-09  0.3851E-07 -0.1822E-06
   64  0.7494E-05  0.3420E-06  0.7466E-05 -0.1940E-10 -0.7615E-08  0.6985E-05 -0.3174E-05  0.6577E-07  0.6366E-09  0.1403E-07 -0.6062E-07
   65  0.2534E-05  0.1322E-06  0.2509E-05 -0.8994E-11 -0.2651E-08  0.2330E-05 -0.1141E-05  0.2050E-07  0.4279E-09  0.4888E-08 -0.1907E-07
   66  0.8225E-06  0.4837E-07  0.8094E-06 -0.6106E-11 -0.8945E-09  0.7459E-06 -0.3912E-06  0.6262E-08  0.2281E-09  0.1643E-08 -0.5756E-08
   67  0.2582E-06  0.1681E-07  0.2524E-06 -0.4340E-11 -0.2543E-09  0.2310E-06 -0.1288E-06  0.1751E-08  0.9103E-10  0.5383E-09 -0.1628E-08
   68  0.7969E-07  0.5641E-08  0.7743E-07 -0.2347E-11 -0.5840E-10  0.7041E-07 -0.4128E-07  0.4600E-09  0.3141E-10  0.1644E-09 -0.4253E-09
   69  0.2463E-07  0.1833E-08  0.2381E-07 -0.4342E-12 -0.5627E-12  0.2157E-07 -0.1308E-07  0.1181E-09  0.7200E-11  0.4628E-10 -0.9293E-10
   70  0.8040E-08  0.6003E-09  0.7746E-08  0.7319E-12  0.7424E-11  0.7029E-08 -0.4260E-08  0.4263E-10  0.3491E-12  0.9415E-11 -0.1638E-10
   71  0.2848E-08  0.1868E-09  0.2745E-08  0.1025E-11  0.4922E-11  0.2528E-08 -0.1517E-08  0.5156E-10 -0.5233E-12  0.1863E-11  0.3679E-11
   72  0.1592E-08  0.6323E-10  0.1575E-08  0.8135E-12  0.2438E-11  0.1490E-08 -0.6703E-09  0.1734E-10 -0.6584E-13  0.1731E-11 -0.9657E-11
   73  0.4620E-09  0.1607E-10  0.4473E-09  0.4846E-12  0.3967E-12  0.4357E-09 -0.2468E-09  0.3346E-10  0.1984E-12  0.1281E-12  0.2690E-11
   74  0.6711E-09  0.2064E-10  0.6709E-09  0.2296E-12 -0.3243E-12  0.6384E-09 -0.2690E-09  0.6029E-11  0.4623E-12  0.1898E-11 -0.7305E-11
   75  0.7113E-10  0.7392E-12  0.6851E-10  0.8728E-13 -0.1520E-12  0.7088E-10 -0.3934E-10  0.9682E-11  0.2257E-12  0.5199E-13  0.7403E-12
   76  0.2157E-09  0.1070E-10  0.2125E-09  0.2589E-13 -0.3739E-12  0.1975E-09 -0.9897E-10  0.8362E-12  0.2454E-12  0.6961E-12 -0.2226E-11
   77  0.7305E-11 -0.5480E-13  0.6924E-11  0.5199E-14 -0.4794E-13  0.7644E-11 -0.4149E-11  0.1431E-11  0.6571E-13  0.3771E-14  0.1417E-12
   78  0.4260E-10  0.2976E-11  0.4113E-10  0.2791E-16 -0.1039E-12  0.3732E-10 -0.2200E-10 -0.1215E-14  0.5990E-13  0.1321E-12 -0.3781E-12
   79  0.4025E-12 -0.1995E-13  0.3631E-12 -0.6575E-15 -0.6927E-14  0.4702E-12 -0.2187E-12  0.1197E-12  0.1041E-13 -0.8817E-15  0.1892E-13
   80  0.5495E-11  0.4904E-12  0.5224E-11 -0.3574E-15 -0.1597E-13  0.4616E-11 -0.3117E-11 -0.1325E-13  0.8747E-14  0.1568E-13 -0.4148E-13
   81  0.1972E-14 -0.2850E-14  0.9673E-15 -0.1391E-15 -0.6284E-15  0.9222E-14  0.1476E-14  0.5424E-14  0.1006E-14 -0.2205E-15  0.1657E-14
   82  0.4667E-12  0.4811E-13  0.4328E-12 -0.5894E-16 -0.1442E-14  0.3774E-12 -0.2817E-12 -0.1523E-14  0.8169E-15  0.1203E-14 -0.2984E-14
   83 -0.1331E-14 -0.3149E-15 -0.1404E-14 -0.2094E-16 -0.4822E-16 -0.6175E-15  0.1197E-14  0.1517E-15  0.8942E-16 -0.1483E-16  0.1305E-15
   84  0.3602E-13  0.4481E-14  0.3359E-13 -0.4615E-17 -0.1269E-15  0.2808E-13 -0.2347E-13 -0.8977E-16  0.6658E-16  0.8646E-16 -0.2017E-15
