 input file is 
mstm17_256_6398_168_009.inp   
 input file comments follow:
***********************************************************
  This is the default mstm input file for v.3.0.
  The run is for a 7-sphere cluster of identical spheres.   The positions
  are embedded in the input file.

  The run makes use of the new_run and multiple_run options.

  14 April 2013
***********************************************************
 number of processors:
   1
 input parameters for run number 
    1
 number of spheres, volume size parameter:
  256  0.40625E+01
 position file:
position/n256/a17.out                                       
 output file:
output/256/x6398/168/009/mt_17_256_6398_168_009.dat         
 length, ref. indx. scale factors:
   0.640   1.680   0.090
 chiral factors:
  0.00000E+00  0.00000E+00
 scattering matrix directions based on incident frame
 automatic scattering angle calculation
 thetamin, thetamax:
      0.0    180.0
 number scattering angles:
      181
 epsmie, epssoln, max number iterations:
  0.1000E-05  0.1000E-07 5000
 medium refractive index:
  1.0000  0.0000
 target euler rotation angles:
    0.0000    0.0000    0.0000
 far field kr, iterations/correction:
 -0.1000E+01   20
 plane wave incidence
 random orientation calculations
 t matrix calculated, stored in file 
tmatrixfiles/172566398168009                                
 t matrix convergence epsilon:
  0.1000E-06
 all spheres excited (total T matrix) 
 calculation results for run 
    1
 total ext, abs, scat efficiencies, w.r.t. xv, and asym. parm
  0.34314E+01  0.93450E+00  0.24969E+01  0.73636E+00
 scattering matrix elements (normalized w/ S11)
   theta      11           12           13           14           22           23           24           33           34           44      
    0.00  0.79131E+02  0.00000E+00  0.00000E+00 -0.10972E-03  0.99980E+00  0.18932E-03  0.00000E+00  0.99980E+00  0.00000E+00  0.99961E+00 
    1.00  0.76821E+02 -0.27948E-03 -0.15848E-06 -0.10576E-03  0.99979E+00  0.19258E-03  0.70120E-07  0.99979E+00 -0.20489E-03  0.99959E+00 
    2.00  0.70411E+02 -0.11351E-02 -0.67252E-06 -0.95241E-04  0.99976E+00  0.20287E-03  0.27412E-06  0.99975E+00 -0.84670E-03  0.99952E+00 
    3.00  0.61287E+02 -0.26114E-02 -0.16502E-05 -0.82636E-04  0.99970E+00  0.22133E-03  0.58754E-06  0.99969E+00 -0.19970E-02  0.99941E+00 
    4.00  0.51218E+02 -0.47515E-02 -0.32290E-05 -0.76340E-04  0.99962E+00  0.24816E-03  0.95361E-06  0.99960E+00 -0.37309E-02  0.99925E+00 
    5.00  0.41811E+02 -0.75304E-02 -0.54599E-05 -0.88405E-04  0.99953E+00  0.27945E-03  0.12720E-05  0.99948E+00 -0.60320E-02  0.99905E+00 
    6.00  0.34086E+02 -0.10760E-01 -0.80965E-05 -0.13024E-03  0.99943E+00  0.30381E-03  0.14256E-05  0.99933E+00 -0.86532E-02  0.99881E+00 
    7.00  0.28343E+02 -0.14061E-01 -0.10446E-04 -0.20323E-03  0.99934E+00  0.30372E-03  0.13856E-05  0.99917E+00 -0.11073E-01  0.99857E+00 
    8.00  0.24305E+02 -0.17035E-01 -0.11599E-04 -0.29214E-03  0.99925E+00  0.26635E-03  0.13416E-05  0.99902E+00 -0.12736E-01  0.99835E+00 
    9.00  0.21415E+02 -0.19535E-01 -0.11001E-04 -0.37282E-03  0.99918E+00  0.19601E-03  0.16970E-05  0.99888E+00 -0.13438E-01  0.99816E+00 
   10.00  0.19137E+02 -0.21731E-01 -0.87833E-05 -0.42765E-03  0.99911E+00  0.11415E-03  0.28882E-05  0.99874E+00 -0.13418E-01  0.99798E+00 
   11.00  0.17133E+02 -0.23944E-01 -0.55852E-05 -0.45195E-03  0.99903E+00  0.48831E-04  0.51806E-05  0.99860E+00 -0.13086E-01  0.99778E+00 
   12.00  0.15283E+02 -0.26472E-01 -0.22234E-05 -0.44964E-03  0.99894E+00  0.24468E-04  0.85137E-05  0.99844E+00 -0.12759E-01  0.99757E+00 
   13.00  0.13605E+02 -0.29522E-01  0.57528E-06 -0.42714E-03  0.99883E+00  0.54085E-04  0.12388E-04  0.99826E+00 -0.12548E-01  0.99732E+00 
   14.00  0.12141E+02 -0.33180E-01  0.24252E-05 -0.39036E-03  0.99870E+00  0.13303E-03  0.15902E-04  0.99805E+00 -0.12391E-01  0.99704E+00 
   15.00  0.10897E+02 -0.37420E-01  0.34611E-05 -0.34429E-03  0.99856E+00  0.23894E-03  0.18098E-04  0.99781E+00 -0.12158E-01  0.99670E+00 
   16.00  0.98299E+01 -0.42129E-01  0.42293E-05 -0.29385E-03  0.99839E+00  0.34237E-03  0.18488E-04  0.99751E+00 -0.11783E-01  0.99629E+00 
   17.00  0.88840E+01 -0.47170E-01  0.52604E-05 -0.24433E-03  0.99820E+00  0.42213E-03  0.17377E-04  0.99714E+00 -0.11320E-01  0.99580E+00 
   18.00  0.80215E+01 -0.52445E-01  0.66230E-05 -0.20055E-03  0.99799E+00  0.47365E-03  0.15707E-04  0.99670E+00 -0.10914E-01  0.99522E+00 
   19.00  0.72345E+01 -0.57903E-01  0.77958E-05 -0.16471E-03  0.99777E+00  0.50651E-03  0.14544E-04  0.99618E+00 -0.10694E-01  0.99457E+00 
   20.00  0.65333E+01 -0.63542E-01  0.79962E-05 -0.13393E-03  0.99754E+00  0.53528E-03  0.14451E-04  0.99559E+00 -0.10677E-01  0.99385E+00 
   21.00  0.59256E+01 -0.69383E-01  0.68611E-05 -0.99740E-04  0.99729E+00  0.56979E-03  0.15040E-04  0.99495E+00 -0.10724E-01  0.99306E+00 
   22.00  0.54048E+01 -0.75454E-01  0.50653E-05 -0.51461E-04  0.99701E+00  0.61042E-03  0.15050E-04  0.99424E+00 -0.10596E-01  0.99221E+00 
   23.00  0.49510E+01 -0.81772E-01  0.43535E-05  0.17731E-04  0.99671E+00  0.65089E-03  0.13039E-04  0.99347E+00 -0.10076E-01  0.99126E+00 
   24.00  0.45420E+01 -0.88334E-01  0.68513E-05  0.10623E-03  0.99636E+00  0.68548E-03  0.82801E-05  0.99261E+00 -0.90746E-02  0.99019E+00 
   25.00  0.41630E+01 -0.95118E-01  0.14081E-04  0.20409E-03  0.99596E+00  0.71416E-03  0.12492E-05  0.99164E+00 -0.76475E-02  0.98898E+00 
   26.00  0.38099E+01 -0.10209E+00  0.26222E-04  0.29728E-03  0.99553E+00  0.74157E-03 -0.65488E-05  0.99054E+00 -0.59328E-02  0.98762E+00 
   27.00  0.34847E+01 -0.10920E+00  0.41963E-04  0.37342E-03  0.99506E+00  0.77077E-03 -0.13294E-04  0.98930E+00 -0.40584E-02  0.98610E+00 
   28.00  0.31898E+01 -0.11644E+00  0.59070E-04  0.42610E-03  0.99455E+00  0.79632E-03 -0.17729E-04  0.98793E+00 -0.20749E-02  0.98442E+00 
   29.00  0.29244E+01 -0.12384E+00  0.75467E-04  0.45557E-03  0.99399E+00  0.80202E-03 -0.19695E-04  0.98642E+00  0.46916E-04  0.98257E+00 
   30.00  0.26849E+01 -0.13151E+00  0.90239E-04  0.46586E-03  0.99337E+00  0.76608E-03 -0.19963E-04  0.98476E+00  0.23467E-02  0.98055E+00 
   31.00  0.24674E+01 -0.13964E+00  0.10388E-03  0.46158E-03  0.99272E+00  0.67111E-03 -0.19518E-04  0.98293E+00  0.47767E-02  0.97835E+00 
   32.00  0.22697E+01 -0.14850E+00  0.11768E-03  0.44741E-03  0.99206E+00  0.51322E-03 -0.18906E-04  0.98090E+00  0.71449E-02  0.97595E+00 
   33.00  0.20908E+01 -0.15834E+00  0.13260E-03  0.43094E-03  0.99142E+00  0.30512E-03 -0.18146E-04  0.97860E+00  0.91522E-02  0.97334E+00 
   34.00  0.19294E+01 -0.16929E+00  0.14835E-03  0.42488E-03  0.99079E+00  0.70781E-04 -0.17215E-04  0.97598E+00  0.10522E-01  0.97044E+00 
   35.00  0.17825E+01 -0.18124E+00  0.16316E-03  0.44476E-03  0.99016E+00 -0.16599E-03 -0.16599E-04  0.97302E+00  0.11154E-01  0.96720E+00 
   36.00  0.16461E+01 -0.19385E+00  0.17428E-03  0.50150E-03  0.98946E+00 -0.39260E-03 -0.17311E-04  0.96969E+00  0.11194E-01  0.96356E+00 
   37.00  0.15161E+01 -0.20665E+00  0.17900E-03  0.59310E-03  0.98862E+00 -0.61123E-03 -0.20233E-04  0.96603E+00  0.10972E-01  0.95951E+00 
   38.00  0.13907E+01 -0.21923E+00  0.17572E-03  0.70110E-03  0.98761E+00 -0.83322E-03 -0.25238E-04  0.96207E+00  0.10850E-01  0.95505E+00 
   39.00  0.12707E+01 -0.23137E+00  0.16484E-03  0.79467E-03  0.98641E+00 -0.10679E-02 -0.30801E-04  0.95786E+00  0.11051E-01  0.95024E+00 
   40.00  0.11587E+01 -0.24319E+00  0.14935E-03  0.84149E-03  0.98506E+00 -0.13125E-02 -0.34537E-04  0.95338E+00  0.11564E-01  0.94509E+00 
   41.00  0.10579E+01 -0.25511E+00  0.13475E-03  0.82165E-03  0.98361E+00 -0.15469E-02 -0.34552E-04  0.94856E+00  0.12148E-01  0.93957E+00 
   42.00  0.97007E+00 -0.26769E+00  0.12773E-03  0.73711E-03  0.98212E+00 -0.17386E-02 -0.30743E-04  0.94328E+00  0.12444E-01  0.93359E+00 
   43.00  0.89543E+00 -0.28141E+00  0.13358E-03  0.60975E-03  0.98065E+00 -0.18540E-02 -0.24843E-04  0.93743E+00  0.12159E-01  0.92705E+00 
   44.00  0.83258E+00 -0.29637E+00  0.15346E-03  0.46713E-03  0.97922E+00 -0.18714E-02 -0.18665E-04  0.93099E+00  0.11208E-01  0.91993E+00 
   45.00  0.77933E+00 -0.31229E+00  0.18314E-03  0.32571E-03  0.97786E+00 -0.17895E-02 -0.11612E-04  0.92404E+00  0.97368E-02  0.91233E+00 
   46.00  0.73343E+00 -0.32861E+00  0.21417E-03  0.18354E-03  0.97659E+00 -0.16263E-02  0.47716E-06  0.91676E+00  0.80146E-02  0.90448E+00 
   47.00  0.69308E+00 -0.34478E+00  0.23706E-03  0.27131E-04  0.97541E+00 -0.14131E-02  0.23798E-04  0.90934E+00  0.62770E-02  0.89657E+00 
   48.00  0.65713E+00 -0.36049E+00  0.24474E-03 -0.15371E-03  0.97432E+00 -0.11851E-02  0.62913E-04  0.90185E+00  0.46272E-02  0.88871E+00 
   49.00  0.62508E+00 -0.37575E+00  0.23478E-03 -0.35406E-03  0.97328E+00 -0.97362E-03  0.11709E-03  0.89422E+00  0.30420E-02  0.88082E+00 
   50.00  0.59690E+00 -0.39085E+00  0.20945E-03 -0.55300E-03  0.97226E+00 -0.79921E-03  0.17905E-03  0.88630E+00  0.14681E-02  0.87269E+00 
   51.00  0.57275E+00 -0.40610E+00  0.17370E-03 -0.72446E-03  0.97124E+00 -0.66690E-03  0.23752E-03  0.87788E+00 -0.60536E-04  0.86409E+00 
   52.00  0.55263E+00 -0.42177E+00  0.13225E-03 -0.85280E-03  0.97023E+00 -0.56564E-03  0.28256E-03  0.86888E+00 -0.13678E-02  0.85489E+00 
   53.00  0.53605E+00 -0.43788E+00  0.87302E-04 -0.94294E-03  0.96924E+00 -0.47253E-03  0.31103E-03  0.85932E+00 -0.21912E-02  0.84508E+00 
   54.00  0.52194E+00 -0.45431E+00  0.38164E-04 -0.10178E-02  0.96827E+00 -0.36131E-03  0.32828E-03  0.84929E+00 -0.23204E-02  0.83477E+00 
   55.00  0.50890E+00 -0.47091E+00 -0.17130E-04 -0.11047E-02  0.96732E+00 -0.21148E-03  0.34520E-03  0.83885E+00 -0.17258E-02  0.82403E+00 
   56.00  0.49559E+00 -0.48756E+00 -0.79396E-04 -0.12205E-02  0.96635E+00 -0.14050E-04  0.37219E-03  0.82798E+00 -0.59415E-03  0.81286E+00 
   57.00  0.48121E+00 -0.50430E+00 -0.14641E-03 -0.13627E-02  0.96532E+00  0.22774E-03  0.41388E-03  0.81654E+00  0.74346E-03  0.80111E+00 
   58.00  0.46570E+00 -0.52124E+00 -0.21244E-03 -0.15112E-02  0.96421E+00  0.50146E-03  0.46701E-03  0.80435E+00  0.19456E-02  0.78859E+00 
   59.00  0.44967E+00 -0.53850E+00 -0.26944E-03 -0.16375E-02  0.96301E+00  0.79064E-03  0.52209E-03  0.79124E+00  0.27928E-02  0.77514E+00 
   60.00  0.43390E+00 -0.55610E+00 -0.30964E-03 -0.17170E-02  0.96175E+00  0.10806E-02  0.56797E-03  0.77712E+00  0.32624E-02  0.76073E+00 
   61.00  0.41899E+00 -0.57397E+00 -0.32892E-03 -0.17383E-02  0.96046E+00  0.13639E-02  0.59726E-03  0.76205E+00  0.35095E-02  0.74541E+00 
   62.00  0.40501E+00 -0.59192E+00 -0.32935E-03 -0.17057E-02  0.95917E+00  0.16431E-02  0.60994E-03  0.74611E+00  0.37552E-02  0.72934E+00 
   63.00  0.39156E+00 -0.60974E+00 -0.31958E-03 -0.16341E-02  0.95785E+00  0.19296E-02  0.61312E-03  0.72941E+00  0.41416E-02  0.71261E+00 
   64.00  0.37808E+00 -0.62725E+00 -0.31289E-03 -0.15388E-02  0.95645E+00  0.22375E-02  0.61727E-03  0.71197E+00  0.46417E-02  0.69526E+00 
   65.00  0.36419E+00 -0.64436E+00 -0.32368E-03 -0.14292E-02  0.95493E+00  0.25760E-02  0.63168E-03  0.69375E+00  0.50756E-02  0.67720E+00 
   66.00  0.34995E+00 -0.66107E+00 -0.36346E-03 -0.13088E-02  0.95327E+00  0.29409E-02  0.66152E-03  0.67470E+00  0.52205E-02  0.65833E+00 
   67.00  0.33581E+00 -0.67742E+00 -0.43687E-03 -0.11808E-02  0.95150E+00  0.33103E-02  0.70765E-03  0.65478E+00  0.49552E-02  0.63860E+00 
   68.00  0.32244E+00 -0.69344E+00 -0.53861E-03 -0.10555E-02  0.94969E+00  0.36449E-02  0.76832E-03  0.63409E+00  0.43653E-02  0.61804E+00 
   69.00  0.31040E+00 -0.70918E+00 -0.65245E-03 -0.95318E-03  0.94795E+00  0.38962E-02  0.84155E-03  0.61278E+00  0.37451E-02  0.59678E+00 
   70.00  0.29993E+00 -0.72461E+00 -0.75422E-03 -0.89984E-03  0.94632E+00  0.40203E-02  0.92608E-03  0.59099E+00  0.34730E-02  0.57498E+00 
   71.00  0.29095E+00 -0.73972E+00 -0.81847E-03 -0.91623E-03  0.94485E+00  0.39921E-02  0.10203E-02  0.56879E+00  0.38185E-02  0.55270E+00 
   72.00  0.28312E+00 -0.75449E+00 -0.82644E-03 -0.10066E-02  0.94350E+00  0.38129E-02  0.11198E-02  0.54613E+00  0.47905E-02  0.52989E+00 
   73.00  0.27610E+00 -0.76892E+00 -0.77198E-03 -0.11530E-02  0.94223E+00  0.35091E-02  0.12146E-02  0.52280E+00  0.61151E-02  0.50639E+00 
   74.00  0.26966E+00 -0.78303E+00 -0.66329E-03 -0.13187E-02  0.94101E+00  0.31237E-02  0.12898E-02  0.49860E+00  0.73518E-02  0.48201E+00 
   75.00  0.26371E+00 -0.79682E+00 -0.52035E-03 -0.14579E-02  0.93982E+00  0.27054E-02  0.13280E-02  0.47337E+00  0.80830E-02  0.45662E+00 
   76.00  0.25828E+00 -0.81022E+00 -0.36896E-03 -0.15290E-02  0.93866E+00  0.22983E-02  0.13152E-02  0.44707E+00  0.80882E-02  0.43021E+00 
   77.00  0.25335E+00 -0.82314E+00 -0.23300E-03 -0.15065E-02  0.93754E+00  0.19342E-02  0.12450E-02  0.41981E+00  0.74230E-02  0.40291E+00 
   78.00  0.24880E+00 -0.83538E+00 -0.12783E-03 -0.13858E-02  0.93642E+00  0.16289E-02  0.11212E-02  0.39179E+00  0.63698E-02  0.37489E+00 
   79.00  0.24441E+00 -0.84674E+00 -0.57370E-04 -0.11798E-02  0.93524E+00  0.13843E-02  0.95457E-03  0.36321E+00  0.52844E-02  0.34634E+00 
   80.00  0.23991E+00 -0.85704E+00 -0.16314E-04 -0.91082E-03  0.93395E+00  0.11941E-02  0.75786E-03  0.33420E+00  0.44220E-02  0.31738E+00 
   81.00  0.23509E+00 -0.86614E+00  0.41903E-05 -0.60028E-03  0.93247E+00  0.10509E-02  0.54003E-03  0.30479E+00  0.38240E-02  0.28802E+00 
   82.00  0.22992E+00 -0.87396E+00  0.10162E-04 -0.26409E-03  0.93081E+00  0.95132E-03  0.30401E-03  0.27498E+00  0.33104E-02  0.25826E+00 
   83.00  0.22453E+00 -0.88052E+00  0.77035E-06  0.86754E-04  0.92902E+00  0.89663E-03  0.48702E-04  0.24471E+00  0.25654E-02  0.22806E+00 
   84.00  0.21917E+00 -0.88590E+00 -0.31632E-04  0.44112E-03  0.92720E+00  0.88906E-03 -0.22566E-03  0.21397E+00  0.12765E-02  0.19744E+00 
   85.00  0.21411E+00 -0.89022E+00 -0.97346E-04  0.78201E-03  0.92549E+00  0.92623E-03 -0.51137E-03  0.18281E+00 -0.73145E-03  0.16648E+00 
   86.00  0.20953E+00 -0.89360E+00 -0.20280E-03  0.10841E-02  0.92399E+00  0.99647E-03 -0.78967E-03  0.15134E+00 -0.34216E-02  0.13529E+00 
   87.00  0.20548E+00 -0.89613E+00 -0.34485E-03  0.13168E-02  0.92275E+00  0.10783E-02 -0.10323E-02  0.11970E+00 -0.65624E-02  0.10401E+00 
   88.00  0.20186E+00 -0.89781E+00 -0.50896E-03  0.14523E-02  0.92175E+00  0.11451E-02 -0.12081E-02  0.88005E-01 -0.98266E-02  0.72743E-01 
   89.00  0.19856E+00 -0.89864E+00 -0.67243E-03  0.14745E-02  0.92093E+00  0.11727E-02 -0.12929E-02  0.56371E-01 -0.12917E-01  0.41556E-01 
   90.00  0.19544E+00 -0.89857E+00 -0.81115E-03  0.13866E-02  0.92019E+00  0.11476E-02 -0.12769E-02  0.24861E-01 -0.15660E-01  0.10493E-01 
   91.00  0.19251E+00 -0.89761E+00 -0.90732E-03  0.12135E-02  0.91950E+00  0.10715E-02 -0.11705E-02 -0.64728E-02 -0.18022E-01 -0.20393E-01 
   92.00  0.18988E+00 -0.89580E+00 -0.95521E-03  0.99917E-03  0.91885E+00  0.96196E-03 -0.10030E-02 -0.37571E-01 -0.20074E-01 -0.51020E-01 
   93.00  0.18771E+00 -0.89323E+00 -0.96332E-03  0.79870E-03  0.91831E+00  0.84804E-03 -0.81722E-03 -0.68355E-01 -0.21905E-01 -0.81263E-01 
   94.00  0.18619E+00 -0.89001E+00 -0.95188E-03  0.66614E-03  0.91794E+00  0.76200E-03 -0.65928E-03 -0.98733E-01 -0.23549E-01 -0.11098E+00 
   95.00  0.18544E+00 -0.88626E+00 -0.94612E-03  0.64128E-03  0.91782E+00  0.72965E-03 -0.56630E-03 -0.12863E+00 -0.24947E-01 -0.14005E+00 
   96.00  0.18543E+00 -0.88199E+00 -0.96780E-03  0.73959E-03  0.91798E+00  0.76254E-03 -0.55600E-03 -0.15800E+00 -0.25955E-01 -0.16842E+00 
   97.00  0.18597E+00 -0.87713E+00 -0.10282E-02  0.94979E-03  0.91835E+00  0.85532E-03 -0.62271E-03 -0.18689E+00 -0.26410E-01 -0.19614E+00 
   98.00  0.18678E+00 -0.87153E+00 -0.11256E-02  0.12394E-02  0.91884E+00  0.98887E-03 -0.74090E-03 -0.21536E+00 -0.26196E-01 -0.22334E+00 
   99.00  0.18752E+00 -0.86499E+00 -0.12474E-02  0.15655E-02  0.91933E+00  0.11373E-02 -0.87407E-03 -0.24354E+00 -0.25297E-01 -0.25018E+00 
  100.00  0.18788E+00 -0.85729E+00 -0.13755E-02  0.18855E-02  0.91970E+00  0.12754E-02 -0.98485E-03 -0.27156E+00 -0.23808E-01 -0.27685E+00 
  101.00  0.18766E+00 -0.84829E+00 -0.14920E-02  0.21648E-02  0.91986E+00  0.13837E-02 -0.10431E-02 -0.29950E+00 -0.21924E-01 -0.30348E+00 
  102.00  0.18680E+00 -0.83790E+00 -0.15831E-02  0.23810E-02  0.91979E+00  0.14513E-02 -0.10309E-02 -0.32744E+00 -0.19901E-01 -0.33016E+00 
  103.00  0.18538E+00 -0.82611E+00 -0.16420E-02  0.25243E-02  0.91950E+00  0.14755E-02 -0.94397E-03 -0.35537E+00 -0.18014E-01 -0.35689E+00 
  104.00  0.18357E+00 -0.81304E+00 -0.16688E-02  0.25966E-02  0.91906E+00  0.14604E-02 -0.79189E-03 -0.38323E+00 -0.16518E-01 -0.38359E+00 
  105.00  0.18161E+00 -0.79884E+00 -0.16692E-02  0.26089E-02  0.91854E+00  0.14145E-02 -0.59531E-03 -0.41091E+00 -0.15603E-01 -0.41012E+00 
  106.00  0.17975E+00 -0.78376E+00 -0.16519E-02  0.25785E-02  0.91805E+00  0.13480E-02 -0.38220E-03 -0.43824E+00 -0.15371E-01 -0.43629E+00 
  107.00  0.17817E+00 -0.76803E+00 -0.16252E-02  0.25248E-02  0.91767E+00  0.12705E-02 -0.18267E-03 -0.46504E+00 -0.15819E-01 -0.46190E+00 
  108.00  0.17699E+00 -0.75190E+00 -0.15951E-02  0.24658E-02  0.91746E+00  0.11895E-02 -0.23591E-04 -0.49111E+00 -0.16851E-01 -0.48673E+00 
  109.00  0.17624E+00 -0.73554E+00 -0.15630E-02  0.24152E-02  0.91745E+00  0.11093E-02  0.75901E-04 -0.51631E+00 -0.18300E-01 -0.51062E+00 
  110.00  0.17589E+00 -0.71907E+00 -0.15269E-02  0.23805E-02  0.91761E+00  0.10319E-02  0.10689E-03 -0.54051E+00 -0.19965E-01 -0.53346E+00 
  111.00  0.17585E+00 -0.70256E+00 -0.14824E-02  0.23633E-02  0.91793E+00  0.95789E-03  0.70874E-04 -0.56363E+00 -0.21648E-01 -0.55520E+00 
  112.00  0.17602E+00 -0.68599E+00 -0.14250E-02  0.23601E-02  0.91835E+00  0.88718E-03 -0.21974E-04 -0.58565E+00 -0.23179E-01 -0.57583E+00 
  113.00  0.17629E+00 -0.66936E+00 -0.13521E-02  0.23647E-02  0.91883E+00  0.82024E-03 -0.15548E-03 -0.60657E+00 -0.24433E-01 -0.59539E+00 
  114.00  0.17659E+00 -0.65263E+00 -0.12639E-02  0.23698E-02  0.91934E+00  0.75823E-03 -0.31044E-03 -0.62644E+00 -0.25331E-01 -0.61392E+00 
  115.00  0.17684E+00 -0.63578E+00 -0.11634E-02  0.23691E-02  0.91985E+00  0.70284E-03 -0.46721E-03 -0.64528E+00 -0.25839E-01 -0.63149E+00 
  116.00  0.17701E+00 -0.61879E+00 -0.10561E-02  0.23582E-02  0.92034E+00  0.65574E-03 -0.60790E-03 -0.66315E+00 -0.25962E-01 -0.64814E+00 
  117.00  0.17707E+00 -0.60165E+00 -0.94814E-03  0.23352E-02  0.92081E+00  0.61803E-03 -0.71795E-03 -0.68011E+00 -0.25737E-01 -0.66394E+00 
  118.00  0.17703E+00 -0.58437E+00 -0.84521E-03  0.23005E-02  0.92125E+00  0.58969E-03 -0.78730E-03 -0.69620E+00 -0.25226E-01 -0.67891E+00 
  119.00  0.17690E+00 -0.56698E+00 -0.75143E-03  0.22565E-02  0.92166E+00  0.56942E-03 -0.81099E-03 -0.71146E+00 -0.24510E-01 -0.69308E+00 
  120.00  0.17668E+00 -0.54950E+00 -0.66865E-03  0.22073E-02  0.92205E+00  0.55477E-03 -0.78939E-03 -0.72595E+00 -0.23681E-01 -0.70648E+00 
  121.00  0.17640E+00 -0.53195E+00 -0.59640E-03  0.21573E-02  0.92241E+00  0.54252E-03 -0.72783E-03 -0.73969E+00 -0.22835E-01 -0.71913E+00 
  122.00  0.17608E+00 -0.51438E+00 -0.53228E-03  0.21108E-02  0.92275E+00  0.52926E-03 -0.63582E-03 -0.75272E+00 -0.22062E-01 -0.73105E+00 
  123.00  0.17577E+00 -0.49684E+00 -0.47279E-03  0.20713E-02  0.92308E+00  0.51186E-03 -0.52591E-03 -0.76506E+00 -0.21438E-01 -0.74227E+00 
  124.00  0.17550E+00 -0.47938E+00 -0.41428E-03  0.20410E-02  0.92340E+00  0.48796E-03 -0.41216E-03 -0.77675E+00 -0.21019E-01 -0.75280E+00 
  125.00  0.17531E+00 -0.46206E+00 -0.35382E-03  0.20204E-02  0.92374E+00  0.45617E-03 -0.30865E-03 -0.78781E+00 -0.20838E-01 -0.76268E+00 
  126.00  0.17527E+00 -0.44495E+00 -0.28999E-03  0.20086E-02  0.92409E+00  0.41618E-03 -0.22792E-03 -0.79825E+00 -0.20899E-01 -0.77193E+00 
  127.00  0.17540E+00 -0.42810E+00 -0.22326E-03  0.20034E-02  0.92448E+00  0.36872E-03 -0.17970E-03 -0.80810E+00 -0.21183E-01 -0.78060E+00 
  128.00  0.17575E+00 -0.41157E+00 -0.15613E-03  0.20018E-02  0.92491E+00  0.31548E-03 -0.17000E-03 -0.81738E+00 -0.21649E-01 -0.78871E+00 
  129.00  0.17635E+00 -0.39540E+00 -0.93021E-04  0.20009E-02  0.92539E+00  0.25886E-03 -0.20080E-03 -0.82611E+00 -0.22244E-01 -0.79631E+00 
  130.00  0.17721E+00 -0.37963E+00 -0.39772E-04  0.19983E-02  0.92592E+00  0.20176E-03 -0.27017E-03 -0.83431E+00 -0.22907E-01 -0.80342E+00 
  131.00  0.17832E+00 -0.36426E+00 -0.31074E-05  0.19926E-02  0.92649E+00  0.14718E-03 -0.37297E-03 -0.84201E+00 -0.23578E-01 -0.81008E+00 
  132.00  0.17969E+00 -0.34931E+00  0.10081E-04  0.19839E-02  0.92709E+00  0.97917E-04 -0.50171E-03 -0.84923E+00 -0.24207E-01 -0.81632E+00 
  133.00  0.18127E+00 -0.33476E+00 -0.65687E-05  0.19733E-02  0.92772E+00  0.56178E-04 -0.64759E-03 -0.85600E+00 -0.24752E-01 -0.82216E+00 
  134.00  0.18303E+00 -0.32058E+00 -0.58253E-04  0.19629E-02  0.92835E+00  0.23386E-04 -0.80137E-03 -0.86234E+00 -0.25186E-01 -0.82761E+00 
  135.00  0.18494E+00 -0.30676E+00 -0.14850E-03  0.19551E-02  0.92897E+00  0.58910E-07 -0.95413E-03 -0.86826E+00 -0.25495E-01 -0.83269E+00 
  136.00  0.18695E+00 -0.29328E+00 -0.27884E-03  0.19523E-02  0.92957E+00 -0.14146E-04 -0.10977E-02 -0.87379E+00 -0.25676E-01 -0.83741E+00 
  137.00  0.18902E+00 -0.28011E+00 -0.44865E-03  0.19563E-02  0.93014E+00 -0.20292E-04 -0.12249E-02 -0.87895E+00 -0.25733E-01 -0.84177E+00 
  138.00  0.19113E+00 -0.26723E+00 -0.65519E-03  0.19685E-02  0.93066E+00 -0.19967E-04 -0.13295E-02 -0.88375E+00 -0.25676E-01 -0.84580E+00 
  139.00  0.19322E+00 -0.25462E+00 -0.89378E-03  0.19890E-02  0.93115E+00 -0.15076E-04 -0.14068E-02 -0.88823E+00 -0.25519E-01 -0.84951E+00 
  140.00  0.19530E+00 -0.24228E+00 -0.11581E-02  0.20179E-02  0.93160E+00 -0.76419E-05 -0.14528E-02 -0.89239E+00 -0.25273E-01 -0.85292E+00 
  141.00  0.19733E+00 -0.23020E+00 -0.14408E-02  0.20543E-02  0.93201E+00  0.39964E-06 -0.14648E-02 -0.89628E+00 -0.24947E-01 -0.85605E+00 
  142.00  0.19931E+00 -0.21838E+00 -0.17338E-02  0.20972E-02  0.93238E+00  0.73896E-05 -0.14414E-02 -0.89990E+00 -0.24550E-01 -0.85892E+00 
  143.00  0.20123E+00 -0.20681E+00 -0.20288E-02  0.21457E-02  0.93273E+00  0.12128E-04 -0.13824E-02 -0.90328E+00 -0.24086E-01 -0.86154E+00 
  144.00  0.20310E+00 -0.19551E+00 -0.23179E-02  0.21986E-02  0.93306E+00  0.13993E-04 -0.12890E-02 -0.90642E+00 -0.23558E-01 -0.86394E+00 
  145.00  0.20492E+00 -0.18448E+00 -0.25940E-02  0.22551E-02  0.93338E+00  0.12960E-04 -0.11637E-02 -0.90935E+00 -0.22969E-01 -0.86613E+00 
  146.00  0.20669E+00 -0.17372E+00 -0.28507E-02  0.23149E-02  0.93368E+00  0.94762E-05 -0.10107E-02 -0.91207E+00 -0.22322E-01 -0.86812E+00 
  147.00  0.20843E+00 -0.16326E+00 -0.30826E-02  0.23777E-02  0.93398E+00  0.42205E-05 -0.83496E-03 -0.91459E+00 -0.21623E-01 -0.86993E+00 
  148.00  0.21013E+00 -0.15309E+00 -0.32852E-02  0.24438E-02  0.93427E+00 -0.21789E-05 -0.64289E-03 -0.91694E+00 -0.20880E-01 -0.87156E+00 
  149.00  0.21180E+00 -0.14321E+00 -0.34546E-02  0.25134E-02  0.93456E+00 -0.93682E-05 -0.44133E-03 -0.91912E+00 -0.20101E-01 -0.87303E+00 
  150.00  0.21344E+00 -0.13364E+00 -0.35879E-02  0.25873E-02  0.93484E+00 -0.17334E-04 -0.23748E-03 -0.92113E+00 -0.19297E-01 -0.87435E+00 
  151.00  0.21505E+00 -0.12437E+00 -0.36830E-02  0.26662E-02  0.93512E+00 -0.26283E-04 -0.38472E-04 -0.92300E+00 -0.18477E-01 -0.87553E+00 
  152.00  0.21664E+00 -0.11542E+00 -0.37391E-02  0.27506E-02  0.93538E+00 -0.36392E-04  0.14892E-03 -0.92472E+00 -0.17650E-01 -0.87656E+00 
  153.00  0.21821E+00 -0.10680E+00 -0.37566E-02  0.28415E-02  0.93563E+00 -0.47545E-04  0.31853E-03 -0.92630E+00 -0.16825E-01 -0.87744E+00 
  154.00  0.21975E+00 -0.98505E-01 -0.37375E-02  0.29396E-02  0.93586E+00 -0.59186E-04  0.46506E-03 -0.92773E+00 -0.16007E-01 -0.87818E+00 
  155.00  0.22127E+00 -0.90558E-01 -0.36847E-02  0.30450E-02  0.93606E+00 -0.70374E-04  0.58426E-03 -0.92901E+00 -0.15201E-01 -0.87876E+00 
  156.00  0.22276E+00 -0.82961E-01 -0.36021E-02  0.31576E-02  0.93624E+00 -0.80017E-04  0.67317E-03 -0.93015E+00 -0.14411E-01 -0.87918E+00 
  157.00  0.22422E+00 -0.75717E-01 -0.34940E-02  0.32763E-02  0.93639E+00 -0.87180E-04  0.73029E-03 -0.93115E+00 -0.13638E-01 -0.87946E+00 
  158.00  0.22565E+00 -0.68827E-01 -0.33645E-02  0.33992E-02  0.93650E+00 -0.91347E-04  0.75564E-03 -0.93201E+00 -0.12883E-01 -0.87959E+00 
  159.00  0.22705E+00 -0.62285E-01 -0.32174E-02  0.35235E-02  0.93659E+00 -0.92515E-04  0.75081E-03 -0.93275E+00 -0.12144E-01 -0.87959E+00 
  160.00  0.22841E+00 -0.56086E-01 -0.30562E-02  0.36458E-02  0.93664E+00 -0.91107E-04  0.71873E-03 -0.93337E+00 -0.11418E-01 -0.87946E+00 
  161.00  0.22973E+00 -0.50222E-01 -0.28841E-02  0.37624E-02  0.93667E+00 -0.87748E-04  0.66347E-03 -0.93388E+00 -0.10700E-01 -0.87922E+00 
  162.00  0.23101E+00 -0.44688E-01 -0.27039E-02  0.38697E-02  0.93666E+00 -0.83017E-04  0.58987E-03 -0.93429E+00 -0.99844E-02 -0.87888E+00 
  163.00  0.23225E+00 -0.39481E-01 -0.25183E-02  0.39645E-02  0.93661E+00 -0.77283E-04  0.50321E-03 -0.93461E+00 -0.92658E-02 -0.87845E+00 
  164.00  0.23345E+00 -0.34598E-01 -0.23297E-02  0.40440E-02  0.93654E+00 -0.70675E-04  0.40894E-03 -0.93486E+00 -0.85404E-02 -0.87794E+00 
  165.00  0.23461E+00 -0.30043E-01 -0.21399E-02  0.41066E-02  0.93643E+00 -0.63179E-04  0.31241E-03 -0.93502E+00 -0.78064E-02 -0.87735E+00 
  166.00  0.23573E+00 -0.25815E-01 -0.19505E-02  0.41512E-02  0.93630E+00 -0.54789E-04  0.21859E-03 -0.93512E+00 -0.70649E-02 -0.87670E+00 
  167.00  0.23680E+00 -0.21915E-01 -0.17618E-02  0.41778E-02  0.93613E+00 -0.45660E-04  0.13195E-03 -0.93515E+00 -0.63200E-02 -0.87598E+00 
  168.00  0.23784E+00 -0.18341E-01 -0.15743E-02  0.41872E-02  0.93594E+00 -0.36170E-04  0.56187E-04 -0.93513E+00 -0.55784E-02 -0.87521E+00 
  169.00  0.23884E+00 -0.15089E-01 -0.13878E-02  0.41811E-02  0.93573E+00 -0.26892E-04 -0.59359E-05 -0.93506E+00 -0.48483E-02 -0.87440E+00 
  170.00  0.23979E+00 -0.12155E-01 -0.12025E-02  0.41619E-02  0.93550E+00 -0.18474E-04 -0.52714E-04 -0.93495E+00 -0.41390E-02 -0.87356E+00 
  171.00  0.24069E+00 -0.95386E-02 -0.10195E-02  0.41320E-02  0.93525E+00 -0.11480E-04 -0.83595E-04 -0.93481E+00 -0.34596E-02 -0.87269E+00 
  172.00  0.24154E+00 -0.72458E-02 -0.84061E-03  0.40945E-02  0.93499E+00 -0.62450E-05 -0.99184E-04 -0.93464E+00 -0.28183E-02 -0.87181E+00 
  173.00  0.24234E+00 -0.52848E-02 -0.66887E-03  0.40521E-02  0.93470E+00 -0.28017E-05 -0.10117E-03 -0.93446E+00 -0.22230E-02 -0.87091E+00 
  174.00  0.24308E+00 -0.36629E-02 -0.50816E-03  0.40078E-02  0.93441E+00 -0.89301E-06 -0.92148E-04 -0.93425E+00 -0.16807E-02 -0.87001E+00 
  175.00  0.24377E+00 -0.23786E-02 -0.36290E-03  0.39642E-02  0.93411E+00 -0.77694E-07 -0.75437E-04 -0.93402E+00 -0.11991E-02 -0.86912E+00 
  176.00  0.24437E+00 -0.14156E-02 -0.23748E-03  0.39240E-02  0.93383E+00  0.12165E-06 -0.54733E-04 -0.93379E+00 -0.78631E-03 -0.86828E+00 
  177.00  0.24488E+00 -0.74089E-03 -0.13583E-03  0.38896E-02  0.93358E+00  0.84586E-07 -0.33782E-04 -0.93357E+00 -0.45149E-03 -0.86754E+00 
  178.00  0.24527E+00 -0.30925E-03 -0.61063E-04  0.38632E-02  0.93339E+00  0.24226E-07 -0.16008E-04 -0.93338E+00 -0.20384E-03 -0.86695E+00 
  179.00  0.24551E+00 -0.74035E-04 -0.15368E-04  0.38466E-02  0.93326E+00  0.18240E-08 -0.41556E-05 -0.93326E+00 -0.51464E-04 -0.86657E+00 
  180.00  0.24560E+00 -0.18066E-14 -0.38169E-15  0.38409E-02  0.93322E+00  0.11869E-29 -0.10428E-15 -0.93322E+00 -0.12798E-14 -0.86643E+00 
 scattering matrix expansion coefficients
    w  a11         a22         a33         a23         a32         a44         a12         a34         a13         a24         a14
    0  0.1000E+01  0.0000E+00  0.0000E+00  0.0000E+00  0.0000E+00  0.7933E+00  0.0000E+00  0.0000E+00  0.0000E+00  0.0000E+00  0.7185E-04
    1  0.2209E+01  0.0000E+00  0.0000E+00  0.0000E+00  0.0000E+00  0.2409E+01  0.0000E+00  0.0000E+00  0.0000E+00  0.0000E+00 -0.6786E-03
    2  0.3141E+01  0.2495E+00  0.3932E+01  0.4263E-06  0.1131E-02  0.3115E+01 -0.3526E+00 -0.3270E-02 -0.2644E-03  0.1101E-04 -0.1471E-03
    3  0.3551E+01  0.4692E-01  0.4027E+01 -0.1601E-06  0.6096E-03  0.3556E+01 -0.1913E+00  0.5638E-02  0.2682E-03  0.2913E-03 -0.3612E-03
    4  0.3744E+01  0.2655E-01  0.4107E+01  0.3675E-07  0.1423E-02  0.3730E+01 -0.1540E+00 -0.3887E-02 -0.2504E-04 -0.5469E-05 -0.7321E-03
    5  0.3714E+01  0.3923E-02  0.4020E+01  0.4782E-06  0.1809E-02  0.3725E+01 -0.1485E+00 -0.7132E-02  0.3537E-03 -0.1536E-03 -0.1712E-02
    6  0.3580E+01  0.1013E-01  0.3817E+01  0.3956E-06  0.1493E-02  0.3578E+01 -0.1440E+00 -0.1589E-01 -0.2037E-03 -0.2045E-03 -0.1640E-02
    7  0.3382E+01  0.6291E-02  0.3565E+01 -0.1761E-06  0.4608E-03  0.3377E+01 -0.1339E+00 -0.2135E-01  0.4788E-03  0.5436E-04 -0.1390E-02
    8  0.3170E+01 -0.8179E-03  0.3315E+01  0.5579E-06 -0.6750E-03  0.3179E+01 -0.1295E+00 -0.3291E-01 -0.4629E-03  0.3169E-03 -0.9609E-03
    9  0.3000E+01  0.5336E-02  0.3102E+01 -0.8895E-07 -0.8130E-03  0.2999E+01 -0.1101E+00 -0.4364E-01  0.3098E-04 -0.8352E-04 -0.4805E-03
   10  0.2865E+01  0.4908E-02  0.2939E+01 -0.4527E-06 -0.1148E-03  0.2860E+01 -0.8262E-01 -0.4893E-01 -0.3915E-04  0.3407E-04 -0.1935E-03
   11  0.2740E+01  0.3462E-03  0.2804E+01  0.2274E-06  0.5720E-03  0.2742E+01 -0.6756E-01 -0.4876E-01  0.4037E-05 -0.1264E-04 -0.5797E-05
   12  0.2621E+01  0.3099E-02  0.2673E+01  0.5449E-08  0.8310E-03  0.2616E+01 -0.5697E-01 -0.4639E-01  0.1184E-04  0.1871E-03  0.7682E-04
   13  0.2488E+01  0.1229E-02  0.2535E+01  0.2950E-06  0.9770E-03  0.2486E+01 -0.5146E-01 -0.4430E-01 -0.1397E-03  0.5542E-04  0.2045E-03
   14  0.2345E+01  0.5477E-03  0.2388E+01  0.3888E-06  0.1215E-02  0.2345E+01 -0.5254E-01 -0.4111E-01 -0.1303E-04 -0.1640E-03  0.1995E-03
   15  0.2205E+01  0.3222E-03  0.2241E+01  0.3797E-06  0.1396E-02  0.2205E+01 -0.5780E-01 -0.3632E-01  0.2086E-04  0.9691E-04  0.3968E-03
   16  0.2084E+01 -0.1823E-02  0.2115E+01  0.9877E-08  0.1275E-02  0.2090E+01 -0.5636E-01 -0.3630E-01  0.1051E-04  0.8141E-05  0.6618E-03
   17  0.1996E+01  0.2307E-02  0.2018E+01  0.2721E-07  0.9555E-03  0.1995E+01 -0.4058E-01 -0.3807E-01  0.3194E-04  0.1080E-03  0.7376E-03
   18  0.1920E+01  0.4093E-02  0.1936E+01  0.1066E-06  0.5479E-03  0.1913E+01 -0.2927E-01 -0.3691E-01 -0.6492E-04  0.1867E-04  0.4481E-03
   19  0.1834E+01 -0.1374E-02  0.1854E+01 -0.2417E-06  0.4642E-03  0.1838E+01 -0.3414E-01 -0.3599E-01  0.1839E-04 -0.1558E-03  0.3058E-03
   20  0.1754E+01 -0.9305E-03  0.1772E+01 -0.2130E-06  0.7198E-03  0.1758E+01 -0.3619E-01 -0.3662E-01  0.2709E-04 -0.3888E-04  0.4595E-03
   21  0.1681E+01  0.2236E-02  0.1694E+01  0.1189E-07  0.8629E-03  0.1679E+01 -0.3088E-01 -0.3601E-01 -0.7073E-04  0.1190E-03  0.4931E-03
   22  0.1604E+01  0.7941E-03  0.1617E+01  0.5908E-07  0.7406E-03  0.1603E+01 -0.3084E-01 -0.3529E-01 -0.1518E-03 -0.4186E-04  0.2000E-03
   23  0.1527E+01 -0.8731E-03  0.1540E+01  0.1034E-06  0.5951E-03  0.1529E+01 -0.3423E-01 -0.3527E-01 -0.1140E-03 -0.1103E-03  0.2414E-04
   24  0.1456E+01  0.3481E-03  0.1467E+01  0.1011E-07  0.5333E-03  0.1456E+01 -0.3312E-01 -0.3358E-01 -0.1992E-04  0.3893E-04  0.2146E-03
   25  0.1389E+01  0.7602E-03  0.1398E+01 -0.1304E-06  0.4236E-03  0.1388E+01 -0.3103E-01 -0.3014E-01  0.2359E-04  0.5509E-04  0.3549E-03
   26  0.1323E+01 -0.2449E-03  0.1333E+01 -0.1737E-06  0.2007E-03  0.1325E+01 -0.2982E-01 -0.2663E-01 -0.3020E-04 -0.3796E-04  0.2868E-03
   27  0.1264E+01  0.3138E-03  0.1272E+01 -0.5055E-07  0.5598E-05  0.1265E+01 -0.2537E-01 -0.2343E-01 -0.5017E-04 -0.1418E-04  0.2136E-03
   28  0.1207E+01  0.1640E-02  0.1213E+01 -0.1357E-06 -0.8984E-04  0.1205E+01 -0.1940E-01 -0.2055E-01 -0.2926E-04  0.3182E-04  0.1402E-03
   29  0.1145E+01  0.6711E-03  0.1152E+01 -0.9191E-07 -0.1784E-03  0.1145E+01 -0.1780E-01 -0.1841E-01 -0.3431E-04 -0.1335E-04 -0.3089E-04
   30  0.1080E+01 -0.3018E-03  0.1087E+01 -0.1245E-07 -0.2790E-03  0.1082E+01 -0.1802E-01 -0.1696E-01 -0.2825E-04 -0.4906E-04 -0.1970E-03
   31  0.1016E+01  0.7720E-03  0.1022E+01  0.5544E-07 -0.3610E-03  0.1015E+01 -0.1590E-01 -0.1554E-01  0.2372E-05  0.9554E-06 -0.2753E-03
   32  0.9489E+00  0.1172E-02  0.9541E+00  0.1830E-07 -0.4563E-03  0.9474E+00 -0.1478E-01 -0.1420E-01 -0.9912E-05  0.3744E-04 -0.3411E-03
   33  0.8782E+00 -0.1294E-03  0.8843E+00 -0.6465E-08 -0.5460E-03  0.8790E+00 -0.1701E-01 -0.1327E-01 -0.4111E-04  0.6462E-06 -0.4246E-03
   34  0.8098E+00 -0.4866E-03  0.8159E+00  0.2830E-07 -0.5276E-03  0.8115E+00 -0.1810E-01 -0.1214E-01 -0.1431E-04 -0.2882E-04 -0.4500E-03
   35  0.7479E+00  0.3073E-03  0.7526E+00  0.4128E-07 -0.3904E-03  0.7482E+00 -0.1574E-01 -0.1029E-01  0.3405E-04 -0.3735E-05 -0.3952E-03
   36  0.6912E+00  0.4400E-03  0.6952E+00  0.5155E-07 -0.2623E-03  0.6912E+00 -0.1249E-01 -0.8535E-02  0.2011E-04  0.1845E-04 -0.3411E-03
   37  0.6389E+00  0.5452E-04  0.6428E+00  0.4250E-07 -0.2203E-03  0.6395E+00 -0.9407E-02 -0.7561E-02 -0.2940E-04  0.1310E-04 -0.3223E-03
   38  0.5906E+00  0.3549E-03  0.5939E+00  0.1150E-07 -0.2132E-03  0.5906E+00 -0.5450E-02 -0.6815E-02 -0.4242E-04  0.1426E-04 -0.3000E-03
   39  0.5431E+00  0.8117E-03  0.5456E+00  0.1264E-07 -0.1894E-03  0.5419E+00 -0.2255E-02 -0.5636E-02 -0.2250E-04  0.2964E-04 -0.2641E-03
   40  0.4928E+00  0.5199E-03  0.4956E+00  0.2982E-07 -0.1485E-03  0.4920E+00 -0.2218E-02 -0.4444E-02 -0.4651E-05  0.3094E-04 -0.2505E-03
   41  0.4413E+00 -0.1875E-03  0.4445E+00  0.4531E-07 -0.1087E-03  0.4419E+00 -0.4364E-02 -0.3897E-02 -0.3034E-06  0.1125E-04 -0.2705E-03
   42  0.3926E+00 -0.4170E-03  0.3958E+00  0.3752E-07 -0.6050E-04  0.3937E+00 -0.5446E-02 -0.3794E-02  0.6026E-05 -0.4339E-05 -0.2853E-03
   43  0.3485E+00 -0.1287E-03  0.3511E+00  0.2026E-07  0.2163E-05  0.3491E+00 -0.4320E-02 -0.3377E-02  0.1424E-04 -0.8072E-06 -0.2592E-03
   44  0.3076E+00  0.1621E-03  0.3097E+00  0.1115E-07  0.7097E-04  0.3075E+00 -0.2508E-02 -0.2311E-02  0.1728E-04  0.1106E-04 -0.2019E-03
   45  0.2677E+00  0.1799E-03  0.2696E+00  0.1689E-07  0.1301E-03  0.2675E+00 -0.1601E-02 -0.9352E-03  0.1342E-04  0.1470E-04 -0.1512E-03
   46  0.2286E+00  0.8122E-04  0.2305E+00  0.2556E-07  0.1710E-03  0.2286E+00 -0.1608E-02  0.2302E-03  0.8448E-05  0.7179E-05 -0.1321E-03
   47  0.1914E+00  0.4324E-04  0.1931E+00  0.2523E-07  0.1927E-03  0.1915E+00 -0.1775E-02  0.9387E-03  0.6593E-05 -0.3509E-05 -0.1406E-03
   48  0.1569E+00  0.7819E-04  0.1584E+00  0.2117E-07  0.1944E-03  0.1570E+00 -0.1735E-02  0.1239E-02  0.6399E-05 -0.1005E-04 -0.1569E-03
   49  0.1254E+00  0.1005E-03  0.1268E+00  0.1856E-07  0.1776E-03  0.1255E+00 -0.1698E-02  0.1279E-02  0.5584E-05 -0.1043E-04 -0.1624E-03
   50  0.9678E-01  0.7736E-04  0.9803E-01  0.1675E-07  0.1469E-03  0.9699E-01 -0.1889E-02  0.1172E-02  0.3381E-05 -0.7158E-05 -0.1505E-03
   51  0.7147E-01  0.3229E-04  0.7257E-01  0.1574E-07  0.1098E-03  0.7172E-01 -0.2244E-02  0.9822E-03  0.8032E-06 -0.3132E-05 -0.1248E-03
   52  0.5005E-01  0.2809E-05  0.5095E-01  0.1470E-07  0.7465E-04  0.5031E-01 -0.2500E-02  0.7539E-03 -0.9744E-06 -0.1421E-06 -0.9334E-04
   53  0.3306E-01 -0.1126E-05  0.3373E-01  0.1334E-07  0.4648E-04  0.3325E-01 -0.2467E-02  0.5296E-03 -0.1736E-05  0.1367E-05 -0.6361E-04
   54  0.2053E-01  0.1058E-04  0.2098E-01  0.1152E-07  0.2674E-04  0.2064E-01 -0.2139E-02  0.3402E-03 -0.1664E-05  0.1751E-05 -0.3975E-04
   55  0.1197E-01  0.2266E-04  0.1224E-01  0.8754E-08  0.1427E-04  0.1201E-01 -0.1644E-02  0.2002E-03 -0.1251E-05  0.1511E-05 -0.2295E-04
   56  0.6558E-02  0.2759E-04  0.6708E-02  0.5780E-08  0.7131E-05  0.6558E-02 -0.1133E-02  0.1083E-03 -0.7850E-06  0.1076E-05 -0.1231E-04
   57  0.3380E-02  0.2517E-04  0.3453E-02  0.3266E-08  0.3357E-05  0.3361E-02 -0.7072E-03  0.5424E-04 -0.4380E-06  0.6664E-06 -0.6139E-05
   58  0.1641E-02  0.1901E-04  0.1673E-02  0.1636E-08  0.1500E-05  0.1621E-02 -0.4040E-03  0.2527E-04 -0.2155E-06  0.3724E-06 -0.2863E-05
   59  0.7523E-03  0.1244E-04  0.7644E-03  0.6662E-09  0.6348E-06  0.7362E-03 -0.2128E-03  0.1101E-04 -0.9450E-07  0.1920E-06 -0.1258E-05
   60  0.3261E-03  0.7244E-05  0.3300E-03  0.1382E-09  0.2541E-06  0.3158E-03 -0.1040E-03  0.4516E-05 -0.3511E-07  0.9181E-07 -0.5224E-06
   61  0.1340E-03  0.3817E-05  0.1349E-03 -0.9909E-10  0.9590E-07  0.1282E-03 -0.4740E-04  0.1752E-05 -0.1018E-07  0.4027E-07 -0.2054E-06
   62  0.5228E-04  0.1843E-05  0.5235E-04 -0.1496E-09  0.3450E-07  0.4937E-04 -0.2026E-04  0.6504E-06 -0.1542E-08  0.1560E-07 -0.7539E-07
   63  0.1942E-04  0.8233E-06  0.1933E-04 -0.1153E-09  0.1195E-07  0.1808E-04 -0.8150E-05  0.2341E-06  0.5740E-09  0.4959E-08 -0.2554E-07
   64  0.6886E-05  0.3431E-06  0.6808E-05 -0.6441E-10  0.4065E-08  0.6316E-05 -0.3100E-05  0.8250E-07  0.6891E-09  0.1034E-08 -0.7902E-08
   65  0.2336E-05  0.1343E-06  0.2293E-05 -0.2811E-10  0.1343E-08  0.2109E-05 -0.1119E-05  0.2835E-07  0.4279E-09 -0.1140E-09 -0.2223E-08
   66  0.7612E-06  0.4961E-07  0.7417E-06 -0.1057E-10  0.4626E-09  0.6761E-06 -0.3856E-06  0.9457E-08  0.2112E-09 -0.2861E-09 -0.5508E-09
   67  0.2400E-06  0.1739E-07  0.2322E-06 -0.4198E-11  0.1548E-09  0.2099E-06 -0.1276E-06  0.3017E-08  0.1004E-09 -0.2145E-09 -0.9464E-10
   68  0.7458E-07  0.5859E-08  0.7166E-07 -0.2079E-11  0.6161E-10  0.6436E-07 -0.4116E-07  0.9485E-09  0.4325E-10 -0.1233E-09  0.1168E-10
   69  0.2329E-07  0.1916E-08  0.2227E-07 -0.1260E-11  0.2485E-10  0.1993E-07 -0.1317E-07  0.2951E-09  0.1942E-10 -0.5979E-10  0.2202E-10
   70  0.7743E-08  0.6311E-09  0.7385E-08 -0.8537E-12  0.1066E-10  0.6631E-08 -0.4364E-08  0.1043E-09  0.8401E-11 -0.2654E-10  0.1422E-10
   71  0.2819E-08  0.2015E-09  0.2695E-08 -0.5448E-12  0.4583E-11  0.2464E-08 -0.1601E-08  0.6002E-10  0.3315E-11 -0.9903E-11  0.7220E-11
   72  0.1578E-08  0.6814E-10  0.1552E-08 -0.2878E-12  0.3006E-11  0.1460E-08 -0.7253E-09  0.2586E-10  0.1158E-11 -0.3302E-11  0.2487E-12
   73  0.4902E-09  0.1993E-10  0.4737E-09 -0.1219E-12  0.7410E-12  0.4584E-09 -0.2820E-09  0.2497E-10  0.2851E-12 -0.1064E-11  0.1142E-11
   74  0.6470E-09  0.2227E-10  0.6435E-09 -0.4598E-13  0.9178E-12  0.6091E-09 -0.2849E-09  0.1009E-10 -0.1926E-13  0.7859E-13 -0.1401E-11
   75  0.8136E-10  0.1844E-11  0.7857E-10 -0.1871E-13  0.8578E-13  0.7980E-10 -0.4895E-10  0.6545E-11 -0.9741E-15 -0.7510E-13  0.1350E-12
   76  0.2042E-09  0.1161E-10  0.1995E-09 -0.6504E-14  0.1650E-12  0.1837E-09 -0.1021E-09  0.2702E-11 -0.2219E-13  0.1261E-12 -0.4729E-12
   77  0.9378E-11  0.1895E-12  0.8933E-11 -0.1879E-14  0.5333E-14  0.9391E-11 -0.5893E-11  0.9361E-12 -0.2638E-14 -0.1925E-14  0.1213E-13
   78  0.4012E-10  0.3252E-11  0.3826E-10 -0.5066E-15  0.1346E-13  0.3423E-10 -0.2244E-10  0.4597E-12 -0.1447E-14  0.2766E-13 -0.8275E-13
   79  0.6778E-12  0.1675E-13  0.6246E-12 -0.1864E-15 -0.3073E-15  0.6911E-12 -0.4370E-12  0.7754E-13  0.2790E-16  0.1476E-15  0.9026E-15
   80  0.5174E-11  0.5388E-12  0.4841E-11 -0.2908E-16  0.5511E-16  0.4195E-11 -0.3169E-11  0.5431E-13  0.2853E-15  0.3546E-14 -0.9408E-14
   81  0.2678E-13  0.7060E-15  0.2371E-13  0.9075E-18 -0.4849E-16  0.2814E-13 -0.1737E-13  0.3693E-14 -0.1203E-16  0.2234E-16  0.4710E-16
   82  0.4404E-12  0.5305E-13  0.4007E-12 -0.5775E-18 -0.8563E-16  0.3411E-12 -0.2862E-12  0.4442E-14  0.5303E-16  0.2831E-15 -0.7054E-15
   83  0.4981E-15 -0.1263E-16  0.2734E-15 -0.2803E-19 -0.8572E-17  0.7141E-15 -0.2130E-15  0.1193E-15  0.1989E-17  0.3087E-17 -0.4066E-19
   84  0.3410E-13  0.4959E-14  0.3111E-13  0.1602E-18 -0.1281E-16  0.2524E-13 -0.2385E-13  0.3588E-15  0.6115E-17  0.2153E-16 -0.4951E-16
