 input file is 
mstm15_512_4299_18_00226.inp  
 input file comments follow:
***********************************************************
  This is the default mstm input file for v.3.0.
  The run is for a 7-sphere cluster of identical spheres.   The positions
  are embedded in the input file.

  The run makes use of the new_run and multiple_run options.

  14 April 2013
***********************************************************
 number of processors:
   1
 input parameters for run number 
    1
 number of spheres, volume size parameter:
  512  0.34392E+01
 position file:
position/n512/a15.out                                       
 output file:
output/512/x4299/18/00226/mt_15_512_4299_18_00226.dat       
 length, ref. indx. scale factors:
   0.430   1.800   0.023
 chiral factors:
  0.00000E+00  0.00000E+00
 scattering matrix directions based on incident frame
 automatic scattering angle calculation
 thetamin, thetamax:
      0.0    180.0
 number scattering angles:
      181
 epsmie, epssoln, max number iterations:
  0.1000E-05  0.1000E-07 5000
 medium refractive index:
  1.0000  0.0000
 target euler rotation angles:
    0.0000    0.0000    0.0000
 far field kr, iterations/correction:
 -0.1000E+01   20
 plane wave incidence
 random orientation calculations
 t matrix calculated, stored in file 
tmatrixfiles/1551242991800226                               
 t matrix convergence epsilon:
  0.1000E-06
 all spheres excited (total T matrix) 
 calculation results for run 
    1
 total ext, abs, scat efficiencies, w.r.t. xv, and asym. parm
  0.21355E+01  0.18402E+00  0.19515E+01  0.73054E+00
 scattering matrix elements (normalized w/ S11)
   theta      11           12           13           14           22           23           24           33           34           44      
    0.00  0.70450E+02  0.00000E+00  0.00000E+00 -0.32534E-03  0.99988E+00  0.10470E-03  0.00000E+00  0.99988E+00  0.00000E+00  0.99977E+00 
    1.00  0.69205E+02 -0.14650E-03 -0.56074E-07 -0.32005E-03  0.99988E+00  0.10575E-03  0.93390E-07  0.99988E+00 -0.54988E-04  0.99977E+00 
    2.00  0.65636E+02 -0.58743E-03 -0.22536E-06 -0.30417E-03  0.99987E+00  0.10914E-03  0.37860E-06  0.99987E+00 -0.21970E-03  0.99975E+00 
    3.00  0.60195E+02 -0.13275E-02 -0.51065E-06 -0.27784E-03  0.99986E+00  0.11552E-03  0.87090E-06  0.99986E+00 -0.49255E-03  0.99972E+00 
    4.00  0.53530E+02 -0.23756E-02 -0.91529E-06 -0.24145E-03  0.99983E+00  0.12610E-03  0.15958E-05  0.99983E+00 -0.86823E-03  0.99967E+00 
    5.00  0.46346E+02 -0.37466E-02 -0.14417E-05 -0.19595E-03  0.99980E+00  0.14262E-03  0.25872E-05  0.99979E+00 -0.13336E-02  0.99960E+00 
    6.00  0.39286E+02 -0.54625E-02 -0.20906E-05 -0.14318E-03  0.99975E+00  0.16738E-03  0.38821E-05  0.99974E+00 -0.18631E-02  0.99951E+00 
    7.00  0.32825E+02 -0.75524E-02 -0.28639E-05 -0.86075E-04  0.99969E+00  0.20293E-03  0.55084E-05  0.99967E+00 -0.24153E-02  0.99938E+00 
    8.00  0.27235E+02 -0.10050E-01 -0.37717E-05 -0.28387E-04  0.99960E+00  0.25149E-03  0.74682E-05  0.99958E+00 -0.29364E-02  0.99921E+00 
    9.00  0.22593E+02 -0.12987E-01 -0.48464E-05  0.26228E-04  0.99950E+00  0.31406E-03  0.97240E-05  0.99946E+00 -0.33727E-02  0.99900E+00 
   10.00  0.18835E+02 -0.16382E-01 -0.61536E-05  0.75543E-04  0.99939E+00  0.38982E-03  0.12201E-04  0.99931E+00 -0.36913E-02  0.99874E+00 
   11.00  0.15819E+02 -0.20239E-01 -0.77896E-05  0.11964E-03  0.99925E+00  0.47604E-03  0.14811E-04  0.99912E+00 -0.38970E-02  0.99843E+00 
   12.00  0.13393E+02 -0.24544E-01 -0.98551E-05  0.16043E-03  0.99910E+00  0.56874E-03  0.17484E-04  0.99890E+00 -0.40327E-02  0.99807E+00 
   13.00  0.11429E+02 -0.29267E-01 -0.12409E-04  0.19995E-03  0.99894E+00  0.66337E-03  0.20172E-04  0.99863E+00 -0.41639E-02  0.99766E+00 
   14.00  0.98415E+01 -0.34367E-01 -0.15416E-04  0.23845E-03  0.99876E+00  0.75525E-03  0.22802E-04  0.99832E+00 -0.43559E-02  0.99720E+00 
   15.00  0.85745E+01 -0.39782E-01 -0.18727E-04  0.27357E-03  0.99858E+00  0.83976E-03  0.25197E-04  0.99796E+00 -0.46559E-02  0.99670E+00 
   16.00  0.75892E+01 -0.45441E-01 -0.22108E-04  0.30147E-03  0.99842E+00  0.91323E-03  0.26982E-04  0.99757E+00 -0.50855E-02  0.99617E+00 
   17.00  0.68460E+01 -0.51273E-01 -0.25368E-04  0.31946E-03  0.99827E+00  0.97460E-03  0.27588E-04  0.99714E+00 -0.56415E-02  0.99564E+00 
   18.00  0.62966E+01 -0.57241E-01 -0.28500E-04  0.32851E-03  0.99816E+00  0.10267E-02  0.26389E-04  0.99670E+00 -0.63022E-02  0.99512E+00 
   19.00  0.58863E+01 -0.63351E-01 -0.31734E-04  0.33329E-03  0.99808E+00  0.10756E-02  0.22925E-04  0.99622E+00 -0.70346E-02  0.99460E+00 
   20.00  0.55617E+01 -0.69644E-01 -0.35437E-04  0.33956E-03  0.99802E+00  0.11280E-02  0.17108E-04  0.99570E+00 -0.77944E-02  0.99406E+00 
   21.00  0.52794E+01 -0.76170E-01 -0.39898E-04  0.35074E-03  0.99796E+00  0.11880E-02  0.93051E-05  0.99513E+00 -0.85183E-02  0.99346E+00 
   22.00  0.50119E+01 -0.82958E-01 -0.45131E-04  0.36596E-03  0.99790E+00  0.12553E-02  0.34795E-06  0.99449E+00 -0.91174E-02  0.99279E+00 
   23.00  0.47472E+01 -0.90008E-01 -0.50764E-04  0.38002E-03  0.99781E+00  0.13247E-02 -0.85211E-05  0.99376E+00 -0.94778E-02  0.99201E+00 
   24.00  0.44847E+01 -0.97291E-01 -0.56057E-04  0.38512E-03  0.99771E+00  0.13877E-02 -0.15793E-04  0.99294E+00 -0.94792E-02  0.99113E+00 
   25.00  0.42283E+01 -0.10477E+00 -0.60071E-04  0.37373E-03  0.99758E+00  0.14344E-02 -0.19992E-04  0.99203E+00 -0.90272E-02  0.99014E+00 
   26.00  0.39810E+01 -0.11240E+00 -0.61983E-04  0.34170E-03  0.99743E+00  0.14571E-02 -0.20098E-04  0.99102E+00 -0.80905E-02  0.98904E+00 
   27.00  0.37417E+01 -0.12018E+00 -0.61443E-04  0.29052E-03  0.99725E+00  0.14525E-02 -0.15930E-04  0.98992E+00 -0.67217E-02  0.98781E+00 
   28.00  0.35064E+01 -0.12812E+00 -0.58826E-04  0.22768E-03  0.99704E+00  0.14233E-02 -0.82836E-05  0.98870E+00 -0.50499E-02  0.98646E+00 
   29.00  0.32694E+01 -0.13627E+00 -0.55286E-04  0.16492E-03  0.99679E+00  0.13765E-02  0.12680E-05  0.98735E+00 -0.32483E-02  0.98494E+00 
   30.00  0.30274E+01 -0.14469E+00 -0.52607E-04  0.11554E-03  0.99649E+00  0.13218E-02  0.10801E-04  0.98584E+00 -0.14940E-02  0.98322E+00 
   31.00  0.27802E+01 -0.15346E+00 -0.52955E-04  0.91531E-04  0.99612E+00  0.12681E-02  0.18542E-04  0.98414E+00  0.62708E-04  0.98127E+00 
   32.00  0.25320E+01 -0.16266E+00 -0.58556E-04  0.10120E-03  0.99569E+00  0.12222E-02  0.23313E-04  0.98221E+00  0.13159E-02  0.97905E+00 
   33.00  0.22893E+01 -0.17235E+00 -0.71333E-04  0.14727E-03  0.99517E+00  0.11870E-02  0.24877E-04  0.98003E+00  0.22105E-02  0.97652E+00 
   34.00  0.20596E+01 -0.18259E+00 -0.92472E-04  0.22546E-03  0.99457E+00  0.11614E-02  0.24124E-04  0.97757E+00  0.27432E-02  0.97366E+00 
   35.00  0.18493E+01 -0.19338E+00 -0.12201E-03  0.32434E-03  0.99391E+00  0.11404E-02  0.22967E-04  0.97481E+00  0.29586E-02  0.97047E+00 
   36.00  0.16625E+01 -0.20472E+00 -0.15857E-03  0.42702E-03  0.99320E+00  0.11172E-02  0.23843E-04  0.97175E+00  0.29371E-02  0.96697E+00 
   37.00  0.15008E+01 -0.21651E+00 -0.19950E-03  0.51523E-03  0.99246E+00  0.10858E-02  0.28818E-04  0.96841E+00  0.27740E-02  0.96320E+00 
   38.00  0.13640E+01 -0.22869E+00 -0.24133E-03  0.57465E-03  0.99174E+00  0.10440E-02  0.38548E-04  0.96480E+00  0.25534E-02  0.95920E+00 
   39.00  0.12504E+01 -0.24118E+00 -0.28052E-03  0.59948E-03  0.99105E+00  0.99515E-03  0.51570E-04  0.96096E+00  0.23277E-02  0.95502E+00 
   40.00  0.11578E+01 -0.25396E+00 -0.31410E-03  0.59408E-03  0.99042E+00  0.94792E-03  0.64350E-04  0.95687E+00  0.21120E-02  0.95068E+00 
   41.00  0.10834E+01 -0.26710E+00 -0.34003E-03  0.57083E-03  0.98986E+00  0.91284E-03  0.72224E-04  0.95254E+00  0.18954E-02  0.94616E+00 
   42.00  0.10244E+01 -0.28072E+00 -0.35708E-03  0.54519E-03  0.98936E+00  0.89780E-03  0.70915E-04  0.94790E+00  0.16615E-02  0.94139E+00 
   43.00  0.97785E+00 -0.29494E+00 -0.36459E-03  0.53037E-03  0.98890E+00  0.90417E-03  0.57981E-04  0.94291E+00  0.14065E-02  0.93630E+00 
   44.00  0.94052E+00 -0.30983E+00 -0.36222E-03  0.53401E-03  0.98846E+00  0.92546E-03  0.33534E-04  0.93748E+00  0.11435E-02  0.93078E+00 
   45.00  0.90927E+00 -0.32542E+00 -0.34982E-03  0.55787E-03  0.98800E+00  0.94910E-03 -0.24758E-07  0.93157E+00  0.89599E-03  0.92474E+00 
   46.00  0.88129E+00 -0.34162E+00 -0.32759E-03  0.59998E-03  0.98749E+00  0.96037E-03 -0.38983E-04  0.92512E+00  0.68534E-03  0.91812E+00 
   47.00  0.85437E+00 -0.35831E+00 -0.29636E-03  0.65728E-03  0.98692E+00  0.94627E-03 -0.79437E-04  0.91814E+00  0.52370E-03  0.91090E+00 
   48.00  0.82715E+00 -0.37534E+00 -0.25779E-03  0.72748E-03  0.98628E+00  0.89825E-03 -0.11809E-03  0.91063E+00  0.41568E-03  0.90309E+00 
   49.00  0.79912E+00 -0.39259E+00 -0.21451E-03  0.80910E-03  0.98559E+00  0.81327E-03 -0.15259E-03  0.90261E+00  0.36808E-03  0.89474E+00 
   50.00  0.77044E+00 -0.40996E+00 -0.16994E-03  0.90045E-03  0.98486E+00  0.69331E-03 -0.18149E-03  0.89412E+00  0.40201E-03  0.88589E+00 
   51.00  0.74168E+00 -0.42739E+00 -0.12780E-03  0.99801E-03  0.98412E+00  0.54395E-03 -0.20408E-03  0.88519E+00  0.56068E-03  0.87660E+00 
   52.00  0.71341E+00 -0.44486E+00 -0.91342E-04  0.10954E-02  0.98339E+00  0.37249E-03 -0.22019E-03  0.87581E+00  0.90690E-03  0.86689E+00 
   53.00  0.68598E+00 -0.46238E+00 -0.62545E-04  0.11834E-02  0.98270E+00  0.18594E-03 -0.23004E-03  0.86598E+00  0.15081E-02  0.85675E+00 
   54.00  0.65941E+00 -0.47997E+00 -0.41582E-04  0.12519E-02  0.98202E+00 -0.10222E-04 -0.23432E-03  0.85565E+00  0.24121E-02  0.84615E+00 
   55.00  0.63339E+00 -0.49765E+00 -0.26831E-04  0.12915E-02  0.98135E+00 -0.21224E-03 -0.23409E-03  0.84475E+00  0.36227E-02  0.83502E+00 
   56.00  0.60747E+00 -0.51543E+00 -0.15471E-04  0.12960E-02  0.98067E+00 -0.41709E-03 -0.23079E-03  0.83322E+00  0.50828E-02  0.82328E+00 
   57.00  0.58129E+00 -0.53329E+00 -0.44482E-05  0.12630E-02  0.97994E+00 -0.62069E-03 -0.22608E-03  0.82099E+00  0.66726E-02  0.81085E+00 
   58.00  0.55474E+00 -0.55124E+00  0.85213E-05  0.11939E-02  0.97916E+00 -0.81605E-03 -0.22153E-03  0.80797E+00  0.82208E-02  0.79766E+00 
   59.00  0.52807E+00 -0.56926E+00  0.24185E-04  0.10924E-02  0.97831E+00 -0.99210E-03 -0.21827E-03  0.79412E+00  0.95282E-02  0.78366E+00 
   60.00  0.50186E+00 -0.58735E+00  0.41403E-04  0.96317E-03  0.97741E+00 -0.11338E-02 -0.21661E-03  0.77941E+00  0.10401E-01  0.76882E+00 
   61.00  0.47689E+00 -0.60553E+00  0.57296E-04  0.81066E-03  0.97648E+00 -0.12241E-02 -0.21571E-03  0.76381E+00  0.10688E-01  0.75314E+00 
   62.00  0.45396E+00 -0.62379E+00  0.67886E-04  0.63875E-03  0.97555E+00 -0.12474E-02 -0.21360E-03  0.74732E+00  0.10321E-01  0.73661E+00 
   63.00  0.43370E+00 -0.64214E+00  0.69130E-04  0.45105E-03  0.97465E+00 -0.11942E-02 -0.20752E-03  0.72999E+00  0.93389E-02  0.71926E+00 
   64.00  0.41643E+00 -0.66054E+00  0.58063E-04  0.25196E-03  0.97381E+00 -0.10649E-02 -0.19479E-03  0.71183E+00  0.78933E-02  0.70112E+00 
   65.00  0.40207E+00 -0.67892E+00  0.33629E-04  0.47737E-04  0.97302E+00 -0.87130E-03 -0.17386E-03  0.69291E+00  0.62149E-02  0.68219E+00 
   66.00  0.39022E+00 -0.69718E+00 -0.31551E-05 -0.15298E-03  0.97229E+00 -0.63422E-03 -0.14520E-03  0.67325E+00  0.45587E-02  0.66250E+00 
   67.00  0.38020E+00 -0.71522E+00 -0.49737E-04 -0.33957E-03  0.97159E+00 -0.37865E-03 -0.11161E-03  0.65286E+00  0.31440E-02  0.64205E+00 
   68.00  0.37122E+00 -0.73292E+00 -0.10298E-03 -0.50078E-03  0.97088E+00 -0.12800E-03 -0.77754E-04  0.63175E+00  0.21128E-02  0.62083E+00 
   69.00  0.36250E+00 -0.75019E+00 -0.16003E-03 -0.62638E-03  0.97014E+00  0.10002E-03 -0.49229E-04  0.60988E+00  0.15190E-02  0.59881E+00 
   70.00  0.35344E+00 -0.76698E+00 -0.21891E-03 -0.70892E-03  0.96934E+00  0.29529E-03 -0.31324E-04  0.58720E+00  0.13418E-02  0.57597E+00 
   71.00  0.34366E+00 -0.78324E+00 -0.27856E-03 -0.74496E-03  0.96846E+00  0.45482E-03 -0.27918E-04  0.56366E+00  0.15141E-02  0.55225E+00 
   72.00  0.33300E+00 -0.79893E+00 -0.33870E-03 -0.73607E-03  0.96750E+00  0.58115E-03 -0.40576E-04  0.53919E+00  0.19489E-02  0.52763E+00 
   73.00  0.32155E+00 -0.81405E+00 -0.39946E-03 -0.68909E-03  0.96646E+00  0.68037E-03 -0.67984E-04  0.51376E+00  0.25615E-02  0.50208E+00 
   74.00  0.30956E+00 -0.82855E+00 -0.46103E-03 -0.61597E-03  0.96535E+00  0.76008E-03 -0.10582E-03  0.48738E+00  0.32809E-02  0.47559E+00 
   75.00  0.29736E+00 -0.84239E+00 -0.52343E-03 -0.53264E-03  0.96418E+00  0.82782E-03 -0.14715E-03  0.46005E+00  0.40538E-02  0.44820E+00 
   76.00  0.28529E+00 -0.85551E+00 -0.58623E-03 -0.45722E-03  0.96298E+00  0.88962E-03 -0.18348E-03  0.43185E+00  0.48412E-02  0.41996E+00 
   77.00  0.27365E+00 -0.86785E+00 -0.64849E-03 -0.40736E-03  0.96174E+00  0.94903E-03 -0.20624E-03  0.40288E+00  0.56120E-02  0.39098E+00 
   78.00  0.26267E+00 -0.87935E+00 -0.70860E-03 -0.39752E-03  0.96049E+00  0.10065E-02 -0.20862E-03  0.37326E+00  0.63337E-02  0.36138E+00 
   79.00  0.25246E+00 -0.88993E+00 -0.76417E-03 -0.43663E-03  0.95924E+00  0.10591E-02 -0.18708E-03  0.34310E+00  0.69656E-02  0.33128E+00 
   80.00  0.24310E+00 -0.89957E+00 -0.81201E-03 -0.52688E-03  0.95800E+00  0.11013E-02 -0.14218E-03  0.31249E+00  0.74549E-02  0.30078E+00 
   81.00  0.23458E+00 -0.90822E+00 -0.84813E-03 -0.66399E-03  0.95679E+00  0.11254E-02 -0.78429E-04  0.28150E+00  0.77385E-02  0.26994E+00 
   82.00  0.22688E+00 -0.91587E+00 -0.86805E-03 -0.83868E-03  0.95560E+00  0.11235E-02 -0.31017E-05  0.25015E+00  0.77495E-02  0.23880E+00 
   83.00  0.21997E+00 -0.92252E+00 -0.86723E-03 -0.10390E-02  0.95446E+00  0.10891E-02  0.75551E-04  0.21843E+00  0.74278E-02  0.20735E+00 
   84.00  0.21382E+00 -0.92818E+00 -0.84196E-03 -0.12527E-02  0.95337E+00  0.10185E-02  0.15023E-03  0.18632E+00  0.67327E-02  0.17557E+00 
   85.00  0.20843E+00 -0.93285E+00 -0.79025E-03 -0.14689E-02  0.95236E+00  0.91231E-03  0.21609E-03  0.15382E+00  0.56542E-02  0.14347E+00 
   86.00  0.20378E+00 -0.93653E+00 -0.71279E-03 -0.16794E-02  0.95145E+00  0.77629E-03  0.27151E-03  0.12096E+00  0.42212E-02  0.11105E+00 
   87.00  0.19986E+00 -0.93922E+00 -0.61349E-03 -0.18786E-02  0.95066E+00  0.62083E-03  0.31779E-03  0.87803E-01  0.25029E-02  0.78377E-01 
   88.00  0.19663E+00 -0.94090E+00 -0.49956E-03 -0.20628E-02  0.94999E+00  0.45984E-03  0.35803E-03  0.54443E-01  0.60199E-03  0.45536E-01 
   89.00  0.19403E+00 -0.94156E+00 -0.38073E-03 -0.22291E-02  0.94945E+00  0.30865E-03  0.39548E-03  0.21010E-01 -0.13588E-02  0.12651E-01 
   90.00  0.19195E+00 -0.94120E+00 -0.26800E-03 -0.23744E-02  0.94903E+00  0.18158E-03  0.43191E-03 -0.12360E-01 -0.32549E-02 -0.20148E-01 
   91.00  0.19029E+00 -0.93980E+00 -0.17203E-03 -0.24951E-02  0.94871E+00  0.89752E-04  0.46636E-03 -0.45546E-01 -0.49788E-02 -0.52739E-01 
   92.00  0.18891E+00 -0.93735E+00 -0.10169E-03 -0.25861E-02  0.94847E+00  0.39602E-04  0.49487E-03 -0.78446E-01 -0.64534E-02 -0.85023E-01 
   93.00  0.18768E+00 -0.93385E+00 -0.62928E-04 -0.26420E-02  0.94828E+00  0.32348E-04  0.51093E-03 -0.11099E+00 -0.76403E-02 -0.11692E+00 
   94.00  0.18649E+00 -0.92930E+00 -0.58335E-04 -0.26574E-02  0.94810E+00  0.64408E-04  0.50661E-03 -0.14313E+00 -0.85391E-02 -0.14840E+00 
   95.00  0.18525E+00 -0.92370E+00 -0.87168E-04 -0.26281E-02  0.94793E+00  0.12847E-03  0.47413E-03 -0.17483E+00 -0.91815E-02 -0.17941E+00 
   96.00  0.18392E+00 -0.91707E+00 -0.14583E-03 -0.25518E-02  0.94773E+00  0.21486E-03  0.40731E-03 -0.20607E+00 -0.96210E-02 -0.20993E+00 
   97.00  0.18249E+00 -0.90944E+00 -0.22860E-03 -0.24291E-02  0.94753E+00  0.31302E-03  0.30284E-03 -0.23683E+00 -0.99213E-02 -0.23995E+00 
   98.00  0.18098E+00 -0.90084E+00 -0.32840E-03 -0.22634E-02  0.94731E+00  0.41274E-03  0.16111E-03 -0.26705E+00 -0.10145E-01 -0.26942E+00 
   99.00  0.17943E+00 -0.89133E+00 -0.43761E-03 -0.20614E-02  0.94709E+00  0.50518E-03 -0.13598E-04 -0.29670E+00 -0.10342E-01 -0.29830E+00 
  100.00  0.17790E+00 -0.88097E+00 -0.54878E-03 -0.18325E-02  0.94690E+00  0.58352E-03 -0.21348E-03 -0.32573E+00 -0.10547E-01 -0.32655E+00 
  101.00  0.17643E+00 -0.86984E+00 -0.65513E-03 -0.15877E-02  0.94674E+00  0.64326E-03 -0.42815E-03 -0.35408E+00 -0.10773E-01 -0.35411E+00 
  102.00  0.17509E+00 -0.85801E+00 -0.75102E-03 -0.13387E-02  0.94663E+00  0.68222E-03 -0.64595E-03 -0.38170E+00 -0.11012E-01 -0.38094E+00 
  103.00  0.17389E+00 -0.84555E+00 -0.83211E-03 -0.10966E-02  0.94658E+00  0.70024E-03 -0.85549E-03 -0.40856E+00 -0.11242E-01 -0.40700E+00 
  104.00  0.17287E+00 -0.83252E+00 -0.89551E-03 -0.87092E-03  0.94659E+00  0.69876E-03 -0.10470E-02 -0.43463E+00 -0.11435E-01 -0.43227E+00 
  105.00  0.17202E+00 -0.81897E+00 -0.93970E-03 -0.66889E-03  0.94665E+00  0.68029E-03 -0.12135E-02 -0.45991E+00 -0.11559E-01 -0.45674E+00 
  106.00  0.17134E+00 -0.80492E+00 -0.96442E-03 -0.49507E-03  0.94675E+00  0.64790E-03 -0.13509E-02 -0.48439E+00 -0.11591E-01 -0.48041E+00 
  107.00  0.17082E+00 -0.79040E+00 -0.97057E-03 -0.35149E-03  0.94687E+00  0.60494E-03 -0.14586E-02 -0.50811E+00 -0.11520E-01 -0.50329E+00 
  108.00  0.17044E+00 -0.77543E+00 -0.96000E-03 -0.23807E-03  0.94701E+00  0.55467E-03 -0.15383E-02 -0.53107E+00 -0.11352E-01 -0.52541E+00 
  109.00  0.17019E+00 -0.76002E+00 -0.93544E-03 -0.15322E-03  0.94715E+00  0.50026E-03 -0.15939E-02 -0.55330E+00 -0.11106E-01 -0.54679E+00 
  110.00  0.17006E+00 -0.74417E+00 -0.90028E-03 -0.94508E-04  0.94729E+00  0.44464E-03 -0.16302E-02 -0.57480E+00 -0.10815E-01 -0.56743E+00 
  111.00  0.17005E+00 -0.72792E+00 -0.85839E-03 -0.59222E-04  0.94742E+00  0.39052E-03 -0.16520E-02 -0.59559E+00 -0.10517E-01 -0.58734E+00 
  112.00  0.17017E+00 -0.71129E+00 -0.81390E-03 -0.44783E-04  0.94753E+00  0.34035E-03 -0.16639E-02 -0.61566E+00 -0.10255E-01 -0.60652E+00 
  113.00  0.17042E+00 -0.69434E+00 -0.77083E-03 -0.49003E-04  0.94765E+00  0.29622E-03 -0.16694E-02 -0.63501E+00 -0.10067E-01 -0.62498E+00 
  114.00  0.17081E+00 -0.67711E+00 -0.73282E-03 -0.70159E-04  0.94776E+00  0.25980E-03 -0.16709E-02 -0.65364E+00 -0.99802E-02 -0.64270E+00 
  115.00  0.17134E+00 -0.65968E+00 -0.70276E-03 -0.10693E-03  0.94789E+00  0.23217E-03 -0.16693E-02 -0.67152E+00 -0.10011E-01 -0.65968E+00 
  116.00  0.17203E+00 -0.64211E+00 -0.68250E-03 -0.15823E-03  0.94803E+00  0.21380E-03 -0.16649E-02 -0.68866E+00 -0.10160E-01 -0.67593E+00 
  117.00  0.17285E+00 -0.62445E+00 -0.67265E-03 -0.22304E-03  0.94818E+00  0.20445E-03 -0.16568E-02 -0.70505E+00 -0.10412E-01 -0.69143E+00 
  118.00  0.17382E+00 -0.60678E+00 -0.67258E-03 -0.30022E-03  0.94836E+00  0.20323E-03 -0.16437E-02 -0.72070E+00 -0.10741E-01 -0.70619E+00 
  119.00  0.17490E+00 -0.58914E+00 -0.68052E-03 -0.38831E-03  0.94856E+00  0.20866E-03 -0.16241E-02 -0.73561E+00 -0.11111E-01 -0.72024E+00 
  120.00  0.17609E+00 -0.57156E+00 -0.69379E-03 -0.48552E-03  0.94877E+00  0.21883E-03 -0.15964E-02 -0.74980E+00 -0.11480E-01 -0.73358E+00 
  121.00  0.17735E+00 -0.55408E+00 -0.70917E-03 -0.58965E-03  0.94900E+00  0.23161E-03 -0.15595E-02 -0.76329E+00 -0.11807E-01 -0.74624E+00 
  122.00  0.17866E+00 -0.53672E+00 -0.72330E-03 -0.69816E-03  0.94924E+00  0.24484E-03 -0.15125E-02 -0.77610E+00 -0.12057E-01 -0.75823E+00 
  123.00  0.18000E+00 -0.51947E+00 -0.73309E-03 -0.80827E-03  0.94948E+00  0.25652E-03 -0.14552E-02 -0.78826E+00 -0.12199E-01 -0.76959E+00 
  124.00  0.18132E+00 -0.50236E+00 -0.73602E-03 -0.91707E-03  0.94972E+00  0.26499E-03 -0.13878E-02 -0.79979E+00 -0.12214E-01 -0.78034E+00 
  125.00  0.18262E+00 -0.48538E+00 -0.73043E-03 -0.10217E-02  0.94994E+00  0.26904E-03 -0.13110E-02 -0.81071E+00 -0.12094E-01 -0.79049E+00 
  126.00  0.18387E+00 -0.46853E+00 -0.71561E-03 -0.11195E-02  0.95016E+00  0.26801E-03 -0.12260E-02 -0.82105E+00 -0.11839E-01 -0.80008E+00 
  127.00  0.18504E+00 -0.45181E+00 -0.69183E-03 -0.12081E-02  0.95036E+00  0.26177E-03 -0.11342E-02 -0.83082E+00 -0.11461E-01 -0.80912E+00 
  128.00  0.18614E+00 -0.43522E+00 -0.66026E-03 -0.12855E-02  0.95054E+00  0.25073E-03 -0.10373E-02 -0.84005E+00 -0.10977E-01 -0.81762E+00 
  129.00  0.18714E+00 -0.41877E+00 -0.62278E-03 -0.13502E-02  0.95069E+00  0.23569E-03 -0.93719E-03 -0.84875E+00 -0.10410E-01 -0.82560E+00 
  130.00  0.18805E+00 -0.40248E+00 -0.58177E-03 -0.14010E-02  0.95083E+00  0.21782E-03 -0.83573E-03 -0.85694E+00 -0.97843E-02 -0.83308E+00 
  131.00  0.18886E+00 -0.38635E+00 -0.53989E-03 -0.14372E-02  0.95095E+00  0.19842E-03 -0.73484E-03 -0.86463E+00 -0.91258E-02 -0.84005E+00 
  132.00  0.18959E+00 -0.37041E+00 -0.49983E-03 -0.14583E-02  0.95104E+00  0.17886E-03 -0.63642E-03 -0.87184E+00 -0.84586E-02 -0.84654E+00 
  133.00  0.19023E+00 -0.35466E+00 -0.46406E-03 -0.14643E-02  0.95111E+00  0.16041E-03 -0.54229E-03 -0.87858E+00 -0.78035E-02 -0.85256E+00 
  134.00  0.19081E+00 -0.33913E+00 -0.43470E-03 -0.14549E-02  0.95116E+00  0.14414E-03 -0.45416E-03 -0.88486E+00 -0.71774E-02 -0.85811E+00 
  135.00  0.19133E+00 -0.32384E+00 -0.41332E-03 -0.14305E-02  0.95119E+00  0.13087E-03 -0.37352E-03 -0.89071E+00 -0.65926E-02 -0.86322E+00 
  136.00  0.19180E+00 -0.30882E+00 -0.40089E-03 -0.13912E-02  0.95119E+00  0.12108E-03 -0.30159E-03 -0.89614E+00 -0.60566E-02 -0.86791E+00 
  137.00  0.19225E+00 -0.29406E+00 -0.39773E-03 -0.13376E-02  0.95118E+00  0.11497E-03 -0.23921E-03 -0.90117E+00 -0.55723E-02 -0.87217E+00 
  138.00  0.19268E+00 -0.27961E+00 -0.40351E-03 -0.12704E-02  0.95115E+00  0.11244E-03 -0.18678E-03 -0.90582E+00 -0.51393E-02 -0.87605E+00 
  139.00  0.19310E+00 -0.26547E+00 -0.41733E-03 -0.11904E-02  0.95110E+00  0.11315E-03 -0.14418E-03 -0.91011E+00 -0.47540E-02 -0.87955E+00 
  140.00  0.19354E+00 -0.25166E+00 -0.43782E-03 -0.10989E-02  0.95103E+00  0.11661E-03 -0.11086E-03 -0.91407E+00 -0.44109E-02 -0.88270E+00 
  141.00  0.19399E+00 -0.23820E+00 -0.46325E-03 -0.99697E-03  0.95095E+00  0.12222E-03 -0.85807E-04 -0.91770E+00 -0.41038E-02 -0.88552E+00 
  142.00  0.19448E+00 -0.22510E+00 -0.49166E-03 -0.88606E-03  0.95085E+00  0.12931E-03 -0.67746E-04 -0.92102E+00 -0.38262E-02 -0.88802E+00 
  143.00  0.19500E+00 -0.21238E+00 -0.52101E-03 -0.76749E-03  0.95073E+00  0.13726E-03 -0.55250E-04 -0.92405E+00 -0.35727E-02 -0.89022E+00 
  144.00  0.19557E+00 -0.20005E+00 -0.54930E-03 -0.64254E-03  0.95060E+00  0.14545E-03 -0.46908E-04 -0.92681E+00 -0.33389E-02 -0.89213E+00 
  145.00  0.19619E+00 -0.18812E+00 -0.57463E-03 -0.51240E-03  0.95047E+00  0.15334E-03 -0.41471E-04 -0.92931E+00 -0.31221E-02 -0.89379E+00 
  146.00  0.19687E+00 -0.17660E+00 -0.59533E-03 -0.37811E-03  0.95032E+00  0.16043E-03 -0.37949E-04 -0.93156E+00 -0.29213E-02 -0.89520E+00 
  147.00  0.19760E+00 -0.16549E+00 -0.60994E-03 -0.24063E-03  0.95017E+00  0.16627E-03 -0.35649E-04 -0.93357E+00 -0.27368E-02 -0.89638E+00 
  148.00  0.19838E+00 -0.15480E+00 -0.61731E-03 -0.10085E-03  0.95002E+00  0.17045E-03 -0.34171E-04 -0.93537E+00 -0.25702E-02 -0.89735E+00 
  149.00  0.19921E+00 -0.14452E+00 -0.61658E-03  0.40390E-04  0.94987E+00  0.17262E-03 -0.33351E-04 -0.93696E+00 -0.24235E-02 -0.89813E+00 
  150.00  0.20009E+00 -0.13466E+00 -0.60720E-03  0.18224E-03  0.94972E+00  0.17249E-03 -0.33185E-04 -0.93836E+00 -0.22987E-02 -0.89875E+00 
  151.00  0.20101E+00 -0.12519E+00 -0.58900E-03  0.32383E-03  0.94958E+00  0.16990E-03 -0.33741E-04 -0.93960E+00 -0.21974E-02 -0.89922E+00 
  152.00  0.20197E+00 -0.11612E+00 -0.56213E-03  0.46429E-03  0.94944E+00  0.16480E-03 -0.35086E-04 -0.94068E+00 -0.21201E-02 -0.89956E+00 
  153.00  0.20295E+00 -0.10743E+00 -0.52713E-03  0.60271E-03  0.94931E+00  0.15730E-03 -0.37226E-04 -0.94163E+00 -0.20659E-02 -0.89978E+00 
  154.00  0.20395E+00 -0.99106E-01 -0.48489E-03  0.73821E-03  0.94919E+00  0.14770E-03 -0.40071E-04 -0.94246E+00 -0.20323E-02 -0.89992E+00 
  155.00  0.20497E+00 -0.91137E-01 -0.43664E-03  0.86992E-03  0.94907E+00  0.13641E-03 -0.43424E-04 -0.94319E+00 -0.20158E-02 -0.89997E+00 
  156.00  0.20600E+00 -0.83514E-01 -0.38382E-03  0.99702E-03  0.94896E+00  0.12398E-03 -0.46990E-04 -0.94382E+00 -0.20113E-02 -0.89996E+00 
  157.00  0.20703E+00 -0.76226E-01 -0.32810E-03  0.11188E-02  0.94885E+00  0.11098E-03 -0.50404E-04 -0.94437E+00 -0.20134E-02 -0.89989E+00 
  158.00  0.20806E+00 -0.69268E-01 -0.27117E-03  0.12346E-02  0.94875E+00  0.98009E-04 -0.53273E-04 -0.94484E+00 -0.20162E-02 -0.89976E+00 
  159.00  0.20909E+00 -0.62634E-01 -0.21474E-03  0.13441E-02  0.94864E+00  0.85551E-04 -0.55223E-04 -0.94525E+00 -0.20139E-02 -0.89958E+00 
  160.00  0.21011E+00 -0.56321E-01 -0.16041E-03  0.14470E-02  0.94853E+00  0.73993E-04 -0.55955E-04 -0.94559E+00 -0.20015E-02 -0.89936E+00 
  161.00  0.21113E+00 -0.50330E-01 -0.10960E-03  0.15434E-02  0.94842E+00  0.63582E-04 -0.55287E-04 -0.94588E+00 -0.19749E-02 -0.89910E+00 
  162.00  0.21213E+00 -0.44662E-01 -0.63536E-04  0.16335E-02  0.94831E+00  0.54422E-04 -0.53179E-04 -0.94612E+00 -0.19312E-02 -0.89880E+00 
  163.00  0.21312E+00 -0.39320E-01 -0.23173E-04  0.17180E-02  0.94819E+00  0.46493E-04 -0.49734E-04 -0.94631E+00 -0.18686E-02 -0.89846E+00 
  164.00  0.21410E+00 -0.34309E-01  0.10800E-04  0.17973E-02  0.94805E+00  0.39686E-04 -0.45179E-04 -0.94645E+00 -0.17871E-02 -0.89807E+00 
  165.00  0.21506E+00 -0.29635E-01  0.37990E-04  0.18723E-02  0.94791E+00  0.33832E-04 -0.39819E-04 -0.94655E+00 -0.16875E-02 -0.89765E+00 
  166.00  0.21601E+00 -0.25304E-01  0.58314E-04  0.19435E-02  0.94774E+00  0.28738E-04 -0.33989E-04 -0.94661E+00 -0.15718E-02 -0.89718E+00 
  167.00  0.21694E+00 -0.21322E-01  0.71988E-04  0.20114E-02  0.94756E+00  0.24223E-04 -0.28012E-04 -0.94663E+00 -0.14428E-02 -0.89667E+00 
  168.00  0.21786E+00 -0.17696E-01  0.79503E-04  0.20762E-02  0.94737E+00  0.20137E-04 -0.22163E-04 -0.94661E+00 -0.13035E-02 -0.89613E+00 
  169.00  0.21875E+00 -0.14430E-01  0.81578E-04  0.21379E-02  0.94715E+00  0.16384E-04 -0.16668E-04 -0.94655E+00 -0.11574E-02 -0.89554E+00 
  170.00  0.21962E+00 -0.11529E-01  0.79092E-04  0.21964E-02  0.94691E+00  0.12924E-04 -0.11704E-04 -0.94645E+00 -0.10078E-02 -0.89492E+00 
  171.00  0.22046E+00 -0.89922E-02  0.73009E-04  0.22512E-02  0.94666E+00  0.97766E-05 -0.74163E-05 -0.94632E+00 -0.85767E-03 -0.89427E+00 
  172.00  0.22127E+00 -0.68161E-02  0.64308E-04  0.23020E-02  0.94640E+00  0.69976E-05 -0.39230E-05 -0.94616E+00 -0.71013E-03 -0.89360E+00 
  173.00  0.22203E+00 -0.49909E-02  0.53937E-04  0.23482E-02  0.94613E+00  0.46606E-05 -0.13063E-05 -0.94597E+00 -0.56809E-03 -0.89291E+00 
  174.00  0.22274E+00 -0.35001E-02  0.42785E-04  0.23895E-02  0.94586E+00  0.28245E-05  0.40696E-06 -0.94576E+00 -0.43463E-03 -0.89224E+00 
  175.00  0.22337E+00 -0.23198E-02  0.31673E-04  0.24253E-02  0.94560E+00  0.15077E-05  0.12696E-05 -0.94555E+00 -0.31302E-03 -0.89159E+00 
  176.00  0.22392E+00 -0.14201E-02  0.21356E-04  0.24553E-02  0.94537E+00  0.67256E-06  0.14283E-05 -0.94535E+00 -0.20673E-03 -0.89100E+00 
  177.00  0.22437E+00 -0.76805E-03  0.12512E-04  0.24792E-02  0.94517E+00  0.22772E-06  0.11138E-05 -0.94516E+00 -0.11931E-03 -0.89050E+00 
  178.00  0.22471E+00 -0.33093E-03  0.57263E-05  0.24965E-02  0.94502E+00  0.47244E-07  0.60472E-06 -0.94502E+00 -0.54040E-04 -0.89011E+00 
  179.00  0.22491E+00 -0.81096E-04  0.14571E-05  0.25071E-02  0.94493E+00  0.30418E-08  0.16886E-06 -0.94493E+00 -0.13668E-04 -0.88987E+00 
  180.00  0.22498E+00 -0.19961E-14  0.36328E-16  0.25106E-02  0.94489E+00  0.18871E-29  0.43364E-17 -0.94489E+00 -0.34009E-15 -0.88979E+00 
 scattering matrix expansion coefficients
    w  a11         a22         a33         a23         a32         a44         a12         a34         a13         a24         a14
    0  0.1000E+01  0.0000E+00  0.0000E+00  0.0000E+00  0.0000E+00  0.7906E+00  0.0000E+00  0.0000E+00  0.0000E+00  0.0000E+00  0.6744E-04
    1  0.2192E+01  0.0000E+00  0.0000E+00  0.0000E+00  0.0000E+00  0.2386E+01  0.0000E+00  0.0000E+00  0.0000E+00  0.0000E+00  0.4104E-03
    2  0.3045E+01  0.2514E+00  0.3902E+01 -0.2390E-05  0.2596E-02  0.3034E+01 -0.3920E+00 -0.8324E-03 -0.2301E-03 -0.1586E-03  0.5721E-03
    3  0.3386E+01  0.6169E-01  0.3884E+01  0.7249E-06  0.2497E-02  0.3391E+01 -0.2451E+00  0.1845E-02 -0.1941E-04  0.1347E-03 -0.1642E-03
    4  0.3547E+01  0.2861E-01  0.3897E+01 -0.1023E-05  0.2203E-02  0.3553E+01 -0.1936E+00 -0.3921E-02 -0.1625E-03 -0.1157E-03 -0.3292E-03
    5  0.3592E+01  0.1987E-01  0.3846E+01  0.6795E-08  0.1241E-02  0.3585E+01 -0.1481E+00 -0.8798E-02 -0.1300E-03 -0.6619E-04 -0.6112E-03
    6  0.3547E+01  0.9962E-02  0.3746E+01 -0.2867E-06  0.2514E-03  0.3539E+01 -0.1252E+00 -0.1122E-01 -0.1603E-03  0.2732E-03 -0.9512E-04
    7  0.3439E+01  0.4656E-03  0.3603E+01 -0.3062E-07 -0.4018E-03  0.3446E+01 -0.1283E+00 -0.1380E-01 -0.9853E-04  0.3761E-04 -0.4041E-03
    8  0.3337E+01  0.4588E-02  0.3457E+01  0.2447E-07 -0.4523E-03  0.3338E+01 -0.1230E+00 -0.1623E-01 -0.1353E-04 -0.1119E-03 -0.8314E-03
    9  0.3260E+01  0.1165E-02  0.3351E+01 -0.5961E-06 -0.2758E-03  0.3269E+01 -0.1040E+00 -0.1782E-01  0.1408E-03  0.7421E-04 -0.8414E-03
   10  0.3230E+01  0.5568E-02  0.3294E+01 -0.3919E-08 -0.2337E-03  0.3230E+01 -0.7251E-01 -0.1793E-01  0.9523E-04  0.2369E-04 -0.1195E-02
   11  0.3214E+01  0.5808E-02  0.3264E+01 -0.4392E-08 -0.4988E-03  0.3208E+01 -0.4370E-01 -0.1613E-01 -0.1272E-03 -0.4939E-04 -0.1485E-02
   12  0.3178E+01 -0.5064E-03  0.3229E+01 -0.1564E-06 -0.5656E-03  0.3183E+01 -0.2781E-01 -0.1511E-01 -0.1378E-03  0.2880E-04 -0.1241E-02
   13  0.3113E+01  0.1382E-02  0.3161E+01 -0.5485E-06 -0.1916E-03  0.3114E+01 -0.1139E-01 -0.1185E-01 -0.6960E-04  0.1550E-03 -0.9483E-03
   14  0.2993E+01  0.5018E-02  0.3039E+01  0.2605E-06  0.3323E-03  0.2984E+01  0.2783E-02 -0.6062E-02  0.3660E-04  0.1649E-03 -0.1013E-02
   15  0.2792E+01  0.1615E-02  0.2843E+01  0.1425E-06  0.4663E-03  0.2787E+01 -0.4621E-02 -0.1921E-02 -0.4884E-04  0.4140E-04 -0.1243E-02
   16  0.2530E+01 -0.2451E-02  0.2584E+01 -0.3977E-06  0.2999E-03  0.2533E+01 -0.2846E-01 -0.1556E-02 -0.1325E-05  0.1870E-04 -0.1231E-02
   17  0.2250E+01 -0.3754E-02  0.2301E+01 -0.4396E-07  0.7793E-04  0.2258E+01 -0.4739E-01 -0.3671E-02  0.1039E-03  0.6013E-04 -0.9885E-03
   18  0.1996E+01 -0.9557E-03  0.2036E+01  0.4057E-06 -0.1789E-03  0.2000E+01 -0.4691E-01 -0.6348E-02  0.5045E-04  0.1573E-04 -0.7730E-03
   19  0.1777E+01  0.1518E-02  0.1807E+01  0.3566E-06 -0.3172E-03  0.1775E+01 -0.3527E-01 -0.7673E-02 -0.1160E-04 -0.6625E-05 -0.7140E-03
   20  0.1586E+01  0.9687E-03  0.1610E+01  0.2688E-06 -0.2507E-03  0.1584E+01 -0.2676E-01 -0.8529E-02 -0.1336E-04  0.2092E-04 -0.7515E-03
   21  0.1415E+01 -0.3459E-03  0.1436E+01  0.1186E-06 -0.1347E-03  0.1415E+01 -0.2407E-01 -0.1037E-01 -0.2688E-04  0.3733E-05 -0.8503E-03
   22  0.1265E+01 -0.1630E-03  0.1283E+01 -0.9692E-07 -0.1159E-03  0.1266E+01 -0.2137E-01 -0.1213E-01 -0.5191E-04 -0.8318E-05 -0.9241E-03
   23  0.1133E+01  0.8361E-04  0.1148E+01 -0.1232E-06 -0.1563E-03  0.1134E+01 -0.1696E-01 -0.1290E-01 -0.5153E-04  0.7582E-05 -0.9272E-03
   24  0.1015E+01  0.1566E-03  0.1027E+01 -0.3478E-07 -0.1238E-03  0.1015E+01 -0.1195E-01 -0.1257E-01 -0.2272E-04 -0.2468E-05 -0.8975E-03
   25  0.9026E+00  0.5088E-03  0.9137E+00 -0.7103E-08 -0.8790E-05  0.9017E+00 -0.8384E-02 -0.1080E-01  0.1158E-04 -0.4475E-04 -0.8430E-03
   26  0.7936E+00  0.4180E-03  0.8035E+00  0.8178E-07  0.9000E-04  0.7926E+00 -0.8645E-02 -0.8060E-02  0.1463E-04 -0.4212E-04 -0.7120E-03
   27  0.6906E+00 -0.4430E-03  0.6998E+00  0.7546E-07  0.1263E-03  0.6912E+00 -0.1176E-01 -0.5621E-02 -0.1601E-06  0.1367E-04 -0.5237E-03
   28  0.6023E+00 -0.7127E-03  0.6101E+00  0.4948E-07  0.1534E-03  0.6038E+00 -0.1263E-01 -0.4235E-02  0.4924E-06  0.4668E-04 -0.3771E-03
   29  0.5330E+00 -0.7696E-05  0.5385E+00  0.4007E-07  0.1946E-03  0.5332E+00 -0.9021E-02 -0.3537E-02  0.1122E-04  0.3776E-04 -0.3070E-03
   30  0.4777E+00  0.6116E-03  0.4815E+00  0.4268E-07  0.2256E-03  0.4765E+00 -0.4231E-02 -0.2968E-02  0.1515E-04  0.2425E-04 -0.2755E-03
   31  0.4285E+00  0.4066E-03  0.4320E+00  0.3434E-07  0.2165E-03  0.4276E+00 -0.2258E-02 -0.2423E-02  0.1080E-04  0.2321E-04 -0.2529E-03
   32  0.3816E+00 -0.1022E-03  0.3852E+00  0.3081E-07  0.1657E-03  0.3817E+00 -0.3059E-02 -0.2121E-02  0.2451E-05  0.2028E-04 -0.2497E-03
   33  0.3373E+00 -0.3044E-03  0.3408E+00  0.2746E-07  0.9242E-04  0.3380E+00 -0.4121E-02 -0.2158E-02 -0.8903E-05  0.5209E-05 -0.2745E-03
   34  0.2966E+00 -0.1518E-03  0.2995E+00  0.2863E-07  0.2539E-04  0.2970E+00 -0.3836E-02 -0.2370E-02 -0.1840E-04 -0.1067E-04 -0.3057E-03
   35  0.2588E+00  0.6024E-04  0.2613E+00  0.2719E-07 -0.1173E-04  0.2587E+00 -0.2581E-02 -0.2477E-02 -0.1933E-04 -0.1711E-04 -0.3126E-03
   36  0.2224E+00  0.1524E-03  0.2246E+00  0.2491E-07 -0.1523E-04  0.2221E+00 -0.1490E-02 -0.2313E-02 -0.1213E-04 -0.1459E-04 -0.2840E-03
   37  0.1861E+00  0.1084E-03  0.1882E+00  0.1677E-07 -0.7651E-06  0.1858E+00 -0.1291E-02 -0.1904E-02 -0.3240E-05 -0.8307E-05 -0.2301E-03
   38  0.1501E+00  0.1007E-04  0.1522E+00  0.1222E-07  0.1334E-04  0.1501E+00 -0.1929E-02 -0.1403E-02  0.2062E-05 -0.2269E-05 -0.1700E-03
   39  0.1158E+00 -0.7038E-04  0.1177E+00  0.1625E-07  0.1809E-04  0.1159E+00 -0.2879E-02 -0.9554E-03  0.2922E-05  0.1493E-05 -0.1193E-03
   40  0.8506E-01 -0.9471E-04  0.8666E-01  0.1910E-07  0.1498E-04  0.8522E-01 -0.3575E-02 -0.6278E-03  0.1859E-05  0.3212E-05 -0.8313E-04
   41  0.5933E-01 -0.7393E-04  0.6058E-01  0.1702E-07  0.8944E-05  0.5947E-01 -0.3740E-02 -0.4104E-03  0.6485E-06  0.3185E-05 -0.5971E-04
   42  0.3929E-01 -0.3422E-04  0.4018E-01  0.1281E-07  0.3910E-05  0.3936E-01 -0.3399E-02 -0.2684E-03  0.1398E-06  0.2503E-05 -0.4400E-04
   43  0.2470E-01 -0.3395E-06  0.2529E-01  0.9295E-08  0.9575E-06  0.2471E-01 -0.2760E-02 -0.1717E-03  0.2592E-07  0.1725E-05 -0.3219E-04
   44  0.1474E-01  0.1940E-04  0.1510E-01  0.7129E-08 -0.2852E-06  0.1471E-01 -0.2039E-02 -0.1042E-03  0.8471E-07  0.1191E-05 -0.2246E-04
   45  0.8343E-02  0.2579E-04  0.8547E-02  0.5417E-08 -0.6061E-06  0.8301E-02 -0.1390E-02 -0.5862E-04  0.1007E-06  0.8471E-06 -0.1459E-04
   46  0.4477E-02  0.2420E-04  0.4584E-02  0.3764E-08 -0.5501E-06  0.4435E-02 -0.8797E-03 -0.3024E-04  0.1024E-06  0.6161E-06 -0.8700E-05
   47  0.2274E-02  0.1900E-04  0.2326E-02  0.2291E-08 -0.3940E-06  0.2241E-02 -0.5192E-03 -0.1421E-04  0.7604E-07  0.4282E-06 -0.4773E-05
   48  0.1093E-02  0.1322E-04  0.1115E-02  0.1207E-08 -0.2406E-06  0.1069E-02 -0.2860E-03 -0.6077E-05  0.4960E-07  0.2802E-06 -0.2411E-05
   49  0.4961E-03  0.8300E-05  0.5048E-03  0.5565E-09 -0.1327E-06  0.4812E-03 -0.1471E-03 -0.2370E-05  0.2838E-07  0.1660E-06 -0.1127E-05
   50  0.2127E-03  0.4753E-05  0.2155E-03  0.2229E-09 -0.6586E-07  0.2041E-03 -0.7068E-04 -0.8338E-06  0.1477E-07  0.8997E-07 -0.4873E-06
   51  0.8597E-04  0.2491E-05  0.8670E-04  0.7926E-10 -0.2997E-07  0.8145E-04 -0.3170E-04 -0.2645E-06  0.7069E-08  0.4374E-07 -0.1952E-06
   52  0.3273E-04  0.1199E-05  0.3281E-04  0.2453E-10 -0.1275E-07  0.3055E-04 -0.1327E-04 -0.7468E-07  0.3166E-08  0.1930E-07 -0.7199E-07
   53  0.1171E-04  0.5302E-06  0.1166E-04  0.7255E-11 -0.4974E-08  0.1075E-04 -0.5173E-05 -0.1772E-07  0.1336E-08  0.7699E-08 -0.2463E-07
   54  0.3932E-05  0.2154E-06  0.3882E-05  0.2156E-11 -0.1851E-08  0.3538E-05 -0.1877E-05 -0.3580E-08  0.5205E-09  0.2792E-08 -0.7724E-08
   55  0.1234E-05  0.8024E-07  0.1208E-05  0.7810E-12 -0.6242E-09  0.1087E-05 -0.6320E-06 -0.3021E-09  0.1926E-09  0.9230E-09 -0.2257E-08
   56  0.3618E-06  0.2740E-07  0.3505E-06  0.3213E-12 -0.2022E-09  0.3113E-06 -0.1972E-06  0.4493E-10  0.6421E-10  0.2801E-09 -0.6098E-09
   57  0.9814E-07  0.8528E-08  0.9409E-07  0.1357E-12 -0.5773E-10  0.8239E-07 -0.5668E-07  0.7998E-10  0.2018E-10  0.7724E-10 -0.1525E-09
   58  0.2511E-07  0.2447E-08  0.2385E-07  0.6622E-13 -0.1617E-10  0.2058E-07 -0.1519E-07  0.2283E-10  0.5653E-11  0.2023E-10 -0.3735E-10
   59  0.5695E-08  0.6227E-09  0.5343E-08  0.2747E-13 -0.3759E-11  0.4539E-08 -0.3623E-08  0.1048E-10  0.1447E-11  0.4574E-11 -0.7754E-11
   60  0.1332E-08  0.1563E-09  0.1241E-08  0.8781E-14 -0.9613E-12  0.1043E-08 -0.8695E-09  0.2093E-11  0.3565E-12  0.1111E-11 -0.1980E-11
   61  0.2292E-09  0.3004E-10  0.2102E-09  0.3007E-14 -0.1634E-12  0.1732E-09 -0.1575E-09  0.6658E-12  0.6723E-13  0.1860E-12 -0.2911E-12
   62  0.5832E-10  0.7791E-11  0.5357E-10  0.8461E-15 -0.4647E-13  0.4400E-10 -0.3998E-10  0.1290E-12  0.1731E-13  0.5026E-13 -0.1026E-12
   63  0.5749E-11  0.8702E-12  0.5157E-11  0.1643E-15 -0.4456E-14  0.4123E-11 -0.4199E-11  0.2297E-13  0.1937E-14  0.4475E-14 -0.7191E-14
   64  0.2366E-11  0.3432E-12  0.2134E-11  0.3604E-16 -0.1956E-14  0.1735E-11 -0.1668E-11  0.6781E-14  0.7596E-15  0.2008E-14 -0.4962E-14
   65  0.6538E-13  0.1096E-13  0.5692E-13  0.5813E-17 -0.6195E-16  0.4514E-13 -0.4981E-13  0.3771E-15  0.2875E-16  0.1413E-16 -0.7263E-16
   66  0.1165E-12  0.1972E-13  0.1055E-12 -0.6482E-18 -0.1077E-15  0.8226E-13 -0.8675E-13  0.4201E-15  0.4760E-16  0.1006E-15 -0.2636E-15
