 input file is 
mstm20_1024_6398_13_009.inp   
 input file comments follow:
***********************************************************
  This is the default mstm input file for v.3.0.
  The run is for a 7-sphere cluster of identical spheres.   The positions
  are embedded in the input file.

  The run makes use of the new_run and multiple_run options.

  14 April 2013
***********************************************************
 number of processors:
   1
 input parameters for run number 
    1
 number of spheres, volume size parameter:
 1024  0.64488E+01
 position file:
position/n1024/a20.out                                      
 output file:
output/1024/x6398/13/009/mt_20_1024_6398_13_009.dat         
 length, ref. indx. scale factors:
   0.640   1.300   0.090
 chiral factors:
  0.00000E+00  0.00000E+00
 scattering matrix directions based on incident frame
 automatic scattering angle calculation
 thetamin, thetamax:
      0.0    180.0
 number scattering angles:
      181
 epsmie, epssoln, max number iterations:
  0.1000E-05  0.1000E-07 5000
 medium refractive index:
  1.0000  0.0000
 target euler rotation angles:
    0.0000    0.0000    0.0000
 far field kr, iterations/correction:
  0.1000E-07   20
 plane wave incidence
 random orientation calculations
 t matrix calculated, stored in file 
tmatrixfiles/tmf_20_1024_6398_13_009                        
 t matrix convergence epsilon:
  0.1000E-06
 all spheres excited (total T matrix) 
 calculation results for run 
    1
 total ext, abs, scat efficiencies, w.r.t. xv, and asym. parm
  0.24513E+01  0.14348E+01  0.10165E+01  0.79423E+00
 scattering matrix elements (normalized w/ S11)
   theta      11           12           13           14           22           23           24           33           34           44     
    0.00  0.26784E+03  0.00000E+00  0.00000E+00 -0.18436E-04  0.99998E+00  0.69759E-05  0.00000E+00  0.99998E+00  0.00000E+00  0.99996E+00
    1.00  0.24889E+03 -0.12136E-03 -0.60460E-08 -0.19201E-04  0.99998E+00  0.90186E-05 -0.23711E-09  0.99998E+00 -0.15762E-04  0.99996E+00
    2.00  0.20100E+03 -0.49964E-03 -0.31415E-07 -0.21069E-04  0.99998E+00  0.14986E-04  0.51653E-09  0.99998E+00 -0.87027E-04  0.99995E+00
    3.00  0.14451E+03 -0.11825E-02 -0.90918E-07 -0.22189E-04  0.99997E+00  0.23802E-04  0.34330E-08  0.99997E+00 -0.27965E-03  0.99994E+00
    4.00  0.97474E+02 -0.22464E-02 -0.17410E-06 -0.18150E-04  0.99996E+00  0.31971E-04 -0.25450E-08  0.99996E+00 -0.64781E-03  0.99993E+00
    5.00  0.66468E+02 -0.37251E-02 -0.19436E-06 -0.40313E-05  0.99995E+00  0.34416E-04 -0.48107E-07  0.99995E+00 -0.10919E-02  0.99990E+00
    6.00  0.47871E+02 -0.55331E-02 -0.58127E-07  0.17163E-04  0.99994E+00  0.32319E-04 -0.12927E-06  0.99993E+00 -0.13783E-02  0.99987E+00
    7.00  0.35447E+02 -0.76360E-02  0.14411E-06  0.33235E-04  0.99992E+00  0.35757E-04 -0.11906E-06  0.99989E+00 -0.15386E-02  0.99981E+00
    8.00  0.25952E+02 -0.10221E-01  0.18458E-06  0.32431E-04  0.99989E+00  0.51511E-04  0.21297E-06  0.99984E+00 -0.19376E-02  0.99973E+00
    9.00  0.19168E+02 -0.13453E-01 -0.37010E-08  0.94375E-05  0.99985E+00  0.72291E-04  0.10013E-05  0.99976E+00 -0.27482E-02  0.99961E+00
   10.00  0.15157E+02 -0.16996E-01 -0.42727E-07 -0.23052E-04  0.99981E+00  0.78431E-04  0.18670E-05  0.99966E+00 -0.34121E-02  0.99948E+00
   11.00  0.12926E+02 -0.20274E-01  0.40213E-06 -0.36942E-04  0.99978E+00  0.65493E-04  0.21244E-05  0.99957E+00 -0.32765E-02  0.99937E+00
   12.00  0.11282E+02 -0.23378E-01  0.74859E-06 -0.20766E-04  0.99975E+00  0.56917E-04  0.17572E-05  0.99947E+00 -0.27179E-02  0.99925E+00
   13.00  0.98513E+01 -0.26828E-01 -0.14799E-06  0.12882E-04  0.99972E+00  0.78236E-04  0.14433E-05  0.99934E+00 -0.25268E-02  0.99909E+00
   14.00  0.88360E+01 -0.30816E-01 -0.26655E-05  0.37486E-04  0.99968E+00  0.13342E-03  0.19079E-05  0.99918E+00 -0.27994E-02  0.99890E+00
   15.00  0.82075E+01 -0.35016E-01 -0.54227E-05  0.32652E-04  0.99964E+00  0.19542E-03  0.31886E-05  0.99901E+00 -0.28140E-02  0.99870E+00
   16.00  0.75660E+01 -0.39236E-01 -0.67921E-05  0.60676E-05  0.99959E+00  0.23160E-03  0.46693E-05  0.99882E+00 -0.21762E-02  0.99846E+00
   17.00  0.66551E+01 -0.43862E-01 -0.65412E-05 -0.16956E-04  0.99952E+00  0.22352E-03  0.58287E-05  0.99855E+00 -0.13982E-02  0.99814E+00
   18.00  0.56508E+01 -0.49554E-01 -0.54217E-05 -0.10286E-04  0.99942E+00  0.16093E-03  0.63613E-05  0.99816E+00 -0.13294E-02  0.99767E+00
   19.00  0.48596E+01 -0.56474E-01 -0.43118E-05  0.35390E-04  0.99931E+00  0.56839E-04  0.60636E-05  0.99765E+00 -0.22221E-02  0.99707E+00
   20.00  0.43340E+01 -0.63772E-01 -0.32956E-05  0.92552E-04  0.99921E+00 -0.39291E-04  0.50039E-05  0.99710E+00 -0.31836E-02  0.99644E+00
   21.00  0.39062E+01 -0.70639E-01 -0.17735E-05  0.12283E-03  0.99911E+00 -0.88235E-04  0.33525E-05  0.99654E+00 -0.33598E-02  0.99580E+00
   22.00  0.34809E+01 -0.77341E-01 -0.62651E-07  0.11705E-03  0.99899E+00 -0.92482E-04  0.10024E-05  0.99592E+00 -0.30825E-02  0.99510E+00
   23.00  0.31359E+01 -0.84687E-01 -0.16493E-06  0.96360E-04  0.99887E+00 -0.73674E-04 -0.20553E-05  0.99520E+00 -0.32920E-02  0.99430E+00
   24.00  0.29511E+01 -0.92959E-01 -0.35686E-05  0.90810E-04  0.99880E+00 -0.51616E-04 -0.50352E-05  0.99438E+00 -0.42995E-02  0.99343E+00
   25.00  0.28653E+01 -0.10164E+00 -0.81965E-05  0.10577E-03  0.99875E+00 -0.35621E-04 -0.68501E-05  0.99350E+00 -0.54401E-02  0.99252E+00
   26.00  0.27534E+01 -0.11034E+00 -0.10311E-04  0.12046E-03  0.99869E+00 -0.29543E-04 -0.70705E-05  0.99254E+00 -0.61609E-02  0.99153E+00
   27.00  0.25767E+01 -0.11918E+00 -0.80972E-05  0.11719E-03  0.99861E+00 -0.41821E-04 -0.57486E-05  0.99147E+00 -0.64715E-02  0.99041E+00
   28.00  0.23941E+01 -0.12829E+00 -0.29754E-05  0.98819E-04  0.99853E+00 -0.80708E-04 -0.34167E-05  0.99028E+00 -0.64304E-02  0.98918E+00
   29.00  0.22506E+01 -0.13749E+00  0.13850E-05  0.86620E-04  0.99846E+00 -0.13736E-03 -0.15908E-05  0.98901E+00 -0.58955E-02  0.98788E+00
   30.00  0.21155E+01 -0.14658E+00  0.30421E-05  0.97546E-04  0.99836E+00 -0.18662E-03 -0.22242E-05  0.98765E+00 -0.48514E-02  0.98647E+00
   31.00  0.19378E+01 -0.15576E+00  0.38995E-05  0.12833E-03  0.99818E+00 -0.20964E-03 -0.65952E-05  0.98612E+00 -0.36456E-02  0.98481E+00
   32.00  0.17215E+01 -0.16550E+00  0.71803E-05  0.16395E-03  0.99792E+00 -0.20404E-03 -0.14958E-04  0.98428E+00 -0.27820E-02  0.98280E+00
   33.00  0.15194E+01 -0.17616E+00  0.13599E-04  0.19090E-03  0.99763E+00 -0.17918E-03 -0.26096E-04  0.98208E+00 -0.25643E-02  0.98044E+00
   34.00  0.13705E+01 -0.18747E+00  0.19240E-04  0.20688E-03  0.99740E+00 -0.14595E-03 -0.37232E-04  0.97963E+00 -0.28383E-02  0.97787E+00
   35.00  0.12693E+01 -0.19885E+00  0.18844E-04  0.21958E-03  0.99723E+00 -0.10278E-03 -0.45945E-04  0.97707E+00 -0.32640E-02  0.97524E+00
   36.00  0.11918E+01 -0.21024E+00  0.11590E-04  0.23136E-03  0.99707E+00 -0.37485E-04 -0.51500E-04  0.97439E+00 -0.38631E-02  0.97251E+00
   37.00  0.11281E+01 -0.22224E+00  0.18612E-05  0.23096E-03  0.99691E+00  0.51217E-04 -0.53499E-04  0.97145E+00 -0.48993E-02  0.96951E+00
   38.00  0.10810E+01 -0.23540E+00 -0.44915E-05  0.20506E-03  0.99676E+00  0.14037E-03 -0.51398E-04  0.96814E+00 -0.62987E-02  0.96614E+00
   39.00  0.10466E+01 -0.24956E+00 -0.49243E-05  0.15597E-03  0.99664E+00  0.19984E-03 -0.46093E-04  0.96445E+00 -0.75574E-02  0.96240E+00
   40.00  0.10109E+01 -0.26407E+00 -0.18711E-05  0.10248E-03  0.99648E+00  0.21983E-03 -0.40097E-04  0.96049E+00 -0.82564E-02  0.95835E+00
   41.00  0.96481E+00 -0.27844E+00  0.32014E-06  0.64993E-04  0.99626E+00  0.21115E-03 -0.35399E-04  0.95629E+00 -0.83270E-02  0.95403E+00
   42.00  0.91242E+00 -0.29259E+00 -0.60374E-06  0.54037E-04  0.99600E+00  0.18715E-03 -0.32110E-04  0.95187E+00 -0.78228E-02  0.94946E+00
   43.00  0.86293E+00 -0.30661E+00 -0.27139E-05  0.66449E-04  0.99574E+00  0.15474E-03 -0.29589E-04  0.94720E+00 -0.67935E-02  0.94466E+00
   44.00  0.81927E+00 -0.32066E+00 -0.99338E-06  0.89122E-04  0.99553E+00  0.11762E-03 -0.28923E-04  0.94227E+00 -0.54982E-02  0.93964E+00
   45.00  0.77910E+00 -0.33499E+00  0.87714E-05  0.10937E-03  0.99534E+00  0.79793E-04 -0.33372E-04  0.93701E+00 -0.45305E-02  0.93433E+00
   46.00  0.74309E+00 -0.35001E+00  0.26472E-04  0.12151E-03  0.99517E+00  0.43761E-04 -0.44866E-04  0.93129E+00 -0.44540E-02  0.92858E+00
   47.00  0.71623E+00 -0.36605E+00  0.46649E-04  0.12409E-03  0.99502E+00  0.10420E-04 -0.59461E-04  0.92495E+00 -0.51931E-02  0.92224E+00
   48.00  0.70021E+00 -0.38304E+00  0.60863E-04  0.11513E-03  0.99492E+00 -0.13687E-04 -0.68082E-04  0.91794E+00 -0.59213E-02  0.91527E+00
   49.00  0.68824E+00 -0.40048E+00  0.62592E-04  0.92893E-04  0.99485E+00 -0.11071E-04 -0.64436E-04  0.91035E+00 -0.58586E-02  0.90771E+00
   50.00  0.67030E+00 -0.41795E+00  0.49934E-04  0.60429E-04  0.99473E+00  0.37924E-04 -0.50976E-04  0.90224E+00 -0.50592E-02  0.89961E+00
   51.00  0.64241E+00 -0.43545E+00  0.24981E-04  0.28173E-04  0.99454E+00  0.13708E-03 -0.36418E-04  0.89358E+00 -0.42328E-02  0.89094E+00
   52.00  0.60901E+00 -0.45324E+00 -0.64683E-05  0.11307E-04  0.99428E+00  0.26115E-03 -0.29026E-04  0.88429E+00 -0.39711E-02  0.88160E+00
   53.00  0.57640E+00 -0.47140E+00 -0.35471E-04  0.20828E-04  0.99399E+00  0.36457E-03 -0.30718E-04  0.87434E+00 -0.41603E-02  0.87160E+00
   54.00  0.54611E+00 -0.48961E+00 -0.54173E-04  0.53846E-04  0.99368E+00  0.41628E-03 -0.36355E-04  0.86386E+00 -0.41470E-02  0.86108E+00
   55.00  0.51542E+00 -0.50740E+00 -0.60626E-04  0.94771E-04  0.99333E+00  0.42456E-03 -0.39918E-04  0.85307E+00 -0.35249E-02  0.85020E+00
   56.00  0.48300E+00 -0.52461E+00 -0.57933E-04  0.12655E-03  0.99291E+00  0.41839E-03 -0.41078E-04  0.84204E+00 -0.25926E-02  0.83906E+00
   57.00  0.45188E+00 -0.54158E+00 -0.49320E-04  0.14045E-03  0.99247E+00  0.41021E-03 -0.45309E-04  0.83064E+00 -0.19979E-02  0.82754E+00
   58.00  0.42655E+00 -0.55889E+00 -0.35526E-04  0.13983E-03  0.99207E+00  0.38453E-03 -0.57954E-04  0.81857E+00 -0.20141E-02  0.81537E+00
   59.00  0.40828E+00 -0.57686E+00 -0.17545E-04  0.13735E-03  0.99174E+00  0.32674E-03 -0.77936E-04  0.80555E+00 -0.22442E-02  0.80229E+00
   60.00  0.39425E+00 -0.59534E+00 -0.92293E-06  0.14568E-03  0.99143E+00  0.25640E-03 -0.98239E-04  0.79150E+00 -0.21468E-02  0.78820E+00
   61.00  0.38109E+00 -0.61397E+00  0.50781E-05  0.16882E-03  0.99109E+00  0.21724E-03 -0.11240E-03  0.77656E+00 -0.16721E-02  0.77319E+00
   62.00  0.36811E+00 -0.63259E+00 -0.58007E-05  0.20023E-03  0.99074E+00  0.23468E-03 -0.11929E-03  0.76087E+00 -0.11846E-02  0.75742E+00
   63.00  0.35688E+00 -0.65121E+00 -0.29676E-04  0.22761E-03  0.99042E+00  0.28642E-03 -0.12307E-03  0.74453E+00 -0.88520E-03  0.74102E+00
   64.00  0.34810E+00 -0.66978E+00 -0.52869E-04  0.24226E-03  0.99017E+00  0.31790E-03 -0.13002E-03  0.72753E+00 -0.48936E-03  0.72401E+00
   65.00  0.33987E+00 -0.68817E+00 -0.62474E-04  0.24683E-03  0.98993E+00  0.29224E-03 -0.14459E-03  0.70982E+00  0.42992E-03  0.70631E+00
   66.00  0.32924E+00 -0.70624E+00 -0.56693E-04  0.25291E-03  0.98962E+00  0.22051E-03 -0.16712E-03  0.69123E+00  0.18711E-02  0.68775E+00
   67.00  0.31524E+00 -0.72410E+00 -0.44427E-04  0.26987E-03  0.98921E+00  0.14493E-03 -0.19367E-03  0.67156E+00  0.33039E-02  0.66811E+00
   68.00  0.30002E+00 -0.74203E+00 -0.36829E-04  0.29421E-03  0.98874E+00  0.10226E-03 -0.21643E-03  0.65062E+00  0.41169E-02  0.64719E+00
   69.00  0.28692E+00 -0.76020E+00 -0.38389E-04  0.30769E-03  0.98833E+00  0.98808E-04 -0.22555E-03  0.62837E+00  0.42242E-02  0.62497E+00
   70.00  0.27750E+00 -0.77842E+00 -0.43950E-04  0.28937E-03  0.98806E+00  0.11240E-03 -0.21398E-03  0.60506E+00  0.42577E-02  0.60171E+00
   71.00  0.27036E+00 -0.79613E+00 -0.44624E-04  0.23310E-03  0.98786E+00  0.11831E-03 -0.18172E-03  0.58111E+00  0.50051E-02  0.57781E+00
   72.00  0.26265E+00 -0.81283E+00 -0.35921E-04  0.15091E-03  0.98762E+00  0.10993E-03 -0.13460E-03  0.55681E+00  0.66640E-02  0.55357E+00
   73.00  0.25253E+00 -0.82840E+00 -0.19355E-04  0.60919E-04  0.98723E+00  0.94412E-04 -0.79985E-04  0.53217E+00  0.87064E-02  0.52898E+00
   74.00  0.24066E+00 -0.84309E+00  0.11976E-05 -0.24197E-04  0.98671E+00  0.77770E-04 -0.25104E-04  0.50694E+00  0.10313E-01  0.50382E+00
   75.00  0.22936E+00 -0.85733E+00  0.22412E-04 -0.99569E-04  0.98614E+00  0.58996E-04  0.22221E-04  0.48075E+00  0.10939E-01  0.47769E+00
   76.00  0.22082E+00 -0.87145E+00  0.41327E-04 -0.16315E-03  0.98564E+00  0.36949E-04  0.54316E-04  0.45328E+00  0.10679E-01  0.45030E+00
   77.00  0.21557E+00 -0.88545E+00  0.53989E-04 -0.21014E-03  0.98527E+00  0.18838E-04  0.67492E-04  0.42448E+00  0.10142E-01  0.42159E+00
   78.00  0.21244E+00 -0.89899E+00  0.56308E-04 -0.23385E-03  0.98498E+00  0.16894E-04  0.65336E-04  0.39454E+00  0.98910E-02  0.39177E+00
   79.00  0.20953E+00 -0.91172E+00  0.47352E-04 -0.23264E-03  0.98468E+00  0.35766E-04  0.57421E-04  0.36372E+00  0.10034E-01  0.36108E+00
   80.00  0.20536E+00 -0.92340E+00  0.31821E-04 -0.21501E-03  0.98432E+00  0.65397E-04  0.54562E-04  0.33218E+00  0.10292E-01  0.32967E+00
   81.00  0.19952E+00 -0.93393E+00  0.19072E-04 -0.19702E-03  0.98384E+00  0.86178E-04  0.63756E-04  0.29996E+00  0.10338E-01  0.29757E+00
   82.00  0.19250E+00 -0.94330E+00  0.18585E-04 -0.19273E-03  0.98328E+00  0.81754E-04  0.84424E-04  0.26712E+00  0.10058E-01  0.26482E+00
   83.00  0.18519E+00 -0.95146E+00  0.33987E-04 -0.20320E-03  0.98267E+00  0.50854E-04  0.10742E-03  0.23379E+00  0.96170E-02  0.23158E+00
   84.00  0.17838E+00 -0.95840E+00  0.59563E-04 -0.21280E-03  0.98206E+00  0.98577E-05  0.11877E-03  0.20026E+00  0.93278E-02  0.19813E+00
   85.00  0.17251E+00 -0.96409E+00  0.82644E-04 -0.19862E-03  0.98149E+00 -0.16919E-04  0.10783E-03  0.16681E+00  0.94337E-02  0.16481E+00
   86.00  0.16769E+00 -0.96860E+00  0.90970E-04 -0.14767E-03  0.98101E+00 -0.12859E-04  0.74808E-04  0.13363E+00  0.99548E-02  0.13180E+00
   87.00  0.16377E+00 -0.97200E+00  0.79634E-04 -0.68179E-04  0.98064E+00  0.21031E-04  0.31815E-04  0.10068E+00  0.10696E-01  0.99053E-01
   88.00  0.16056E+00 -0.97437E+00  0.52717E-04  0.14759E-04  0.98038E+00  0.68385E-04 -0.43319E-05  0.67766E-01  0.11391E-01  0.66351E-01
   89.00  0.15787E+00 -0.97573E+00  0.19421E-04  0.75409E-04  0.98020E+00  0.10864E-03 -0.22935E-04  0.34660E-01  0.11857E-01  0.33440E-01
   90.00  0.15555E+00 -0.97606E+00 -0.11433E-04  0.10304E-03  0.98009E+00  0.12842E-03 -0.26723E-04  0.12055E-02  0.12082E-01  0.16486E-03
   91.00  0.15352E+00 -0.97530E+00 -0.34451E-04  0.10629E-03  0.97999E+00  0.12637E-03 -0.30885E-04 -0.32616E-01  0.12186E-01 -0.33472E-01
   92.00  0.15169E+00 -0.97338E+00 -0.46853E-04  0.10475E-03  0.97990E+00  0.10967E-03 -0.54435E-04 -0.66706E-01  0.12323E-01 -0.67355E-01
   93.00  0.15003E+00 -0.97027E+00 -0.45599E-04  0.11479E-03  0.97978E+00  0.86289E-04 -0.10918E-03 -0.10091E+00  0.12587E-01 -0.10132E+00
   94.00  0.14849E+00 -0.96594E+00 -0.25651E-04  0.13935E-03  0.97961E+00  0.58235E-04 -0.19273E-03 -0.13506E+00  0.12970E-01 -0.13522E+00
   95.00  0.14711E+00 -0.96041E+00  0.18596E-04  0.16715E-03  0.97941E+00  0.20401E-04 -0.28900E-03 -0.16900E+00  0.13405E-01 -0.16890E+00
   96.00  0.14588E+00 -0.95370E+00  0.89322E-04  0.18039E-03  0.97918E+00 -0.34884E-04 -0.37544E-03 -0.20256E+00  0.13817E-01 -0.20222E+00
   97.00  0.14477E+00 -0.94588E+00  0.18165E-03  0.16526E-03  0.97893E+00 -0.11086E-03 -0.43242E-03 -0.23557E+00  0.14177E-01 -0.23500E+00
   98.00  0.14366E+00 -0.93701E+00  0.28339E-03  0.11890E-03  0.97867E+00 -0.20173E-03 -0.44998E-03 -0.26791E+00  0.14491E-01 -0.26708E+00
   99.00  0.14239E+00 -0.92717E+00  0.37876E-03  0.49550E-04  0.97843E+00 -0.29352E-03 -0.42908E-03 -0.29947E+00  0.14763E-01 -0.29836E+00
  100.00  0.14082E+00 -0.91642E+00  0.45389E-03 -0.28789E-04  0.97818E+00 -0.36954E-03 -0.37803E-03 -0.33021E+00  0.14951E-01 -0.32877E+00
  101.00  0.13889E+00 -0.90482E+00  0.50084E-03 -0.10293E-03  0.97795E+00 -0.41697E-03 -0.30763E-03 -0.36016E+00  0.14967E-01 -0.35833E+00
  102.00  0.13671E+00 -0.89242E+00  0.51822E-03 -0.16446E-03  0.97774E+00 -0.43087E-03 -0.22782E-03 -0.38933E+00  0.14701E-01 -0.38710E+00
  103.00  0.13449E+00 -0.87927E+00  0.50898E-03 -0.20979E-03  0.97757E+00 -0.41429E-03 -0.14730E-03 -0.41780E+00  0.14081E-01 -0.41515E+00
  104.00  0.13253E+00 -0.86542E+00  0.47731E-03 -0.23760E-03  0.97747E+00 -0.37503E-03 -0.74936E-04 -0.44558E+00  0.13119E-01 -0.44253E+00
  105.00  0.13106E+00 -0.85094E+00  0.42678E-03 -0.24609E-03  0.97744E+00 -0.32143E-03 -0.20980E-04 -0.47267E+00  0.11932E-01 -0.46925E+00
  106.00  0.13019E+00 -0.83588E+00  0.36084E-03 -0.23230E-03  0.97751E+00 -0.25950E-03  0.36577E-05 -0.49904E+00  0.10707E-01 -0.49526E+00
  107.00  0.12987E+00 -0.82028E+00  0.28480E-03 -0.19406E-03  0.97763E+00 -0.19276E-03 -0.96659E-05 -0.52462E+00  0.96354E-02 -0.52051E+00
  108.00  0.12995E+00 -0.80420E+00  0.20718E-03 -0.13316E-03  0.97779E+00 -0.12389E-03 -0.63724E-04 -0.54936E+00  0.88501E-02 -0.54491E+00
  109.00  0.13022E+00 -0.78767E+00  0.13874E-03 -0.57365E-04  0.97795E+00 -0.56485E-04 -0.15316E-03 -0.57319E+00  0.83907E-02 -0.56843E+00
  110.00  0.13048E+00 -0.77073E+00  0.89125E-04  0.20091E-04  0.97809E+00  0.48440E-05 -0.26469E-03 -0.59613E+00  0.82099E-02 -0.59107E+00
  111.00  0.13063E+00 -0.75339E+00  0.62971E-04  0.83519E-04  0.97821E+00  0.55723E-04 -0.37975E-03 -0.61820E+00  0.82050E-02 -0.61285E+00
  112.00  0.13063E+00 -0.73568E+00  0.57393E-04  0.11900E-03  0.97831E+00  0.93729E-04 -0.47855E-03 -0.63945E+00  0.82575E-02 -0.63383E+00
  113.00  0.13051E+00 -0.71760E+00  0.62527E-04  0.11815E-03  0.97842E+00  0.11928E-03 -0.54449E-03 -0.65991E+00  0.82664E-02 -0.65404E+00
  114.00  0.13030E+00 -0.69918E+00  0.65120E-04  0.79944E-04  0.97853E+00  0.13521E-03 -0.56760E-03 -0.67963E+00  0.81694E-02 -0.67352E+00
  115.00  0.13005E+00 -0.68047E+00  0.53762E-04  0.10078E-04  0.97865E+00  0.14529E-03 -0.54598E-03 -0.69861E+00  0.79485E-02 -0.69225E+00
  116.00  0.12977E+00 -0.66151E+00  0.23383E-04 -0.81683E-04  0.97878E+00  0.15265E-03 -0.48503E-03 -0.71683E+00  0.76236E-02 -0.71022E+00
  117.00  0.12946E+00 -0.64237E+00 -0.22990E-04 -0.18467E-03  0.97890E+00  0.15879E-03 -0.39496E-03 -0.73426E+00  0.72353E-02 -0.72739E+00
  118.00  0.12910E+00 -0.62315E+00 -0.75781E-04 -0.28964E-03  0.97901E+00  0.16365E-03 -0.28784E-03 -0.75085E+00  0.68272E-02 -0.74371E+00
  119.00  0.12870E+00 -0.60390E+00 -0.12271E-03 -0.38970E-03  0.97910E+00  0.16631E-03 -0.17515E-03 -0.76658E+00  0.64315E-02 -0.75915E+00
  120.00  0.12828E+00 -0.58471E+00 -0.15309E-03 -0.48005E-03  0.97916E+00  0.16585E-03 -0.66473E-04 -0.78146E+00  0.60632E-02 -0.77373E+00
  121.00  0.12789E+00 -0.56563E+00 -0.16100E-03 -0.55741E-03  0.97920E+00  0.16183E-03  0.30855E-04 -0.79548E+00  0.57217E-02 -0.78745E+00
  122.00  0.12758E+00 -0.54671E+00 -0.14634E-03 -0.61957E-03  0.97923E+00  0.15439E-03  0.11164E-03 -0.80871E+00  0.53961E-02 -0.80037E+00
  123.00  0.12739E+00 -0.52796E+00 -0.11395E-03 -0.66541E-03  0.97926E+00  0.14407E-03  0.17258E-03 -0.82118E+00  0.50735E-02 -0.81254E+00
  124.00  0.12737E+00 -0.50938E+00 -0.71399E-04 -0.69497E-03  0.97930E+00  0.13154E-03  0.21206E-03 -0.83296E+00  0.47435E-02 -0.82402E+00
  125.00  0.12753E+00 -0.49100E+00 -0.26512E-04 -0.70947E-03  0.97937E+00  0.11744E-03  0.23002E-03 -0.84409E+00  0.44015E-02 -0.83486E+00
  126.00  0.12783E+00 -0.47281E+00  0.14616E-04 -0.71101E-03  0.97945E+00  0.10230E-03  0.22782E-03 -0.85460E+00  0.40483E-02 -0.84511E+00
  127.00  0.12824E+00 -0.45484E+00  0.48578E-04 -0.70208E-03  0.97956E+00  0.86553E-04  0.20797E-03 -0.86452E+00  0.36883E-02 -0.85477E+00
  128.00  0.12870E+00 -0.43712E+00  0.74668E-04 -0.68498E-03  0.97967E+00  0.70450E-04  0.17388E-03 -0.87386E+00  0.33271E-02 -0.86386E+00
  129.00  0.12915E+00 -0.41968E+00  0.94188E-04 -0.66144E-03  0.97979E+00  0.54016E-04  0.12949E-03 -0.88260E+00  0.29691E-02 -0.87236E+00
  130.00  0.12954E+00 -0.40255E+00  0.10944E-03 -0.63248E-03  0.97989E+00  0.37064E-04  0.78883E-04 -0.89077E+00  0.26157E-02 -0.88028E+00
  131.00  0.12986E+00 -0.38574E+00  0.12270E-03 -0.59847E-03  0.97998E+00  0.19302E-04  0.25886E-04 -0.89837E+00  0.22657E-02 -0.88764E+00
  132.00  0.13010E+00 -0.36929E+00  0.13541E-03 -0.55946E-03  0.98006E+00  0.55111E-06 -0.26240E-04 -0.90543E+00  0.19153E-02 -0.89445E+00
  133.00  0.13031E+00 -0.35318E+00  0.14767E-03 -0.51566E-03  0.98012E+00 -0.18992E-04 -0.74946E-04 -0.91198E+00  0.15608E-02 -0.90075E+00
  134.00  0.13053E+00 -0.33743E+00  0.15825E-03 -0.46785E-03  0.98018E+00 -0.38562E-04 -0.11844E-03 -0.91807E+00  0.12000E-02 -0.90657E+00
  135.00  0.13082E+00 -0.32205E+00  0.16489E-03 -0.41749E-03  0.98024E+00 -0.56815E-04 -0.15574E-03 -0.92372E+00  0.83467E-03 -0.91197E+00
  136.00  0.13123E+00 -0.30706E+00  0.16503E-03 -0.36656E-03  0.98033E+00 -0.72068E-04 -0.18679E-03 -0.92896E+00  0.47026E-03 -0.91698E+00
  137.00  0.13181E+00 -0.29245E+00  0.15662E-03 -0.31713E-03  0.98043E+00 -0.82702E-04 -0.21252E-03 -0.93383E+00  0.11532E-03 -0.92163E+00
  138.00  0.13257E+00 -0.27825E+00  0.13886E-03 -0.27111E-03  0.98057E+00 -0.87599E-04 -0.23479E-03 -0.93835E+00 -0.22127E-03 -0.92595E+00
  139.00  0.13350E+00 -0.26447E+00  0.11255E-03 -0.23014E-03  0.98074E+00 -0.86419E-04 -0.25589E-03 -0.94254E+00 -0.53313E-03 -0.92998E+00
  140.00  0.13456E+00 -0.25110E+00  0.80062E-04 -0.19574E-03  0.98093E+00 -0.79652E-04 -0.27807E-03 -0.94643E+00 -0.81831E-03 -0.93373E+00
  141.00  0.13570E+00 -0.23812E+00  0.44853E-04 -0.16926E-03  0.98113E+00 -0.68449E-04 -0.30308E-03 -0.95003E+00 -0.10795E-02 -0.93721E+00
  142.00  0.13687E+00 -0.22553E+00  0.10827E-04 -0.15174E-03  0.98135E+00 -0.54337E-04 -0.33207E-03 -0.95336E+00 -0.13226E-02 -0.94043E+00
  143.00  0.13800E+00 -0.21330E+00 -0.18412E-04 -0.14365E-03  0.98155E+00 -0.38929E-04 -0.36556E-03 -0.95642E+00 -0.15539E-02 -0.94340E+00
  144.00  0.13905E+00 -0.20142E+00 -0.40133E-04 -0.14485E-03  0.98174E+00 -0.23709E-04 -0.40354E-03 -0.95924E+00 -0.17781E-02 -0.94612E+00
  145.00  0.13998E+00 -0.18988E+00 -0.52785E-04 -0.15463E-03  0.98191E+00 -0.99169E-05 -0.44537E-03 -0.96183E+00 -0.19968E-02 -0.94859E+00
  146.00  0.14076E+00 -0.17866E+00 -0.55991E-04 -0.17203E-03  0.98206E+00  0.14911E-05 -0.48950E-03 -0.96419E+00 -0.22083E-02 -0.95084E+00
  147.00  0.14141E+00 -0.16776E+00 -0.50336E-04 -0.19608E-03  0.98218E+00  0.98194E-05 -0.53343E-03 -0.96634E+00 -0.24098E-02 -0.95285E+00
  148.00  0.14194E+00 -0.15720E+00 -0.37064E-04 -0.22598E-03  0.98227E+00  0.14613E-04 -0.57370E-03 -0.96828E+00 -0.25993E-02 -0.95464E+00
  149.00  0.14236E+00 -0.14698E+00 -0.17858E-04 -0.26119E-03  0.98234E+00  0.15674E-04 -0.60632E-03 -0.97002E+00 -0.27767E-02 -0.95622E+00
  150.00  0.14271E+00 -0.13711E+00  0.52707E-05 -0.30125E-03  0.98240E+00  0.13128E-04 -0.62744E-03 -0.97157E+00 -0.29452E-02 -0.95760E+00
  151.00  0.14303E+00 -0.12762E+00  0.29992E-04 -0.34552E-03  0.98243E+00  0.75240E-05 -0.63415E-03 -0.97295E+00 -0.31097E-02 -0.95880E+00
  152.00  0.14334E+00 -0.11851E+00  0.53677E-04 -0.39285E-03  0.98246E+00 -0.12819E-06 -0.62520E-03 -0.97417E+00 -0.32750E-02 -0.95983E+00
  153.00  0.14367E+00 -0.10978E+00  0.73514E-04 -0.44156E-03  0.98248E+00 -0.84267E-05 -0.60121E-03 -0.97524E+00 -0.34434E-02 -0.96072E+00
  154.00  0.14403E+00 -0.10144E+00  0.86781E-04 -0.48949E-03  0.98249E+00 -0.15783E-04 -0.56452E-03 -0.97619E+00 -0.36126E-02 -0.96148E+00
  155.00  0.14444E+00 -0.93494E-01  0.91266E-04 -0.53429E-03  0.98251E+00 -0.20703E-04 -0.51864E-03 -0.97702E+00 -0.37746E-02 -0.96213E+00
  156.00  0.14490E+00 -0.85929E-01  0.85736E-04 -0.57365E-03  0.98251E+00 -0.22064E-04 -0.46765E-03 -0.97775E+00 -0.39174E-02 -0.96268E+00
  157.00  0.14542E+00 -0.78743E-01  0.70356E-04 -0.60550E-03  0.98252E+00 -0.19316E-04 -0.41568E-03 -0.97839E+00 -0.40268E-02 -0.96315E+00
  158.00  0.14598E+00 -0.71924E-01  0.46919E-04 -0.62830E-03  0.98252E+00 -0.12572E-04 -0.36639E-03 -0.97895E+00 -0.40898E-02 -0.96354E+00
  159.00  0.14657E+00 -0.65458E-01  0.18785E-04 -0.64147E-03  0.98252E+00 -0.25894E-05 -0.32245E-03 -0.97943E+00 -0.40968E-02 -0.96385E+00
  160.00  0.14719E+00 -0.59328E-01 -0.95443E-05 -0.64575E-03  0.98252E+00  0.93669E-05 -0.28503E-03 -0.97985E+00 -0.40437E-02 -0.96410E+00
  161.00  0.14781E+00 -0.53515E-01 -0.33204E-04 -0.64318E-03  0.98250E+00  0.21733E-04 -0.25362E-03 -0.98020E+00 -0.39324E-02 -0.96429E+00
  162.00  0.14842E+00 -0.48005E-01 -0.47954E-04 -0.63672E-03  0.98248E+00  0.32910E-04 -0.22630E-03 -0.98050E+00 -0.37710E-02 -0.96442E+00
  163.00  0.14902E+00 -0.42787E-01 -0.51109E-04 -0.62955E-03  0.98245E+00  0.41521E-04 -0.20049E-03 -0.98075E+00 -0.35721E-02 -0.96450E+00
  164.00  0.14960E+00 -0.37851E-01 -0.42172E-04 -0.62426E-03  0.98240E+00  0.46626E-04 -0.17394E-03 -0.98094E+00 -0.33508E-02 -0.96451E+00
  165.00  0.15014E+00 -0.33195E-01 -0.22975E-04 -0.62234E-03  0.98234E+00  0.47849E-04 -0.14547E-03 -0.98108E+00 -0.31217E-02 -0.96448E+00
  166.00  0.15065E+00 -0.28822E-01  0.26978E-05 -0.62403E-03  0.98227E+00  0.45414E-04 -0.11527E-03 -0.98119E+00 -0.28960E-02 -0.96439E+00
  167.00  0.15112E+00 -0.24736E-01  0.29931E-04 -0.62859E-03  0.98218E+00  0.40055E-04 -0.84630E-04 -0.98126E+00 -0.26797E-02 -0.96425E+00
  168.00  0.15156E+00 -0.20946E-01  0.53757E-04 -0.63486E-03  0.98206E+00  0.32852E-04 -0.55354E-04 -0.98129E+00 -0.24732E-02 -0.96407E+00
  169.00  0.15197E+00 -0.17459E-01  0.70235E-04 -0.64185E-03  0.98193E+00  0.24987E-04 -0.29105E-04 -0.98128E+00 -0.22716E-02 -0.96383E+00
  170.00  0.15234E+00 -0.14278E-01  0.77240E-04 -0.64897E-03  0.98178E+00  0.17521E-04 -0.70866E-05 -0.98124E+00 -0.20670E-02 -0.96355E+00
  171.00  0.15269E+00 -0.11405E-01  0.74759E-04 -0.65596E-03  0.98160E+00  0.11214E-04  0.99584E-05 -0.98116E+00 -0.18516E-02 -0.96321E+00
  172.00  0.15300E+00 -0.88387E-02  0.64641E-04 -0.66268E-03  0.98141E+00  0.64526E-05  0.21611E-04 -0.98106E+00 -0.16202E-02 -0.96284E+00
  173.00  0.15329E+00 -0.65825E-02  0.49941E-04 -0.66898E-03  0.98120E+00  0.32620E-05  0.27744E-04 -0.98092E+00 -0.13717E-02 -0.96242E+00
  174.00  0.15356E+00 -0.46464E-02  0.34083E-04 -0.67477E-03  0.98097E+00  0.13982E-05  0.28671E-04 -0.98077E+00 -0.11100E-02 -0.96197E+00
  175.00  0.15381E+00 -0.30500E-02  0.20032E-04 -0.68008E-03  0.98072E+00  0.47900E-06  0.25316E-04 -0.98059E+00 -0.84352E-03 -0.96148E+00
  176.00  0.15405E+00 -0.18121E-02  0.96711E-05 -0.68501E-03  0.98046E+00  0.11701E-06  0.19192E-04 -0.98039E+00 -0.58529E-03 -0.96097E+00
  177.00  0.15425E+00 -0.93293E-03  0.35030E-05 -0.68952E-03  0.98021E+00  0.14992E-07  0.12115E-04 -0.98018E+00 -0.35246E-03 -0.96045E+00
  178.00  0.15443E+00 -0.37889E-03  0.78013E-06 -0.69334E-03  0.97998E+00 -0.37316E-09  0.57932E-05 -0.97998E+00 -0.16502E-03 -0.95999E+00
  179.00  0.15454E+00 -0.88309E-04  0.59886E-07 -0.69595E-03  0.97983E+00 -0.15266E-09  0.15073E-05 -0.97983E+00 -0.42627E-04 -0.95967E+00
  180.00  0.15458E+00 -0.21307E-14  0.28397E-18 -0.69689E-03  0.97978E+00 -0.12058E-30  0.37832E-16 -0.97978E+00 -0.10683E-14 -0.95955E+00
 scattering matrix expansion coefficients
    w  a11         a22         a33         a23         a32         a44         a12         a34         a13         a24         a14
    0  0.1000E+01  0.0000E+00  0.0000E+00  0.0000E+00  0.0000E+00  0.8441E+00  0.0000E+00  0.0000E+00  0.0000E+00  0.0000E+00  0.1634E-04
    1  0.2383E+01  0.0000E+00  0.0000E+00  0.0000E+00  0.0000E+00  0.2526E+01  0.0000E+00  0.0000E+00  0.0000E+00  0.0000E+00  0.1173E-03
    2  0.3459E+01  0.1878E+00  0.4158E+01  0.1425E-07  0.1902E-03  0.3465E+01 -0.3191E+00  0.8178E-03  0.1743E-04 -0.4660E-04  0.4023E-04
    3  0.4162E+01  0.5697E-01  0.4552E+01  0.3392E-07  0.1495E-03  0.4165E+01 -0.2059E+00 -0.3557E-02 -0.1571E-04 -0.2459E-05  0.1477E-04
    4  0.4730E+01  0.2684E-01  0.4994E+01 -0.1037E-07  0.1450E-03  0.4728E+01 -0.1447E+00 -0.6837E-02 -0.9099E-05 -0.4135E-04 -0.3504E-04
    5  0.5193E+01  0.1181E-01  0.5397E+01  0.8387E-08  0.2387E-03  0.5195E+01 -0.1084E+00 -0.6088E-02  0.1818E-04  0.5261E-05 -0.7431E-04
    6  0.5573E+01  0.8744E-02  0.5739E+01  0.3461E-08  0.3648E-03  0.5571E+01 -0.8512E-01 -0.5914E-02  0.1487E-04 -0.2042E-04 -0.1105E-03
    7  0.5872E+01  0.4462E-02  0.6015E+01  0.1163E-07  0.3837E-03  0.5870E+01 -0.7409E-01 -0.5024E-02 -0.2457E-04  0.6560E-04 -0.7776E-04
    8  0.6105E+01  0.9834E-03  0.6230E+01  0.1127E-07  0.3374E-03  0.6108E+01 -0.7078E-01 -0.5406E-02 -0.1617E-04 -0.3962E-04 -0.1644E-03
    9  0.6296E+01  0.2408E-02  0.6402E+01 -0.2561E-07  0.2864E-03  0.6296E+01 -0.6466E-01 -0.5507E-02  0.6366E-05 -0.5929E-05 -0.1578E-03
   10  0.6454E+01  0.1897E-02  0.6545E+01 -0.1097E-07  0.1483E-03  0.6453E+01 -0.5778E-01 -0.6233E-02 -0.2831E-04  0.4574E-04 -0.5566E-04
   11  0.6584E+01  0.8644E-04  0.6665E+01 -0.2847E-07  0.5291E-04  0.6586E+01 -0.5202E-01 -0.6141E-02 -0.1624E-04  0.1796E-04 -0.4848E-04
   12  0.6697E+01  0.1848E-02  0.6767E+01  0.6991E-08  0.4845E-04  0.6696E+01 -0.4320E-01 -0.5790E-02  0.3783E-04  0.3651E-04 -0.5293E-05
   13  0.6786E+01  0.5040E-03  0.6850E+01  0.1320E-08 -0.3459E-04  0.6788E+01 -0.3251E-01 -0.5737E-02 -0.9877E-05 -0.2444E-04 -0.7525E-04
   14  0.6848E+01  0.2139E-02  0.6906E+01 -0.3446E-07 -0.1257E-03  0.6845E+01 -0.2228E-01 -0.6424E-02 -0.3265E-04 -0.3289E-04 -0.1430E-03
   15  0.6867E+01  0.2166E-02  0.6923E+01 -0.1937E-07 -0.1234E-03  0.6862E+01 -0.1911E-01 -0.6403E-02  0.1327E-04  0.2408E-04 -0.5829E-04
   16  0.6839E+01 -0.1103E-02  0.6895E+01 -0.9082E-09 -0.7592E-04  0.6840E+01 -0.2670E-01 -0.5933E-02  0.6041E-05  0.3204E-04 -0.4678E-04
   17  0.6782E+01 -0.8898E-03  0.6835E+01  0.1753E-08 -0.2326E-04  0.6783E+01 -0.3522E-01 -0.6307E-02 -0.6299E-05 -0.3359E-04 -0.1099E-03
   18  0.6712E+01 -0.1081E-03  0.6759E+01  0.2075E-07  0.6434E-04  0.6712E+01 -0.3802E-01 -0.7600E-02 -0.2266E-05  0.2403E-05 -0.1241E-03
   19  0.6640E+01  0.4529E-03  0.6682E+01  0.2042E-07  0.1632E-03  0.6639E+01 -0.3781E-01 -0.8737E-02  0.2046E-04  0.2379E-04 -0.9397E-04
   20  0.6569E+01 -0.1442E-02  0.6609E+01 -0.2352E-07  0.1807E-03  0.6573E+01 -0.3431E-01 -0.9470E-02  0.3020E-04 -0.3682E-04 -0.1166E-03
   21  0.6503E+01  0.7479E-03  0.6537E+01 -0.6068E-08  0.1145E-03  0.6502E+01 -0.2373E-01 -0.9994E-02 -0.1934E-04  0.1052E-04 -0.1230E-03
   22  0.6426E+01  0.3321E-02  0.6456E+01  0.7929E-08  0.9064E-04  0.6419E+01 -0.1478E-01 -0.9908E-02 -0.9279E-05  0.4059E-04 -0.1173E-03
   23  0.6319E+01 -0.1255E-02  0.6352E+01 -0.1801E-07  0.8672E-04  0.6321E+01 -0.1775E-01 -0.9116E-02 -0.3950E-05 -0.2452E-04 -0.1724E-03
   24  0.6194E+01 -0.2095E-02  0.6228E+01 -0.4697E-08  0.1132E-03  0.6199E+01 -0.2084E-01 -0.8055E-02 -0.8189E-05 -0.2934E-04 -0.2186E-03
   25  0.6057E+01  0.5659E-03  0.6087E+01 -0.1771E-07  0.1803E-03  0.6057E+01 -0.1405E-01 -0.6428E-02 -0.1006E-04  0.2317E-05 -0.2200E-03
   26  0.5898E+01  0.1388E-02  0.5927E+01 -0.1575E-07  0.2752E-03  0.5896E+01 -0.4669E-02 -0.4511E-02  0.3304E-04  0.1513E-05 -0.2344E-03
   27  0.5708E+01  0.1356E-02  0.5737E+01  0.1172E-07  0.3172E-03  0.5705E+01 -0.1492E-02 -0.3226E-02  0.4155E-04 -0.2354E-04 -0.2663E-03
   28  0.5481E+01  0.3367E-03  0.5511E+01  0.1914E-07  0.2677E-03  0.5479E+01 -0.6455E-02 -0.2944E-02 -0.4353E-05  0.1863E-07 -0.2537E-03
   29  0.5227E+01 -0.3855E-03  0.5257E+01 -0.5041E-08  0.1743E-03  0.5227E+01 -0.1603E-01 -0.3057E-02 -0.1171E-04  0.1494E-04 -0.2222E-03
   30  0.4964E+01 -0.6619E-03  0.4992E+01 -0.9289E-08  0.7186E-04  0.4965E+01 -0.2476E-01 -0.3661E-02 -0.7403E-05  0.1067E-04 -0.1901E-03
   31  0.4711E+01 -0.8646E-03  0.4737E+01  0.6243E-09 -0.1770E-04  0.4712E+01 -0.2915E-01 -0.4705E-02 -0.1333E-04  0.1732E-04 -0.1600E-03
   32  0.4480E+01 -0.2847E-03  0.4502E+01  0.1268E-07 -0.8228E-04  0.4481E+01 -0.2872E-01 -0.5430E-02 -0.9033E-05  0.1584E-04 -0.1592E-03
   33  0.4275E+01 -0.3377E-03  0.4294E+01  0.6181E-08 -0.1220E-03  0.4276E+01 -0.2460E-01 -0.5259E-02  0.3475E-05 -0.3771E-05 -0.1914E-03
   34  0.4094E+01 -0.1118E-03  0.4111E+01  0.1891E-08 -0.1576E-03  0.4094E+01 -0.1680E-01 -0.4506E-02 -0.3367E-05 -0.1928E-04 -0.2249E-03
   35  0.3929E+01  0.1428E-02  0.3943E+01  0.3474E-08 -0.1929E-03  0.3926E+01 -0.8377E-02 -0.3539E-02 -0.4170E-05 -0.1099E-04 -0.2309E-03
   36  0.3767E+01  0.1222E-02  0.3781E+01  0.1421E-08 -0.2184E-03  0.3765E+01 -0.6241E-02 -0.2622E-02 -0.1542E-04  0.1575E-05 -0.2240E-03
   37  0.3605E+01 -0.8939E-03  0.3620E+01 -0.5667E-08 -0.2079E-03  0.3607E+01 -0.1031E-01 -0.2157E-02 -0.2304E-04  0.3809E-05 -0.2156E-03
   38  0.3451E+01 -0.1055E-02  0.3464E+01 -0.3228E-08 -0.1503E-03  0.3453E+01 -0.1217E-01 -0.2152E-02 -0.8774E-05 -0.7541E-05 -0.2077E-03
   39  0.3307E+01  0.5711E-03  0.3318E+01  0.1498E-08 -0.6573E-04  0.3306E+01 -0.9286E-02 -0.2267E-02  0.9443E-05 -0.1359E-04 -0.1944E-03
   40  0.3171E+01  0.8454E-03  0.3180E+01  0.1630E-08  0.9143E-05  0.3169E+01 -0.7578E-02 -0.2347E-02  0.1158E-04 -0.1091E-05 -0.1812E-03
   41  0.3039E+01 -0.2774E-03  0.3049E+01  0.6418E-09  0.4972E-04  0.3039E+01 -0.9580E-02 -0.2436E-02  0.6313E-05  0.6988E-05 -0.1837E-03
   42  0.2917E+01 -0.7800E-03  0.2927E+01  0.4837E-09  0.6984E-04  0.2919E+01 -0.1079E-01 -0.2573E-02 -0.8991E-07 -0.3036E-05 -0.1964E-03
   43  0.2807E+01 -0.2635E-03  0.2815E+01  0.2667E-08  0.1016E-03  0.2807E+01 -0.7924E-02 -0.2704E-02 -0.4515E-05 -0.9214E-05 -0.1873E-03
   44  0.2702E+01  0.5352E-03  0.2709E+01  0.4427E-08  0.1434E-03  0.2701E+01 -0.3405E-02 -0.2699E-02  0.4274E-06  0.9859E-06 -0.1473E-03
   45  0.2597E+01  0.7258E-03  0.2603E+01  0.2951E-08  0.1620E-03  0.2595E+01 -0.1968E-02 -0.2508E-02  0.6115E-05  0.7437E-05 -0.1069E-03
   46  0.2487E+01 -0.6901E-04  0.2494E+01  0.7197E-09  0.1457E-03  0.2487E+01 -0.4750E-02 -0.2389E-02  0.2554E-05  0.1637E-05 -0.7937E-04
   47  0.2378E+01 -0.8815E-03  0.2385E+01  0.8176E-09  0.1176E-03  0.2379E+01 -0.7614E-02 -0.2616E-02  0.8880E-06 -0.2658E-05 -0.4788E-04
   48  0.2273E+01 -0.4567E-03  0.2279E+01  0.3987E-09  0.9029E-04  0.2274E+01 -0.6371E-02 -0.2919E-02  0.6063E-05 -0.9819E-06 -0.9825E-05
   49  0.2171E+01  0.5670E-03  0.2176E+01 -0.7648E-09  0.5331E-04  0.2170E+01 -0.2768E-02 -0.2702E-02  0.6270E-05 -0.2442E-05  0.2308E-04
   50  0.2066E+01  0.6462E-03  0.2072E+01 -0.2331E-09  0.6734E-05  0.2065E+01 -0.1744E-02 -0.1877E-02 -0.5147E-06 -0.5083E-05  0.5632E-04
   51  0.1960E+01 -0.1868E-03  0.1965E+01 -0.1205E-09 -0.3615E-04  0.1960E+01 -0.4110E-02 -0.1003E-02 -0.5531E-05 -0.1789E-05  0.9675E-04
   52  0.1856E+01 -0.5588E-03  0.1861E+01 -0.1503E-08 -0.6977E-04  0.1857E+01 -0.5885E-02 -0.5640E-03 -0.7507E-05  0.5976E-05  0.1320E-03
   53  0.1759E+01 -0.3182E-04  0.1764E+01 -0.1440E-08 -0.9405E-04  0.1759E+01 -0.4667E-02 -0.4910E-03 -0.8432E-05  0.9769E-05  0.1483E-03
   54  0.1668E+01  0.4896E-03  0.1672E+01 -0.3463E-09 -0.1061E-03  0.1667E+01 -0.2657E-02 -0.5265E-03 -0.5611E-05  0.6480E-05  0.1516E-03
   55  0.1580E+01  0.2623E-03  0.1584E+01 -0.1256E-09 -0.1101E-03  0.1579E+01 -0.2771E-02 -0.6749E-03  0.1411E-05  0.1458E-05  0.1560E-03
   56  0.1494E+01 -0.3221E-03  0.1499E+01  0.4628E-09 -0.1202E-03  0.1495E+01 -0.4371E-02 -0.1066E-02  0.6408E-05 -0.9287E-06  0.1604E-03
   57  0.1414E+01 -0.4522E-03  0.1418E+01  0.1547E-08 -0.1443E-03  0.1415E+01 -0.4565E-02 -0.1581E-02  0.4831E-05  0.2711E-06  0.1519E-03
   58  0.1338E+01  0.3259E-04  0.1341E+01  0.1615E-08 -0.1710E-03  0.1338E+01 -0.2420E-02 -0.1888E-02 -0.7120E-06  0.2766E-05  0.1242E-03
   59  0.1263E+01  0.4945E-03  0.1266E+01  0.8779E-09 -0.1791E-03  0.1262E+01 -0.3341E-03 -0.1832E-02 -0.4410E-05  0.4793E-05  0.8510E-04
   60  0.1186E+01  0.3579E-03  0.1189E+01  0.2908E-09 -0.1600E-03  0.1185E+01 -0.9760E-03 -0.1632E-02 -0.4396E-05  0.4863E-05  0.4643E-04
   61  0.1108E+01 -0.2042E-03  0.1111E+01 -0.3034E-09 -0.1260E-03  0.1108E+01 -0.3970E-02 -0.1620E-02 -0.3598E-05  0.2473E-05  0.1403E-04
   62  0.1034E+01 -0.5351E-03  0.1037E+01 -0.6061E-09 -0.9722E-04  0.1035E+01 -0.6319E-02 -0.1848E-02 -0.4865E-05 -0.1050E-05 -0.1064E-04
   63  0.9678E+00 -0.3143E-03  0.9706E+00 -0.2446E-09 -0.8170E-04  0.9685E+00 -0.5831E-02 -0.2017E-02 -0.7242E-05 -0.3203E-05 -0.2530E-04
   64  0.9092E+00  0.1390E-03  0.9112E+00  0.3239E-09 -0.7116E-04  0.9089E+00 -0.3289E-02 -0.1802E-02 -0.7622E-05 -0.2834E-05 -0.2815E-04
   65  0.8542E+00  0.3192E-03  0.8559E+00  0.4566E-09 -0.5503E-04  0.8535E+00 -0.1164E-02 -0.1177E-02 -0.4659E-05 -0.8374E-06 -0.2116E-04
   66  0.7998E+00  0.1051E-03  0.8016E+00  0.1406E-09 -0.3383E-04  0.7995E+00 -0.8097E-03 -0.4094E-03 -0.1926E-06  0.9358E-06 -0.9831E-05
   67  0.7455E+00 -0.2102E-03  0.7476E+00 -0.1485E-09 -0.1757E-04  0.7459E+00 -0.1368E-02  0.2269E-03  0.3088E-05  0.1224E-05  0.7158E-06
   68  0.6924E+00 -0.3005E-03  0.6945E+00 -0.7820E-10 -0.1428E-04  0.6930E+00 -0.1096E-02  0.6722E-03  0.4106E-05  0.1541E-06  0.8451E-05
   69  0.6401E+00 -0.1164E-03  0.6420E+00  0.1083E-09 -0.2231E-04  0.6404E+00  0.7194E-03  0.1058E-02  0.3764E-05 -0.1296E-05  0.1370E-04
   70  0.5861E+00  0.1531E-03  0.5878E+00  0.1589E-09 -0.3306E-04  0.5858E+00  0.3197E-02  0.1520E-02  0.3325E-05 -0.2198E-05  0.1692E-04
   71  0.5267E+00  0.3016E-03  0.5284E+00  0.4931E-10 -0.3868E-04  0.5261E+00  0.4775E-02  0.2057E-02  0.3231E-05 -0.2158E-05  0.1802E-04
   72  0.4601E+00  0.2641E-03  0.4619E+00 -0.4770E-10 -0.3690E-04  0.4595E+00  0.4461E-02  0.2545E-02  0.3138E-05 -0.1508E-05  0.1669E-04
   73  0.3873E+00  0.1100E-03  0.3893E+00 -0.7362E-10 -0.3026E-04  0.3870E+00  0.2373E-02  0.2835E-02  0.2677E-05 -0.7601E-06  0.1321E-04
   74  0.3123E+00 -0.5024E-04  0.3144E+00 -0.6090E-10 -0.2259E-04  0.3123E+00 -0.5609E-03  0.2850E-02  0.1854E-05 -0.2710E-06  0.8565E-05
   75  0.2404E+00 -0.1447E-03  0.2425E+00 -0.4094E-10 -0.1629E-04  0.2407E+00 -0.3267E-02  0.2609E-02  0.9719E-06 -0.1101E-06  0.3936E-05
   76  0.1764E+00 -0.1601E-03  0.1782E+00 -0.3993E-10 -0.1190E-04  0.1767E+00 -0.5035E-02  0.2196E-02  0.3182E-06 -0.1293E-06  0.3210E-06
   77  0.1233E+00 -0.1222E-03  0.1247E+00 -0.3411E-10 -0.8919E-05  0.1236E+00 -0.5670E-02  0.1716E-02 -0.6679E-08 -0.1853E-06 -0.1919E-05
   78  0.8219E-01 -0.6549E-04  0.8319E-01 -0.3390E-10 -0.6711E-05  0.8233E-01 -0.5367E-02  0.1254E-02 -0.7743E-07 -0.1861E-06 -0.2886E-05
   79  0.5222E-01 -0.1543E-04  0.5289E-01 -0.2957E-10 -0.4906E-05  0.5227E-01 -0.4498E-02  0.8621E-03 -0.3305E-07 -0.1317E-06 -0.2935E-05
   80  0.3166E-01  0.1696E-04  0.3208E-01 -0.2688E-10 -0.3401E-05  0.3166E-01 -0.3424E-02  0.5595E-03  0.2756E-07 -0.5847E-07 -0.2460E-05
   81  0.1834E-01  0.3141E-04  0.1858E-01 -0.2344E-10 -0.2210E-05  0.1830E-01 -0.2405E-02  0.3440E-03  0.5995E-07 -0.1334E-08 -0.1798E-05
   82  0.1015E-01  0.3302E-04  0.1028E-01 -0.1876E-10 -0.1344E-05  0.1010E-01 -0.1572E-02  0.2007E-03  0.6430E-07  0.2902E-07 -0.1179E-05
   83  0.5376E-02  0.2778E-04  0.5438E-02 -0.1381E-10 -0.7662E-06  0.5331E-02 -0.9636E-03  0.1113E-03  0.5323E-07  0.3754E-07 -0.7103E-06
   84  0.2725E-02  0.2036E-04  0.2753E-02 -0.9509E-11 -0.4100E-06  0.2692E-02 -0.5562E-03  0.5878E-04  0.3701E-07  0.3414E-07 -0.4037E-06
   85  0.1324E-02  0.1345E-04  0.1335E-02 -0.6209E-11 -0.2066E-06  0.1301E-02 -0.3035E-03  0.2959E-04  0.2277E-07  0.2642E-07 -0.2198E-06
   86  0.6167E-03  0.8161E-05  0.6205E-03 -0.3783E-11 -0.9770E-07  0.6026E-03 -0.1569E-03  0.1422E-04  0.1251E-07  0.1819E-07 -0.1149E-06
   87  0.2757E-03  0.4600E-05  0.2767E-03 -0.2212E-11 -0.4346E-07  0.2677E-03 -0.7713E-04  0.6530E-05  0.6179E-08  0.1113E-07 -0.5713E-07
   88  0.1184E-03  0.2427E-05  0.1185E-03 -0.1260E-11 -0.1827E-07  0.1141E-03 -0.3609E-04  0.2869E-05  0.2743E-08  0.6098E-08 -0.2590E-07
   89  0.4889E-04  0.1205E-05  0.4875E-04 -0.7023E-12 -0.7338E-08  0.4675E-04 -0.1611E-04  0.1207E-05  0.1149E-08  0.2894E-08 -0.1030E-07
   90  0.1942E-04  0.5660E-06  0.1929E-04 -0.3740E-12 -0.2889E-08  0.1841E-04 -0.6873E-05  0.4868E-06  0.4502E-09  0.1166E-08 -0.3278E-08
   91  0.7425E-05  0.2520E-06  0.7346E-05 -0.1910E-12 -0.1146E-08  0.6971E-05 -0.2805E-05  0.1880E-06  0.1837E-09  0.3734E-09 -0.6017E-09
   92  0.2733E-05  0.1067E-06  0.2691E-05 -0.9456E-13 -0.4661E-09  0.2540E-05 -0.1096E-05  0.6964E-07  0.7826E-10  0.7040E-10  0.1559E-09
   93  0.9679E-06  0.4297E-07  0.9486E-06 -0.4342E-13 -0.1931E-09  0.8896E-06 -0.4100E-06  0.2471E-07  0.3596E-10 -0.1377E-10  0.2371E-09
   94  0.3302E-06  0.1648E-07  0.3220E-06 -0.1749E-13 -0.7880E-10  0.3000E-06 -0.1470E-06  0.8416E-08  0.1585E-10 -0.2296E-10  0.1558E-09
   95  0.1079E-06  0.6016E-08  0.1046E-06 -0.6422E-14 -0.3103E-10  0.9685E-07 -0.5038E-07  0.2736E-08  0.7177E-11 -0.1532E-10  0.7911E-10
   96  0.3424E-07  0.2099E-08  0.3303E-07 -0.2130E-14 -0.1122E-10  0.3037E-07 -0.1664E-07  0.8614E-09  0.2725E-11 -0.7497E-11  0.3376E-10
   97  0.1017E-07  0.6888E-09  0.9755E-08 -0.4269E-15 -0.3836E-11  0.8900E-08 -0.5166E-08  0.2524E-09  0.1063E-11 -0.3223E-11  0.1293E-10
   98  0.3051E-08  0.2215E-09  0.2912E-08 -0.1148E-16 -0.1122E-11  0.2639E-08 -0.1594E-08  0.7497E-10  0.3240E-12 -0.1187E-11  0.4427E-11
   99  0.7908E-09  0.6324E-10  0.7491E-09  0.5000E-16 -0.3276E-12  0.6730E-09 -0.4319E-09  0.1887E-10  0.1072E-12 -0.4006E-12  0.1368E-11
  100  0.2319E-09  0.1930E-10  0.2191E-09  0.3833E-16 -0.6902E-13  0.1958E-09 -0.1285E-09  0.5549E-11  0.2367E-13 -0.1196E-12  0.3917E-12
  101  0.4767E-10  0.4407E-11  0.4460E-10  0.1866E-16 -0.1838E-13  0.3941E-10 -0.2777E-10  0.1079E-11  0.7208E-14 -0.3235E-13  0.9698E-13
  102  0.1482E-10  0.1376E-11  0.1389E-10  0.7207E-17 -0.1652E-14  0.1224E-10 -0.8602E-11  0.3519E-12  0.7221E-15 -0.7794E-14  0.2315E-13
  103  0.1931E-11  0.2027E-12  0.1784E-11  0.2254E-17 -0.6429E-15  0.1548E-11 -0.1191E-11  0.4135E-13  0.3005E-15 -0.1596E-14  0.4301E-14
  104  0.7952E-12  0.7904E-13  0.7365E-12  0.1097E-17  0.1023E-15  0.6447E-12 -0.4751E-12  0.1939E-13 -0.3551E-16 -0.3074E-15  0.8479E-15
  105  0.3514E-13  0.4058E-14  0.3177E-13  0.4245E-18 -0.1041E-16  0.2760E-13 -0.2252E-13  0.7173E-15  0.5295E-17 -0.4053E-16  0.9108E-16
  106  0.5371E-13  0.6053E-14  0.5005E-13  0.2207E-19  0.2253E-16  0.4271E-13 -0.3364E-13  0.1384E-14 -0.8580E-17 -0.1097E-16  0.2822E-16
