 input file is 
mstm18_512_8320_13_009.inp    
 input file comments follow:
***********************************************************
  This is the default mstm input file for v.3.0.
  The run is for a 7-sphere cluster of identical spheres.   The positions
  are embedded in the input file.

  The run makes use of the new_run and multiple_run options.

  14 April 2013
***********************************************************
 number of processors:
   1
 input parameters for run number 
    1
 number of spheres, volume size parameter:
  512  0.66560E+01
 position file:
position/n512/a18.out                                       
 output file:
output/512/x8320/13/009/mt_18_512_8320_13_009.dat           
 length, ref. indx. scale factors:
   0.832   1.300   0.090
 chiral factors:
  0.00000E+00  0.00000E+00
 scattering matrix directions based on incident frame
 automatic scattering angle calculation
 thetamin, thetamax:
      0.0    180.0
 number scattering angles:
      181
 epsmie, epssoln, max number iterations:
  0.1000E-05  0.1000E-07 5000
 medium refractive index:
  1.0000  0.0000
 target euler rotation angles:
    0.0000    0.0000    0.0000
 far field kr, iterations/correction:
 -0.1000E+01   20
 plane wave incidence
 random orientation calculations
 t matrix calculated, stored in file 
tmatrixfiles/18512832013009                                 
 t matrix convergence epsilon:
  0.1000E-06
 all spheres excited (total T matrix) 
 calculation results for run 
    1
 total ext, abs, scat efficiencies, w.r.t. xv, and asym. parm
  0.28034E+01  0.14967E+01  0.13067E+01  0.78622E+00
 scattering matrix elements (normalized w/ S11)
   theta      11           12           13           14           22           23           24           33           34           44      
    0.00  0.23389E+03  0.00000E+00  0.00000E+00 -0.25366E-04  0.99999E+00  0.26513E-04  0.00000E+00  0.99999E+00  0.00000E+00  0.99997E+00 
    1.00  0.21549E+03 -0.10160E-03 -0.30316E-07 -0.24960E-04  0.99998E+00  0.28956E-04 -0.28621E-07  0.99998E+00  0.39226E-04  0.99997E+00 
    2.00  0.17048E+03 -0.42252E-03 -0.73504E-07 -0.23755E-04  0.99998E+00  0.34094E-04 -0.10136E-06  0.99998E+00  0.12278E-03  0.99996E+00 
    3.00  0.12086E+03 -0.10232E-02  0.13587E-07 -0.21667E-04  0.99997E+00  0.35052E-04 -0.16605E-06  0.99997E+00  0.14016E-03  0.99994E+00 
    4.00  0.83630E+02 -0.19951E-02  0.36547E-06 -0.18361E-04  0.99996E+00  0.25018E-04 -0.12930E-06  0.99995E+00 -0.34528E-04  0.99991E+00 
    5.00  0.61730E+02 -0.33027E-02  0.80096E-06 -0.14012E-04  0.99994E+00  0.14499E-04  0.35875E-07  0.99993E+00 -0.27850E-03  0.99988E+00 
    6.00  0.48636E+02 -0.47249E-02  0.95420E-06 -0.10560E-04  0.99992E+00  0.27600E-04  0.23189E-06  0.99991E+00 -0.23210E-03  0.99984E+00 
    7.00  0.38111E+02 -0.62183E-02  0.88202E-06 -0.10325E-04  0.99990E+00  0.65135E-04  0.47687E-06  0.99988E+00  0.15513E-03  0.99978E+00 
    8.00  0.28715E+02 -0.81525E-02  0.90688E-06 -0.13864E-04  0.99985E+00  0.99707E-04  0.93789E-06  0.99982E+00  0.51040E-03  0.99967E+00 
    9.00  0.21602E+02 -0.11166E-01  0.11329E-05 -0.19351E-04  0.99979E+00  0.96978E-04  0.15122E-05  0.99972E+00  0.30995E-03  0.99952E+00 
   10.00  0.17150E+02 -0.15391E-01  0.14447E-05 -0.25553E-04  0.99973E+00  0.55404E-04  0.15016E-05  0.99958E+00 -0.53063E-03  0.99932E+00 
   11.00  0.14377E+02 -0.19879E-01  0.21368E-05 -0.36149E-04  0.99967E+00  0.15752E-04  0.45394E-06  0.99942E+00 -0.12948E-02  0.99912E+00 
   12.00  0.12224E+02 -0.23662E-01  0.38303E-05 -0.54622E-04  0.99960E+00 -0.76632E-07 -0.98790E-06  0.99926E+00 -0.12399E-02  0.99890E+00 
   13.00  0.10350E+02 -0.26616E-01  0.63351E-05 -0.78260E-04  0.99951E+00 -0.36325E-05 -0.18545E-05  0.99911E+00 -0.23794E-03  0.99867E+00 
   14.00  0.88726E+01 -0.29335E-01  0.82498E-05 -0.10229E-03  0.99942E+00  0.32070E-05 -0.19655E-05  0.99896E+00  0.11674E-02  0.99845E+00 
   15.00  0.78856E+01 -0.32657E-01  0.84816E-05 -0.12433E-03  0.99936E+00  0.40075E-04 -0.20929E-05  0.99882E+00  0.20651E-02  0.99825E+00 
   16.00  0.72685E+01 -0.36968E-01  0.79274E-05 -0.13799E-03  0.99931E+00  0.10518E-03 -0.28422E-05  0.99865E+00  0.20512E-02  0.99806E+00 
   17.00  0.67522E+01 -0.41985E-01  0.82023E-05 -0.13049E-03  0.99927E+00  0.16004E-03 -0.39603E-05  0.99842E+00  0.15880E-02  0.99779E+00 
   18.00  0.61050E+01 -0.47278E-01  0.94284E-05 -0.95648E-04  0.99918E+00  0.17771E-03 -0.49527E-05  0.99811E+00  0.12140E-02  0.99742E+00 
   19.00  0.53094E+01 -0.52757E-01  0.10193E-04 -0.42412E-04  0.99905E+00  0.17137E-03 -0.53566E-05  0.99771E+00  0.90031E-03  0.99692E+00 
   20.00  0.45416E+01 -0.58775E-01  0.89350E-05  0.81018E-05  0.99888E+00  0.17063E-03 -0.45273E-05  0.99721E+00  0.23073E-03  0.99628E+00 
   21.00  0.39595E+01 -0.65802E-01  0.59980E-05  0.32976E-04  0.99871E+00  0.17691E-03 -0.24756E-05  0.99661E+00 -0.99637E-03  0.99556E+00 
   22.00  0.35596E+01 -0.73778E-01  0.43306E-05  0.22764E-04  0.99857E+00  0.15660E-03 -0.98519E-06  0.99590E+00 -0.25327E-02  0.99476E+00 
   23.00  0.32563E+01 -0.82108E-01  0.62403E-05 -0.12855E-04  0.99846E+00  0.99396E-04 -0.19011E-05  0.99510E+00 -0.41507E-02  0.99389E+00 
   24.00  0.30138E+01 -0.90401E-01  0.10091E-04 -0.47207E-04  0.99834E+00  0.47379E-04 -0.43055E-05  0.99423E+00 -0.57173E-02  0.99295E+00 
   25.00  0.28398E+01 -0.98835E-01  0.11762E-04 -0.47268E-04  0.99823E+00  0.42434E-04 -0.50319E-05  0.99330E+00 -0.67807E-02  0.99196E+00 
   26.00  0.27058E+01 -0.10779E+00  0.10328E-04 -0.84546E-05  0.99812E+00  0.66573E-04 -0.26731E-05  0.99225E+00 -0.69262E-02  0.99085E+00 
   27.00  0.25537E+01 -0.11725E+00  0.10286E-04  0.34448E-04  0.99796E+00  0.68635E-04  0.42781E-06  0.99103E+00 -0.64726E-02  0.98953E+00 
   28.00  0.23680E+01 -0.12671E+00  0.16168E-04  0.52114E-04  0.99774E+00  0.29220E-04  0.69203E-06  0.98966E+00 -0.61680E-02  0.98802E+00 
   29.00  0.21863E+01 -0.13572E+00  0.25991E-04  0.62474E-04  0.99753E+00 -0.29408E-04 -0.37691E-05  0.98824E+00 -0.63205E-02  0.98646E+00 
   30.00  0.20389E+01 -0.14441E+00  0.31430E-04  0.10891E-03  0.99736E+00 -0.80587E-04 -0.11868E-04  0.98678E+00 -0.65048E-02  0.98492E+00 
   31.00  0.19175E+01 -0.15348E+00  0.26724E-04  0.18905E-03  0.99723E+00 -0.11718E-03 -0.20334E-04  0.98520E+00 -0.62934E-02  0.98328E+00 
   32.00  0.18063E+01 -0.16350E+00  0.14525E-04  0.24272E-03  0.99705E+00 -0.13095E-03 -0.25781E-04  0.98335E+00 -0.59123E-02  0.98135E+00 
   33.00  0.17070E+01 -0.17451E+00  0.17523E-05  0.22627E-03  0.99680E+00 -0.10549E-03 -0.26723E-04  0.98123E+00 -0.58118E-02  0.97907E+00 
   34.00  0.16204E+01 -0.18616E+00 -0.66590E-05  0.16862E-03  0.99653E+00 -0.56680E-04 -0.25149E-04  0.97891E+00 -0.59677E-02  0.97657E+00 
   35.00  0.15315E+01 -0.19806E+00 -0.95472E-05  0.12851E-03  0.99628E+00 -0.44388E-04 -0.24804E-04  0.97641E+00 -0.60034E-02  0.97391E+00 
   36.00  0.14285E+01 -0.21003E+00 -0.79449E-05  0.11966E-03  0.99604E+00 -0.10854E-03 -0.26503E-04  0.97368E+00 -0.58001E-02  0.97109E+00 
   37.00  0.13237E+01 -0.22206E+00 -0.49797E-05  0.11383E-03  0.99581E+00 -0.20843E-03 -0.26796E-04  0.97070E+00 -0.55595E-02  0.96805E+00 
   38.00  0.12392E+01 -0.23426E+00 -0.59786E-05  0.10034E-03  0.99557E+00 -0.24897E-03 -0.23110E-04  0.96752E+00 -0.53373E-02  0.96481E+00 
   39.00  0.11793E+01 -0.24679E+00 -0.13412E-04  0.10789E-03  0.99533E+00 -0.18809E-03 -0.19567E-04  0.96415E+00 -0.48632E-02  0.96136E+00 
   40.00  0.11290E+01 -0.25972E+00 -0.22029E-04  0.15742E-03  0.99506E+00 -0.86263E-04 -0.23542E-04  0.96054E+00 -0.39788E-02  0.95763E+00 
   41.00  0.10763E+01 -0.27304E+00 -0.23637E-04  0.22879E-03  0.99476E+00 -0.27200E-04 -0.36973E-04  0.95660E+00 -0.29574E-02  0.95356E+00 
   42.00  0.10245E+01 -0.28677E+00 -0.16303E-04  0.28760E-03  0.99447E+00 -0.38167E-04 -0.54632E-04  0.95229E+00 -0.22498E-02  0.94914E+00 
   43.00  0.98073E+00 -0.30097E+00 -0.68615E-05  0.32201E-03  0.99426E+00 -0.90940E-04 -0.70366E-04  0.94761E+00 -0.20615E-02  0.94442E+00 
   44.00  0.94267E+00 -0.31552E+00 -0.30755E-05  0.34178E-03  0.99409E+00 -0.14864E-03 -0.82809E-04  0.94257E+00 -0.22456E-02  0.93938E+00 
   45.00  0.90130E+00 -0.33019E+00 -0.55110E-05  0.35002E-03  0.99387E+00 -0.19467E-03 -0.92625E-04  0.93720E+00 -0.25450E-02  0.93398E+00 
   46.00  0.85277E+00 -0.34488E+00 -0.96477E-05  0.33247E-03  0.99350E+00 -0.22339E-03 -0.96414E-04  0.93148E+00 -0.27719E-02  0.92813E+00 
   47.00  0.80270E+00 -0.35979E+00 -0.12913E-04  0.27319E-03  0.99303E+00 -0.22600E-03 -0.87930E-04  0.92534E+00 -0.27875E-02  0.92180E+00 
   48.00  0.75956E+00 -0.37526E+00 -0.17406E-04  0.17329E-03  0.99258E+00 -0.19169E-03 -0.66615E-04  0.91869E+00 -0.25201E-02  0.91499E+00 
   49.00  0.72667E+00 -0.39138E+00 -0.26857E-04  0.56394E-04  0.99226E+00 -0.11411E-03 -0.41916E-04  0.91151E+00 -0.20476E-02  0.90776E+00 
   50.00  0.70050E+00 -0.40782E+00 -0.42767E-04 -0.42466E-04  0.99204E+00  0.31179E-05 -0.25158E-04  0.90390E+00 -0.15162E-02  0.90016E+00 
   51.00  0.67461E+00 -0.42435E+00 -0.63742E-04 -0.97446E-04  0.99179E+00  0.14137E-03 -0.18810E-04  0.89584E+00 -0.94435E-03  0.89212E+00 
   52.00  0.64463E+00 -0.44118E+00 -0.86654E-04 -0.10932E-03  0.99142E+00  0.27175E-03 -0.16580E-04  0.88716E+00 -0.21279E-03  0.88338E+00 
   53.00  0.61084E+00 -0.45875E+00 -0.10765E-03 -0.10439E-03  0.99095E+00  0.37557E-03 -0.11958E-04  0.87758E+00  0.73539E-03  0.87367E+00 
   54.00  0.57708E+00 -0.47718E+00 -0.12334E-03 -0.10899E-03  0.99047E+00  0.45987E-03 -0.48083E-05  0.86702E+00  0.17811E-02  0.86295E+00 
   55.00  0.54675E+00 -0.49589E+00 -0.13194E-03 -0.12006E-03  0.99002E+00  0.53961E-03 -0.34778E-06  0.85577E+00  0.27807E-02  0.85158E+00 
   56.00  0.51941E+00 -0.51410E+00 -0.13274E-03 -0.10980E-03  0.98957E+00  0.60129E-03 -0.26344E-05  0.84426E+00  0.37753E-02  0.83997E+00 
   57.00  0.49143E+00 -0.53150E+00 -0.12522E-03 -0.63811E-04  0.98904E+00  0.60509E-03 -0.10320E-04  0.83259E+00  0.48965E-02  0.82817E+00 
   58.00  0.46025E+00 -0.54843E+00 -0.11121E-03 -0.26744E-06  0.98831E+00  0.53766E-03 -0.19272E-04  0.82047E+00  0.60355E-02  0.81586E+00 
   59.00  0.42767E+00 -0.56545E+00 -0.99301E-04  0.56196E-04  0.98743E+00  0.45455E-03 -0.28145E-04  0.80752E+00  0.67220E-02  0.80267E+00 
   60.00  0.39862E+00 -0.58288E+00 -0.10486E-03  0.11047E-03  0.98651E+00  0.45419E-03 -0.40802E-04  0.79365E+00  0.64865E-02  0.78857E+00 
   61.00  0.37655E+00 -0.60065E+00 -0.13957E-03  0.19368E-03  0.98572E+00  0.58768E-03 -0.62785E-04  0.77907E+00  0.54567E-02  0.77386E+00 
   62.00  0.36064E+00 -0.61854E+00 -0.19886E-03  0.31865E-03  0.98509E+00  0.79889E-03 -0.95093E-04  0.76401E+00  0.44292E-02  0.75873E+00 
   63.00  0.34753E+00 -0.63644E+00 -0.26333E-03  0.45716E-03  0.98453E+00  0.97734E-03 -0.13323E-03  0.74837E+00  0.41565E-02  0.74305E+00 
   64.00  0.33514E+00 -0.65440E+00 -0.31078E-03  0.57194E-03  0.98396E+00  0.10482E-02 -0.17244E-03  0.73191E+00  0.47325E-02  0.72654E+00 
   65.00  0.32428E+00 -0.67253E+00 -0.32538E-03  0.65450E-03  0.98343E+00  0.99932E-03 -0.21157E-03  0.71447E+00  0.57216E-02  0.70906E+00 
   66.00  0.31654E+00 -0.69091E+00 -0.30410E-03  0.72206E-03  0.98306E+00  0.86194E-03 -0.25102E-03  0.69599E+00  0.67253E-02  0.69064E+00 
   67.00  0.31140E+00 -0.70956E+00 -0.26211E-03  0.78332E-03  0.98289E+00  0.69182E-03 -0.28828E-03  0.67644E+00  0.77622E-02  0.67120E+00 
   68.00  0.30587E+00 -0.72830E+00 -0.22836E-03  0.82130E-03  0.98275E+00  0.55374E-03 -0.31759E-03  0.65572E+00  0.90969E-02  0.65060E+00 
   69.00  0.29695E+00 -0.74675E+00 -0.22923E-03  0.81407E-03  0.98242E+00  0.49690E-03 -0.33489E-03  0.63382E+00  0.10813E-01  0.62876E+00 
   70.00  0.28409E+00 -0.76451E+00 -0.27076E-03  0.76187E-03  0.98179E+00  0.52588E-03 -0.34219E-03  0.61097E+00  0.12645E-01  0.60590E+00 
   71.00  0.26934E+00 -0.78129E+00 -0.33032E-03  0.69075E-03  0.98093E+00  0.58828E-03 -0.34671E-03  0.58753E+00  0.14147E-01  0.58242E+00 
   72.00  0.25536E+00 -0.79717E+00 -0.36887E-03  0.63200E-03  0.98000E+00  0.60711E-03 -0.35417E-03  0.56369E+00  0.15019E-01  0.55855E+00 
   73.00  0.24343E+00 -0.81245E+00 -0.36427E-03  0.59716E-03  0.97913E+00  0.55123E-03 -0.36185E-03  0.53929E+00  0.15290E-01  0.53420E+00 
   74.00  0.23329E+00 -0.82733E+00 -0.33498E-03  0.57427E-03  0.97833E+00  0.47192E-03 -0.36032E-03  0.51404E+00  0.15217E-01  0.50903E+00 
   75.00  0.22424E+00 -0.84176E+00 -0.32305E-03  0.54631E-03  0.97752E+00  0.45146E-03 -0.34373E-03  0.48785E+00  0.15036E-01  0.48295E+00 
   76.00  0.21612E+00 -0.85552E+00 -0.35132E-03  0.50648E-03  0.97671E+00  0.51521E-03 -0.31699E-03  0.46095E+00  0.14850E-01  0.45618E+00 
   77.00  0.20937E+00 -0.86862E+00 -0.39829E-03  0.45607E-03  0.97599E+00  0.59885E-03 -0.29124E-03  0.43351E+00  0.14655E-01  0.42889E+00 
   78.00  0.20427E+00 -0.88126E+00 -0.41617E-03  0.39457E-03  0.97545E+00  0.60423E-03 -0.27165E-03  0.40531E+00  0.14356E-01  0.40090E+00 
   79.00  0.20038E+00 -0.89363E+00 -0.37597E-03  0.31698E-03  0.97506E+00  0.48964E-03 -0.25126E-03  0.37589E+00  0.13765E-01  0.37174E+00 
   80.00  0.19676E+00 -0.90562E+00 -0.29396E-03  0.22071E-03  0.97472E+00  0.30320E-03 -0.21890E-03  0.34497E+00  0.12683E-01  0.34107E+00 
   81.00  0.19242E+00 -0.91683E+00 -0.21567E-03  0.11264E-03  0.97425E+00  0.13519E-03 -0.17256E-03  0.31272E+00  0.11085E-01  0.30908E+00 
   82.00  0.18698E+00 -0.92680E+00 -0.17962E-03  0.88795E-05  0.97359E+00  0.48574E-04 -0.12375E-03  0.27970E+00  0.92545E-02  0.27629E+00 
   83.00  0.18070E+00 -0.93531E+00 -0.19350E-03 -0.72507E-04  0.97277E+00  0.45959E-04 -0.88477E-04  0.24643E+00  0.77106E-02  0.24325E+00 
   84.00  0.17434E+00 -0.94241E+00 -0.23543E-03 -0.12154E-03  0.97190E+00  0.82900E-04 -0.72927E-04  0.21315E+00  0.69188E-02  0.21022E+00 
   85.00  0.16867E+00 -0.94832E+00 -0.27336E-03 -0.14352E-03  0.97113E+00  0.10600E-03 -0.66359E-04  0.17980E+00  0.69721E-02  0.17714E+00 
   86.00  0.16410E+00 -0.95325E+00 -0.28625E-03 -0.15733E-03  0.97055E+00  0.86802E-04 -0.49176E-04  0.14625E+00  0.74990E-02  0.14387E+00 
   87.00  0.16052E+00 -0.95719E+00 -0.27321E-03 -0.18327E-03  0.97015E+00  0.31560E-04 -0.10297E-04  0.11253E+00  0.79167E-02  0.11038E+00 
   88.00  0.15741E+00 -0.96001E+00 -0.24777E-03 -0.22872E-03  0.96980E+00 -0.32677E-04  0.42400E-04  0.78833E-01  0.78312E-02  0.76867E-01 
   89.00  0.15419E+00 -0.96153E+00 -0.22679E-03 -0.28313E-03  0.96935E+00 -0.78340E-04  0.87817E-04  0.45364E-01  0.72547E-02  0.43541E-01 
   90.00  0.15064E+00 -0.96169E+00 -0.22274E-03 -0.32574E-03  0.96874E+00 -0.89361E-04  0.10671E-03  0.12202E-01  0.65324E-02  0.10528E-01 
   91.00  0.14698E+00 -0.96059E+00 -0.23997E-03 -0.33947E-03  0.96802E+00 -0.63736E-04  0.93522E-04 -0.20725E-01  0.61061E-02 -0.22200E-01 
   92.00  0.14372E+00 -0.95846E+00 -0.27240E-03 -0.32141E-03  0.96734E+00 -0.11515E-04  0.58077E-04 -0.53579E-01  0.62720E-02 -0.54785E-01 
   93.00  0.14130E+00 -0.95549E+00 -0.30348E-03 -0.28259E-03  0.96687E+00  0.49719E-04  0.17829E-04 -0.86511E-01  0.70243E-02 -0.87397E-01 
   94.00  0.13976E+00 -0.95172E+00 -0.31207E-03 -0.23739E-03  0.96667E+00  0.10176E-03 -0.13474E-04 -0.11957E+00  0.80526E-02 -0.12013E+00 
   95.00  0.13874E+00 -0.94704E+00 -0.28286E-03 -0.19237E-03  0.96664E+00  0.13218E-03 -0.32405E-04 -0.15264E+00  0.89047E-02 -0.15291E+00 
   96.00  0.13775E+00 -0.94126E+00 -0.21431E-03 -0.14496E-03  0.96664E+00  0.13627E-03 -0.44286E-04 -0.18549E+00  0.92156E-02 -0.18552E+00 
   97.00  0.13649E+00 -0.93430E+00 -0.11874E-03 -0.91703E-04  0.96656E+00  0.11454E-03 -0.57396E-04 -0.21785E+00  0.88707E-02 -0.21768E+00 
   98.00  0.13501E+00 -0.92621E+00 -0.15839E-04 -0.36266E-04  0.96636E+00  0.69988E-04 -0.78439E-04 -0.24951E+00  0.80400E-02 -0.24917E+00 
   99.00  0.13368E+00 -0.91717E+00  0.76168E-04  0.10419E-04  0.96616E+00  0.76612E-05 -0.11076E-03 -0.28046E+00  0.70823E-02 -0.27993E+00 
  100.00  0.13288E+00 -0.90731E+00  0.14762E-03  0.37703E-04  0.96609E+00 -0.64253E-04 -0.15361E-03 -0.31082E+00  0.63559E-02 -0.31010E+00 
  101.00  0.13283E+00 -0.89672E+00  0.19940E-03  0.42835E-04  0.96623E+00 -0.13484E-03 -0.20115E-03 -0.34080E+00  0.60277E-02 -0.33982E+00 
  102.00  0.13349E+00 -0.88539E+00  0.23882E-03  0.30819E-04  0.96657E+00 -0.19338E-03 -0.24188E-03 -0.37043E+00  0.60081E-02 -0.36915E+00 
  103.00  0.13461E+00 -0.87329E+00  0.27278E-03  0.67016E-05  0.96704E+00 -0.23293E-03 -0.26040E-03 -0.39959E+00  0.60579E-02 -0.39795E+00 
  104.00  0.13592E+00 -0.86046E+00  0.30317E-03 -0.31436E-04  0.96754E+00 -0.25172E-03 -0.24218E-03 -0.42798E+00  0.59756E-02 -0.42595E+00 
  105.00  0.13724E+00 -0.84701E+00  0.32678E-03 -0.91446E-04  0.96799E+00 -0.25210E-03 -0.17993E-03 -0.45534E+00  0.57235E-02 -0.45289E+00 
  106.00  0.13854E+00 -0.83304E+00  0.33878E-03 -0.17842E-03  0.96838E+00 -0.23817E-03 -0.78947E-04 -0.48154E+00  0.54267E-02 -0.47864E+00 
  107.00  0.13989E+00 -0.81863E+00  0.33663E-03 -0.28523E-03  0.96873E+00 -0.21398E-03  0.41894E-04 -0.50664E+00  0.52700E-02 -0.50328E+00 
  108.00  0.14134E+00 -0.80377E+00  0.32243E-03 -0.39033E-03  0.96906E+00 -0.18286E-03  0.15513E-03 -0.53084E+00  0.53733E-02 -0.52700E+00 
  109.00  0.14288E+00 -0.78838E+00  0.30257E-03 -0.46576E-03  0.96941E+00 -0.14782E-03  0.23422E-03 -0.55435E+00  0.57226E-02 -0.55003E+00 
  110.00  0.14441E+00 -0.77240E+00  0.28508E-03 -0.49096E-03  0.96976E+00 -0.11242E-03  0.26299E-03 -0.57732E+00  0.61900E-02 -0.57252E+00 
  111.00  0.14577E+00 -0.75580E+00  0.27629E-03 -0.46361E-03  0.97011E+00 -0.81027E-04  0.24049E-03 -0.59975E+00  0.66162E-02 -0.59448E+00 
  112.00  0.14681E+00 -0.73860E+00  0.27811E-03 -0.40077E-03  0.97043E+00 -0.58152E-04  0.17940E-03 -0.62155E+00  0.68950E-02 -0.61584E+00 
  113.00  0.14740E+00 -0.72090E+00  0.28704E-03 -0.33050E-03  0.97070E+00 -0.47045E-04  0.99899E-04 -0.64260E+00  0.70150E-02 -0.63645E+00 
  114.00  0.14752E+00 -0.70280E+00  0.29493E-03 -0.27878E-03  0.97088E+00 -0.48360E-04  0.22110E-04 -0.66280E+00  0.70464E-02 -0.65623E+00 
  115.00  0.14720E+00 -0.68439E+00  0.29148E-03 -0.25873E-03  0.97099E+00 -0.59617E-04 -0.39847E-04 -0.68207E+00  0.70946E-02 -0.67509E+00 
  116.00  0.14651E+00 -0.66576E+00  0.26766E-03 -0.26666E-03  0.97103E+00 -0.75775E-04 -0.80723E-04 -0.70043E+00  0.72478E-02 -0.69303E+00 
  117.00  0.14559E+00 -0.64694E+00  0.21928E-03 -0.28600E-03  0.97102E+00 -0.90787E-04 -0.10359E-03 -0.71790E+00  0.75424E-02 -0.71008E+00 
  118.00  0.14452E+00 -0.62798E+00  0.14905E-03 -0.29674E-03  0.97098E+00 -0.99593E-04 -0.11664E-03 -0.73454E+00  0.79548E-02 -0.72627E+00 
  119.00  0.14342E+00 -0.60890E+00  0.66439E-04 -0.28542E-03  0.97092E+00 -0.99825E-04 -0.12881E-03 -0.75039E+00  0.84156E-02 -0.74166E+00 
  120.00  0.14232E+00 -0.58971E+00 -0.15074E-04 -0.25109E-03  0.97085E+00 -0.92540E-04 -0.14595E-03 -0.76551E+00  0.88361E-02 -0.75630E+00 
  121.00  0.14127E+00 -0.57043E+00 -0.82338E-04 -0.20503E-03  0.97078E+00 -0.81584E-04 -0.16863E-03 -0.77993E+00  0.91344E-02 -0.77022E+00 
  122.00  0.14025E+00 -0.55111E+00 -0.12689E-03 -0.16492E-03  0.97070E+00 -0.71837E-04 -0.19237E-03 -0.79366E+00  0.92550E-02 -0.78343E+00 
  123.00  0.13926E+00 -0.53180E+00 -0.14759E-03 -0.14700E-03  0.97061E+00 -0.67117E-04 -0.20972E-03 -0.80669E+00  0.91755E-02 -0.79595E+00 
  124.00  0.13828E+00 -0.51257E+00 -0.15047E-03 -0.15971E-03  0.97051E+00 -0.68706E-04 -0.21330E-03 -0.81901E+00  0.89049E-02 -0.80776E+00 
  125.00  0.13731E+00 -0.49350E+00 -0.14593E-03 -0.20136E-03  0.97041E+00 -0.75078E-04 -0.19876E-03 -0.83062E+00  0.84731E-02 -0.81888E+00 
  126.00  0.13636E+00 -0.47468E+00 -0.14450E-03 -0.26191E-03  0.97031E+00 -0.82788E-04 -0.16654E-03 -0.84150E+00  0.79197E-02 -0.82929E+00 
  127.00  0.13547E+00 -0.45617E+00 -0.15273E-03 -0.32756E-03  0.97023E+00 -0.87982E-04 -0.12201E-03 -0.85166E+00  0.72840E-02 -0.83900E+00 
  128.00  0.13467E+00 -0.43805E+00 -0.17090E-03 -0.38595E-03  0.97018E+00 -0.87891E-04 -0.73977E-04 -0.86113E+00  0.65987E-02 -0.84805E+00 
  129.00  0.13400E+00 -0.42035E+00 -0.19332E-03 -0.42991E-03  0.97015E+00 -0.81782E-04 -0.31832E-04 -0.86995E+00  0.58870E-02 -0.85646E+00 
  130.00  0.13349E+00 -0.40308E+00 -0.21097E-03 -0.45880E-03  0.97016E+00 -0.71142E-04 -0.25855E-05 -0.87815E+00  0.51633E-02 -0.86427E+00 
  131.00  0.13318E+00 -0.38627E+00 -0.21514E-03 -0.47719E-03  0.97021E+00 -0.59033E-04  0.11326E-04 -0.88579E+00  0.44351E-02 -0.87154E+00 
  132.00  0.13306E+00 -0.36989E+00 -0.20092E-03 -0.49193E-03  0.97028E+00 -0.48885E-04  0.12607E-04 -0.89292E+00  0.37066E-02 -0.87829E+00 
  133.00  0.13316E+00 -0.35395E+00 -0.16902E-03 -0.50894E-03  0.97039E+00 -0.43166E-04  0.79410E-05 -0.89957E+00  0.29816E-02 -0.88457E+00 
  134.00  0.13345E+00 -0.33844E+00 -0.12559E-03 -0.53094E-03  0.97053E+00 -0.42475E-04  0.56017E-05 -0.90578E+00  0.22662E-02 -0.89041E+00 
  135.00  0.13396E+00 -0.32335E+00 -0.80207E-04 -0.55663E-03  0.97070E+00 -0.45420E-04  0.12634E-04 -0.91156E+00  0.15682E-02 -0.89584E+00 
  136.00  0.13465E+00 -0.30868E+00 -0.42886E-04 -0.58119E-03  0.97090E+00 -0.49273E-04  0.32433E-04 -0.91696E+00  0.89605E-03 -0.90088E+00 
  137.00  0.13554E+00 -0.29441E+00 -0.21192E-04 -0.59770E-03  0.97114E+00 -0.51060E-04  0.63439E-04 -0.92200E+00  0.25516E-03 -0.90558E+00 
  138.00  0.13659E+00 -0.28052E+00 -0.18313E-04 -0.59910E-03  0.97140E+00 -0.48602E-04  0.99454E-04 -0.92669E+00 -0.35505E-03 -0.90997E+00 
  139.00  0.13778E+00 -0.26698E+00 -0.32559E-04 -0.58017E-03  0.97170E+00 -0.41131E-04  0.13153E-03 -0.93108E+00 -0.94184E-03 -0.91406E+00 
  140.00  0.13909E+00 -0.25377E+00 -0.58186E-04 -0.53903E-03  0.97201E+00 -0.29350E-04  0.15080E-03 -0.93517E+00 -0.15165E-02 -0.91789E+00 
  141.00  0.14048E+00 -0.24087E+00 -0.87055E-04 -0.47759E-03  0.97233E+00 -0.15062E-04  0.15110E-03 -0.93898E+00 -0.20889E-02 -0.92146E+00 
  142.00  0.14188E+00 -0.22826E+00 -0.11052E-03 -0.40089E-03  0.97265E+00 -0.56625E-06  0.13056E-03 -0.94252E+00 -0.26624E-02 -0.92478E+00 
  143.00  0.14327E+00 -0.21595E+00 -0.12111E-03 -0.31570E-03  0.97297E+00  0.11961E-04  0.91719E-04 -0.94580E+00 -0.32300E-02 -0.92786E+00 
  144.00  0.14458E+00 -0.20392E+00 -0.11379E-03 -0.22893E-03  0.97326E+00  0.20973E-04  0.40512E-04 -0.94884E+00 -0.37750E-02 -0.93071E+00 
  145.00  0.14579E+00 -0.19217E+00 -0.86578E-04 -0.14647E-03  0.97353E+00  0.25830E-04 -0.15313E-04 -0.95164E+00 -0.42734E-02 -0.93331E+00 
  146.00  0.14687E+00 -0.18072E+00 -0.40565E-04 -0.72558E-04  0.97377E+00  0.26753E-04 -0.67797E-04 -0.95422E+00 -0.46991E-02 -0.93568E+00 
  147.00  0.14780E+00 -0.16956E+00  0.20708E-04 -0.99189E-05  0.97397E+00  0.24462E-04 -0.10998E-03 -0.95657E+00 -0.50288E-02 -0.93782E+00 
  148.00  0.14860E+00 -0.15872E+00  0.92235E-04  0.39805E-04  0.97413E+00  0.19714E-04 -0.13659E-03 -0.95871E+00 -0.52467E-02 -0.93972E+00 
  149.00  0.14927E+00 -0.14823E+00  0.16858E-03  0.75585E-04  0.97426E+00  0.13023E-04 -0.14431E-03 -0.96064E+00 -0.53475E-02 -0.94140E+00 
  150.00  0.14983E+00 -0.13809E+00  0.24470E-03  0.96980E-04  0.97435E+00  0.46898E-05 -0.13201E-03 -0.96236E+00 -0.53376E-02 -0.94285E+00 
  151.00  0.15033E+00 -0.12834E+00  0.31652E-03  0.10455E-03  0.97440E+00 -0.49672E-05 -0.10096E-03 -0.96389E+00 -0.52340E-02 -0.94408E+00 
  152.00  0.15078E+00 -0.11898E+00  0.38110E-03  0.10028E-03  0.97444E+00 -0.15422E-04 -0.54920E-04 -0.96522E+00 -0.50605E-02 -0.94511E+00 
  153.00  0.15122E+00 -0.11003E+00  0.43659E-03  0.87430E-04  0.97445E+00 -0.25910E-04  0.44732E-06 -0.96638E+00 -0.48433E-02 -0.94596E+00 
  154.00  0.15167E+00 -0.10147E+00  0.48194E-03  0.69739E-04  0.97445E+00 -0.35546E-04  0.58839E-04 -0.96739E+00 -0.46064E-02 -0.94664E+00 
  155.00  0.15214E+00 -0.93301E-01  0.51657E-03  0.50308E-04  0.97443E+00 -0.43526E-04  0.11483E-03 -0.96826E+00 -0.43682E-02 -0.94719E+00 
  156.00  0.15265E+00 -0.85494E-01  0.54016E-03  0.30919E-04  0.97441E+00 -0.49348E-04  0.16500E-03 -0.96902E+00 -0.41402E-02 -0.94763E+00 
  157.00  0.15320E+00 -0.78033E-01  0.55266E-03  0.11922E-04  0.97439E+00 -0.52924E-04  0.20826E-03 -0.96968E+00 -0.39280E-02 -0.94798E+00 
  158.00  0.15380E+00 -0.70906E-01  0.55435E-03 -0.75012E-05  0.97436E+00 -0.54448E-04  0.24551E-03 -0.97026E+00 -0.37327E-02 -0.94824E+00 
  159.00  0.15443E+00 -0.64111E-01  0.54582E-03 -0.28856E-04  0.97432E+00 -0.54082E-04  0.27880E-03 -0.97076E+00 -0.35527E-02 -0.94843E+00 
  160.00  0.15510E+00 -0.57652E-01  0.52808E-03 -0.53620E-04  0.97428E+00 -0.51787E-04  0.31009E-03 -0.97119E+00 -0.33842E-02 -0.94855E+00 
  161.00  0.15580E+00 -0.51536E-01  0.50275E-03 -0.82341E-04  0.97423E+00 -0.47521E-04  0.34004E-03 -0.97155E+00 -0.32213E-02 -0.94861E+00 
  162.00  0.15652E+00 -0.45771E-01  0.47208E-03 -0.11396E-03  0.97417E+00 -0.41660E-04  0.36724E-03 -0.97184E+00 -0.30568E-02 -0.94860E+00 
  163.00  0.15726E+00 -0.40359E-01  0.43879E-03 -0.14590E-03  0.97411E+00 -0.35185E-04  0.38843E-03 -0.97207E+00 -0.28843E-02 -0.94853E+00 
  164.00  0.15801E+00 -0.35297E-01  0.40536E-03 -0.17495E-03  0.97403E+00 -0.29398E-04  0.39971E-03 -0.97225E+00 -0.26994E-02 -0.94841E+00 
  165.00  0.15876E+00 -0.30579E-01  0.37339E-03 -0.19853E-03  0.97394E+00 -0.25338E-04  0.39830E-03 -0.97237E+00 -0.25013E-02 -0.94823E+00 
  166.00  0.15950E+00 -0.26192E-01  0.34324E-03 -0.21548E-03  0.97383E+00 -0.23322E-04  0.38360E-03 -0.97246E+00 -0.22925E-02 -0.94800E+00 
  167.00  0.16022E+00 -0.22128E-01  0.31416E-03 -0.22600E-03  0.97370E+00 -0.22852E-04  0.35728E-03 -0.97250E+00 -0.20779E-02 -0.94771E+00 
  168.00  0.16092E+00 -0.18383E-01  0.28470E-03 -0.23096E-03  0.97354E+00 -0.22893E-04  0.32241E-03 -0.97251E+00 -0.18629E-02 -0.94737E+00 
  169.00  0.16160E+00 -0.14959E-01  0.25349E-03 -0.23113E-03  0.97334E+00 -0.22350E-04  0.28241E-03 -0.97247E+00 -0.16516E-02 -0.94697E+00 
  170.00  0.16225E+00 -0.11869E-01  0.21981E-03 -0.22705E-03  0.97311E+00 -0.20532E-04  0.24045E-03 -0.97240E+00 -0.14465E-02 -0.94650E+00 
  171.00  0.16288E+00 -0.91240E-02  0.18412E-03 -0.21915E-03  0.97285E+00 -0.17388E-04  0.19926E-03 -0.97226E+00 -0.12483E-02 -0.94595E+00 
  172.00  0.16348E+00 -0.67362E-02  0.14796E-03 -0.20787E-03  0.97255E+00 -0.13406E-04  0.16086E-03 -0.97208E+00 -0.10571E-02 -0.94532E+00 
  173.00  0.16406E+00 -0.47107E-02  0.11341E-03 -0.19344E-03  0.97223E+00 -0.93031E-05  0.12634E-03 -0.97186E+00 -0.87287E-03 -0.94465E+00 
  174.00  0.16460E+00 -0.30514E-02  0.82429E-04 -0.17584E-03  0.97189E+00 -0.57082E-05  0.95786E-04 -0.97161E+00 -0.69597E-03 -0.94393E+00 
  175.00  0.16512E+00 -0.17658E-02  0.56301E-04 -0.15528E-03  0.97153E+00 -0.30039E-05  0.68810E-04 -0.97134E+00 -0.52717E-03 -0.94318E+00 
  176.00  0.16561E+00 -0.86078E-03  0.35480E-04 -0.13295E-03  0.97116E+00 -0.12875E-05  0.45327E-04 -0.97105E+00 -0.36845E-03 -0.94242E+00 
  177.00  0.16605E+00 -0.31928E-03  0.19774E-04 -0.11121E-03  0.97079E+00 -0.40981E-06  0.25943E-04 -0.97075E+00 -0.22508E-03 -0.94167E+00 
  178.00  0.16640E+00 -0.73314E-04  0.87706E-05 -0.93058E-04  0.97048E+00 -0.79161E-07  0.11588E-04 -0.97046E+00 -0.10709E-03 -0.94100E+00 
  179.00  0.16664E+00 -0.59188E-05  0.21969E-05 -0.81089E-04  0.97025E+00 -0.48028E-08  0.28906E-05 -0.97025E+00 -0.28005E-04 -0.94052E+00 
  180.00  0.16673E+00 -0.33887E-16  0.54519E-16 -0.76926E-04  0.97017E+00 -0.29106E-29  0.71503E-16 -0.97017E+00 -0.70510E-15 -0.94035E+00 
 scattering matrix expansion coefficients
    w  a11         a22         a33         a23         a32         a44         a12         a34         a13         a24         a14
    0  0.1000E+01  0.0000E+00  0.0000E+00  0.0000E+00  0.0000E+00  0.8400E+00  0.0000E+00  0.0000E+00  0.0000E+00  0.0000E+00  0.8755E-05
    1  0.2359E+01  0.0000E+00  0.0000E+00  0.0000E+00  0.0000E+00  0.2509E+01  0.0000E+00  0.0000E+00  0.0000E+00  0.0000E+00  0.4459E-04
    2  0.3400E+01  0.1939E+00  0.4125E+01  0.1416E-06  0.2427E-03  0.3397E+01 -0.3202E+00  0.1750E-02 -0.4784E-04 -0.4647E-04 -0.8151E-04
    3  0.4030E+01  0.5318E-01  0.4446E+01  0.9305E-07  0.1084E-03  0.4027E+01 -0.2079E+00 -0.1335E-02 -0.6582E-04 -0.4830E-04 -0.2176E-03
    4  0.4502E+01  0.2047E-01  0.4793E+01  0.2547E-06  0.1363E-03  0.4510E+01 -0.1668E+00 -0.4640E-02  0.1277E-04 -0.1363E-04 -0.1965E-03
    5  0.4893E+01  0.1291E-01  0.5106E+01  0.1452E-06  0.3662E-03  0.4905E+01 -0.1277E+00 -0.5937E-02  0.6566E-04  0.9615E-05 -0.1857E-03
    6  0.5240E+01  0.1805E-01  0.5393E+01 -0.7622E-07  0.4605E-03  0.5223E+01 -0.8112E-01 -0.6466E-02  0.4954E-04  0.1825E-04 -0.2023E-03
    7  0.5493E+01  0.1285E-02  0.5633E+01  0.1517E-06  0.3422E-03  0.5494E+01 -0.6572E-01 -0.2620E-02 -0.4600E-04 -0.3958E-04 -0.2321E-03
    8  0.5681E+01 -0.2341E-02  0.5809E+01  0.2720E-07  0.1375E-03  0.5694E+01 -0.6230E-01 -0.1151E-02  0.6503E-04 -0.1148E-04 -0.2402E-03
    9  0.5829E+01  0.9553E-02  0.5931E+01 -0.1163E-06  0.2477E-05  0.5815E+01 -0.4461E-01  0.1229E-03 -0.1672E-04  0.7848E-05 -0.3979E-04
   10  0.5900E+01  0.3695E-03  0.5998E+01  0.1847E-06  0.8220E-06  0.5897E+01 -0.4437E-01  0.1846E-02  0.1373E-04  0.5257E-04  0.8590E-04
   11  0.5923E+01 -0.6104E-02  0.6019E+01  0.8306E-07  0.8248E-04  0.5937E+01 -0.5486E-01  0.3132E-02  0.1801E-04  0.8889E-05  0.1108E-03
   12  0.5942E+01  0.5512E-02  0.6015E+01 -0.1872E-06  0.1487E-03  0.5935E+01 -0.4382E-01  0.4428E-02  0.3076E-04 -0.1284E-04 -0.1548E-04
   13  0.5929E+01  0.1319E-02  0.5997E+01  0.2309E-07  0.1644E-03  0.5927E+01 -0.3365E-01  0.4560E-02 -0.2103E-04 -0.8412E-04 -0.1505E-03
   14  0.5892E+01 -0.1344E-02  0.5957E+01 -0.8379E-07  0.1535E-03  0.5896E+01 -0.3236E-01  0.3302E-02 -0.1227E-05  0.2486E-04 -0.3892E-04
   15  0.5836E+01  0.1731E-02  0.5893E+01 -0.2647E-07  0.1738E-03  0.5834E+01 -0.2843E-01  0.2294E-02  0.2600E-04  0.2263E-04  0.1464E-04
   16  0.5752E+01  0.7979E-03  0.5805E+01 -0.5988E-07  0.1719E-03  0.5750E+01 -0.2897E-01  0.1737E-02 -0.1083E-04 -0.1215E-05  0.3676E-04
   17  0.5649E+01 -0.9703E-03  0.5699E+01 -0.6447E-07  0.2054E-03  0.5650E+01 -0.3576E-01  0.4131E-03  0.4864E-05  0.1892E-04  0.4398E-04
   18  0.5542E+01 -0.1811E-02  0.5588E+01 -0.6762E-08  0.2770E-03  0.5546E+01 -0.3740E-01 -0.2006E-02 -0.2863E-05  0.7637E-05 -0.4275E-04
   19  0.5442E+01  0.8592E-03  0.5482E+01 -0.1016E-06  0.3241E-03  0.5443E+01 -0.2976E-01 -0.3788E-02  0.2182E-04 -0.1838E-04 -0.1560E-03
   20  0.5340E+01  0.1357E-02  0.5375E+01 -0.4176E-07  0.2792E-03  0.5338E+01 -0.1974E-01 -0.4330E-02  0.2979E-04 -0.2123E-04 -0.2008E-03
   21  0.5222E+01  0.7187E-03  0.5256E+01  0.6603E-08  0.2121E-03  0.5221E+01 -0.1450E-01 -0.3740E-02 -0.8901E-05  0.2776E-04 -0.1617E-03
   22  0.5086E+01  0.1101E-02  0.5118E+01  0.3466E-07  0.1768E-03  0.5083E+01 -0.1534E-01 -0.3249E-02  0.4975E-05  0.1345E-04 -0.1256E-03
   23  0.4929E+01 -0.1367E-02  0.4962E+01  0.3663E-07  0.1102E-03  0.4931E+01 -0.2084E-01 -0.3346E-02 -0.3163E-05 -0.3108E-06 -0.1248E-03
   24  0.4767E+01 -0.1562E-02  0.4798E+01 -0.6081E-07  0.3043E-04  0.4771E+01 -0.2081E-01 -0.3322E-02 -0.2033E-04  0.3213E-04 -0.1111E-03
   25  0.4607E+01  0.1277E-02  0.4634E+01 -0.1690E-06  0.4942E-05  0.4606E+01 -0.1090E-01 -0.2991E-02 -0.3126E-04  0.1345E-04 -0.1494E-03
   26  0.4438E+01  0.2366E-02  0.4462E+01 -0.6885E-07  0.2577E-04  0.4433E+01 -0.2412E-02 -0.1803E-02 -0.1285E-04 -0.3691E-05 -0.2131E-03
   27  0.4249E+01  0.6223E-03  0.4274E+01 -0.6721E-07  0.3527E-04  0.4247E+01 -0.5216E-02  0.2210E-03  0.1674E-04 -0.2621E-05 -0.2688E-03
   28  0.4050E+01 -0.1110E-02  0.4075E+01  0.5581E-07 -0.2595E-05  0.4052E+01 -0.1410E-01  0.2019E-02  0.6810E-05 -0.1166E-04 -0.3092E-03
   29  0.3858E+01 -0.1283E-02  0.3881E+01  0.8405E-07 -0.8091E-04  0.3861E+01 -0.1841E-01  0.3008E-02  0.1083E-04 -0.1623E-04 -0.3188E-03
   30  0.3686E+01 -0.2462E-04  0.3705E+01  0.9247E-07 -0.1813E-03  0.3687E+01 -0.1434E-01  0.3349E-02  0.5283E-05 -0.1694E-04 -0.2877E-03
   31  0.3531E+01  0.1328E-02  0.3546E+01  0.3775E-07 -0.2141E-03  0.3529E+01 -0.7659E-02  0.3350E-02 -0.1935E-04  0.2071E-04 -0.1761E-03
   32  0.3384E+01  0.8635E-03  0.3398E+01  0.1201E-07 -0.1294E-03  0.3382E+01 -0.5845E-02  0.3104E-02  0.6012E-05  0.1511E-04 -0.6567E-04
   33  0.3244E+01 -0.5071E-03  0.3258E+01  0.1996E-07 -0.9542E-05  0.3244E+01 -0.9311E-02  0.2878E-02  0.2854E-04 -0.2293E-05 -0.2054E-04
   34  0.3117E+01 -0.5020E-03  0.3129E+01 -0.4459E-08  0.4774E-04  0.3117E+01 -0.1202E-01  0.2516E-02  0.1809E-04  0.1774E-04  0.5785E-05
   35  0.3007E+01 -0.2029E-03  0.3017E+01 -0.4154E-07  0.3701E-04  0.3007E+01 -0.1126E-01  0.1821E-02  0.9757E-05 -0.2507E-05 -0.1569E-05
   36  0.2913E+01  0.8353E-04  0.2923E+01 -0.7749E-07  0.1080E-04  0.2913E+01 -0.8722E-02  0.1058E-02 -0.1418E-04 -0.2549E-04 -0.2330E-04
   37  0.2834E+01  0.3756E-03  0.2841E+01 -0.3415E-07  0.3695E-04  0.2833E+01 -0.6936E-02  0.5647E-03 -0.1594E-04 -0.6410E-05 -0.9295E-05
   38  0.2764E+01 -0.2214E-03  0.2771E+01 -0.3760E-07  0.1054E-03  0.2764E+01 -0.6295E-02  0.5298E-03  0.5137E-05  0.3679E-05 -0.1561E-04
   39  0.2702E+01 -0.6091E-03  0.2709E+01 -0.2546E-08  0.1802E-03  0.2704E+01 -0.4299E-02  0.5999E-03  0.6181E-05 -0.1077E-04 -0.6026E-04
   40  0.2647E+01  0.4574E-03  0.2653E+01  0.1135E-07  0.2551E-03  0.2647E+01  0.5013E-04  0.6819E-04  0.2701E-05 -0.4523E-05 -0.6883E-04
   41  0.2589E+01  0.8826E-03  0.2594E+01  0.1272E-07  0.3096E-03  0.2587E+01  0.2628E-02 -0.8070E-03  0.1325E-04  0.5992E-05 -0.7259E-04
   42  0.2519E+01 -0.2160E-03  0.2525E+01  0.1903E-08  0.3222E-03  0.2519E+01  0.9503E-03 -0.1243E-02  0.7569E-05  0.2139E-05 -0.1036E-03
   43  0.2440E+01 -0.5363E-03  0.2447E+01  0.1611E-07  0.3182E-03  0.2441E+01 -0.1762E-02 -0.1406E-02 -0.7698E-05 -0.5856E-05 -0.1253E-03
   44  0.2354E+01  0.3354E-03  0.2360E+01  0.1304E-07  0.3263E-03  0.2353E+01 -0.3590E-02 -0.1859E-02  0.6370E-06 -0.6350E-05 -0.1314E-03
   45  0.2262E+01  0.1712E-03  0.2268E+01  0.1887E-07  0.3296E-03  0.2262E+01 -0.6757E-02 -0.2264E-02  0.2117E-04 -0.2242E-05 -0.1336E-03
   46  0.2170E+01 -0.7616E-03  0.2176E+01  0.1620E-09  0.2848E-03  0.2171E+01 -0.1060E-01 -0.2225E-02  0.1874E-04 -0.6805E-06 -0.1228E-03
   47  0.2084E+01 -0.4475E-03  0.2090E+01 -0.1133E-07  0.1928E-03  0.2085E+01 -0.1142E-01 -0.2261E-02 -0.8900E-05  0.3213E-06 -0.1094E-03
   48  0.2006E+01  0.4722E-03  0.2011E+01 -0.1651E-07  0.1271E-03  0.2006E+01 -0.9680E-02 -0.2789E-02 -0.2590E-04 -0.8886E-06 -0.1108E-03
   49  0.1934E+01  0.1502E-03  0.1939E+01 -0.1244E-09  0.1507E-03  0.1934E+01 -0.9094E-02 -0.3339E-02 -0.1297E-04 -0.9415E-06 -0.1076E-03
   50  0.1868E+01 -0.5442E-03  0.1873E+01  0.9471E-08  0.2319E-03  0.1869E+01 -0.9365E-02 -0.3425E-02  0.8198E-05 -0.2202E-05 -0.9039E-04
   51  0.1810E+01 -0.1119E-03  0.1814E+01  0.9516E-09  0.2783E-03  0.1810E+01 -0.7800E-02 -0.3146E-02  0.1067E-04 -0.8769E-05 -0.7165E-04
   52  0.1758E+01  0.5657E-03  0.1761E+01  0.1079E-07  0.2536E-03  0.1757E+01 -0.5493E-02 -0.2752E-02 -0.7200E-06 -0.1297E-04 -0.4632E-04
   53  0.1709E+01  0.1755E-03  0.1712E+01  0.2129E-07  0.2015E-03  0.1709E+01 -0.5318E-02 -0.2280E-02 -0.5281E-05 -0.7499E-05 -0.1135E-04
   54  0.1663E+01 -0.5227E-03  0.1667E+01  0.1831E-07  0.1688E-03  0.1664E+01 -0.6116E-02 -0.1675E-02  0.4466E-05  0.4139E-06  0.1402E-04
   55  0.1622E+01 -0.3530E-03  0.1625E+01  0.9001E-08  0.1465E-03  0.1623E+01 -0.4627E-02 -0.8955E-03  0.1367E-04  0.1052E-05  0.1887E-04
   56  0.1583E+01  0.3735E-03  0.1586E+01  0.1258E-08  0.1029E-03  0.1583E+01 -0.9929E-03  0.1931E-04  0.7081E-05 -0.5391E-06  0.1466E-04
   57  0.1542E+01  0.6506E-03  0.1544E+01 -0.1838E-08  0.4022E-04  0.1541E+01  0.1420E-02  0.9355E-03 -0.1000E-04  0.3450E-05  0.6996E-05
   58  0.1494E+01  0.2581E-03  0.1497E+01 -0.4276E-08 -0.8877E-05  0.1494E+01  0.7764E-03  0.1709E-02 -0.1896E-04  0.8342E-05 -0.1101E-04
   59  0.1444E+01 -0.3025E-03  0.1446E+01 -0.1389E-07 -0.2318E-04  0.1444E+01 -0.1193E-02  0.2302E-02 -0.1358E-04  0.6784E-05 -0.3617E-04
   60  0.1394E+01 -0.4790E-03  0.1397E+01 -0.1811E-07 -0.1301E-04  0.1395E+01 -0.1349E-02  0.2760E-02 -0.5680E-05  0.2462E-05 -0.5349E-04
   61  0.1346E+01 -0.1382E-03  0.1349E+01 -0.1333E-07  0.2316E-05  0.1347E+01  0.1557E-02  0.3162E-02 -0.4685E-05  0.2191E-05 -0.5849E-04
   62  0.1297E+01  0.3817E-03  0.1299E+01 -0.4607E-08  0.1468E-04  0.1297E+01  0.5713E-02  0.3561E-02 -0.5530E-05  0.4782E-05 -0.6012E-04
   63  0.1241E+01  0.5675E-03  0.1243E+01  0.4245E-08  0.2081E-04  0.1240E+01  0.7966E-02  0.3895E-02 -0.1002E-05  0.3394E-05 -0.6580E-04
   64  0.1173E+01  0.2904E-03  0.1176E+01  0.6280E-08  0.1108E-04  0.1173E+01  0.6905E-02  0.4010E-02  0.5585E-05 -0.2964E-05 -0.6996E-04
   65  0.1098E+01 -0.1015E-03  0.1101E+01  0.5198E-08 -0.2084E-04  0.1098E+01  0.3968E-02  0.3846E-02  0.6576E-05 -0.8106E-05 -0.6051E-04
   66  0.1018E+01 -0.2272E-03  0.1022E+01  0.7008E-08 -0.6196E-04  0.1019E+01  0.1610E-02  0.3548E-02  0.2331E-05 -0.7368E-05 -0.3265E-04
   67  0.9399E+00 -0.9350E-04  0.9427E+00  0.6253E-08 -0.8770E-04  0.9401E+00  0.8362E-03  0.3333E-02 -0.3679E-06 -0.2329E-05  0.3848E-05
   68  0.8627E+00  0.4643E-04  0.8653E+00  0.2350E-08 -0.8803E-04  0.8627E+00  0.8796E-03  0.3272E-02  0.1574E-05  0.1909E-05  0.3019E-04
   69  0.7863E+00  0.4622E-04  0.7888E+00  0.1028E-08 -0.7799E-04  0.7863E+00  0.6746E-03  0.3257E-02  0.4348E-05  0.2847E-05  0.3410E-04
   70  0.7107E+00 -0.1794E-04  0.7131E+00  0.2227E-08 -0.7951E-04  0.7107E+00  0.2112E-04  0.3164E-02  0.3665E-05  0.1103E-05  0.1858E-04
   71  0.6367E+00 -0.3360E-04  0.6390E+00  0.1754E-08 -0.9907E-04  0.6368E+00 -0.6855E-03  0.2967E-02 -0.1191E-06 -0.1075E-05 -0.2280E-05
   72  0.5655E+00  0.4006E-05  0.5677E+00 -0.3988E-09 -0.1257E-03  0.5655E+00 -0.1233E-02  0.2716E-02 -0.3545E-05 -0.2682E-05 -0.1731E-04
   73  0.4980E+00  0.2122E-04  0.4999E+00 -0.1593E-08 -0.1467E-03  0.4979E+00 -0.1807E-02  0.2446E-02 -0.4790E-05 -0.3307E-05 -0.2437E-04
   74  0.4351E+00 -0.1730E-04  0.4368E+00 -0.7966E-09 -0.1593E-03  0.4350E+00 -0.2575E-02  0.2141E-02 -0.4773E-05 -0.3071E-05 -0.2665E-04
   75  0.3779E+00 -0.7741E-04  0.3795E+00 -0.5088E-09 -0.1675E-03  0.3780E+00 -0.3348E-02  0.1780E-02 -0.4852E-05 -0.2117E-05 -0.2541E-04
   76  0.3279E+00 -0.1016E-03  0.3293E+00 -0.9806E-09 -0.1725E-03  0.3281E+00 -0.3696E-02  0.1384E-02 -0.5053E-05 -0.9029E-06 -0.1884E-04
   77  0.2858E+00 -0.6930E-04  0.2870E+00 -0.1330E-08 -0.1697E-03  0.2860E+00 -0.3330E-02  0.1013E-02 -0.4452E-05 -0.8361E-07 -0.6307E-05
   78  0.2511E+00 -0.3010E-05  0.2520E+00 -0.6075E-09 -0.1536E-03  0.2511E+00 -0.2336E-02  0.7422E-03 -0.2773E-05 -0.9596E-07  0.8469E-05
   79  0.2219E+00  0.5727E-04  0.2227E+00  0.3109E-09 -0.1243E-03  0.2219E+00 -0.1116E-02  0.6127E-03 -0.7958E-06 -0.8395E-06  0.1892E-04
   80  0.1960E+00  0.8493E-04  0.1966E+00  0.8074E-09 -0.8857E-04  0.1959E+00 -0.1308E-03  0.6189E-03  0.3531E-06 -0.1827E-05  0.2000E-04
   81  0.1713E+00  0.7516E-04  0.1719E+00  0.5567E-09 -0.5561E-04  0.1712E+00  0.3185E-03  0.7129E-03  0.1961E-06 -0.2453E-05  0.1147E-04
   82  0.1466E+00  0.4097E-04  0.1472E+00  0.4334E-09 -0.3190E-04  0.1465E+00  0.1890E-03  0.8287E-03 -0.8641E-06 -0.2445E-05 -0.2488E-05
   83  0.1217E+00  0.6497E-06  0.1223E+00  0.6053E-09 -0.1887E-04  0.1217E+00 -0.3518E-03  0.9076E-03 -0.2044E-05 -0.1858E-05 -0.1618E-04
   84  0.9750E-01 -0.3023E-04  0.9810E-01  0.1077E-08 -0.1392E-04  0.9752E-01 -0.1039E-02  0.9160E-03 -0.2707E-05 -0.1000E-05 -0.2543E-04
   85  0.7496E-01 -0.4448E-04  0.7551E-01  0.1271E-08 -0.1311E-04  0.7502E-01 -0.1629E-02  0.8497E-03 -0.2685E-05 -0.1807E-06 -0.2877E-04
   86  0.5519E-01 -0.4248E-04  0.5566E-01  0.1094E-08 -0.1318E-04  0.5525E-01 -0.1970E-02  0.7271E-03 -0.2149E-05  0.3976E-06 -0.2708E-04
   87  0.3884E-01 -0.3007E-04  0.3921E-01  0.5832E-09 -0.1248E-04  0.3889E-01 -0.2027E-02  0.5769E-03 -0.1426E-05  0.6848E-06 -0.2237E-04
   88  0.2611E-01 -0.1423E-04  0.2638E-01  0.4987E-10 -0.1074E-04  0.2614E-01 -0.1848E-02  0.4266E-03 -0.7638E-06  0.7325E-06 -0.1667E-04
   89  0.1677E-01 -0.5418E-06  0.1695E-01 -0.3300E-09 -0.8386E-05  0.1678E-01 -0.1527E-02  0.2953E-03 -0.2951E-06  0.6380E-06 -0.1140E-04
   90  0.1029E-01  0.8303E-05  0.1041E-01 -0.5083E-09 -0.5979E-05  0.1028E-01 -0.1160E-02  0.1920E-03 -0.2793E-07  0.4883E-06 -0.7244E-05
   91  0.6038E-02  0.1208E-04  0.6103E-02 -0.5286E-09 -0.3927E-05  0.6020E-02 -0.8183E-03  0.1177E-03  0.8458E-07  0.3390E-06 -0.4316E-05
   92  0.3389E-02  0.1210E-04  0.3423E-02 -0.4637E-09 -0.2394E-05  0.3370E-02 -0.5392E-03  0.6826E-04  0.1073E-06  0.2167E-06 -0.2419E-05
   93  0.1821E-02  0.1005E-04  0.1838E-02 -0.3682E-09 -0.1365E-05  0.1804E-02 -0.3336E-03  0.3752E-04  0.9036E-07  0.1279E-06 -0.1279E-05
   94  0.9377E-03  0.7358E-05  0.9449E-03 -0.2748E-09 -0.7338E-06  0.9252E-03 -0.1947E-03  0.1961E-04  0.6335E-07  0.7000E-07 -0.6383E-06
   95  0.4632E-03  0.4879E-05  0.4659E-03 -0.1944E-09 -0.3748E-06  0.4548E-03 -0.1075E-03  0.9767E-05  0.3971E-07  0.3587E-07 -0.3032E-06
   96  0.2198E-03  0.2980E-05  0.2206E-03 -0.1313E-09 -0.1827E-06  0.2146E-03 -0.5636E-04  0.4650E-05  0.2272E-07  0.1761E-07 -0.1394E-06
   97  0.1003E-03  0.1694E-05  0.1004E-03 -0.8403E-10 -0.8522E-07  0.9728E-04 -0.2813E-04  0.2121E-05  0.1208E-07  0.8640E-08 -0.6385E-07
   98  0.4406E-04  0.9038E-06  0.4397E-04 -0.5072E-10 -0.3798E-07  0.4244E-04 -0.1340E-04  0.9287E-06  0.5907E-08  0.4388E-08 -0.3007E-07
   99  0.1867E-04  0.4552E-06  0.1857E-04 -0.2879E-10 -0.1618E-07  0.1785E-04 -0.6104E-05  0.3908E-06  0.2705E-08  0.2342E-08 -0.1465E-07
  100  0.7638E-05  0.2174E-06  0.7571E-05 -0.1541E-10 -0.6563E-08  0.7244E-05 -0.2667E-05  0.1582E-06  0.1135E-08  0.1275E-08 -0.7324E-08
  101  0.3022E-05  0.9888E-07  0.2984E-05 -0.7712E-11 -0.2559E-08  0.2842E-05 -0.1120E-05  0.6170E-07  0.4579E-09  0.6812E-09 -0.3603E-08
  102  0.1158E-05  0.4293E-07  0.1139E-05 -0.3590E-11 -0.9616E-09  0.1079E-05 -0.4524E-06  0.2321E-07  0.1707E-09  0.3474E-09 -0.1717E-08
  103  0.4293E-06  0.1784E-07  0.4205E-06 -0.1576E-11 -0.3555E-09  0.3966E-06 -0.1763E-06  0.8428E-08  0.6584E-10  0.1662E-09 -0.7739E-09
  104  0.1556E-06  0.7113E-08  0.1518E-06 -0.6642E-12 -0.1322E-09  0.1425E-06 -0.6650E-07  0.2998E-08  0.2453E-10  0.7497E-10 -0.3297E-09
  105  0.5398E-07  0.2718E-08  0.5243E-07 -0.2634E-12 -0.4825E-10  0.4895E-07 -0.2412E-07  0.1016E-08  0.9860E-11  0.3160E-10 -0.1333E-09
  106  0.1918E-07  0.1019E-08  0.1859E-07 -0.9407E-13 -0.1928E-10  0.1730E-07 -0.8738E-08  0.3605E-09  0.4045E-11  0.1277E-10 -0.5103E-10
  107  0.6009E-08  0.3531E-09  0.5786E-08 -0.3434E-13 -0.6588E-11  0.5353E-08 -0.2882E-08  0.1106E-09  0.1557E-11  0.4828E-11 -0.1869E-10
  108  0.2280E-08  0.1337E-09  0.2199E-08 -0.1201E-13 -0.2893E-11  0.2032E-08 -0.1082E-08  0.4293E-10  0.6936E-12  0.1795E-11 -0.6575E-11
  109  0.5742E-09  0.3853E-10  0.5481E-09 -0.3601E-14 -0.7962E-12  0.5025E-09 -0.2932E-09  0.1060E-10  0.2130E-12  0.5986E-12 -0.2134E-11
  110  0.2652E-09  0.1678E-10  0.2546E-09 -0.6522E-15 -0.3839E-12  0.2341E-09 -0.1298E-09  0.4995E-11  0.9863E-13  0.2006E-12 -0.6839E-12
  111  0.4303E-10  0.3263E-11  0.4066E-10 -0.1536E-15 -0.7135E-13  0.3695E-10 -0.2328E-10  0.8062E-12  0.2052E-13  0.5474E-13 -0.1819E-12
  112  0.2954E-10  0.2061E-11  0.2827E-10 -0.1286E-15 -0.4156E-13  0.2574E-10 -0.1501E-10  0.5415E-12  0.1153E-13  0.1609E-13 -0.5222E-13
  113  0.2125E-11  0.1806E-12  0.1988E-11 -0.3649E-16 -0.4127E-14  0.1788E-11 -0.1213E-11  0.4050E-13  0.1392E-14  0.3112E-14 -0.9730E-14
  114  0.2841E-11  0.2141E-12  0.2676E-11 -0.7517E-17 -0.3472E-14  0.2434E-11 -0.1496E-11  0.4919E-13  0.9988E-15  0.8146E-15 -0.2562E-14
  115  0.4721E-13  0.4243E-14  0.4228E-13 -0.2229E-17 -0.1110E-15  0.3997E-13 -0.2745E-13  0.9530E-15  0.4581E-16  0.6948E-16 -0.2152E-15
  116  0.3387E-12  0.3086E-13  0.3220E-12 -0.3309E-18 -0.3595E-15  0.2836E-12 -0.1921E-12  0.5549E-14  0.1068E-15  0.3476E-16 -0.1177E-15
