 input file is 
mstm16_128_4799_20_00226.inp  
 input file comments follow:
***********************************************************
  This is the default mstm input file for v.3.0.
  The run is for a 7-sphere cluster of identical spheres.   The positions
  are embedded in the input file.

  The run makes use of the new_run and multiple_run options.

  14 April 2013
***********************************************************
 number of processors:
   1
 input parameters for run number 
    1
 number of spheres, volume size parameter:
  128  0.24185E+01
 position file:
position/n128/a16.out                                       
 output file:
output/128/x4799/20/00226/mt_16_128_4799_20_00226.dat       
 length, ref. indx. scale factors:
   0.480   2.000   0.023
 chiral factors:
  0.00000E+00  0.00000E+00
 scattering matrix directions based on incident frame
 automatic scattering angle calculation
 thetamin, thetamax:
      0.0    180.0
 number scattering angles:
      181
 epsmie, epssoln, max number iterations:
  0.1000E-05  0.1000E-07 5000
 medium refractive index:
  1.0000  0.0000
 target euler rotation angles:
    0.0000    0.0000    0.0000
 far field kr, iterations/correction:
 -0.1000E+01   20
 plane wave incidence
 random orientation calculations
 t matrix calculated, stored in file 
tmatrixfiles/1612847992000226                               
 t matrix convergence epsilon:
  0.1000E-06
 all spheres excited (total T matrix) 
 calculation results for run 
    1
 total ext, abs, scat efficiencies, w.r.t. xv, and asym. parm
  0.20286E+01  0.12837E+00  0.19002E+01  0.63443E+00
 scattering matrix elements (normalized w/ S11)
   theta      11           12           13           14           22           23           24           33           34           44      
    0.00  0.27266E+02  0.00000E+00  0.00000E+00  0.31167E-03  0.99813E+00 -0.54243E-03  0.00000E+00  0.99813E+00  0.00000E+00  0.99629E+00 
    1.00  0.27067E+02 -0.25412E-03  0.13471E-06  0.30018E-03  0.99813E+00 -0.54617E-03 -0.29070E-06  0.99813E+00 -0.69107E-04  0.99629E+00 
    2.00  0.26481E+02 -0.10170E-02  0.54465E-06  0.26574E-03  0.99813E+00 -0.55740E-03 -0.11529E-05  0.99812E+00 -0.27727E-03  0.99628E+00 
    3.00  0.25539E+02 -0.22897E-02  0.12466E-05  0.20847E-03  0.99812E+00 -0.57610E-03 -0.25561E-05  0.99811E+00 -0.62679E-03  0.99626E+00 
    4.00  0.24290E+02 -0.40729E-02  0.22665E-05  0.12872E-03  0.99810E+00 -0.60218E-03 -0.44467E-05  0.99810E+00 -0.11208E-02  0.99624E+00 
    5.00  0.22799E+02 -0.63648E-02  0.36354E-05  0.27251E-04  0.99809E+00 -0.63544E-03 -0.67443E-05  0.99807E+00 -0.17622E-02  0.99620E+00 
    6.00  0.21139E+02 -0.91582E-02  0.53831E-05 -0.94462E-04  0.99806E+00 -0.67546E-03 -0.93373E-05  0.99803E+00 -0.25514E-02  0.99614E+00 
    7.00  0.19386E+02 -0.12436E-01  0.75285E-05 -0.23380E-03  0.99804E+00 -0.72147E-03 -0.12078E-04  0.99797E+00 -0.34840E-02  0.99607E+00 
    8.00  0.17613E+02 -0.16167E-01  0.10065E-04 -0.38652E-03  0.99800E+00 -0.77215E-03 -0.14782E-04  0.99789E+00 -0.45465E-02  0.99596E+00 
    9.00  0.15889E+02 -0.20297E-01  0.12942E-04 -0.54621E-03  0.99795E+00 -0.82547E-03 -0.17230E-04  0.99778E+00 -0.57118E-02  0.99582E+00 
   10.00  0.14268E+02 -0.24747E-01  0.16046E-04 -0.70397E-03  0.99790E+00 -0.87854E-03 -0.19182E-04  0.99764E+00 -0.69345E-02  0.99564E+00 
   11.00  0.12791E+02 -0.29411E-01  0.19183E-04 -0.84852E-03  0.99783E+00 -0.92754E-03 -0.20409E-04  0.99746E+00 -0.81481E-02  0.99542E+00 
   12.00  0.11486E+02 -0.34163E-01  0.22079E-04 -0.96706E-03  0.99776E+00 -0.96804E-03 -0.20732E-04  0.99725E+00 -0.92666E-02  0.99514E+00 
   13.00  0.10363E+02 -0.38873E-01  0.24402E-04 -0.10473E-02  0.99766E+00 -0.99547E-03 -0.20072E-04  0.99699E+00 -0.10193E-01  0.99482E+00 
   14.00  0.94192E+01 -0.43436E-01  0.25819E-04 -0.10800E-02  0.99756E+00 -0.10061E-02 -0.18492E-04  0.99670E+00 -0.10838E-01  0.99446E+00 
   15.00  0.86399E+01 -0.47799E-01  0.26076E-04 -0.10620E-02  0.99745E+00 -0.99781E-03 -0.16197E-04  0.99638E+00 -0.11138E-01  0.99406E+00 
   16.00  0.80026E+01 -0.51985E-01  0.25071E-04 -0.99755E-03  0.99732E+00 -0.97102E-03 -0.13487E-04  0.99603E+00 -0.11074E-01  0.99362E+00 
   17.00  0.74799E+01 -0.56089E-01  0.22890E-04 -0.89784E-03  0.99718E+00 -0.92836E-03 -0.10670E-04  0.99566E+00 -0.10681E-01  0.99314E+00 
   18.00  0.70426E+01 -0.60261E-01  0.19789E-04 -0.77841E-03  0.99703E+00 -0.87413E-03 -0.79594E-05  0.99525E+00 -0.10035E-01  0.99263E+00 
   19.00  0.66632E+01 -0.64666E-01  0.16140E-04 -0.65574E-03  0.99687E+00 -0.81324E-03 -0.54085E-05  0.99481E+00 -0.92352E-02  0.99206E+00 
   20.00  0.63176E+01 -0.69463E-01  0.12344E-04 -0.54432E-03  0.99670E+00 -0.75030E-03 -0.28820E-05  0.99431E+00 -0.83860E-02  0.99143E+00 
   21.00  0.59871E+01 -0.74774E-01  0.87769E-05 -0.45492E-03  0.99650E+00 -0.68903E-03 -0.75287E-07  0.99374E+00 -0.75782E-02  0.99070E+00 
   22.00  0.56589E+01 -0.80685E-01  0.57437E-05 -0.39418E-03  0.99627E+00 -0.63211E-03  0.34430E-05  0.99308E+00 -0.68824E-02  0.98986E+00 
   23.00  0.53262E+01 -0.87239E-01  0.34631E-05 -0.36497E-03  0.99601E+00 -0.58139E-03  0.81755E-05  0.99231E+00 -0.63463E-02  0.98889E+00 
   24.00  0.49872E+01 -0.94445E-01  0.20656E-05 -0.36716E-03  0.99571E+00 -0.53819E-03  0.14635E-04  0.99140E+00 -0.59970E-02  0.98774E+00 
   25.00  0.46444E+01 -0.10228E+00  0.15995E-05 -0.39838E-03  0.99536E+00 -0.50362E-03  0.23277E-04  0.99034E+00 -0.58431E-02  0.98641E+00 
   26.00  0.43030E+01 -0.11070E+00  0.20386E-05 -0.45459E-03  0.99495E+00 -0.47890E-03  0.34417E-04  0.98911E+00 -0.58776E-02  0.98485E+00 
   27.00  0.39697E+01 -0.11963E+00  0.32943E-05 -0.53059E-03  0.99448E+00 -0.46548E-03  0.48133E-04  0.98769E+00 -0.60788E-02  0.98307E+00 
   28.00  0.36512E+01 -0.12899E+00  0.52334E-05 -0.62038E-03  0.99395E+00 -0.46508E-03  0.64161E-04  0.98607E+00 -0.64127E-02  0.98104E+00 
   29.00  0.33537E+01 -0.13867E+00  0.77053E-05 -0.71768E-03  0.99336E+00 -0.47951E-03  0.81796E-04  0.98425E+00 -0.68345E-02  0.97875E+00 
   30.00  0.30814E+01 -0.14859E+00  0.10580E-04 -0.81642E-03  0.99272E+00 -0.51033E-03  0.99840E-04  0.98222E+00 -0.72930E-02  0.97623E+00 
   31.00  0.28371E+01 -0.15865E+00  0.13796E-04 -0.91145E-03  0.99204E+00 -0.55840E-03  0.11663E-03  0.97999E+00 -0.77365E-02  0.97348E+00 
   32.00  0.26213E+01 -0.16879E+00  0.17402E-04 -0.99913E-03  0.99132E+00 -0.62331E-03  0.13019E-03  0.97756E+00 -0.81212E-02  0.97052E+00 
   33.00  0.24330E+01 -0.17901E+00  0.21588E-04 -0.10778E-02  0.99061E+00 -0.70304E-03  0.13846E-03  0.97495E+00 -0.84194E-02  0.96740E+00 
   34.00  0.22696E+01 -0.18933E+00  0.26681E-04 -0.11477E-02  0.98990E+00 -0.79394E-03  0.13964E-03  0.97216E+00 -0.86256E-02  0.96413E+00 
   35.00  0.21279E+01 -0.19984E+00  0.33108E-04 -0.12110E-02  0.98923E+00 -0.89093E-03  0.13247E-03  0.96918E+00 -0.87586E-02  0.96072E+00 
   36.00  0.20040E+01 -0.21062E+00  0.41331E-04 -0.12702E-02  0.98860E+00 -0.98824E-03  0.11643E-03  0.96601E+00 -0.88584E-02  0.95718E+00 
   37.00  0.18943E+01 -0.22180E+00  0.51770E-04 -0.13281E-02  0.98801E+00 -0.10801E-02  0.91826E-04  0.96262E+00 -0.89782E-02  0.95349E+00 
   38.00  0.17953E+01 -0.23346E+00  0.64736E-04 -0.13866E-02  0.98747E+00 -0.11615E-02  0.59685E-04  0.95898E+00 -0.91757E-02  0.94961E+00 
   39.00  0.17041E+01 -0.24568E+00  0.80386E-04 -0.14462E-02  0.98696E+00 -0.12288E-02  0.21642E-04  0.95507E+00 -0.95037E-02  0.94552E+00 
   40.00  0.16187E+01 -0.25851E+00  0.98704E-04 -0.15059E-02  0.98648E+00 -0.12803E-02 -0.20245E-04  0.95083E+00 -0.10003E-01  0.94117E+00 
   41.00  0.15376E+01 -0.27194E+00  0.11951E-03 -0.15635E-02  0.98601E+00 -0.13159E-02 -0.63661E-04  0.94625E+00 -0.10699E-01  0.93651E+00 
   42.00  0.14598E+01 -0.28594E+00  0.14250E-03 -0.16162E-02  0.98553E+00 -0.13377E-02 -0.10618E-03  0.94131E+00 -0.11597E-01  0.93152E+00 
   43.00  0.13850E+01 -0.30047E+00  0.16727E-03 -0.16606E-02  0.98503E+00 -0.13497E-02 -0.14538E-03  0.93597E+00 -0.12684E-01  0.92615E+00 
   44.00  0.13132E+01 -0.31545E+00  0.19341E-03 -0.16939E-02  0.98450E+00 -0.13571E-02 -0.17899E-03  0.93023E+00 -0.13931E-01  0.92038E+00 
   45.00  0.12445E+01 -0.33080E+00  0.22055E-03 -0.17142E-02  0.98391E+00 -0.13665E-02 -0.20505E-03  0.92408E+00 -0.15294E-01  0.91418E+00 
   46.00  0.11793E+01 -0.34643E+00  0.24837E-03 -0.17206E-02  0.98326E+00 -0.13846E-02 -0.22202E-03  0.91752E+00 -0.16719E-01  0.90753E+00 
   47.00  0.11178E+01 -0.36227E+00  0.27674E-03 -0.17139E-02  0.98253E+00 -0.14179E-02 -0.22896E-03  0.91053E+00 -0.18149E-01  0.90043E+00 
   48.00  0.10602E+01 -0.37826E+00  0.30562E-03 -0.16960E-02  0.98171E+00 -0.14713E-02 -0.22566E-03  0.90312E+00 -0.19527E-01  0.89284E+00 
   49.00  0.10068E+01 -0.39435E+00  0.33509E-03 -0.16696E-02  0.98081E+00 -0.15477E-02 -0.21277E-03  0.89527E+00 -0.20804E-01  0.88476E+00 
   50.00  0.95741E+00 -0.41052E+00  0.36524E-03 -0.16381E-02  0.97981E+00 -0.16470E-02 -0.19177E-03  0.88697E+00 -0.21942E-01  0.87616E+00 
   51.00  0.91218E+00 -0.42675E+00  0.39613E-03 -0.16042E-02  0.97872E+00 -0.17659E-02 -0.16496E-03  0.87821E+00 -0.22917E-01  0.86705E+00 
   52.00  0.87094E+00 -0.44307E+00  0.42760E-03 -0.15697E-02  0.97756E+00 -0.18980E-02 -0.13530E-03  0.86896E+00 -0.23720E-01  0.85739E+00 
   53.00  0.83354E+00 -0.45946E+00  0.45925E-03 -0.15347E-02  0.97633E+00 -0.20340E-02 -0.10621E-03  0.85921E+00 -0.24354E-01  0.84720E+00 
   54.00  0.79977E+00 -0.47595E+00  0.49033E-03 -0.14977E-02  0.97507E+00 -0.21634E-02 -0.81270E-04  0.84894E+00 -0.24835E-01  0.83648E+00 
   55.00  0.76941E+00 -0.49252E+00  0.51982E-03 -0.14551E-02  0.97379E+00 -0.22749E-02 -0.63909E-04  0.83815E+00 -0.25180E-01  0.82523E+00 
   56.00  0.74217E+00 -0.50918E+00  0.54643E-03 -0.14026E-02  0.97252E+00 -0.23585E-02 -0.57112E-04  0.82683E+00 -0.25411E-01  0.81348E+00 
   57.00  0.71775E+00 -0.52591E+00  0.56886E-03 -0.13350E-02  0.97129E+00 -0.24068E-02 -0.63130E-04  0.81498E+00 -0.25548E-01  0.80124E+00 
   58.00  0.69582E+00 -0.54268E+00  0.58590E-03 -0.12476E-02  0.97010E+00 -0.24155E-02 -0.83289E-04  0.80260E+00 -0.25603E-01  0.78854E+00 
   59.00  0.67600E+00 -0.55946E+00  0.59673E-03 -0.11368E-02  0.96898E+00 -0.23844E-02 -0.11789E-03  0.78970E+00 -0.25587E-01  0.77539E+00 
   60.00  0.65791E+00 -0.57623E+00  0.60101E-03 -0.10011E-02  0.96794E+00 -0.23175E-02 -0.16620E-03  0.77627E+00 -0.25505E-01  0.76178E+00 
   61.00  0.64114E+00 -0.59297E+00  0.59908E-03 -0.84096E-03  0.96696E+00 -0.22218E-02 -0.22658E-03  0.76228E+00 -0.25359E-01  0.74771E+00 
   62.00  0.62531E+00 -0.60966E+00  0.59190E-03 -0.65915E-03  0.96604E+00 -0.21072E-02 -0.29664E-03  0.74772E+00 -0.25149E-01  0.73312E+00 
   63.00  0.61005E+00 -0.62631E+00  0.58108E-03 -0.46053E-03  0.96516E+00 -0.19845E-02 -0.37349E-03  0.73254E+00 -0.24880E-01  0.71798E+00 
   64.00  0.59502E+00 -0.64289E+00  0.56868E-03 -0.25149E-03  0.96430E+00 -0.18647E-02 -0.45388E-03  0.71668E+00 -0.24558E-01  0.70220E+00 
   65.00  0.57996E+00 -0.65943E+00  0.55704E-03 -0.39386E-04  0.96344E+00 -0.17578E-02 -0.53446E-03  0.70007E+00 -0.24193E-01  0.68570E+00 
   66.00  0.56468E+00 -0.67590E+00  0.54861E-03  0.16800E-03  0.96254E+00 -0.16720E-02 -0.61189E-03  0.68264E+00 -0.23800E-01  0.66838E+00 
   67.00  0.54906E+00 -0.69231E+00  0.54569E-03  0.36304E-03  0.96159E+00 -0.16129E-02 -0.68294E-03  0.66432E+00 -0.23397E-01  0.65016E+00 
   68.00  0.53307E+00 -0.70863E+00  0.55024E-03  0.53875E-03  0.96056E+00 -0.15834E-02 -0.74455E-03  0.64502E+00 -0.23006E-01  0.63095E+00 
   69.00  0.51677E+00 -0.72484E+00  0.56369E-03  0.68913E-03  0.95943E+00 -0.15837E-02 -0.79388E-03  0.62469E+00 -0.22647E-01  0.61067E+00 
   70.00  0.50028E+00 -0.74088E+00  0.58679E-03  0.80949E-03  0.95818E+00 -0.16113E-02 -0.82834E-03  0.60327E+00 -0.22340E-01  0.58928E+00 
   71.00  0.48376E+00 -0.75670E+00  0.61951E-03  0.89668E-03  0.95682E+00 -0.16613E-02 -0.84566E-03  0.58076E+00 -0.22099E-01  0.56674E+00 
   72.00  0.46741E+00 -0.77221E+00  0.66098E-03  0.94925E-03  0.95534E+00 -0.17268E-02 -0.84395E-03  0.55715E+00 -0.21934E-01  0.54308E+00 
   73.00  0.45145E+00 -0.78733E+00  0.70948E-03  0.96752E-03  0.95375E+00 -0.17997E-02 -0.82181E-03  0.53249E+00 -0.21844E-01  0.51834E+00 
   74.00  0.43608E+00 -0.80197E+00  0.76262E-03  0.95357E-03  0.95207E+00 -0.18715E-02 -0.77845E-03  0.50683E+00 -0.21817E-01  0.49258E+00 
   75.00  0.42149E+00 -0.81603E+00  0.81748E-03  0.91112E-03  0.95032E+00 -0.19339E-02 -0.71376E-03  0.48027E+00 -0.21834E-01  0.46594E+00 
   76.00  0.40781E+00 -0.82940E+00  0.87098E-03  0.84524E-03  0.94853E+00 -0.19798E-02 -0.62844E-03  0.45295E+00 -0.21863E-01  0.43855E+00 
   77.00  0.39516E+00 -0.84202E+00  0.92017E-03  0.76192E-03  0.94673E+00 -0.20041E-02 -0.52401E-03  0.42499E+00 -0.21866E-01  0.41057E+00 
   78.00  0.38356E+00 -0.85380E+00  0.96266E-03  0.66760E-03  0.94496E+00 -0.20044E-02 -0.40274E-03  0.39655E+00 -0.21799E-01  0.38217E+00 
   79.00  0.37304E+00 -0.86470E+00  0.99696E-03  0.56854E-03  0.94324E+00 -0.19808E-02 -0.26757E-03  0.36774E+00 -0.21622E-01  0.35349E+00 
   80.00  0.36355E+00 -0.87469E+00  0.10227E-02  0.47031E-03  0.94161E+00 -0.19365E-02 -0.12188E-03  0.33870E+00 -0.21295E-01  0.32467E+00 
   81.00  0.35500E+00 -0.88373E+00  0.10409E-02  0.37733E-03  0.94009E+00 -0.18771E-02  0.30754E-04  0.30951E+00 -0.20792E-01  0.29581E+00 
   82.00  0.34731E+00 -0.89184E+00  0.10536E-02  0.29256E-03  0.93869E+00 -0.18097E-02  0.18678E-03  0.28022E+00 -0.20096E-01  0.26696E+00 
   83.00  0.34035E+00 -0.89901E+00  0.10639E-02  0.21742E-03  0.93741E+00 -0.17428E-02  0.34293E-03  0.25087E+00 -0.19206E-01  0.23817E+00 
   84.00  0.33401E+00 -0.90527E+00  0.10759E-02  0.15184E-03  0.93626E+00 -0.16844E-02  0.49640E-03  0.22145E+00 -0.18134E-01  0.20942E+00 
   85.00  0.32817E+00 -0.91061E+00  0.10936E-02  0.94518E-04  0.93523E+00 -0.16422E-02  0.64499E-03  0.19192E+00 -0.16907E-01  0.18067E+00 
   86.00  0.32272E+00 -0.91505E+00  0.11215E-02  0.43206E-04  0.93431E+00 -0.16224E-02  0.78709E-03  0.16227E+00 -0.15562E-01  0.15189E+00 
   87.00  0.31759E+00 -0.91857E+00  0.11633E-02 -0.48729E-05  0.93349E+00 -0.16294E-02  0.92177E-03  0.13243E+00 -0.14145E-01  0.12301E+00 
   88.00  0.31270E+00 -0.92118E+00  0.12221E-02 -0.52668E-04  0.93276E+00 -0.16654E-02  0.10487E-02  0.10237E+00 -0.12707E-01  0.93980E-01 
   89.00  0.30800E+00 -0.92286E+00  0.13001E-02 -0.10295E-03  0.93209E+00 -0.17308E-02  0.11680E-02  0.72059E-01 -0.11303E-01  0.64762E-01 
   90.00  0.30349E+00 -0.92358E+00  0.13984E-02 -0.15801E-03  0.93149E+00 -0.18237E-02  0.12802E-02  0.41490E-01 -0.99828E-02  0.35328E-01 
   91.00  0.29914E+00 -0.92334E+00  0.15167E-02 -0.21943E-03  0.93094E+00 -0.19406E-02  0.13864E-02  0.10665E-01 -0.87963E-02  0.56721E-02 
   92.00  0.29497E+00 -0.92210E+00  0.16536E-02 -0.28793E-03  0.93044E+00 -0.20762E-02  0.14877E-02 -0.20388E-01 -0.77848E-02 -0.24192E-01 
   93.00  0.29100E+00 -0.91984E+00  0.18063E-02 -0.36326E-03  0.92998E+00 -0.22244E-02  0.15854E-02 -0.51621E-01 -0.69814E-02 -0.54226E-01 
   94.00  0.28724E+00 -0.91657E+00  0.19712E-02 -0.44420E-03  0.92956E+00 -0.23781E-02  0.16808E-02 -0.82966E-01 -0.64093E-02 -0.84375E-01 
   95.00  0.28372E+00 -0.91227E+00  0.21437E-02 -0.52862E-03  0.92918E+00 -0.25300E-02  0.17751E-02 -0.11434E+00 -0.60804E-02 -0.11456E+00 
   96.00  0.28048E+00 -0.90695E+00  0.23186E-02 -0.61361E-03  0.92883E+00 -0.26730E-02  0.18695E-02 -0.14565E+00 -0.59956E-02 -0.14471E+00 
   97.00  0.27751E+00 -0.90063E+00  0.24906E-02 -0.69568E-03  0.92852E+00 -0.28005E-02  0.19648E-02 -0.17679E+00 -0.61446E-02 -0.17471E+00 
   98.00  0.27483E+00 -0.89333E+00  0.26543E-02 -0.77095E-03  0.92825E+00 -0.29068E-02  0.20616E-02 -0.20765E+00 -0.65080E-02 -0.20447E+00 
   99.00  0.27245E+00 -0.88509E+00  0.28047E-02 -0.83547E-03  0.92801E+00 -0.29874E-02  0.21601E-02 -0.23814E+00 -0.70580E-02 -0.23389E+00 
  100.00  0.27036E+00 -0.87594E+00  0.29376E-02 -0.88541E-03  0.92781E+00 -0.30390E-02  0.22600E-02 -0.26815E+00 -0.77615E-02 -0.26287E+00 
  101.00  0.26854E+00 -0.86594E+00  0.30494E-02 -0.91737E-03  0.92765E+00 -0.30599E-02  0.23608E-02 -0.29761E+00 -0.85819E-02 -0.29133E+00 
  102.00  0.26697E+00 -0.85513E+00  0.31378E-02 -0.92857E-03  0.92751E+00 -0.30495E-02  0.24616E-02 -0.32643E+00 -0.94818E-02 -0.31920E+00 
  103.00  0.26563E+00 -0.84355E+00  0.32011E-02 -0.91698E-03  0.92740E+00 -0.30087E-02  0.25610E-02 -0.35457E+00 -0.10425E-01 -0.34641E+00 
  104.00  0.26448E+00 -0.83127E+00  0.32392E-02 -0.88149E-03  0.92731E+00 -0.29391E-02  0.26575E-02 -0.38196E+00 -0.11378E-01 -0.37290E+00 
  105.00  0.26349E+00 -0.81833E+00  0.32523E-02 -0.82190E-03  0.92724E+00 -0.28435E-02  0.27495E-02 -0.40859E+00 -0.12313E-01 -0.39865E+00 
  106.00  0.26263E+00 -0.80476E+00  0.32419E-02 -0.73895E-03  0.92717E+00 -0.27250E-02  0.28351E-02 -0.43442E+00 -0.13207E-01 -0.42362E+00 
  107.00  0.26186E+00 -0.79063E+00  0.32098E-02 -0.63429E-03  0.92712E+00 -0.25872E-02  0.29125E-02 -0.45945E+00 -0.14040E-01 -0.44780E+00 
  108.00  0.26116E+00 -0.77596E+00  0.31585E-02 -0.51037E-03  0.92706E+00 -0.24337E-02  0.29800E-02 -0.48367E+00 -0.14802E-01 -0.47116E+00 
  109.00  0.26050E+00 -0.76080E+00  0.30908E-02 -0.37035E-03  0.92700E+00 -0.22682E-02  0.30358E-02 -0.50707E+00 -0.15485E-01 -0.49371E+00 
  110.00  0.25986E+00 -0.74519E+00  0.30093E-02 -0.21802E-03  0.92694E+00 -0.20942E-02  0.30786E-02 -0.52967E+00 -0.16086E-01 -0.51544E+00 
  111.00  0.25922E+00 -0.72915E+00  0.29172E-02 -0.57607E-04  0.92686E+00 -0.19150E-02  0.31074E-02 -0.55148E+00 -0.16606E-01 -0.53635E+00 
  112.00  0.25858E+00 -0.71273E+00  0.28171E-02  0.10633E-03  0.92678E+00 -0.17336E-02  0.31211E-02 -0.57249E+00 -0.17048E-01 -0.55644E+00 
  113.00  0.25793E+00 -0.69597E+00  0.27117E-02  0.26903E-03  0.92668E+00 -0.15524E-02  0.31194E-02 -0.59272E+00 -0.17419E-01 -0.57572E+00 
  114.00  0.25726E+00 -0.67889E+00  0.26036E-02  0.42568E-03  0.92657E+00 -0.13739E-02  0.31022E-02 -0.61218E+00 -0.17724E-01 -0.59418E+00 
  115.00  0.25658E+00 -0.66154E+00  0.24949E-02  0.57160E-03  0.92644E+00 -0.11999E-02  0.30698E-02 -0.63087E+00 -0.17972E-01 -0.61185E+00 
  116.00  0.25591E+00 -0.64396E+00  0.23875E-02  0.70229E-03  0.92631E+00 -0.10320E-02  0.30228E-02 -0.64881E+00 -0.18170E-01 -0.62871E+00 
  117.00  0.25523E+00 -0.62618E+00  0.22831E-02  0.81364E-03  0.92617E+00 -0.87153E-03  0.29622E-02 -0.66600E+00 -0.18325E-01 -0.64478E+00 
  118.00  0.25457E+00 -0.60825E+00  0.21831E-02  0.90202E-03  0.92602E+00 -0.71947E-03  0.28896E-02 -0.68244E+00 -0.18445E-01 -0.66007E+00 
  119.00  0.25394E+00 -0.59021E+00  0.20886E-02  0.96441E-03  0.92586E+00 -0.57660E-03  0.28064E-02 -0.69816E+00 -0.18536E-01 -0.67458E+00 
  120.00  0.25335E+00 -0.57210E+00  0.20005E-02  0.99842E-03  0.92571E+00 -0.44346E-03  0.27146E-02 -0.71315E+00 -0.18602E-01 -0.68832E+00 
  121.00  0.25282E+00 -0.55395E+00  0.19193E-02  0.10025E-02  0.92555E+00 -0.32039E-03  0.26162E-02 -0.72742E+00 -0.18649E-01 -0.70132E+00 
  122.00  0.25234E+00 -0.53582E+00  0.18454E-02  0.97566E-03  0.92540E+00 -0.20755E-03  0.25134E-02 -0.74100E+00 -0.18679E-01 -0.71358E+00 
  123.00  0.25193E+00 -0.51773E+00  0.17790E-02  0.91797E-03  0.92526E+00 -0.10493E-03  0.24084E-02 -0.75389E+00 -0.18696E-01 -0.72512E+00 
  124.00  0.25161E+00 -0.49973E+00  0.17202E-02  0.83010E-03  0.92513E+00 -0.12407E-04  0.23032E-02 -0.76610E+00 -0.18701E-01 -0.73597E+00 
  125.00  0.25137E+00 -0.48185E+00  0.16687E-02  0.71344E-03  0.92501E+00  0.70272E-04  0.21999E-02 -0.77766E+00 -0.18696E-01 -0.74614E+00 
  126.00  0.25122E+00 -0.46413E+00  0.16244E-02  0.57004E-03  0.92490E+00  0.14345E-03  0.21002E-02 -0.78858E+00 -0.18683E-01 -0.75566E+00 
  127.00  0.25117E+00 -0.44660E+00  0.15869E-02  0.40247E-03  0.92481E+00  0.20755E-03  0.20057E-02 -0.79888E+00 -0.18661E-01 -0.76455E+00 
  128.00  0.25121E+00 -0.42927E+00  0.15557E-02  0.21374E-03  0.92474E+00  0.26304E-03  0.19178E-02 -0.80857E+00 -0.18631E-01 -0.77285E+00 
  129.00  0.25135E+00 -0.41219E+00  0.15302E-02  0.71517E-05  0.92469E+00  0.31044E-03  0.18373E-02 -0.81769E+00 -0.18593E-01 -0.78057E+00 
  130.00  0.25157E+00 -0.39537E+00  0.15100E-02 -0.21381E-03  0.92465E+00  0.35027E-03  0.17651E-02 -0.82625E+00 -0.18547E-01 -0.78775E+00 
  131.00  0.25189E+00 -0.37882E+00  0.14944E-02 -0.44558E-03  0.92463E+00  0.38309E-03  0.17014E-02 -0.83428E+00 -0.18492E-01 -0.79441E+00 
  132.00  0.25229E+00 -0.36258E+00  0.14829E-02 -0.68462E-03  0.92463E+00  0.40941E-03  0.16464E-02 -0.84180E+00 -0.18428E-01 -0.80058E+00 
  133.00  0.25277E+00 -0.34665E+00  0.14747E-02 -0.92755E-03  0.92464E+00  0.42979E-03  0.15999E-02 -0.84882E+00 -0.18353E-01 -0.80629E+00 
  134.00  0.25332E+00 -0.33105E+00  0.14693E-02 -0.11712E-02  0.92467E+00  0.44472E-03  0.15614E-02 -0.85539E+00 -0.18266E-01 -0.81156E+00 
  135.00  0.25393E+00 -0.31578E+00  0.14662E-02 -0.14125E-02  0.92471E+00  0.45471E-03  0.15304E-02 -0.86150E+00 -0.18166E-01 -0.81642E+00 
  136.00  0.25461E+00 -0.30086E+00  0.14646E-02 -0.16489E-02  0.92477E+00  0.46021E-03  0.15060E-02 -0.86720E+00 -0.18051E-01 -0.82089E+00 
  137.00  0.25534E+00 -0.28629E+00  0.14641E-02 -0.18782E-02  0.92483E+00  0.46168E-03  0.14873E-02 -0.87249E+00 -0.17918E-01 -0.82499E+00 
  138.00  0.25612E+00 -0.27209E+00  0.14642E-02 -0.20983E-02  0.92489E+00  0.45954E-03  0.14734E-02 -0.87740E+00 -0.17766E-01 -0.82874E+00 
  139.00  0.25694E+00 -0.25825E+00  0.14642E-02 -0.23075E-02  0.92497E+00  0.45419E-03  0.14632E-02 -0.88195E+00 -0.17592E-01 -0.83216E+00 
  140.00  0.25779E+00 -0.24479E+00  0.14638E-02 -0.25048E-02  0.92504E+00  0.44599E-03  0.14555E-02 -0.88616E+00 -0.17393E-01 -0.83527E+00 
  141.00  0.25867E+00 -0.23170E+00  0.14625E-02 -0.26889E-02  0.92511E+00  0.43529E-03  0.14495E-02 -0.89004E+00 -0.17168E-01 -0.83809E+00 
  142.00  0.25958E+00 -0.21898E+00  0.14599E-02 -0.28594E-02  0.92519E+00  0.42242E-03  0.14440E-02 -0.89361E+00 -0.16914E-01 -0.84063E+00 
  143.00  0.26050E+00 -0.20665E+00  0.14556E-02 -0.30158E-02  0.92525E+00  0.40765E-03  0.14382E-02 -0.89690E+00 -0.16628E-01 -0.84291E+00 
  144.00  0.26144E+00 -0.19469E+00  0.14493E-02 -0.31580E-02  0.92531E+00  0.39126E-03  0.14312E-02 -0.89990E+00 -0.16311E-01 -0.84493E+00 
  145.00  0.26239E+00 -0.18312E+00  0.14405E-02 -0.32861E-02  0.92536E+00  0.37347E-03  0.14224E-02 -0.90265E+00 -0.15959E-01 -0.84672E+00 
  146.00  0.26334E+00 -0.17193E+00  0.14291E-02 -0.34005E-02  0.92540E+00  0.35451E-03  0.14111E-02 -0.90515E+00 -0.15574E-01 -0.84828E+00 
  147.00  0.26430E+00 -0.16111E+00  0.14146E-02 -0.35015E-02  0.92543E+00  0.33456E-03  0.13969E-02 -0.90743E+00 -0.15154E-01 -0.84963E+00 
  148.00  0.26526E+00 -0.15068E+00  0.13970E-02 -0.35897E-02  0.92545E+00  0.31382E-03  0.13794E-02 -0.90948E+00 -0.14701E-01 -0.85078E+00 
  149.00  0.26621E+00 -0.14062E+00  0.13759E-02 -0.36659E-02  0.92545E+00  0.29245E-03  0.13583E-02 -0.91133E+00 -0.14215E-01 -0.85173E+00 
  150.00  0.26716E+00 -0.13095E+00  0.13511E-02 -0.37308E-02  0.92543E+00  0.27063E-03  0.13334E-02 -0.91298E+00 -0.13699E-01 -0.85250E+00 
  151.00  0.26811E+00 -0.12164E+00  0.13224E-02 -0.37851E-02  0.92540E+00  0.24854E-03  0.13047E-02 -0.91446E+00 -0.13154E-01 -0.85311E+00 
  152.00  0.26904E+00 -0.11271E+00  0.12897E-02 -0.38296E-02  0.92534E+00  0.22637E-03  0.12720E-02 -0.91576E+00 -0.12584E-01 -0.85354E+00 
  153.00  0.26996E+00 -0.10415E+00  0.12529E-02 -0.38651E-02  0.92527E+00  0.20433E-03  0.12353E-02 -0.91691E+00 -0.11993E-01 -0.85383E+00 
  154.00  0.27088E+00 -0.95959E-01  0.12119E-02 -0.38924E-02  0.92519E+00  0.18261E-03  0.11948E-02 -0.91790E+00 -0.11383E-01 -0.85398E+00 
  155.00  0.27178E+00 -0.88128E-01  0.11667E-02 -0.39121E-02  0.92508E+00  0.16145E-03  0.11504E-02 -0.91876E+00 -0.10760E-01 -0.85399E+00 
  156.00  0.27266E+00 -0.80656E-01  0.11174E-02 -0.39249E-02  0.92495E+00  0.14107E-03  0.11022E-02 -0.91950E+00 -0.10127E-01 -0.85388E+00 
  157.00  0.27353E+00 -0.73541E-01  0.10640E-02 -0.39314E-02  0.92480E+00  0.12169E-03  0.10504E-02 -0.92011E+00 -0.94884E-02 -0.85366E+00 
  158.00  0.27438E+00 -0.66777E-01  0.10069E-02 -0.39323E-02  0.92464E+00  0.10351E-03  0.99510E-03 -0.92062E+00 -0.88489E-02 -0.85334E+00 
  159.00  0.27522E+00 -0.60362E-01  0.94632E-03 -0.39282E-02  0.92445E+00  0.86705E-04  0.93665E-03 -0.92103E+00 -0.82122E-02 -0.85292E+00 
  160.00  0.27603E+00 -0.54293E-01  0.88283E-03 -0.39197E-02  0.92425E+00  0.71427E-04  0.87535E-03 -0.92135E+00 -0.75821E-02 -0.85241E+00 
  161.00  0.27683E+00 -0.48567E-01  0.81695E-03 -0.39076E-02  0.92402E+00  0.57778E-04  0.81164E-03 -0.92159E+00 -0.69621E-02 -0.85183E+00 
  162.00  0.27761E+00 -0.43182E-01  0.74936E-03 -0.38925E-02  0.92378E+00  0.45814E-04  0.74606E-03 -0.92176E+00 -0.63553E-02 -0.85118E+00 
  163.00  0.27838E+00 -0.38137E-01  0.68081E-03 -0.38752E-02  0.92352E+00  0.35540E-04  0.67925E-03 -0.92185E+00 -0.57643E-02 -0.85046E+00 
  164.00  0.27912E+00 -0.33428E-01  0.61213E-03 -0.38565E-02  0.92325E+00  0.26913E-04  0.61195E-03 -0.92189E+00 -0.51914E-02 -0.84970E+00 
  165.00  0.27984E+00 -0.29056E-01  0.54416E-03 -0.38373E-02  0.92296E+00  0.19844E-04  0.54497E-03 -0.92187E+00 -0.46387E-02 -0.84888E+00 
  166.00  0.28054E+00 -0.25017E-01  0.47777E-03 -0.38183E-02  0.92266E+00  0.14203E-04  0.47917E-03 -0.92179E+00 -0.41078E-02 -0.84803E+00 
  167.00  0.28122E+00 -0.21310E-01  0.41381E-03 -0.38002E-02  0.92235E+00  0.98326E-05  0.41542E-03 -0.92168E+00 -0.36004E-02 -0.84715E+00 
  168.00  0.28188E+00 -0.17930E-01  0.35303E-03 -0.37837E-02  0.92203E+00  0.65557E-05  0.35456E-03 -0.92152E+00 -0.31180E-02 -0.84625E+00 
  169.00  0.28251E+00 -0.14873E-01  0.29613E-03 -0.37693E-02  0.92171E+00  0.41870E-05  0.29736E-03 -0.92134E+00 -0.26623E-02 -0.84534E+00 
  170.00  0.28311E+00 -0.12132E-01  0.24367E-03 -0.37573E-02  0.92139E+00  0.25448E-05  0.24448E-03 -0.92113E+00 -0.22349E-02 -0.84443E+00 
  171.00  0.28367E+00 -0.96995E-02  0.19607E-03 -0.37479E-02  0.92108E+00  0.14594E-05  0.19644E-03 -0.92090E+00 -0.18377E-02 -0.84355E+00 
  172.00  0.28420E+00 -0.75667E-02  0.15363E-03 -0.37411E-02  0.92078E+00  0.78107E-06  0.15361E-03 -0.92066E+00 -0.14729E-02 -0.84269E+00 
  173.00  0.28468E+00 -0.57230E-02  0.11651E-03 -0.37368E-02  0.92050E+00  0.38441E-06  0.11621E-03 -0.92042E+00 -0.11428E-02 -0.84189E+00 
  174.00  0.28511E+00 -0.41571E-02  0.84743E-04 -0.37345E-02  0.92024E+00  0.17047E-06  0.84287E-04 -0.92020E+00 -0.84986E-03 -0.84115E+00 
  175.00  0.28549E+00 -0.28574E-02  0.58266E-04 -0.37338E-02  0.92000E+00  0.66113E-07  0.57783E-04 -0.91998E+00 -0.59652E-03 -0.84049E+00 
  176.00  0.28581E+00 -0.18126E-02  0.36947E-04 -0.37342E-02  0.91981E+00  0.21400E-07  0.36538E-04 -0.91980E+00 -0.38524E-03 -0.83993E+00 
  177.00  0.28606E+00 -0.10123E-02  0.20619E-04 -0.37352E-02  0.91965E+00  0.53151E-08  0.20340E-04 -0.91964E+00 -0.21827E-03 -0.83947E+00 
  178.00  0.28625E+00 -0.44751E-03  0.91088E-05 -0.37363E-02  0.91953E+00  0.83815E-09  0.89675E-05 -0.91953E+00 -0.97524E-04 -0.83914E+00 
  179.00  0.28636E+00 -0.11151E-03  0.22685E-05 -0.37371E-02  0.91946E+00  0.44283E-10  0.22305E-05 -0.91946E+00 -0.24459E-04 -0.83894E+00 
  180.00  0.28640E+00 -0.27606E-14  0.56150E-16 -0.37374E-02  0.91944E+00  0.25525E-31  0.55185E-16 -0.91944E+00 -0.60685E-15 -0.83887E+00 
 scattering matrix expansion coefficients
    w  a11         a22         a33         a23         a32         a44         a12         a34         a13         a24         a14
    0  0.1000E+01  0.0000E+00  0.0000E+00  0.0000E+00  0.0000E+00  0.7095E+00  0.0000E+00  0.0000E+00  0.0000E+00  0.0000E+00 -0.7333E-03
    1  0.1903E+01  0.0000E+00  0.0000E+00  0.0000E+00  0.0000E+00  0.2154E+01  0.0000E+00  0.0000E+00  0.0000E+00  0.0000E+00 -0.1186E-02
    2  0.2428E+01  0.3360E+00  0.3512E+01 -0.2713E-05 -0.3521E-02  0.2437E+01 -0.5477E+00 -0.1661E-01  0.9488E-03  0.5142E-03 -0.2150E-02
    3  0.2459E+01  0.1003E+00  0.2970E+01  0.2210E-05 -0.1415E-02  0.2441E+01 -0.3015E+00 -0.1540E-01 -0.2834E-03 -0.8310E-03 -0.9327E-03
    4  0.2344E+01  0.3326E-01  0.2681E+01 -0.3173E-05 -0.1868E-02  0.2339E+01 -0.2035E+00 -0.2018E-01  0.1004E-03  0.9456E-04 -0.7749E-03
    5  0.2136E+01  0.1521E-01  0.2383E+01 -0.1127E-05 -0.1709E-02  0.2139E+01 -0.1713E+00 -0.1133E-01  0.1283E-03  0.4424E-03 -0.5850E-04
    6  0.1893E+01  0.1506E-01  0.2068E+01 -0.4929E-06 -0.1529E-02  0.1883E+01 -0.1432E+00 -0.1137E-01 -0.2088E-05  0.2015E-03 -0.4107E-04
    7  0.1633E+01  0.5272E-02  0.1764E+01 -0.7904E-07 -0.2200E-02  0.1633E+01 -0.1314E+00 -0.1515E-01 -0.3391E-03 -0.2042E-03 -0.1123E-02
    8  0.1409E+01  0.1582E-02  0.1501E+01 -0.5960E-06 -0.1616E-02  0.1414E+01 -0.1197E+00 -0.1937E-01  0.1388E-03  0.5442E-04 -0.7082E-03
    9  0.1250E+01  0.6426E-02  0.1305E+01 -0.3735E-06 -0.1013E-02  0.1242E+01 -0.9285E-01 -0.2049E-01  0.1409E-03 -0.9320E-05 -0.1017E-03
   10  0.1134E+01  0.4574E-02  0.1170E+01  0.7856E-07 -0.8652E-03  0.1124E+01 -0.6648E-01 -0.2274E-01 -0.2500E-04  0.4347E-04  0.1362E-03
   11  0.1037E+01  0.4431E-03  0.1066E+01 -0.5628E-07 -0.5740E-03  0.1032E+01 -0.5505E-01 -0.2447E-01  0.8464E-04 -0.5298E-04  0.6443E-03
   12  0.9517E+00  0.8758E-03  0.9748E+00  0.7974E-07 -0.1373E-03  0.9465E+00 -0.5189E-01 -0.2235E-01  0.1596E-03 -0.3323E-03  0.9191E-03
   13  0.8783E+00  0.2658E-03  0.8966E+00  0.5331E-06 -0.4352E-05  0.8761E+00 -0.5054E-01 -0.1945E-01  0.2235E-04 -0.2913E-03  0.1066E-02
   14  0.8260E+00  0.4668E-03  0.8401E+00  0.3843E-06  0.7664E-04  0.8267E+00 -0.4184E-01 -0.1859E-01 -0.3936E-04 -0.4108E-04  0.1477E-02
   15  0.7877E+00  0.2594E-02  0.7981E+00 -0.2018E-06  0.3652E-03  0.7849E+00 -0.2619E-01 -0.1816E-01  0.7038E-04  0.9915E-04  0.1842E-02
   16  0.7348E+00  0.2836E-02  0.7455E+00 -0.3360E-06  0.5420E-03  0.7293E+00 -0.1723E-01 -0.1648E-01  0.1046E-03  0.9822E-04  0.1843E-02
   17  0.6490E+00  0.5303E-03  0.6632E+00 -0.2018E-07  0.3541E-03  0.6460E+00 -0.2167E-01 -0.1425E-01  0.3928E-04  0.4713E-04  0.1654E-02
   18  0.5401E+00 -0.7639E-03  0.5555E+00  0.1441E-06  0.1142E-04  0.5396E+00 -0.2946E-01 -0.1237E-01 -0.1253E-04 -0.2287E-04  0.1489E-02
   19  0.4262E+00 -0.3544E-03  0.4400E+00  0.9463E-07 -0.1418E-03  0.4258E+00 -0.3158E-01 -0.1012E-01  0.1096E-04 -0.6237E-04  0.1391E-02
   20  0.3187E+00  0.3227E-03  0.3299E+00 -0.7041E-07 -0.6459E-04  0.3177E+00 -0.2859E-01 -0.7157E-02  0.3698E-04 -0.7485E-04  0.1253E-02
   21  0.2228E+00  0.4409E-03  0.2317E+00 -0.1044E-06  0.7800E-04  0.2220E+00 -0.2454E-01 -0.4127E-02  0.3074E-04 -0.6312E-04  0.1019E-02
   22  0.1432E+00  0.3763E-03  0.1499E+00 -0.2827E-07  0.1474E-03  0.1428E+00 -0.2047E-01 -0.1877E-02  0.3859E-05 -0.4952E-04  0.7191E-03
   23  0.8351E-01  0.3796E-03  0.8793E-01  0.1956E-07  0.1350E-03  0.8321E-01 -0.1587E-01 -0.6309E-03 -0.1341E-04 -0.3412E-04  0.4407E-03
   24  0.4389E-01  0.4139E-03  0.4635E-01  0.1966E-07  0.8809E-04  0.4349E-01 -0.1088E-01 -0.1242E-03 -0.1640E-04 -0.2261E-04  0.2343E-03
   25  0.2074E-01  0.3683E-03  0.2189E-01  0.5735E-08  0.4559E-04  0.2032E-01 -0.6474E-02  0.1748E-04 -0.1156E-04 -0.1305E-04  0.1096E-03
   26  0.8831E-02  0.2612E-03  0.9275E-02  0.2401E-09  0.1976E-04  0.8492E-02 -0.3339E-02  0.2949E-04 -0.6181E-05 -0.6852E-05  0.4541E-04
   27  0.3396E-02  0.1500E-03  0.3536E-02  0.1154E-08  0.7300E-05  0.3186E-02 -0.1504E-02  0.1678E-04 -0.2693E-05 -0.3132E-05  0.1687E-04
   28  0.1184E-02  0.7208E-04  0.1218E-02  0.2907E-08  0.2340E-05  0.1078E-02 -0.5965E-03  0.6842E-05 -0.9935E-06 -0.1271E-05  0.5640E-05
   29  0.3756E-03  0.2964E-04  0.3810E-03  0.3100E-08  0.6631E-06  0.3305E-03 -0.2105E-03  0.2305E-05 -0.3246E-06 -0.4519E-06  0.1704E-05
   30  0.1089E-03  0.1065E-04  0.1087E-03  0.2244E-08  0.1674E-06  0.9222E-04 -0.6659E-04  0.6607E-06 -0.9494E-07 -0.1463E-06  0.4748E-06
   31  0.2891E-04  0.3385E-05  0.2835E-04  0.1258E-08  0.3729E-07  0.2350E-04 -0.1902E-04  0.1567E-06 -0.2514E-07 -0.4319E-07  0.1219E-06
   32  0.7031E-05  0.9624E-06  0.6766E-05  0.5824E-09  0.7181E-08  0.5464E-05 -0.4921E-05  0.3124E-07 -0.6104E-08 -0.1156E-07  0.2895E-07
   33  0.1563E-05  0.2449E-06  0.1475E-05  0.2296E-09  0.1193E-08  0.1158E-05 -0.1153E-05  0.4672E-08 -0.1429E-08 -0.2780E-08  0.6321E-08
   34  0.3165E-06  0.5575E-07  0.2925E-06  0.7793E-10  0.1423E-09  0.2230E-06 -0.2441E-06  0.5599E-09 -0.2959E-09 -0.5855E-09  0.1260E-08
   35  0.5853E-07  0.1124E-07  0.5308E-07  0.2288E-10  0.1734E-10  0.3944E-07 -0.4673E-07  0.1240E-09 -0.6805E-10 -0.9808E-10  0.2104E-09
   36  0.1037E-07  0.1994E-08  0.9352E-08  0.5824E-11  0.2683E-11  0.6963E-08 -0.8335E-08  0.9864E-10 -0.1381E-10 -0.1583E-10  0.3872E-10
   37  0.1926E-08  0.3252E-09  0.1755E-08  0.1296E-11  0.1347E-11  0.1377E-08 -0.1527E-08  0.5346E-10 -0.3350E-11 -0.2445E-11  0.6759E-11
   38  0.6278E-09  0.7896E-10  0.5960E-09  0.2502E-12  0.1170E-11  0.4947E-09 -0.4569E-09  0.1964E-10 -0.9877E-12 -0.7660E-12  0.2590E-11
   39  0.1249E-09  0.1514E-10  0.1167E-09  0.4149E-13  0.2165E-12  0.1015E-09 -0.9457E-10  0.6487E-11 -0.2124E-12 -0.2862E-12  0.5902E-12
   40  0.8901E-10  0.1433E-10  0.8185E-10  0.6203E-14  0.1884E-12  0.6411E-10 -0.6852E-10  0.8630E-12 -0.9721E-13 -0.1717E-12  0.4069E-12
   41  0.7431E-11  0.1150E-11  0.6623E-11  0.7309E-15  0.9620E-14  0.5662E-11 -0.5875E-11  0.2779E-12 -0.8304E-14 -0.1869E-13  0.2910E-13
   42  0.7941E-11  0.1677E-11  0.6941E-11  0.1446E-16  0.1334E-13  0.4971E-11 -0.6589E-11 -0.1860E-13 -0.6481E-14 -0.1681E-13  0.3332E-13
   43  0.1873E-12  0.3461E-13  0.1571E-12 -0.1220E-16  0.2712E-16  0.1366E-12 -0.1518E-12  0.4893E-14 -0.4066E-16 -0.3479E-15  0.3942E-15
   44  0.3786E-12  0.9271E-13  0.3165E-12 -0.1176E-17  0.4463E-15  0.2117E-12 -0.3289E-12 -0.2102E-14 -0.2234E-15 -0.7639E-15  0.1365E-14
   45  0.1030E-14  0.1057E-15  0.6630E-15 -0.1256E-17 -0.6347E-17  0.1160E-14 -0.6199E-15  0.3012E-16  0.5163E-17  0.9549E-18 -0.6862E-17
   46  0.1142E-13  0.3183E-14  0.9387E-14 -0.1444E-18  0.9756E-17  0.5806E-14 -0.1037E-13 -0.6923E-16 -0.5075E-17 -0.2295E-16  0.3657E-16
