 input file is 
mstm9_512_7299_20_00226.inp   
 input file comments follow:
***********************************************************
  This is the default mstm input file for v.3.0.
  The run is for a 7-sphere cluster of identical spheres.   The positions
  are embedded in the input file.

  The run makes use of the new_run and multiple_run options.

  14 April 2013
***********************************************************
 number of processors:
   1
 input parameters for run number 
    1
 number of spheres, volume size parameter:
  512  0.58392E+01
 position file:
position/n512/a9.out                                        
 output file:
output/512/x7299/20/00226/mt_9_512_7299_20_00226.dat        
 length, ref. indx. scale factors:
   0.730   2.000   0.023
 chiral factors:
  0.00000E+00  0.00000E+00
 scattering matrix directions based on incident frame
 automatic scattering angle calculation
 thetamin, thetamax:
      0.0    180.0
 number scattering angles:
      181
 epsmie, epssoln, max number iterations:
  0.1000E-05  0.1000E-07 5000
 medium refractive index:
  1.0000  0.0000
 target euler rotation angles:
    0.0000    0.0000    0.0000
 far field kr, iterations/correction:
 -0.1000E+01   20
 plane wave incidence
 random orientation calculations
 t matrix calculated, stored in file 
tmatrixfiles/951272992000226                                
 t matrix convergence epsilon:
  0.1000E-06
 all spheres excited (total T matrix) 
 calculation results for run 
    1
 total ext, abs, scat efficiencies, w.r.t. xv, and asym. parm
  0.90325E+01  0.39262E+00  0.86399E+01  0.72998E+00
 scattering matrix elements (normalized w/ S11)
   theta      11           12           13           14           22           23           24           33           34           44      
    0.00  0.16992E+03  0.00000E+00  0.00000E+00  0.65963E-03  0.99980E+00  0.13339E-03  0.00000E+00  0.99980E+00  0.00000E+00  0.99965E+00 
    1.00  0.16286E+03 -0.63858E-04 -0.27626E-06  0.66987E-03  0.99978E+00  0.13708E-03 -0.40389E-06  0.99978E+00 -0.12424E-04  0.99962E+00 
    2.00  0.14361E+03 -0.25309E-03 -0.99456E-06  0.69888E-03  0.99974E+00  0.14580E-03 -0.16467E-05  0.99974E+00 -0.70891E-04  0.99955E+00 
    3.00  0.11714E+03 -0.57086E-03 -0.17886E-05  0.74027E-03  0.99966E+00  0.15172E-03 -0.37767E-05  0.99966E+00 -0.24438E-03  0.99940E+00 
    4.00  0.89471E+02 -0.10633E-02 -0.19716E-05  0.77902E-03  0.99952E+00  0.14035E-03 -0.66799E-05  0.99954E+00 -0.65988E-03  0.99918E+00 
    5.00  0.65466E+02 -0.18934E-02 -0.63716E-06  0.78773E-03  0.99932E+00  0.92993E-04 -0.96734E-05  0.99935E+00 -0.14883E-02  0.99883E+00 
    6.00  0.47527E+02 -0.34028E-02  0.26501E-05  0.73385E-03  0.99905E+00  0.23356E-05 -0.11026E-04  0.99909E+00 -0.28409E-02  0.99837E+00 
    7.00  0.35550E+02 -0.59715E-02  0.65820E-05  0.61242E-03  0.99872E+00 -0.99280E-04 -0.83809E-05  0.99876E+00 -0.45716E-02  0.99779E+00 
    8.00  0.27904E+02 -0.96060E-02  0.81684E-05  0.47734E-03  0.99837E+00 -0.14077E-03 -0.89219E-06  0.99837E+00 -0.62575E-02  0.99714E+00 
    9.00  0.22690E+02 -0.13794E-01  0.54943E-05  0.40597E-03  0.99800E+00 -0.72874E-04  0.92848E-05  0.99792E+00 -0.75551E-02  0.99644E+00 
   10.00  0.18600E+02 -0.17913E-01 -0.27628E-06  0.43088E-03  0.99757E+00  0.84948E-04  0.18373E-04  0.99739E+00 -0.84215E-02  0.99562E+00 
   11.00  0.15118E+02 -0.21603E-01 -0.59327E-05  0.52050E-03  0.99704E+00  0.25685E-03  0.22630E-04  0.99678E+00 -0.88795E-02  0.99463E+00 
   12.00  0.12226E+02 -0.24854E-01 -0.84638E-05  0.59520E-03  0.99639E+00  0.34226E-03  0.19007E-04  0.99606E+00 -0.87342E-02  0.99348E+00 
   13.00  0.10006E+02 -0.28061E-01 -0.75687E-05  0.56175E-03  0.99567E+00  0.26550E-03  0.67318E-05  0.99525E+00 -0.76075E-02  0.99218E+00 
   14.00  0.84012E+01 -0.31887E-01 -0.68241E-05  0.38076E-03  0.99491E+00  0.45841E-04 -0.10556E-04  0.99434E+00 -0.53506E-02  0.99077E+00 
   15.00  0.72241E+01 -0.36777E-01 -0.10388E-04  0.11643E-03  0.99407E+00 -0.19467E-03 -0.25973E-04  0.99327E+00 -0.23979E-02  0.98914E+00 
   16.00  0.62731E+01 -0.42569E-01 -0.17400E-04 -0.10472E-03  0.99303E+00 -0.32692E-03 -0.33998E-04  0.99199E+00  0.47188E-03  0.98713E+00 
   17.00  0.54287E+01 -0.48607E-01 -0.20289E-04 -0.17955E-03  0.99167E+00 -0.30521E-03 -0.33366E-04  0.99045E+00  0.26784E-02  0.98460E+00 
   18.00  0.46639E+01 -0.54134E-01 -0.82875E-05 -0.81778E-04  0.98994E+00 -0.17816E-03 -0.26602E-04  0.98866E+00  0.41338E-02  0.98154E+00 
   19.00  0.39989E+01 -0.58686E-01  0.26053E-04  0.12081E-03  0.98790E+00 -0.48927E-04 -0.18026E-04  0.98669E+00  0.51745E-02  0.97810E+00 
   20.00  0.34563E+01 -0.62399E-01  0.80885E-04  0.28744E-03  0.98575E+00 -0.16525E-04 -0.10827E-04  0.98461E+00  0.61379E-02  0.97454E+00 
   21.00  0.30437E+01 -0.66034E-01  0.14553E-03  0.28034E-03  0.98374E+00 -0.12643E-03 -0.40321E-05  0.98246E+00  0.67605E-02  0.97110E+00 
   22.00  0.27554E+01 -0.70569E-01  0.20990E-03  0.62393E-04  0.98208E+00 -0.36667E-03  0.76527E-05  0.98028E+00  0.60384E-02  0.96799E+00 
   23.00  0.25720E+01 -0.76582E-01  0.27481E-03 -0.27297E-03  0.98083E+00 -0.70667E-03  0.29359E-04  0.97817E+00  0.30977E-02  0.96526E+00 
   24.00  0.24558E+01 -0.83917E-01  0.35128E-03 -0.58941E-03  0.97978E+00 -0.11266E-02  0.60848E-04  0.97613E+00 -0.16196E-02  0.96272E+00 
   25.00  0.23549E+01 -0.91928E-01  0.44873E-03 -0.82804E-03  0.97859E+00 -0.16022E-02  0.96798E-04  0.97397E+00 -0.63304E-02  0.95994E+00 
   26.00  0.22220E+01 -0.99976E-01  0.56484E-03 -0.10317E-02  0.97689E+00 -0.20684E-02  0.13153E-03  0.97142E+00 -0.90252E-02  0.95640E+00 
   27.00  0.20400E+01 -0.10765E+00  0.68239E-03 -0.12746E-02  0.97445E+00 -0.23889E-02  0.16161E-03  0.96822E+00 -0.83838E-02  0.95181E+00 
   28.00  0.18329E+01 -0.11478E+00  0.76842E-03 -0.15722E-02  0.97141E+00 -0.23505E-02  0.18412E-03  0.96439E+00 -0.41737E-02  0.94635E+00 
   29.00  0.16500E+01 -0.12148E+00  0.78056E-03 -0.18156E-02  0.96838E+00 -0.17385E-02  0.19327E-03  0.96046E+00  0.22613E-02  0.94099E+00 
   30.00  0.15339E+01 -0.12826E+00  0.69641E-03 -0.18010E-02  0.96632E+00 -0.55681E-03  0.18057E-03  0.95733E+00  0.78328E-02  0.93718E+00 
   31.00  0.14941E+01 -0.13585E+00  0.54828E-03 -0.14227E-02  0.96576E+00  0.82221E-03  0.14187E-03  0.95547E+00  0.94736E-02  0.93560E+00 
   32.00  0.15032E+01 -0.14458E+00  0.40174E-03 -0.82057E-03  0.96615E+00  0.19292E-02  0.82982E-04  0.95435E+00  0.66846E-02  0.93524E+00 
   33.00  0.15176E+01 -0.15425E+00  0.29660E-03 -0.25112E-03  0.96646E+00  0.25683E-02  0.15389E-04  0.95294E+00  0.12242E-02  0.93448E+00 
   34.00  0.15048E+01 -0.16451E+00  0.23118E-03  0.96528E-04  0.96606E+00  0.28029E-02 -0.49163E-04  0.95055E+00 -0.50003E-02  0.93231E+00 
   35.00  0.14576E+01 -0.17511E+00  0.18577E-03  0.14585E-03  0.96482E+00  0.27567E-02 -0.98307E-04  0.94706E+00 -0.10848E-01  0.92860E+00 
   36.00  0.13906E+01 -0.18588E+00  0.14622E-03 -0.83976E-04  0.96300E+00  0.25037E-02 -0.11867E-03  0.94275E+00 -0.15738E-01  0.92382E+00 
   37.00  0.13241E+01 -0.19666E+00  0.11634E-03 -0.49371E-03  0.96103E+00  0.20683E-02 -0.10140E-03  0.93814E+00 -0.19371E-01  0.91869E+00 
   38.00  0.12690E+01 -0.20727E+00  0.11558E-03 -0.94430E-03  0.95918E+00  0.14810E-02 -0.50818E-04  0.93367E+00 -0.21732E-01  0.91376E+00 
   39.00  0.12234E+01 -0.21752E+00  0.16232E-03 -0.13271E-02  0.95746E+00  0.82472E-03  0.14060E-04  0.92942E+00 -0.23154E-01  0.90910E+00 
   40.00  0.11789E+01 -0.22733E+00  0.25683E-03 -0.16023E-02  0.95566E+00  0.22917E-03  0.68899E-04  0.92519E+00 -0.24165E-01  0.90441E+00 
   41.00  0.11297E+01 -0.23684E+00  0.37762E-03 -0.17744E-02  0.95364E+00 -0.17501E-03  0.94893E-04  0.92069E+00 -0.25199E-01  0.89941E+00 
   42.00  0.10770E+01 -0.24639E+00  0.48970E-03 -0.18491E-02  0.95142E+00 -0.30931E-03  0.84484E-04  0.91580E+00 -0.26394E-01  0.89401E+00 
   43.00  0.10270E+01 -0.25647E+00  0.55946E-03 -0.18238E-02  0.94921E+00 -0.19251E-03  0.43540E-04  0.91058E+00 -0.27583E-01  0.88835E+00 
   44.00  0.98503E+00 -0.26756E+00  0.57207E-03 -0.17138E-02  0.94723E+00  0.48462E-04 -0.95844E-05  0.90512E+00 -0.28466E-01  0.88255E+00 
   45.00  0.95217E+00 -0.27988E+00  0.54123E-03 -0.15771E-02  0.94551E+00  0.23460E-03 -0.51077E-04  0.89941E+00 -0.28893E-01  0.87654E+00 
   46.00  0.92457E+00 -0.29332E+00  0.50047E-03 -0.14969E-02  0.94384E+00  0.23197E-03 -0.63336E-04  0.89330E+00 -0.29011E-01  0.87004E+00 
   47.00  0.89667E+00 -0.30755E+00  0.48236E-03 -0.15275E-02  0.94194E+00  0.88044E-05 -0.43902E-04  0.88654E+00 -0.29137E-01  0.86272E+00 
   48.00  0.86444E+00 -0.32218E+00  0.50208E-03 -0.16454E-02  0.93957E+00 -0.38440E-03 -0.73726E-05  0.87897E+00 -0.29502E-01  0.85443E+00 
   49.00  0.82704E+00 -0.33674E+00  0.55332E-03 -0.17352E-02  0.93666E+00 -0.87323E-03  0.18120E-04  0.87058E+00 -0.30072E-01  0.84520E+00 
   50.00  0.78627E+00 -0.35072E+00  0.61323E-03 -0.16204E-02  0.93326E+00 -0.14047E-02 -0.16332E-05  0.86151E+00 -0.30569E-01  0.83528E+00 
   51.00  0.74506E+00 -0.36360E+00  0.65211E-03 -0.11334E-02  0.92951E+00 -0.19560E-02 -0.95082E-04  0.85204E+00 -0.30654E-01  0.82506E+00 
   52.00  0.70618E+00 -0.37500E+00  0.64480E-03 -0.20375E-03  0.92561E+00 -0.25081E-02 -0.27064E-03  0.84247E+00 -0.30152E-01  0.81493E+00 
   53.00  0.67150E+00 -0.38501E+00  0.58070E-03  0.10811E-02  0.92179E+00 -0.30100E-02 -0.50680E-03  0.83305E+00 -0.29163E-01  0.80519E+00 
   54.00  0.64190E+00 -0.39421E+00  0.46859E-03  0.24849E-02  0.91825E+00 -0.33679E-02 -0.75510E-03  0.82383E+00 -0.27957E-01  0.79589E+00 
   55.00  0.61709E+00 -0.40350E+00  0.33409E-03  0.37124E-02  0.91506E+00 -0.34808E-02 -0.95909E-03  0.81464E+00 -0.26752E-01  0.78682E+00 
   56.00  0.59564E+00 -0.41367E+00  0.20981E-03  0.45399E-02  0.91212E+00 -0.33043E-02 -0.10819E-02  0.80509E+00 -0.25573E-01  0.77745E+00 
   57.00  0.57523E+00 -0.42504E+00  0.12273E-03  0.49093E-02  0.90907E+00 -0.28925E-02 -0.11268E-02  0.79468E+00 -0.24322E-01  0.76712E+00 
   58.00  0.55342E+00 -0.43737E+00  0.84647E-04  0.49336E-02  0.90544E+00 -0.23870E-02 -0.11372E-02  0.78294E+00 -0.22988E-01  0.75520E+00 
   59.00  0.52867E+00 -0.45016E+00  0.89443E-04  0.48230E-02  0.90082E+00 -0.19605E-02 -0.11789E-02  0.76954E+00 -0.21810E-01  0.74128E+00 
   60.00  0.50118E+00 -0.46301E+00  0.11611E-03  0.47831E-02  0.89505E+00 -0.17503E-02 -0.13127E-02  0.75440E+00 -0.21253E-01  0.72533E+00 
   61.00  0.47285E+00 -0.47591E+00  0.13493E-03  0.49285E-02  0.88840E+00 -0.18060E-02 -0.15675E-02  0.73771E+00 -0.21774E-01  0.70771E+00 
   62.00  0.44653E+00 -0.48919E+00  0.11611E-03  0.52361E-02  0.88153E+00 -0.20622E-02 -0.19200E-02  0.71999E+00 -0.23472E-01  0.68921E+00 
   63.00  0.42468E+00 -0.50327E+00  0.40711E-04  0.55593E-02  0.87532E+00 -0.23544E-02 -0.22945E-02  0.70197E+00 -0.25824E-01  0.67083E+00 
   64.00  0.40832E+00 -0.51813E+00 -0.90488E-04  0.57160E-02  0.87044E+00 -0.24906E-02 -0.25943E-02  0.68436E+00 -0.27787E-01  0.65346E+00 
   65.00  0.39674E+00 -0.53319E+00 -0.25698E-03  0.56066E-02  0.86695E+00 -0.23514E-02 -0.27523E-02  0.66755E+00 -0.28344E-01  0.63746E+00 
   66.00  0.38796E+00 -0.54746E+00 -0.42890E-03  0.52741E-02  0.86430E+00 -0.19494E-02 -0.27651E-02  0.65147E+00 -0.27101E-01  0.62255E+00 
   67.00  0.37970E+00 -0.56008E+00 -0.57990E-03  0.48593E-02  0.86163E+00 -0.14089E-02 -0.26849E-02  0.63571E+00 -0.24506E-01  0.60811E+00 
   68.00  0.37041E+00 -0.57067E+00 -0.69459E-03  0.44997E-02  0.85822E+00 -0.89619E-03 -0.25808E-02  0.61983E+00 -0.21610E-01  0.59344E+00 
   69.00  0.35965E+00 -0.57949E+00 -0.77026E-03  0.42394E-02  0.85373E+00 -0.54836E-03 -0.24990E-02  0.60347E+00 -0.19613E-01  0.57803E+00 
   70.00  0.34808E+00 -0.58731E+00 -0.81636E-03  0.39947E-02  0.84828E+00 -0.42347E-03 -0.24394E-02  0.58646E+00 -0.19420E-01  0.56165E+00 
   71.00  0.33691E+00 -0.59508E+00 -0.85315E-03  0.35871E-02  0.84237E+00 -0.47943E-03 -0.23545E-02  0.56881E+00 -0.21302E-01  0.54431E+00 
   72.00  0.32734E+00 -0.60368E+00 -0.90760E-03  0.28394E-02  0.83669E+00 -0.58926E-03 -0.21753E-02  0.55065E+00 -0.24755E-01  0.52626E+00 
   73.00  0.32010E+00 -0.61352E+00 -0.10046E-02  0.16943E-02  0.83187E+00 -0.59672E-03 -0.18541E-02  0.53213E+00 -0.28665E-01  0.50785E+00 
   74.00  0.31539E+00 -0.62454E+00 -0.11559E-02  0.28570E-03  0.82831E+00 -0.39236E-03 -0.14041E-02  0.51338E+00 -0.31743E-01  0.48945E+00 
   75.00  0.31290E+00 -0.63633E+00 -0.13521E-02 -0.10911E-02  0.82609E+00  0.31085E-04 -0.91007E-03  0.49447E+00 -0.33017E-01  0.47135E+00 
   76.00  0.31204E+00 -0.64835E+00 -0.15631E-02 -0.20968E-02  0.82505E+00  0.57517E-03 -0.50153E-03  0.47540E+00 -0.32135E-01  0.45366E+00 
   77.00  0.31208E+00 -0.66019E+00 -0.17476E-02 -0.24856E-02  0.82486E+00  0.10816E-02 -0.30316E-03  0.45614E+00 -0.29383E-01  0.43629E+00 
   78.00  0.31227E+00 -0.67160E+00 -0.18662E-02 -0.21938E-02  0.82512E+00  0.13976E-02 -0.38703E-03  0.43659E+00 -0.25481E-01  0.41901E+00 
   79.00  0.31187E+00 -0.68242E+00 -0.18919E-02 -0.13472E-02  0.82541E+00  0.14270E-02 -0.74665E-03  0.41659E+00 -0.21305E-01  0.40144E+00 
   80.00  0.31029E+00 -0.69255E+00 -0.18149E-02 -0.20073E-03  0.82529E+00  0.11499E-02 -0.12996E-02  0.39593E+00 -0.17652E-01  0.38314E+00 
   81.00  0.30708E+00 -0.70187E+00 -0.16387E-02  0.95249E-03  0.82443E+00  0.60944E-03 -0.19135E-02  0.37436E+00 -0.15088E-01  0.36370E+00 
   82.00  0.30210E+00 -0.71024E+00 -0.13733E-02  0.18652E-02  0.82258E+00 -0.11810E-03 -0.24435E-02  0.35161E+00 -0.13886E-01  0.34277E+00 
   83.00  0.29547E+00 -0.71752E+00 -0.10279E-02  0.23889E-02  0.81964E+00 -0.95426E-03 -0.27703E-02  0.32748E+00 -0.14024E-01  0.32016E+00 
   84.00  0.28758E+00 -0.72365E+00 -0.60837E-03  0.24903E-02  0.81571E+00 -0.18378E-02 -0.28305E-02  0.30188E+00 -0.15218E-01  0.29584E+00 
   85.00  0.27897E+00 -0.72858E+00 -0.12021E-03  0.22355E-02  0.81100E+00 -0.27279E-02 -0.26325E-02  0.27484E+00 -0.16996E-01  0.26998E+00 
   86.00  0.27021E+00 -0.73234E+00  0.42418E-03  0.17513E-02  0.80586E+00 -0.35944E-02 -0.22532E-02  0.24658E+00 -0.18804E-01  0.24290E+00 
   87.00  0.26172E+00 -0.73498E+00  0.99783E-03  0.11760E-02  0.80059E+00 -0.44026E-02 -0.18121E-02  0.21741E+00 -0.20139E-01  0.21498E+00 
   88.00  0.25380E+00 -0.73658E+00  0.15566E-02  0.61546E-03  0.79542E+00 -0.51041E-02 -0.14301E-02  0.18767E+00 -0.20681E-01  0.18662E+00 
   89.00  0.24653E+00 -0.73716E+00  0.20450E-02  0.12074E-03  0.79046E+00 -0.56393E-02 -0.11852E-02  0.15768E+00 -0.20374E-01  0.15810E+00 
   90.00  0.23992E+00 -0.73676E+00  0.24089E-02 -0.30809E-03  0.78571E+00 -0.59541E-02 -0.10864E-02  0.12767E+00 -0.19420E-01  0.12960E+00 
   91.00  0.23392E+00 -0.73542E+00  0.26104E-02 -0.69655E-03  0.78112E+00 -0.60207E-02 -0.10742E-02  0.97797E-01 -0.18196E-01  0.10123E+00 
   92.00  0.22846E+00 -0.73319E+00  0.26386E-02 -0.10648E-02  0.77666E+00 -0.58537E-02 -0.10485E-02  0.68174E-01 -0.17119E-01  0.73082E-01 
   93.00  0.22350E+00 -0.73012E+00  0.25116E-02 -0.14056E-02  0.77236E+00 -0.55101E-02 -0.91187E-03  0.38931E-01 -0.16534E-01  0.45307E-01 
   94.00  0.21899E+00 -0.72630E+00  0.22698E-02 -0.16805E-02  0.76830E+00 -0.50738E-02 -0.60983E-03  0.10217E-01 -0.16630E-01  0.18099E-01 
   95.00  0.21489E+00 -0.72179E+00  0.19622E-02 -0.18318E-02  0.76459E+00 -0.46283E-02 -0.15513E-03 -0.17814E-01 -0.17427E-01 -0.83157E-02 
   96.00  0.21111E+00 -0.71661E+00  0.16344E-02 -0.18036E-02  0.76126E+00 -0.42303E-02  0.37366E-03 -0.45046E-01 -0.18814E-01 -0.33749E-01 
   97.00  0.20756E+00 -0.71076E+00  0.13209E-02 -0.15619E-02  0.75829E+00 -0.38956E-02  0.85685E-03 -0.71437E-01 -0.20612E-01 -0.58100E-01 
   98.00  0.20416E+00 -0.70421E+00  0.10475E-02 -0.11049E-02  0.75558E+00 -0.36034E-02  0.11711E-02 -0.97034E-01 -0.22635E-01 -0.81385E-01 
   99.00  0.20089E+00 -0.69694E+00  0.83913E-03 -0.46357E-03  0.75301E+00 -0.33167E-02  0.12264E-02 -0.12195E+00 -0.24736E-01 -0.10372E+00 
  100.00  0.19777E+00 -0.68896E+00  0.72988E-03  0.30474E-03  0.75053E+00 -0.30079E-02  0.99125E-03 -0.14634E+00 -0.26819E-01 -0.12529E+00 
  101.00  0.19485E+00 -0.68033E+00  0.76654E-03  0.11267E-02  0.74811E+00 -0.26806E-02  0.50008E-03 -0.17031E+00 -0.28838E-01 -0.14628E+00 
  102.00  0.19223E+00 -0.67116E+00  0.10026E-02  0.19224E-02  0.74585E+00 -0.23754E-02 -0.15731E-03 -0.19397E+00 -0.30780E-01 -0.16686E+00 
  103.00  0.18998E+00 -0.66163E+00  0.14827E-02  0.26148E-02  0.74389E+00 -0.21595E-02 -0.86102E-03 -0.21733E+00 -0.32661E-01 -0.18717E+00 
  104.00  0.18816E+00 -0.65189E+00  0.22219E-02  0.31373E-02  0.74236E+00 -0.21014E-02 -0.14934E-02 -0.24036E+00 -0.34507E-01 -0.20724E+00 
  105.00  0.18673E+00 -0.64208E+00  0.31903E-02  0.34423E-02  0.74137E+00 -0.22439E-02 -0.19691E-02 -0.26299E+00 -0.36349E-01 -0.22708E+00 
  106.00  0.18564E+00 -0.63226E+00  0.43080E-02  0.35065E-02  0.74092E+00 -0.25844E-02 -0.22535E-02 -0.28515E+00 -0.38209E-01 -0.24664E+00 
  107.00  0.18479E+00 -0.62244E+00  0.54560E-02  0.33351E-02  0.74096E+00 -0.30718E-02 -0.23655E-02 -0.30677E+00 -0.40085E-01 -0.26583E+00 
  108.00  0.18405E+00 -0.61254E+00  0.64976E-02  0.29609E-02  0.74133E+00 -0.36196E-02 -0.23664E-02 -0.32779E+00 -0.41947E-01 -0.28456E+00 
  109.00  0.18336E+00 -0.60247E+00  0.73049E-02  0.24386E-02  0.74186E+00 -0.41280E-02 -0.23389E-02 -0.34817E+00 -0.43739E-01 -0.30272E+00 
  110.00  0.18263E+00 -0.59208E+00  0.77826E-02  0.18357E-02  0.74239E+00 -0.45081E-02 -0.23646E-02 -0.36788E+00 -0.45385E-01 -0.32021E+00 
  111.00  0.18185E+00 -0.58126E+00  0.78837E-02  0.12214E-02  0.74279E+00 -0.46992E-02 -0.25048E-02 -0.38693E+00 -0.46810E-01 -0.33697E+00 
  112.00  0.18103E+00 -0.56990E+00  0.76136E-02  0.65542E-03  0.74301E+00 -0.46767E-02 -0.27887E-02 -0.40532E+00 -0.47959E-01 -0.35298E+00 
  113.00  0.18020E+00 -0.55796E+00  0.70239E-02  0.17920E-03  0.74302E+00 -0.44496E-02 -0.32093E-02 -0.42310E+00 -0.48813E-01 -0.36827E+00 
  114.00  0.17940E+00 -0.54541E+00  0.61973E-02 -0.18809E-03  0.74288E+00 -0.40512E-02 -0.37289E-02 -0.44032E+00 -0.49393E-01 -0.38293E+00 
  115.00  0.17868E+00 -0.53232E+00  0.52286E-02 -0.44875E-03  0.74267E+00 -0.35266E-02 -0.42894E-02 -0.45707E+00 -0.49755E-01 -0.39708E+00 
  116.00  0.17808E+00 -0.51878E+00  0.42057E-02 -0.62138E-03  0.74249E+00 -0.29216E-02 -0.48268E-02 -0.47341E+00 -0.49974E-01 -0.41085E+00 
  117.00  0.17762E+00 -0.50490E+00  0.31965E-02 -0.73321E-03  0.74244E+00 -0.22754E-02 -0.52847E-02 -0.48940E+00 -0.50125E-01 -0.42436E+00 
  118.00  0.17733E+00 -0.49083E+00  0.22434E-02 -0.81248E-03  0.74261E+00 -0.16182E-02 -0.56247E-02 -0.50508E+00 -0.50260E-01 -0.43769E+00 
  119.00  0.17723E+00 -0.47671E+00  0.13643E-02 -0.88236E-03  0.74308E+00 -0.97239E-03 -0.58309E-02 -0.52044E+00 -0.50401E-01 -0.45086E+00 
  120.00  0.17732E+00 -0.46266E+00  0.56002E-03 -0.95763E-03  0.74386E+00 -0.35536E-03 -0.59095E-02 -0.53545E+00 -0.50531E-01 -0.46383E+00 
  121.00  0.17760E+00 -0.44878E+00 -0.17638E-03 -0.10441E-02  0.74497E+00  0.21801E-03 -0.58838E-02 -0.55005E+00 -0.50609E-01 -0.47652E+00 
  122.00  0.17807E+00 -0.43510E+00 -0.85155E-03 -0.11398E-02  0.74636E+00  0.73399E-03 -0.57862E-02 -0.56416E+00 -0.50578E-01 -0.48882E+00 
  123.00  0.17868E+00 -0.42165E+00 -0.14659E-02 -0.12383E-02  0.74800E+00  0.11802E-02 -0.56504E-02 -0.57775E+00 -0.50384E-01 -0.50063E+00 
  124.00  0.17942E+00 -0.40837E+00 -0.20118E-02 -0.13310E-02  0.74981E+00  0.15464E-02 -0.55047E-02 -0.59075E+00 -0.49992E-01 -0.51183E+00 
  125.00  0.18024E+00 -0.39520E+00 -0.24748E-02 -0.14100E-02  0.75171E+00  0.18264E-02 -0.53672E-02 -0.60316E+00 -0.49396E-01 -0.52237E+00 
  126.00  0.18109E+00 -0.38205E+00 -0.28372E-02 -0.14700E-02  0.75364E+00  0.20183E-02 -0.52443E-02 -0.61497E+00 -0.48615E-01 -0.53221E+00 
  127.00  0.18193E+00 -0.36884E+00 -0.30827E-02 -0.15084E-02  0.75553E+00  0.21256E-02 -0.51314E-02 -0.62620E+00 -0.47699E-01 -0.54136E+00 
  128.00  0.18273E+00 -0.35550E+00 -0.32016E-02 -0.15248E-02  0.75735E+00  0.21572E-02 -0.50153E-02 -0.63688E+00 -0.46711E-01 -0.54984E+00 
  129.00  0.18345E+00 -0.34199E+00 -0.31935E-02 -0.15197E-02  0.75906E+00  0.21264E-02 -0.48778E-02 -0.64703E+00 -0.45722E-01 -0.55769E+00 
  130.00  0.18408E+00 -0.32830E+00 -0.30701E-02 -0.14939E-02  0.76067E+00  0.20497E-02 -0.46993E-02 -0.65668E+00 -0.44799E-01 -0.56497E+00 
  131.00  0.18463E+00 -0.31446E+00 -0.28545E-02 -0.14476E-02  0.76218E+00  0.19441E-02 -0.44624E-02 -0.66585E+00 -0.44000E-01 -0.57172E+00 
  132.00  0.18510E+00 -0.30053E+00 -0.25792E-02 -0.13812E-02  0.76362E+00  0.18256E-02 -0.41540E-02 -0.67454E+00 -0.43366E-01 -0.57798E+00 
  133.00  0.18551E+00 -0.28658E+00 -0.22827E-02 -0.12961E-02  0.76500E+00  0.17061E-02 -0.37668E-02 -0.68276E+00 -0.42917E-01 -0.58376E+00 
  134.00  0.18589E+00 -0.27272E+00 -0.20048E-02 -0.11950E-02  0.76637E+00  0.15932E-02 -0.32988E-02 -0.69049E+00 -0.42654E-01 -0.58908E+00 
  135.00  0.18627E+00 -0.25904E+00 -0.17824E-02 -0.10826E-02  0.76772E+00  0.14900E-02 -0.27535E-02 -0.69774E+00 -0.42559E-01 -0.59395E+00 
  136.00  0.18667E+00 -0.24561E+00 -0.16459E-02 -0.96533E-03  0.76908E+00  0.13965E-02 -0.21379E-02 -0.70449E+00 -0.42597E-01 -0.59837E+00 
  137.00  0.18711E+00 -0.23251E+00 -0.16163E-02 -0.85050E-03  0.77045E+00  0.13104E-02 -0.14612E-02 -0.71075E+00 -0.42724E-01 -0.60236E+00 
  138.00  0.18761E+00 -0.21977E+00 -0.17042E-02 -0.74541E-03  0.77183E+00  0.12293E-02 -0.73296E-03 -0.71655E+00 -0.42894E-01 -0.60593E+00 
  139.00  0.18815E+00 -0.20740E+00 -0.19093E-02 -0.65629E-03  0.77321E+00  0.11506E-02  0.37702E-04 -0.72192E+00 -0.43063E-01 -0.60913E+00 
  140.00  0.18875E+00 -0.19541E+00 -0.22207E-02 -0.58706E-03  0.77459E+00  0.10715E-02  0.84285E-03 -0.72690E+00 -0.43199E-01 -0.61201E+00 
  141.00  0.18940E+00 -0.18377E+00 -0.26184E-02 -0.53805E-03  0.77596E+00  0.98902E-03  0.16753E-02 -0.73154E+00 -0.43277E-01 -0.61460E+00 
  142.00  0.19010E+00 -0.17246E+00 -0.30758E-02 -0.50502E-03  0.77733E+00  0.89974E-03  0.25274E-02 -0.73588E+00 -0.43285E-01 -0.61696E+00 
  143.00  0.19084E+00 -0.16148E+00 -0.35625E-02 -0.47878E-03  0.77869E+00  0.80038E-03  0.33898E-02 -0.73996E+00 -0.43213E-01 -0.61912E+00 
  144.00  0.19163E+00 -0.15080E+00 -0.40479E-02 -0.44589E-03  0.78004E+00  0.68851E-03  0.42505E-02 -0.74383E+00 -0.43056E-01 -0.62112E+00 
  145.00  0.19246E+00 -0.14043E+00 -0.45042E-02 -0.39017E-03  0.78139E+00  0.56328E-03  0.50937E-02 -0.74751E+00 -0.42808E-01 -0.62297E+00 
  146.00  0.19334E+00 -0.13037E+00 -0.49094E-02 -0.29473E-03  0.78274E+00  0.42573E-03  0.59008E-02 -0.75103E+00 -0.42465E-01 -0.62469E+00 
  147.00  0.19429E+00 -0.12062E+00 -0.52485E-02 -0.14389E-03  0.78407E+00  0.27875E-03  0.66512E-02 -0.75442E+00 -0.42021E-01 -0.62628E+00 
  148.00  0.19530E+00 -0.11120E+00 -0.55140E-02  0.75100E-04  0.78539E+00  0.12654E-03  0.73236E-02 -0.75766E+00 -0.41471E-01 -0.62775E+00 
  149.00  0.19639E+00 -0.10210E+00 -0.57055E-02  0.37056E-03  0.78667E+00 -0.25850E-04  0.78992E-02 -0.76077E+00 -0.40810E-01 -0.62907E+00 
  150.00  0.19755E+00 -0.93343E-01 -0.58274E-02  0.74486E-03  0.78791E+00 -0.17293E-03  0.83640E-02 -0.76373E+00 -0.40028E-01 -0.63023E+00 
  151.00  0.19881E+00 -0.84911E-01 -0.58876E-02  0.11931E-02  0.78910E+00 -0.30898E-03  0.87119E-02 -0.76652E+00 -0.39112E-01 -0.63122E+00 
  152.00  0.20015E+00 -0.76796E-01 -0.58955E-02  0.17026E-02  0.79025E+00 -0.42823E-03  0.89465E-02 -0.76914E+00 -0.38050E-01 -0.63203E+00 
  153.00  0.20157E+00 -0.68979E-01 -0.58608E-02  0.22536E-02  0.79136E+00 -0.52512E-03  0.90811E-02 -0.77159E+00 -0.36830E-01 -0.63263E+00 
  154.00  0.20307E+00 -0.61428E-01 -0.57929E-02  0.28224E-02  0.79243E+00 -0.59483E-03  0.91363E-02 -0.77386E+00 -0.35449E-01 -0.63304E+00 
  155.00  0.20465E+00 -0.54114E-01 -0.57005E-02  0.33847E-02  0.79347E+00 -0.63393E-03  0.91351E-02 -0.77598E+00 -0.33910E-01 -0.63327E+00 
  156.00  0.20629E+00 -0.47002E-01 -0.55911E-02  0.39192E-02  0.79449E+00 -0.64116E-03  0.90972E-02 -0.77795E+00 -0.32229E-01 -0.63333E+00 
  157.00  0.20800E+00 -0.40068E-01 -0.54703E-02  0.44101E-02  0.79547E+00 -0.61805E-03  0.90340E-02 -0.77982E+00 -0.30435E-01 -0.63327E+00 
  158.00  0.20977E+00 -0.33301E-01 -0.53400E-02  0.48470E-02  0.79642E+00 -0.56919E-03  0.89465E-02 -0.78160E+00 -0.28562E-01 -0.63310E+00 
  159.00  0.21162E+00 -0.26710E-01 -0.51981E-02  0.52240E-02  0.79732E+00 -0.50183E-03  0.88266E-02 -0.78332E+00 -0.26652E-01 -0.63287E+00 
  160.00  0.21355E+00 -0.20332E-01 -0.50384E-02  0.55385E-02  0.79817E+00 -0.42487E-03  0.86606E-02 -0.78501E+00 -0.24747E-01 -0.63260E+00 
  161.00  0.21558E+00 -0.14237E-01 -0.48528E-02  0.57909E-02  0.79896E+00 -0.34727E-03  0.84351E-02 -0.78667E+00 -0.22886E-01 -0.63228E+00 
  162.00  0.21775E+00 -0.85130E-02 -0.46342E-02  0.59854E-02  0.79968E+00 -0.27636E-03  0.81409E-02 -0.78828E+00 -0.21099E-01 -0.63191E+00 
  163.00  0.22008E+00 -0.32627E-02 -0.43787E-02  0.61310E-02  0.80035E+00 -0.21663E-03  0.77756E-02 -0.78985E+00 -0.19406E-01 -0.63148E+00 
  164.00  0.22259E+00  0.14189E-02 -0.40872E-02  0.62420E-02  0.80095E+00 -0.16931E-03  0.73440E-02 -0.79136E+00 -0.17813E-01 -0.63096E+00 
  165.00  0.22530E+00  0.54554E-02 -0.37647E-02  0.63373E-02  0.80151E+00 -0.13292E-03  0.68555E-02 -0.79280E+00 -0.16318E-01 -0.63033E+00 
  166.00  0.22822E+00  0.87972E-02 -0.34187E-02  0.64372E-02  0.80202E+00 -0.10441E-03  0.63218E-02 -0.79416E+00 -0.14906E-01 -0.62959E+00 
  167.00  0.23135E+00  0.11424E-01 -0.30567E-02  0.65604E-02  0.80249E+00 -0.80576E-04  0.57550E-02 -0.79545E+00 -0.13554E-01 -0.62872E+00 
  168.00  0.23468E+00  0.13344E-01 -0.26859E-02  0.67209E-02  0.80290E+00 -0.59049E-04  0.51661E-02 -0.79665E+00 -0.12241E-01 -0.62768E+00 
  169.00  0.23819E+00  0.14588E-01 -0.23124E-02  0.69250E-02  0.80324E+00 -0.38882E-04  0.45652E-02 -0.79776E+00 -0.10946E-01 -0.62645E+00 
  170.00  0.24185E+00  0.15199E-01 -0.19423E-02  0.71713E-02  0.80348E+00 -0.20529E-04  0.39624E-02 -0.79877E+00 -0.96568E-02 -0.62500E+00 
  171.00  0.24564E+00  0.15220E-01 -0.15832E-02  0.74515E-02  0.80359E+00 -0.53405E-05  0.33671E-02 -0.79967E+00 -0.83698E-02 -0.62327E+00 
  172.00  0.24952E+00  0.14669E-01 -0.12438E-02  0.77525E-02  0.80354E+00  0.52411E-05  0.27887E-02 -0.80043E+00 -0.70887E-02 -0.62121E+00 
  173.00  0.25345E+00  0.13547E-01 -0.93416E-03  0.80596E-02  0.80330E+00  0.10511E-04  0.22359E-02 -0.80101E+00 -0.58232E-02 -0.61875E+00 
  174.00  0.25738E+00  0.11854E-01 -0.66375E-03  0.83581E-02  0.80289E+00  0.11004E-04  0.17177E-02 -0.80136E+00 -0.45884E-02 -0.61585E+00 
  175.00  0.26121E+00  0.96458E-02 -0.43996E-03  0.86351E-02  0.80233E+00  0.83912E-05  0.12442E-02 -0.80144E+00 -0.34082E-02 -0.61257E+00 
  176.00  0.26482E+00  0.70833E-02 -0.26616E-03  0.88794E-02  0.80170E+00  0.48061E-05  0.82705E-03 -0.80127E+00 -0.23199E-02 -0.60907E+00 
  177.00  0.26800E+00  0.44560E-02 -0.14105E-03  0.90814E-02  0.80108E+00  0.19397E-05  0.48033E-03 -0.80092E+00 -0.13753E-02 -0.60567E+00 
  178.00  0.27052E+00  0.21508E-02 -0.59394E-04  0.92327E-02  0.80055E+00  0.45247E-06  0.21873E-03 -0.80052E+00 -0.63635E-03 -0.60279E+00 
  179.00  0.27214E+00  0.56555E-03 -0.14294E-04  0.93266E-02  0.80021E+00  0.31164E-07  0.55517E-04 -0.80020E+00 -0.16315E-03 -0.60085E+00 
  180.00  0.27270E+00  0.14257E-13 -0.34940E-15  0.93584E-02  0.80008E+00  0.19764E-28  0.13830E-14 -0.80008E+00 -0.40786E-14 -0.60017E+00 
 scattering matrix expansion coefficients
    w  a11         a22         a33         a23         a32         a44         a12         a34         a13         a24         a14
    0  0.1000E+01  0.0000E+00  0.0000E+00  0.0000E+00  0.0000E+00  0.7939E+00  0.0000E+00  0.0000E+00  0.0000E+00  0.0000E+00  0.4699E-03
    1  0.2190E+01  0.0000E+00  0.0000E+00  0.0000E+00  0.0000E+00  0.2321E+01  0.0000E+00  0.0000E+00  0.0000E+00  0.0000E+00  0.6795E-03
    2  0.3118E+01  0.2017E+00  0.3864E+01  0.1128E-06 -0.5664E-03  0.3106E+01 -0.3310E+00 -0.1817E-01  0.2760E-03 -0.8124E-03  0.1039E-02
    3  0.3704E+01  0.4239E-01  0.4062E+01 -0.2208E-07  0.1006E-02  0.3718E+01 -0.1887E+00 -0.7291E-02  0.1187E-03 -0.1276E-03  0.7309E-03
    4  0.4253E+01  0.3003E-01  0.4466E+01 -0.8278E-08 -0.1509E-04  0.4239E+01 -0.1169E+00 -0.1795E-01 -0.2472E-03  0.1888E-03  0.2913E-02
    5  0.4694E+01  0.3896E-02  0.4868E+01  0.1335E-06 -0.1701E-04  0.4704E+01 -0.9107E-01 -0.4668E-02  0.1656E-02 -0.3235E-03  0.3640E-02
    6  0.5089E+01  0.8117E-02  0.5227E+01  0.4535E-07  0.3768E-03  0.5091E+01 -0.7415E-01 -0.2007E-03 -0.3196E-03  0.1642E-02  0.5511E-02
    7  0.5412E+01  0.1903E-02  0.5534E+01  0.1480E-06 -0.7365E-03  0.5423E+01 -0.5436E-01  0.4962E-02 -0.3577E-04 -0.1317E-02  0.4758E-02
    8  0.5678E+01  0.1192E-01  0.5780E+01 -0.7268E-07  0.2264E-03  0.5661E+01 -0.2261E-01  0.2225E-02  0.3087E-04  0.5377E-03  0.3433E-02
    9  0.5798E+01 -0.2797E-02  0.5915E+01 -0.1781E-07  0.1879E-02  0.5800E+01 -0.3185E-01  0.2447E-02  0.4336E-03 -0.3852E-03  0.2993E-02
   10  0.5817E+01 -0.1248E-02  0.5930E+01 -0.1378E-06  0.2474E-02  0.5819E+01 -0.5848E-01 -0.5444E-02 -0.2667E-03  0.3737E-04  0.3941E-02
   11  0.5769E+01 -0.3503E-02  0.5873E+01  0.3190E-07  0.2344E-02  0.5778E+01 -0.7271E-01 -0.1466E-01  0.4330E-03 -0.4015E-04  0.4897E-02
   12  0.5713E+01  0.2886E-02  0.5798E+01 -0.2928E-07  0.6492E-03  0.5711E+01 -0.5715E-01 -0.2014E-01 -0.3650E-03  0.3088E-03  0.5414E-02
   13  0.5625E+01  0.1730E-02  0.5702E+01  0.1777E-06 -0.5716E-04  0.5622E+01 -0.4608E-01 -0.2219E-01 -0.7299E-03  0.9108E-04  0.5303E-02
   14  0.5501E+01  0.6729E-03  0.5572E+01  0.5482E-07  0.1490E-03  0.5497E+01 -0.4711E-01 -0.2222E-01  0.3852E-03 -0.3781E-03  0.3746E-02
   15  0.5349E+01 -0.3295E-02  0.5417E+01  0.1090E-07 -0.5771E-03  0.5355E+01 -0.5484E-01 -0.2180E-01 -0.2260E-03 -0.4335E-03  0.2592E-02
   16  0.5211E+01  0.2182E-02  0.5266E+01  0.8298E-07 -0.1416E-02  0.5209E+01 -0.4470E-01 -0.2256E-01 -0.9547E-03  0.2062E-03  0.3440E-02
   17  0.5071E+01  0.1274E-02  0.5120E+01 -0.1410E-07 -0.4267E-03  0.5069E+01 -0.3438E-01 -0.2349E-01  0.1778E-03  0.2221E-03  0.4270E-02
   18  0.4922E+01  0.9584E-03  0.4967E+01  0.6614E-07  0.5723E-03  0.4921E+01 -0.2929E-01 -0.2551E-01  0.4922E-03  0.5726E-04  0.4188E-02
   19  0.4758E+01 -0.5819E-03  0.4801E+01  0.3965E-07  0.6196E-03  0.4759E+01 -0.3034E-01 -0.2677E-01  0.5520E-04 -0.2472E-03  0.3801E-02
   20  0.4590E+01 -0.3128E-03  0.4630E+01  0.5502E-07  0.1040E-02  0.4593E+01 -0.2632E-01 -0.2891E-01  0.3847E-04  0.1501E-03  0.4649E-02
   21  0.4423E+01  0.7104E-03  0.4458E+01  0.7421E-07  0.1784E-02  0.4424E+01 -0.1710E-01 -0.3139E-01  0.4089E-03  0.3972E-03  0.4662E-02
   22  0.4254E+01  0.3053E-02  0.4284E+01  0.3452E-07  0.2339E-02  0.4249E+01 -0.1001E-01 -0.3221E-01  0.3628E-03  0.8293E-04  0.3614E-02
   23  0.4072E+01 -0.1431E-03  0.4102E+01 -0.1590E-07  0.2281E-02  0.4072E+01 -0.1663E-01 -0.2942E-01 -0.1037E-03 -0.1174E-03  0.2720E-02
   24  0.3894E+01 -0.2422E-02  0.3924E+01  0.4017E-07  0.1551E-02  0.3900E+01 -0.2317E-01 -0.2555E-01 -0.1181E-04 -0.9763E-04  0.2618E-02
   25  0.3732E+01 -0.4475E-03  0.3758E+01  0.4178E-07  0.4799E-03  0.3736E+01 -0.1834E-01 -0.2097E-01 -0.4057E-05 -0.9923E-04  0.2869E-02
   26  0.3582E+01  0.1979E-02  0.3603E+01  0.2402E-08 -0.2993E-03  0.3581E+01 -0.8352E-02 -0.1546E-01 -0.1749E-03  0.1737E-04  0.2789E-02
   27  0.3431E+01  0.1118E-02  0.3451E+01 -0.3698E-07 -0.5967E-03  0.3430E+01 -0.3861E-02 -0.7408E-02 -0.5246E-04  0.1063E-03  0.2146E-02
   28  0.3283E+01 -0.1221E-03  0.3301E+01 -0.5684E-08 -0.5882E-03  0.3283E+01 -0.2801E-02  0.9560E-03 -0.3796E-04 -0.2368E-03  0.1462E-02
   29  0.3141E+01 -0.3364E-03  0.3158E+01  0.1844E-07 -0.7325E-05  0.3141E+01 -0.7801E-04  0.4604E-02 -0.1617E-03 -0.3531E-03  0.1630E-02
   30  0.3001E+01  0.6903E-03  0.3016E+01  0.4750E-07  0.1161E-02  0.3000E+01  0.5636E-02  0.2984E-02  0.1616E-04  0.9502E-04  0.2503E-02
   31  0.2847E+01  0.8950E-03  0.2862E+01  0.2172E-07  0.2137E-02  0.2846E+01  0.7635E-02  0.8136E-03  0.1970E-03  0.1384E-03  0.3016E-02
   32  0.2673E+01  0.2413E-03  0.2689E+01 -0.3292E-08  0.2324E-02  0.2673E+01  0.2815E-02  0.3244E-03  0.1124E-03 -0.1477E-03  0.2887E-02
   33  0.2487E+01 -0.1325E-02  0.2504E+01  0.2302E-07  0.2086E-02  0.2490E+01 -0.6157E-02 -0.4507E-03  0.2244E-04 -0.1467E-03  0.2617E-02
   34  0.2310E+01 -0.1831E-02  0.2326E+01  0.3610E-07  0.1834E-02  0.2314E+01 -0.1085E-01 -0.2978E-02 -0.2474E-05  0.9353E-04  0.2352E-02
   35  0.2155E+01 -0.8975E-03  0.2168E+01  0.1291E-07  0.1625E-02  0.2157E+01 -0.7759E-02 -0.5381E-02 -0.7411E-04 -0.1694E-04  0.1835E-02
   36  0.2022E+01  0.4722E-03  0.2031E+01 -0.6646E-09  0.1484E-02  0.2021E+01 -0.1894E-03 -0.5098E-02 -0.6165E-04 -0.3275E-03  0.1106E-02
   37  0.1900E+01  0.4903E-03  0.1908E+01 -0.2132E-08  0.1251E-02  0.1898E+01  0.4737E-02 -0.1919E-02  0.4701E-04 -0.3405E-03  0.6869E-03
   38  0.1786E+01 -0.3684E-04  0.1794E+01 -0.6221E-08  0.7625E-03  0.1785E+01  0.5583E-02  0.1959E-02  0.6701E-04 -0.7839E-04  0.8472E-03
   39  0.1681E+01 -0.4470E-03  0.1688E+01  0.2690E-09  0.2649E-03  0.1681E+01  0.4823E-02  0.4694E-02 -0.2510E-04  0.9991E-04  0.1152E-02
   40  0.1586E+01 -0.3383E-03  0.1592E+01  0.1672E-07  0.1231E-03  0.1586E+01  0.6127E-02  0.6013E-02 -0.7352E-04  0.3548E-04  0.9936E-03
   41  0.1498E+01 -0.2206E-04  0.1504E+01  0.2483E-07  0.1952E-03  0.1498E+01  0.1011E-01  0.6576E-02 -0.7027E-04 -0.9621E-04  0.3960E-03
   42  0.1411E+01  0.5237E-03  0.1416E+01  0.2243E-07  0.1349E-03  0.1410E+01  0.1481E-01  0.6616E-02 -0.6012E-04 -0.1371E-03 -0.1167E-03
   43  0.1314E+01  0.6852E-03  0.1320E+01  0.1495E-07 -0.1153E-03  0.1313E+01  0.1628E-01  0.5886E-02 -0.4907E-04 -0.9155E-04 -0.2719E-03
   44  0.1203E+01  0.3310E-03  0.1209E+01  0.1192E-07 -0.3343E-03  0.1202E+01  0.1291E-01  0.4063E-02  0.1681E-05 -0.3276E-04 -0.2469E-03
   45  0.1079E+01 -0.2237E-03  0.1086E+01  0.9112E-08 -0.4084E-03  0.1080E+01  0.6549E-02  0.1431E-02  0.4966E-04 -0.9091E-05 -0.3262E-03
   46  0.9505E+00 -0.3726E-03  0.9574E+00  0.6885E-08 -0.3929E-03  0.9516E+00  0.7425E-03 -0.1062E-02  0.6181E-04 -0.5735E-05 -0.5415E-03
   47  0.8252E+00 -0.2577E-03  0.8316E+00  0.4551E-08 -0.3900E-03  0.8263E+00 -0.3190E-02 -0.2414E-02  0.3622E-04 -0.1202E-04 -0.7607E-03
   48  0.7091E+00 -0.1926E-03  0.7147E+00  0.1672E-08 -0.4607E-03  0.7101E+00 -0.5792E-02 -0.2401E-02 -0.4436E-05 -0.4441E-05 -0.8455E-03
   49  0.6060E+00 -0.3713E-03  0.6110E+00  0.2740E-09 -0.6026E-03  0.6072E+00 -0.7767E-02 -0.1527E-02 -0.4308E-04  0.9732E-05 -0.7720E-03
   50  0.5186E+00 -0.5281E-03  0.5228E+00 -0.6236E-09 -0.7583E-03  0.5198E+00 -0.8556E-02 -0.4650E-03 -0.7432E-04  0.2248E-04 -0.5941E-03
   51  0.4467E+00 -0.5089E-03  0.4500E+00  0.6600E-09 -0.8589E-03  0.4476E+00 -0.7603E-02  0.5045E-03 -0.9274E-04  0.2204E-04 -0.3869E-03
   52  0.3873E+00 -0.3077E-03  0.3898E+00  0.8386E-09 -0.8526E-03  0.3875E+00 -0.5259E-02  0.1394E-02 -0.9423E-04  0.1351E-04 -0.2003E-03
   53  0.3349E+00 -0.1246E-03  0.3370E+00  0.4832E-09 -0.7368E-03  0.3347E+00 -0.2894E-02  0.2254E-02 -0.7914E-04  0.4103E-05 -0.5833E-04
   54  0.2850E+00 -0.5184E-04  0.2869E+00  0.1464E-09 -0.5520E-03  0.2847E+00 -0.1687E-02  0.2979E-02 -0.5581E-04 -0.2002E-05  0.2502E-04
   55  0.2353E+00 -0.1002E-03  0.2372E+00  0.2014E-09 -0.3561E-03  0.2352E+00 -0.2002E-02  0.3390E-02 -0.3258E-04 -0.4470E-05  0.5074E-04
   56  0.1863E+00 -0.1710E-03  0.1882E+00  0.3559E-09 -0.1947E-03  0.1865E+00 -0.3247E-02  0.3366E-02 -0.1535E-04 -0.4821E-05  0.3468E-04
   57  0.1404E+00 -0.2087E-03  0.1422E+00  0.4320E-09 -0.8815E-04  0.1408E+00 -0.4559E-02  0.2947E-02 -0.5624E-05 -0.4204E-05  0.2441E-06
   58  0.1004E+00 -0.1842E-03  0.1019E+00  0.3727E-09 -0.3198E-04  0.1008E+00 -0.5261E-02  0.2290E-02 -0.1078E-05 -0.2777E-05 -0.2947E-04
   59  0.6802E-01 -0.1259E-03  0.6918E-01  0.1808E-09 -0.1040E-04  0.6833E-01 -0.5171E-02  0.1594E-02  0.1683E-06 -0.1371E-05 -0.4480E-04
   60  0.4367E-01 -0.5989E-04  0.4446E-01 -0.8371E-10 -0.5764E-05  0.4383E-01 -0.4453E-02  0.9970E-03  0.5128E-06 -0.9754E-07 -0.4515E-04
   61  0.2658E-01 -0.1097E-04  0.2707E-01 -0.2168E-09 -0.6666E-05  0.2662E-01 -0.3440E-02  0.5635E-03  0.4211E-06  0.6362E-06 -0.3674E-04
   62  0.1536E-01  0.1675E-04  0.1563E-01 -0.2108E-09 -0.7360E-05  0.1533E-01 -0.2419E-02  0.2876E-03  0.4692E-06  0.8906E-06 -0.2562E-04
   63  0.8432E-02  0.2589E-04  0.8572E-02 -0.1364E-09 -0.6725E-05  0.8376E-02 -0.1567E-02  0.1321E-03  0.4435E-06  0.8431E-06 -0.1584E-04
   64  0.4405E-02  0.2452E-04  0.4470E-02 -0.7889E-10 -0.5129E-05  0.4350E-02 -0.9434E-03  0.5384E-04  0.4184E-06  0.6335E-06 -0.8860E-05
   65  0.2192E-02  0.1865E-04  0.2219E-02 -0.4321E-10 -0.3427E-05  0.2149E-02 -0.5310E-03  0.1883E-04  0.3289E-06  0.4220E-06 -0.4548E-05
   66  0.1040E-02  0.1241E-04  0.1049E-02 -0.2871E-10 -0.2041E-05  0.1012E-02 -0.2807E-03  0.5098E-05  0.2349E-06  0.2479E-06 -0.2174E-05
   67  0.4710E-03  0.7423E-05  0.4736E-03 -0.1862E-10 -0.1109E-05  0.4542E-03 -0.1400E-03  0.6073E-06  0.1466E-06  0.1346E-06 -0.9765E-06
   68  0.2038E-03  0.4084E-05  0.2042E-03 -0.1275E-10 -0.5536E-06  0.1948E-03 -0.6605E-04 -0.4442E-06  0.8386E-07  0.6720E-07 -0.4165E-06
   69  0.8441E-04  0.2083E-05  0.8420E-04 -0.6881E-11 -0.2568E-06  0.7983E-04 -0.2956E-04 -0.4575E-06  0.4341E-07  0.3160E-07 -0.1699E-06
   70  0.3347E-04  0.9946E-06  0.3323E-04 -0.2818E-11 -0.1112E-06  0.3131E-04 -0.1258E-04 -0.2817E-06  0.2085E-07  0.1399E-07 -0.6678E-07
   71  0.1272E-04  0.4463E-06  0.1257E-04  0.7017E-13 -0.4517E-07  0.1176E-04 -0.5097E-05 -0.1410E-06  0.9233E-08  0.5896E-08 -0.2516E-07
   72  0.4633E-05  0.1892E-06  0.4554E-05  0.1769E-11 -0.1729E-07  0.4234E-05 -0.1969E-05 -0.6241E-07  0.3827E-08  0.2344E-08 -0.9162E-08
   73  0.1618E-05  0.7581E-07  0.1582E-05  0.2446E-11 -0.6250E-08  0.1460E-05 -0.7259E-06 -0.2496E-07  0.1468E-08  0.8841E-09 -0.3145E-08
   74  0.5416E-06  0.2880E-07  0.5265E-06  0.2343E-11 -0.2134E-08  0.4825E-06 -0.2553E-06 -0.9226E-08  0.5259E-09  0.3070E-09 -0.1019E-08
   75  0.1736E-06  0.1035E-07  0.1678E-06  0.1828E-11 -0.6877E-09  0.1526E-06 -0.8567E-07 -0.3127E-08  0.1738E-09  0.1005E-09 -0.3034E-09
   76  0.5347E-07  0.3528E-08  0.5139E-07  0.1226E-11 -0.2100E-09  0.4640E-07 -0.2741E-07 -0.9681E-09  0.5243E-10  0.2934E-10 -0.8333E-10
   77  0.1558E-07  0.1133E-08  0.1488E-07  0.7216E-12 -0.5971E-10  0.1333E-07 -0.8330E-08 -0.2764E-09  0.1424E-10  0.7999E-11 -0.1906E-10
   78  0.4541E-08  0.3490E-09  0.4324E-08  0.3780E-12 -0.1631E-10  0.3856E-08 -0.2460E-08 -0.6166E-10  0.3337E-11  0.2014E-11 -0.4785E-11
   79  0.1163E-08  0.9857E-10  0.1099E-08  0.1750E-12 -0.4049E-11  0.9706E-09 -0.6627E-09 -0.1572E-10  0.6048E-12  0.3799E-12 -0.4239E-12
   80  0.3527E-09  0.2897E-10  0.3345E-09  0.7323E-13 -0.1035E-11  0.2972E-09 -0.1936E-09  0.4369E-12  0.7503E-13  0.1102E-12 -0.2182E-12
   81  0.7336E-10  0.6927E-11  0.6871E-10  0.2767E-13 -0.2018E-12  0.6010E-10 -0.4371E-10 -0.3937E-12 -0.2282E-13  0.3693E-14  0.3717E-13
   82  0.2689E-10  0.2208E-11  0.2555E-10  0.9586E-14 -0.6384E-13  0.2278E-10 -0.1451E-10  0.6660E-12 -0.7942E-14  0.8490E-14 -0.1999E-13
   83  0.3842E-11  0.3924E-12  0.3568E-11  0.3046E-14 -0.6595E-14  0.3107E-11 -0.2357E-11  0.1808E-13 -0.6260E-14 -0.1580E-15  0.2710E-14
   84  0.2069E-11  0.1739E-12  0.1973E-11  0.8961E-15 -0.4036E-14  0.1754E-11 -0.1118E-11  0.9043E-13 -0.1091E-14  0.1382E-14 -0.3989E-14
   85  0.1314E-12  0.1432E-13  0.1202E-12  0.2483E-15 -0.1994E-15  0.1053E-12 -0.8194E-13  0.2087E-14 -0.5451E-15  0.7476E-16 -0.3626E-16
   86  0.1458E-12  0.1319E-13  0.1376E-12  0.6326E-16 -0.2091E-15  0.1215E-12 -0.8160E-13  0.7066E-14 -0.8192E-16  0.1463E-15 -0.4675E-15
   87  0.5220E-15  0.2844E-17  0.3366E-15  0.1552E-16 -0.1943E-16  0.5753E-15 -0.1126E-15  0.1138E-15 -0.2945E-16  0.9145E-17 -0.1341E-16
   88  0.1033E-13  0.1103E-14  0.9786E-14  0.2789E-17 -0.1152E-16  0.8388E-14 -0.6208E-14  0.4885E-15 -0.2053E-17  0.1249E-16 -0.3827E-16
