 input file is 
mstm11_256_6398_23_009.inp    
 input file comments follow:
***********************************************************
  This is the default mstm input file for v.3.0.
  The run is for a 7-sphere cluster of identical spheres.   The positions
  are embedded in the input file.

  The run makes use of the new_run and multiple_run options.

  14 April 2013
***********************************************************
 number of processors:
   1
 input parameters for run number 
    1
 number of spheres, volume size parameter:
  256  0.40625E+01
 position file:
position/n256/a11.out                                       
 output file:
output/256/x6398/23/009/mt_11_256_6398_23_009.dat           
 length, ref. indx. scale factors:
   0.640   2.300   0.090
 chiral factors:
  0.00000E+00  0.00000E+00
 scattering matrix directions based on incident frame
 automatic scattering angle calculation
 thetamin, thetamax:
      0.0    180.0
 number scattering angles:
      181
 epsmie, epssoln, max number iterations:
  0.1000E-05  0.1000E-07 5000
 medium refractive index:
  1.0000  0.0000
 target euler rotation angles:
    0.0000    0.0000    0.0000
 far field kr, iterations/correction:
 -0.1000E+01   20
 plane wave incidence
 random orientation calculations
 t matrix calculated, stored in file 
tmatrixfiles/11256639823009                                 
 t matrix convergence epsilon:
  0.1000E-06
 all spheres excited (total T matrix) 
 calculation results for run 
    1
 total ext, abs, scat efficiencies, w.r.t. xv, and asym. parm
  0.79525E+01  0.92413E+00  0.70284E+01  0.71430E+00
 scattering matrix elements (normalized w/ S11)
   theta      11           12           13           14           22           23           24           33           34           44      
    0.00  0.73503E+02  0.00000E+00  0.00000E+00  0.32013E-03  0.99887E+00  0.10237E-02  0.00000E+00  0.99887E+00  0.00000E+00  0.99790E+00 
    1.00  0.72576E+02 -0.19567E-03 -0.10417E-05  0.32884E-03  0.99886E+00  0.10208E-02 -0.24302E-06  0.99886E+00 -0.12152E-03  0.99788E+00 
    2.00  0.69863E+02 -0.78583E-03 -0.41851E-05  0.35545E-03  0.99882E+00  0.10118E-02 -0.10151E-05  0.99882E+00 -0.49265E-03  0.99781E+00 
    3.00  0.65561E+02 -0.17802E-02 -0.94833E-05  0.40134E-03  0.99876E+00  0.99588E-03 -0.24501E-05  0.99876E+00 -0.11333E-02  0.99770E+00 
    4.00  0.59979E+02 -0.31953E-02 -0.17014E-04  0.46890E-03  0.99866E+00  0.97137E-03 -0.47867E-05  0.99866E+00 -0.20775E-02  0.99752E+00 
    5.00  0.53496E+02 -0.50553E-02 -0.26859E-04  0.56147E-03  0.99853E+00  0.93595E-03 -0.83931E-05  0.99851E+00 -0.33739E-02  0.99727E+00 
    6.00  0.46531E+02 -0.73922E-02 -0.39059E-04  0.68337E-03  0.99834E+00  0.88636E-03 -0.13799E-04  0.99831E+00 -0.50856E-02  0.99692E+00 
    7.00  0.39495E+02 -0.10245E-01 -0.53528E-04  0.83955E-03  0.99810E+00  0.81835E-03 -0.21735E-04  0.99802E+00 -0.72874E-02  0.99645E+00 
    8.00  0.32759E+02 -0.13658E-01 -0.69889E-04  0.10348E-02  0.99776E+00  0.72695E-03 -0.33153E-04  0.99763E+00 -0.10055E-01  0.99581E+00 
    9.00  0.26618E+02 -0.17668E-01 -0.87198E-04  0.12716E-02  0.99733E+00  0.60732E-03 -0.49195E-04  0.99710E+00 -0.13440E-01  0.99494E+00 
   10.00  0.21281E+02 -0.22286E-01 -0.10351E-03  0.15468E-02  0.99675E+00  0.45710E-03 -0.71020E-04  0.99638E+00 -0.17420E-01  0.99380E+00 
   11.00  0.16857E+02 -0.27458E-01 -0.11533E-03  0.18445E-02  0.99602E+00  0.28106E-03 -0.99320E-04  0.99543E+00 -0.21811E-01  0.99232E+00 
   12.00  0.13363E+02 -0.33009E-01 -0.11734E-03  0.21291E-02  0.99513E+00  0.98537E-04 -0.13342E-03  0.99422E+00 -0.26154E-01  0.99048E+00 
   13.00  0.10740E+02 -0.38605E-01 -0.10305E-03  0.23415E-02  0.99411E+00 -0.49474E-04 -0.17009E-03  0.99279E+00 -0.29656E-01  0.98834E+00 
   14.00  0.88716E+01 -0.43792E-01 -0.67418E-04  0.24117E-02  0.99305E+00 -0.10233E-03 -0.20309E-03  0.99125E+00 -0.31342E-01  0.98609E+00 
   15.00  0.76082E+01 -0.48182E-01 -0.10605E-04  0.22937E-02  0.99209E+00 -0.33699E-06 -0.22483E-03  0.98975E+00 -0.30502E-01  0.98399E+00 
   16.00  0.67908E+01 -0.51691E-01  0.60280E-04  0.19991E-02  0.99133E+00  0.28369E-03 -0.23021E-03  0.98846E+00 -0.27189E-01  0.98226E+00 
   17.00  0.62695E+01 -0.54591E-01  0.13416E-03  0.15975E-02  0.99077E+00  0.73009E-03 -0.21945E-03  0.98745E+00 -0.22257E-01  0.98096E+00 
   18.00  0.59175E+01 -0.57330E-01  0.20123E-03  0.11782E-02  0.99035E+00  0.12890E-02 -0.19729E-03  0.98664E+00 -0.16870E-01  0.97997E+00 
   19.00  0.56387E+01 -0.60298E-01  0.25581E-03  0.81262E-03  0.98997E+00  0.19084E-02 -0.16996E-03  0.98592E+00 -0.11988E-01  0.97910E+00 
   20.00  0.53698E+01 -0.63715E-01  0.29580E-03  0.54170E-03  0.98954E+00  0.25486E-02 -0.14280E-03  0.98517E+00 -0.81633E-02  0.97814E+00 
   21.00  0.50768E+01 -0.67651E-01  0.32082E-03  0.38198E-03  0.98897E+00  0.31825E-02 -0.11948E-03  0.98430E+00 -0.56109E-02  0.97697E+00 
   22.00  0.47493E+01 -0.72073E-01  0.33080E-03  0.33556E-03  0.98822E+00  0.37884E-02 -0.10218E-03  0.98323E+00 -0.43346E-02  0.97547E+00 
   23.00  0.43928E+01 -0.76897E-01  0.32536E-03  0.39641E-03  0.98724E+00  0.43435E-02 -0.91913E-04  0.98193E+00 -0.42213E-02  0.97359E+00 
   24.00  0.40207E+01 -0.82025E-01  0.30398E-03  0.55255E-03  0.98602E+00  0.48201E-02 -0.88663E-04  0.98038E+00 -0.50833E-02  0.97129E+00 
   25.00  0.36492E+01 -0.87361E-01  0.26659E-03  0.78571E-03  0.98454E+00  0.51863E-02 -0.91298E-04  0.97856E+00 -0.66708E-02  0.96856E+00 
   26.00  0.32920E+01 -0.92830E-01  0.21437E-03  0.10708E-02  0.98281E+00  0.54092E-02 -0.97461E-04  0.97646E+00 -0.86821E-02  0.96539E+00 
   27.00  0.29589E+01 -0.98394E-01  0.15049E-03  0.13769E-02  0.98082E+00  0.54619E-02 -0.10360E-03  0.97408E+00 -0.10788E-01  0.96178E+00 
   28.00  0.26549E+01 -0.10405E+00  0.80480E-04  0.16703E-02  0.97858E+00  0.53295E-02 -0.10535E-03  0.97140E+00 -0.12676E-01  0.95772E+00 
   29.00  0.23813E+01 -0.10983E+00  0.11993E-04  0.19201E-02  0.97610E+00  0.50138E-02 -0.98257E-04  0.96840E+00 -0.14107E-01  0.95322E+00 
   30.00  0.21370E+01 -0.11577E+00 -0.46040E-04  0.21037E-02  0.97337E+00  0.45337E-02 -0.78798E-04  0.96505E+00 -0.14968E-01  0.94825E+00 
   31.00  0.19199E+01 -0.12193E+00 -0.84661E-04  0.22107E-02  0.97039E+00  0.39200E-02 -0.45498E-04  0.96131E+00 -0.15294E-01  0.94277E+00 
   32.00  0.17282E+01 -0.12833E+00 -0.96325E-04  0.22452E-02  0.96716E+00  0.32103E-02  0.11360E-06  0.95716E+00 -0.15259E-01  0.93677E+00 
   33.00  0.15607E+01 -0.13496E+00 -0.76345E-04  0.22242E-02  0.96370E+00  0.24419E-02  0.52829E-04  0.95261E+00 -0.15136E-01  0.93029E+00 
   34.00  0.14168E+01 -0.14183E+00 -0.24271E-04  0.21745E-02  0.96005E+00  0.16493E-02  0.10363E-03  0.94773E+00 -0.15229E-01  0.92342E+00 
   35.00  0.12961E+01 -0.14892E+00  0.55066E-04  0.21272E-02  0.95633E+00  0.86226E-03  0.14052E-03  0.94265E+00 -0.15787E-01  0.91637E+00 
   36.00  0.11981E+01 -0.15627E+00  0.15147E-03  0.21110E-02  0.95269E+00  0.10711E-03  0.15066E-03  0.93756E+00 -0.16921E-01  0.90940E+00 
   37.00  0.11213E+01 -0.16396E+00  0.25101E-03  0.21445E-02  0.94929E+00 -0.59327E-03  0.12378E-03  0.93264E+00 -0.18557E-01  0.90280E+00 
   38.00  0.10630E+01 -0.17211E+00  0.33942E-03  0.22311E-02  0.94625E+00 -0.12196E-02  0.55540E-04  0.92804E+00 -0.20442E-01  0.89675E+00 
   39.00  0.10195E+01 -0.18088E+00  0.40626E-03  0.23586E-02  0.94360E+00 -0.17571E-02 -0.50604E-04  0.92375E+00 -0.22228E-01  0.89127E+00 
   40.00  0.98651E+00 -0.19038E+00  0.44776E-03  0.25045E-02  0.94127E+00 -0.21962E-02 -0.18431E-03  0.91967E+00 -0.23586E-01  0.88620E+00 
   41.00  0.95923E+00 -0.20068E+00  0.46725E-03  0.26427E-02  0.93909E+00 -0.25317E-02 -0.33122E-03  0.91557E+00 -0.24306E-01  0.88121E+00 
   42.00  0.93346E+00 -0.21178E+00  0.47347E-03  0.27500E-02  0.93688E+00 -0.27609E-02 -0.47614E-03  0.91119E+00 -0.24331E-01  0.87596E+00 
   43.00  0.90589E+00 -0.22364E+00  0.47796E-03  0.28085E-02  0.93445E+00 -0.28817E-02 -0.60508E-03  0.90626E+00 -0.23746E-01  0.87007E+00 
   44.00  0.87452E+00 -0.23615E+00  0.49283E-03  0.28055E-02  0.93163E+00 -0.28919E-02 -0.70595E-03  0.90058E+00 -0.22739E-01  0.86328E+00 
   45.00  0.83878E+00 -0.24918E+00  0.52906E-03  0.27313E-02  0.92835E+00 -0.27887E-02 -0.76825E-03  0.89402E+00 -0.21560E-01  0.85542E+00 
   46.00  0.79939E+00 -0.26260E+00  0.59516E-03  0.25783E-02  0.92456E+00 -0.25709E-02 -0.78283E-03  0.88650E+00 -0.20493E-01  0.84642E+00 
   47.00  0.75805E+00 -0.27625E+00  0.69586E-03  0.23397E-02  0.92034E+00 -0.22415E-02 -0.74194E-03  0.87807E+00 -0.19826E-01  0.83638E+00 
   48.00  0.71697E+00 -0.28998E+00  0.83046E-03  0.20111E-02  0.91582E+00 -0.18109E-02 -0.64037E-03  0.86885E+00 -0.19820E-01  0.82552E+00 
   49.00  0.67841E+00 -0.30370E+00  0.99136E-03  0.15920E-02  0.91125E+00 -0.13002E-02 -0.47718E-03  0.85908E+00 -0.20672E-01  0.81420E+00 
   50.00  0.64429E+00 -0.31737E+00  0.11634E-02  0.10897E-02  0.90689E+00 -0.74122E-03 -0.25773E-03  0.84905E+00 -0.22465E-01  0.80285E+00 
   51.00  0.61585E+00 -0.33103E+00  0.13252E-02  0.52109E-03  0.90305E+00 -0.17362E-03  0.53726E-05  0.83904E+00 -0.25140E-01  0.79188E+00 
   52.00  0.59359E+00 -0.34483E+00  0.14527E-02 -0.87127E-04  0.89995E+00  0.36238E-03  0.29322E-03  0.82928E+00 -0.28488E-01  0.78160E+00 
   53.00  0.57724E+00 -0.35896E+00  0.15247E-02 -0.70133E-03  0.89769E+00  0.83472E-03  0.58398E-03  0.81982E+00 -0.32196E-01  0.77209E+00 
   54.00  0.56589E+00 -0.37364E+00  0.15274E-02 -0.12861E-02  0.89620E+00  0.12256E-02  0.85732E-03  0.81059E+00 -0.35922E-01  0.76317E+00 
   55.00  0.55828E+00 -0.38902E+00  0.14569E-02 -0.18094E-02  0.89531E+00  0.15323E-02  0.10982E-02  0.80133E+00 -0.39367E-01  0.75451E+00 
   56.00  0.55295E+00 -0.40517E+00  0.13191E-02 -0.22453E-02  0.89477E+00  0.17627E-02  0.12983E-02  0.79176E+00 -0.42332E-01  0.74566E+00 
   57.00  0.54852E+00 -0.42207E+00  0.11272E-02 -0.25751E-02  0.89435E+00  0.19280E-02  0.14556E-02  0.78158E+00 -0.44719E-01  0.73621E+00 
   58.00  0.54386E+00 -0.43961E+00  0.89881E-03 -0.27860E-02  0.89382E+00  0.20357E-02  0.15723E-02  0.77054E+00 -0.46514E-01  0.72584E+00 
   59.00  0.53816E+00 -0.45759E+00  0.65418E-03 -0.28704E-02  0.89303E+00  0.20857E-02  0.16527E-02  0.75851E+00 -0.47757E-01  0.71433E+00 
   60.00  0.53094E+00 -0.47579E+00  0.41426E-03 -0.28252E-02  0.89190E+00  0.20686E-02  0.17014E-02  0.74544E+00 -0.48512E-01  0.70160E+00 
   61.00  0.52207E+00 -0.49396E+00  0.20000E-03 -0.26520E-02  0.89038E+00  0.19665E-02  0.17223E-02  0.73133E+00 -0.48844E-01  0.68768E+00 
   62.00  0.51165E+00 -0.51185E+00  0.31476E-04 -0.23584E-02  0.88845E+00  0.17568E-02  0.17179E-02  0.71629E+00 -0.48812E-01  0.67267E+00 
   63.00  0.49994E+00 -0.52924E+00 -0.73086E-04 -0.19586E-02  0.88615E+00  0.14165E-02  0.16897E-02  0.70045E+00 -0.48465E-01  0.65672E+00 
   64.00  0.48725E+00 -0.54594E+00 -0.98556E-04 -0.14742E-02  0.88348E+00  0.92766E-03  0.16378E-02  0.68392E+00 -0.47840E-01  0.63999E+00 
   65.00  0.47391E+00 -0.56182E+00 -0.34263E-04 -0.93273E-03  0.88048E+00  0.28289E-03  0.15620E-02  0.66684E+00 -0.46977E-01  0.62262E+00 
   66.00  0.46017E+00 -0.57683E+00  0.12478E-03 -0.36584E-03  0.87715E+00 -0.51111E-03  0.14618E-02  0.64929E+00 -0.45913E-01  0.60473E+00 
   67.00  0.44622E+00 -0.59095E+00  0.37710E-03  0.19420E-03  0.87351E+00 -0.14314E-02  0.13368E-02  0.63131E+00 -0.44695E-01  0.58638E+00 
   68.00  0.43220E+00 -0.60423E+00  0.71455E-03  0.71834E-03  0.86954E+00 -0.24394E-02  0.11869E-02  0.61286E+00 -0.43370E-01  0.56756E+00 
   69.00  0.41820E+00 -0.61673E+00  0.11229E-02  0.11845E-02  0.86525E+00 -0.34835E-02  0.10121E-02  0.59390E+00 -0.41991E-01  0.54823E+00 
   70.00  0.40426E+00 -0.62852E+00  0.15828E-02  0.15803E-02  0.86062E+00 -0.45043E-02  0.81230E-03  0.57434E+00 -0.40609E-01  0.52835E+00 
   71.00  0.39046E+00 -0.63968E+00  0.20712E-02  0.19045E-02  0.85566E+00 -0.54395E-02  0.58729E-03  0.55410E+00 -0.39263E-01  0.50786E+00 
   72.00  0.37687E+00 -0.65023E+00  0.25632E-02  0.21670E-02  0.85041E+00 -0.62306E-02  0.33604E-03  0.53309E+00 -0.37982E-01  0.48672E+00 
   73.00  0.36359E+00 -0.66020E+00  0.30338E-02  0.23866E-02  0.84491E+00 -0.68284E-02  0.56715E-04  0.51131E+00 -0.36776E-01  0.46495E+00 
   74.00  0.35074E+00 -0.66956E+00  0.34595E-02  0.25886E-02  0.83923E+00 -0.71981E-02 -0.25345E-03  0.48877E+00 -0.35641E-01  0.44262E+00 
   75.00  0.33846E+00 -0.67829E+00  0.38203E-02  0.28002E-02  0.83348E+00 -0.73234E-02 -0.59788E-03  0.46555E+00 -0.34554E-01  0.41984E+00 
   76.00  0.32687E+00 -0.68633E+00  0.41018E-02  0.30455E-02  0.82778E+00 -0.72087E-02 -0.98008E-03  0.44176E+00 -0.33487E-01  0.39677E+00 
   77.00  0.31607E+00 -0.69366E+00  0.42960E-02  0.33417E-02  0.82223E+00 -0.68791E-02 -0.14028E-02  0.41757E+00 -0.32412E-01  0.37357E+00 
   78.00  0.30614E+00 -0.70025E+00  0.44029E-02  0.36945E-02  0.81696E+00 -0.63780E-02 -0.18670E-02  0.39314E+00 -0.31311E-01  0.35042E+00 
   79.00  0.29713E+00 -0.70612E+00  0.44306E-02  0.40963E-02  0.81206E+00 -0.57626E-02 -0.23707E-02  0.36862E+00 -0.30183E-01  0.32743E+00 
   80.00  0.28902E+00 -0.71130E+00  0.43942E-02  0.45263E-02  0.80757E+00 -0.50965E-02 -0.29082E-02  0.34413E+00 -0.29051E-01  0.30468E+00 
   81.00  0.28178E+00 -0.71585E+00  0.43144E-02  0.49529E-02  0.80353E+00 -0.44426E-02 -0.34694E-02  0.31973E+00 -0.27961E-01  0.28218E+00 
   82.00  0.27532E+00 -0.71985E+00  0.42150E-02  0.53379E-02  0.79992E+00 -0.38553E-02 -0.40399E-02  0.29544E+00 -0.26976E-01  0.25987E+00 
   83.00  0.26956E+00 -0.72339E+00  0.41203E-02  0.56424E-02  0.79669E+00 -0.33748E-02 -0.46020E-02  0.27122E+00 -0.26169E-01  0.23765E+00 
   84.00  0.26440E+00 -0.72653E+00  0.40521E-02  0.58324E-02  0.79377E+00 -0.30242E-02 -0.51355E-02  0.24702E+00 -0.25611E-01  0.21539E+00 
   85.00  0.25972E+00 -0.72935E+00  0.40281E-02  0.58832E-02  0.79110E+00 -0.28083E-02 -0.56194E-02  0.22276E+00 -0.25359E-01  0.19297E+00 
   86.00  0.25543E+00 -0.73188E+00  0.40594E-02  0.57836E-02  0.78860E+00 -0.27156E-02 -0.60339E-02  0.19834E+00 -0.25442E-01  0.17027E+00 
   87.00  0.25145E+00 -0.73414E+00  0.41505E-02  0.55364E-02  0.78620E+00 -0.27220E-02 -0.63621E-02  0.17370E+00 -0.25863E-01  0.14721E+00 
   88.00  0.24770E+00 -0.73612E+00  0.42987E-02  0.51587E-02  0.78386E+00 -0.27946E-02 -0.65911E-02  0.14880E+00 -0.26590E-01  0.12375E+00 
   89.00  0.24414E+00 -0.73778E+00  0.44948E-02  0.46789E-02  0.78155E+00 -0.28971E-02 -0.67140E-02  0.12361E+00 -0.27561E-01  0.99904E-01 
   90.00  0.24072E+00 -0.73908E+00  0.47240E-02  0.41340E-02  0.77926E+00 -0.29936E-02 -0.67299E-02  0.98160E-01 -0.28692E-01  0.75722E-01 
   91.00  0.23742E+00 -0.73993E+00  0.49673E-02  0.35648E-02  0.77697E+00 -0.30527E-02 -0.66438E-02  0.72481E-01 -0.29885E-01  0.51289E-01 
   92.00  0.23422E+00 -0.74026E+00  0.52030E-02  0.30114E-02  0.77472E+00 -0.30500E-02 -0.64667E-02  0.46633E-01 -0.31040E-01  0.26712E-01 
   93.00  0.23110E+00 -0.73997E+00  0.54089E-02  0.25092E-02  0.77250E+00 -0.29696E-02 -0.62137E-02  0.20686E-01 -0.32066E-01  0.21109E-02 
   94.00  0.22806E+00 -0.73898E+00  0.55635E-02  0.20856E-02  0.77033E+00 -0.28047E-02 -0.59031E-02 -0.52817E-02 -0.32894E-01 -0.22392E-01 
   95.00  0.22510E+00 -0.73719E+00  0.56480E-02  0.17575E-02  0.76824E+00 -0.25573E-02 -0.55540E-02 -0.31191E-01 -0.33479E-01 -0.46685E-01 
   96.00  0.22221E+00 -0.73453E+00  0.56477E-02  0.15307E-02  0.76623E+00 -0.22365E-02 -0.51851E-02 -0.56967E-01 -0.33810E-01 -0.70666E-01 
   97.00  0.21938E+00 -0.73094E+00  0.55529E-02  0.14004E-02  0.76430E+00 -0.18571E-02 -0.48128E-02 -0.82541E-01 -0.33907E-01 -0.94253E-01 
   98.00  0.21663E+00 -0.72637E+00  0.53594E-02  0.13531E-02  0.76247E+00 -0.14372E-02 -0.44500E-02 -0.10785E+00 -0.33816E-01 -0.11738E+00 
   99.00  0.21396E+00 -0.72079E+00  0.50688E-02  0.13689E-02  0.76074E+00 -0.99672E-03 -0.41062E-02 -0.13284E+00 -0.33608E-01 -0.14000E+00 
  100.00  0.21138E+00 -0.71422E+00  0.46883E-02  0.14250E-02  0.75911E+00 -0.55494E-03 -0.37866E-02 -0.15746E+00 -0.33364E-01 -0.16207E+00 
  101.00  0.20889E+00 -0.70667E+00  0.42297E-02  0.14983E-02  0.75758E+00 -0.12948E-03 -0.34935E-02 -0.18167E+00 -0.33170E-01 -0.18358E+00 
  102.00  0.20653E+00 -0.69819E+00  0.37087E-02  0.15686E-02  0.75616E+00  0.26481E-03 -0.32265E-02 -0.20542E+00 -0.33106E-01 -0.20451E+00 
  103.00  0.20431E+00 -0.68884E+00  0.31437E-02  0.16200E-02  0.75486E+00  0.61646E-03 -0.29839E-02 -0.22868E+00 -0.33239E-01 -0.22484E+00 
  104.00  0.20225E+00 -0.67872E+00  0.25542E-02  0.16429E-02  0.75368E+00  0.91745E-03 -0.27640E-02 -0.25143E+00 -0.33613E-01 -0.24457E+00 
  105.00  0.20037E+00 -0.66790E+00  0.19594E-02  0.16332E-02  0.75264E+00  0.11631E-02 -0.25656E-02 -0.27362E+00 -0.34249E-01 -0.26371E+00 
  106.00  0.19870E+00 -0.65650E+00  0.13771E-02  0.15923E-02  0.75176E+00  0.13515E-02 -0.23889E-02 -0.29525E+00 -0.35143E-01 -0.28224E+00 
  107.00  0.19724E+00 -0.64460E+00  0.82225E-03  0.15252E-02  0.75105E+00  0.14832E-02 -0.22355E-02 -0.31629E+00 -0.36265E-01 -0.30018E+00 
  108.00  0.19603E+00 -0.63230E+00  0.30626E-03  0.14390E-02  0.75051E+00  0.15604E-02 -0.21084E-02 -0.33673E+00 -0.37568E-01 -0.31752E+00 
  109.00  0.19505E+00 -0.61966E+00 -0.16362E-03  0.13406E-02  0.75015E+00  0.15869E-02 -0.20111E-02 -0.35658E+00 -0.38989E-01 -0.33426E+00 
  110.00  0.19432E+00 -0.60676E+00 -0.58441E-03  0.12347E-02  0.74997E+00  0.15668E-02 -0.19468E-02 -0.37583E+00 -0.40461E-01 -0.35043E+00 
  111.00  0.19382E+00 -0.59363E+00 -0.95710E-03  0.11231E-02  0.74998E+00  0.15051E-02 -0.19175E-02 -0.39449E+00 -0.41915E-01 -0.36602E+00 
  112.00  0.19355E+00 -0.58030E+00 -0.12861E-02  0.10033E-02  0.75015E+00  0.14070E-02 -0.19230E-02 -0.41258E+00 -0.43292E-01 -0.38105E+00 
  113.00  0.19348E+00 -0.56678E+00 -0.15785E-02  0.86903E-03  0.75047E+00  0.12779E-02 -0.19605E-02 -0.43010E+00 -0.44546E-01 -0.39553E+00 
  114.00  0.19360E+00 -0.55308E+00 -0.18429E-02  0.71088E-03  0.75092E+00  0.11234E-02 -0.20244E-02 -0.44707E+00 -0.45647E-01 -0.40947E+00 
  115.00  0.19388E+00 -0.53919E+00 -0.20885E-02  0.51735E-03  0.75148E+00  0.94926E-03 -0.21060E-02 -0.46351E+00 -0.46581E-01 -0.42288E+00 
  116.00  0.19430E+00 -0.52510E+00 -0.23245E-02  0.27654E-03  0.75213E+00  0.76119E-03 -0.21946E-02 -0.47942E+00 -0.47351E-01 -0.43577E+00 
  117.00  0.19482E+00 -0.51081E+00 -0.25590E-02 -0.22334E-04  0.75283E+00  0.56507E-03 -0.22781E-02 -0.49481E+00 -0.47976E-01 -0.44814E+00 
  118.00  0.19543E+00 -0.49632E+00 -0.27985E-02 -0.38749E-03  0.75358E+00  0.36666E-03 -0.23438E-02 -0.50969E+00 -0.48482E-01 -0.45999E+00 
  119.00  0.19609E+00 -0.48164E+00 -0.30481E-02 -0.82346E-03  0.75434E+00  0.17152E-03 -0.23796E-02 -0.52407E+00 -0.48905E-01 -0.47132E+00 
  120.00  0.19679E+00 -0.46679E+00 -0.33107E-02 -0.13304E-02  0.75511E+00 -0.15165E-04 -0.23750E-02 -0.53793E+00 -0.49279E-01 -0.48214E+00 
  121.00  0.19752E+00 -0.45179E+00 -0.35874E-02 -0.19040E-02  0.75586E+00 -0.18874E-03 -0.23215E-02 -0.55129E+00 -0.49639E-01 -0.49244E+00 
  122.00  0.19825E+00 -0.43669E+00 -0.38780E-02 -0.25353E-02  0.75659E+00 -0.34520E-03 -0.22136E-02 -0.56413E+00 -0.50013E-01 -0.50221E+00 
  123.00  0.19898E+00 -0.42154E+00 -0.41804E-02 -0.32120E-02  0.75729E+00 -0.48136E-03 -0.20485E-02 -0.57646E+00 -0.50420E-01 -0.51145E+00 
  124.00  0.19970E+00 -0.40638E+00 -0.44918E-02 -0.39186E-02  0.75796E+00 -0.59490E-03 -0.18265E-02 -0.58826E+00 -0.50872E-01 -0.52015E+00 
  125.00  0.20041E+00 -0.39126E+00 -0.48085E-02 -0.46382E-02  0.75859E+00 -0.68442E-03 -0.15504E-02 -0.59955E+00 -0.51367E-01 -0.52832E+00 
  126.00  0.20110E+00 -0.37624E+00 -0.51263E-02 -0.53533E-02  0.75918E+00 -0.74944E-03 -0.12255E-02 -0.61031E+00 -0.51898E-01 -0.53594E+00 
  127.00  0.20178E+00 -0.36137E+00 -0.54405E-02 -0.60473E-02  0.75973E+00 -0.79035E-03 -0.85823E-03 -0.62056E+00 -0.52444E-01 -0.54303E+00 
  128.00  0.20245E+00 -0.34669E+00 -0.57465E-02 -0.67053E-02  0.76024E+00 -0.80836E-03 -0.45642E-03 -0.63030E+00 -0.52980E-01 -0.54958E+00 
  129.00  0.20311E+00 -0.33223E+00 -0.60395E-02 -0.73150E-02  0.76072E+00 -0.80540E-03 -0.28184E-04 -0.63953E+00 -0.53478E-01 -0.55561E+00 
  130.00  0.20376E+00 -0.31803E+00 -0.63151E-02 -0.78673E-02  0.76118E+00 -0.78395E-03  0.41845E-03 -0.64828E+00 -0.53903E-01 -0.56114E+00 
  131.00  0.20441E+00 -0.30410E+00 -0.65686E-02 -0.83565E-02  0.76160E+00 -0.74696E-03  0.87590E-03 -0.65655E+00 -0.54224E-01 -0.56617E+00 
  132.00  0.20504E+00 -0.29045E+00 -0.67959E-02 -0.87805E-02  0.76200E+00 -0.69769E-03  0.13373E-02 -0.66438E+00 -0.54411E-01 -0.57073E+00 
  133.00  0.20566E+00 -0.27707E+00 -0.69929E-02 -0.91402E-02  0.76238E+00 -0.63952E-03  0.17967E-02 -0.67177E+00 -0.54437E-01 -0.57485E+00 
  134.00  0.20628E+00 -0.26395E+00 -0.71557E-02 -0.94391E-02  0.76274E+00 -0.57584E-03  0.22489E-02 -0.67874E+00 -0.54282E-01 -0.57853E+00 
  135.00  0.20688E+00 -0.25108E+00 -0.72811E-02 -0.96826E-02  0.76308E+00 -0.50991E-03  0.26896E-02 -0.68532E+00 -0.53934E-01 -0.58182E+00 
  136.00  0.20746E+00 -0.23843E+00 -0.73657E-02 -0.98775E-02  0.76339E+00 -0.44466E-03  0.31151E-02 -0.69153E+00 -0.53386E-01 -0.58471E+00 
  137.00  0.20803E+00 -0.22599E+00 -0.74068E-02 -0.10031E-01  0.76368E+00 -0.38266E-03  0.35221E-02 -0.69738E+00 -0.52639E-01 -0.58724E+00 
  138.00  0.20859E+00 -0.21374E+00 -0.74023E-02 -0.10151E-01  0.76395E+00 -0.32598E-03  0.39078E-02 -0.70288E+00 -0.51700E-01 -0.58941E+00 
  139.00  0.20912E+00 -0.20167E+00 -0.73502E-02 -0.10244E-01  0.76419E+00 -0.27618E-03  0.42695E-02 -0.70806E+00 -0.50584E-01 -0.59124E+00 
  140.00  0.20965E+00 -0.18976E+00 -0.72495E-02 -0.10315E-01  0.76441E+00 -0.23424E-03  0.46045E-02 -0.71290E+00 -0.49309E-01 -0.59273E+00 
  141.00  0.21016E+00 -0.17801E+00 -0.70995E-02 -0.10372E-01  0.76459E+00 -0.20067E-03  0.49105E-02 -0.71742E+00 -0.47897E-01 -0.59388E+00 
  142.00  0.21067E+00 -0.16644E+00 -0.69004E-02 -0.10417E-01  0.76473E+00 -0.17547E-03  0.51848E-02 -0.72163E+00 -0.46374E-01 -0.59470E+00 
  143.00  0.21119E+00 -0.15504E+00 -0.66530E-02 -0.10455E-01  0.76484E+00 -0.15832E-03  0.54250E-02 -0.72551E+00 -0.44767E-01 -0.59519E+00 
  144.00  0.21171E+00 -0.14385E+00 -0.63590E-02 -0.10489E-01  0.76492E+00 -0.14860E-03  0.56288E-02 -0.72909E+00 -0.43101E-01 -0.59535E+00 
  145.00  0.21226E+00 -0.13288E+00 -0.60211E-02 -0.10522E-01  0.76495E+00 -0.14553E-03  0.57939E-02 -0.73235E+00 -0.41402E-01 -0.59519E+00 
  146.00  0.21283E+00 -0.12217E+00 -0.56431E-02 -0.10557E-01  0.76495E+00 -0.14825E-03  0.59184E-02 -0.73531E+00 -0.39696E-01 -0.59471E+00 
  147.00  0.21344E+00 -0.11174E+00 -0.52297E-02 -0.10595E-01  0.76490E+00 -0.15586E-03  0.60006E-02 -0.73797E+00 -0.38002E-01 -0.59392E+00 
  148.00  0.21411E+00 -0.10163E+00 -0.47872E-02 -0.10638E-01  0.76482E+00 -0.16747E-03  0.60391E-02 -0.74034E+00 -0.36338E-01 -0.59283E+00 
  149.00  0.21483E+00 -0.91871E-01 -0.43230E-02 -0.10689E-01  0.76471E+00 -0.18218E-03  0.60333E-02 -0.74244E+00 -0.34719E-01 -0.59147E+00 
  150.00  0.21563E+00 -0.82493E-01 -0.38460E-02 -0.10747E-01  0.76456E+00 -0.19906E-03  0.59831E-02 -0.74428E+00 -0.33153E-01 -0.58985E+00 
  151.00  0.21651E+00 -0.73528E-01 -0.33660E-02 -0.10813E-01  0.76438E+00 -0.21711E-03  0.58889E-02 -0.74587E+00 -0.31647E-01 -0.58799E+00 
  152.00  0.21749E+00 -0.64999E-01 -0.28939E-02 -0.10886E-01  0.76418E+00 -0.23526E-03  0.57522E-02 -0.74725E+00 -0.30200E-01 -0.58591E+00 
  153.00  0.21856E+00 -0.56929E-01 -0.24409E-02 -0.10963E-01  0.76395E+00 -0.25232E-03  0.55749E-02 -0.74842E+00 -0.28812E-01 -0.58363E+00 
  154.00  0.21974E+00 -0.49333E-01 -0.20181E-02 -0.11043E-01  0.76371E+00 -0.26704E-03  0.53598E-02 -0.74941E+00 -0.27477E-01 -0.58117E+00 
  155.00  0.22104E+00 -0.42222E-01 -0.16356E-02 -0.11121E-01  0.76346E+00 -0.27816E-03  0.51104E-02 -0.75024E+00 -0.26187E-01 -0.57856E+00 
  156.00  0.22246E+00 -0.35597E-01 -0.13021E-02 -0.11193E-01  0.76319E+00 -0.28455E-03  0.48309E-02 -0.75093E+00 -0.24934E-01 -0.57581E+00 
  157.00  0.22400E+00 -0.29457E-01 -0.10239E-02 -0.11255E-01  0.76291E+00 -0.28526E-03  0.45258E-02 -0.75150E+00 -0.23708E-01 -0.57296E+00 
  158.00  0.22566E+00 -0.23790E-01 -0.80441E-03 -0.11305E-01  0.76261E+00 -0.27973E-03  0.41999E-02 -0.75197E+00 -0.22502E-01 -0.57001E+00 
  159.00  0.22745E+00 -0.18586E-01 -0.64398E-03 -0.11338E-01  0.76231E+00 -0.26782E-03  0.38584E-02 -0.75237E+00 -0.21308E-01 -0.56701E+00 
  160.00  0.22937E+00 -0.13829E-01 -0.53952E-03 -0.11354E-01  0.76198E+00 -0.24988E-03  0.35064E-02 -0.75271E+00 -0.20119E-01 -0.56396E+00 
  161.00  0.23140E+00 -0.95078E-02 -0.48485E-03 -0.11352E-01  0.76163E+00 -0.22676E-03  0.31492E-02 -0.75301E+00 -0.18932E-01 -0.56088E+00 
  162.00  0.23355E+00 -0.56134E-02 -0.47122E-03 -0.11335E-01  0.76124E+00 -0.19972E-03  0.27921E-02 -0.75329E+00 -0.17743E-01 -0.55779E+00 
  163.00  0.23582E+00 -0.21454E-02 -0.48801E-03 -0.11305E-01  0.76083E+00 -0.17034E-03  0.24402E-02 -0.75355E+00 -0.16549E-01 -0.55468E+00 
  164.00  0.23820E+00  0.88916E-03 -0.52370E-03 -0.11266E-01  0.76037E+00 -0.14028E-03  0.20988E-02 -0.75380E+00 -0.15348E-01 -0.55154E+00 
  165.00  0.24069E+00  0.34751E-02 -0.56684E-03 -0.11222E-01  0.75987E+00 -0.11120E-03  0.17729E-02 -0.75405E+00 -0.14138E-01 -0.54837E+00 
  166.00  0.24328E+00  0.55922E-02 -0.60701E-03 -0.11179E-01  0.75933E+00 -0.84498E-04  0.14672E-02 -0.75428E+00 -0.12920E-01 -0.54514E+00 
  167.00  0.24597E+00  0.72191E-02 -0.63561E-03 -0.11139E-01  0.75875E+00 -0.61244E-04  0.11863E-02 -0.75448E+00 -0.11692E-01 -0.54184E+00 
  168.00  0.24875E+00  0.83398E-02 -0.64648E-03 -0.11108E-01  0.75815E+00 -0.42064E-04  0.93381E-03 -0.75465E+00 -0.10456E-01 -0.53846E+00 
  169.00  0.25159E+00  0.89495E-02 -0.63618E-03 -0.11087E-01  0.75753E+00 -0.27138E-04  0.71275E-03 -0.75476E+00 -0.92161E-02 -0.53500E+00 
  170.00  0.25448E+00  0.90614E-02 -0.60400E-03 -0.11078E-01  0.75692E+00 -0.16245E-04  0.52484E-03 -0.75481E+00 -0.79804E-02 -0.53146E+00 
  171.00  0.25738E+00  0.87114E-02 -0.55172E-03 -0.11081E-01  0.75631E+00 -0.88582E-05  0.37051E-03 -0.75479E+00 -0.67602E-02 -0.52788E+00 
  172.00  0.26023E+00  0.79604E-02 -0.48312E-03 -0.11094E-01  0.75574E+00 -0.42709E-05  0.24875E-03 -0.75470E+00 -0.55717E-02 -0.52432E+00 
  173.00  0.26299E+00  0.68933E-02 -0.40338E-03 -0.11117E-01  0.75520E+00 -0.17212E-05  0.15715E-03 -0.75455E+00 -0.44353E-02 -0.52084E+00 
  174.00  0.26559E+00  0.56157E-02 -0.31845E-03 -0.11145E-01  0.75473E+00 -0.50402E-06  0.92087E-04 -0.75435E+00 -0.33749E-02 -0.51753E+00 
  175.00  0.26795E+00  0.42466E-02 -0.23444E-03 -0.11176E-01  0.75431E+00 -0.47296E-07  0.49048E-04 -0.75412E+00 -0.24165E-02 -0.51450E+00 
  176.00  0.27001E+00  0.29100E-02 -0.15711E-03 -0.11207E-01  0.75396E+00  0.52872E-07  0.23048E-04 -0.75388E+00 -0.15868E-02 -0.51184E+00 
  177.00  0.27170E+00  0.17247E-02 -0.91493E-04 -0.11234E-01  0.75369E+00  0.35879E-07  0.91174E-05 -0.75366E+00 -0.91091E-03 -0.50965E+00 
  178.00  0.27295E+00  0.79538E-03 -0.41658E-04 -0.11255E-01  0.75350E+00  0.99397E-08  0.27823E-05 -0.75349E+00 -0.41086E-03 -0.50802E+00 
  179.00  0.27372E+00  0.20327E-03 -0.10564E-04 -0.11269E-01  0.75338E+00  0.73204E-09  0.50012E-06 -0.75338E+00 -0.10363E-03 -0.50702E+00 
  180.00  0.27398E+00  0.50746E-14 -0.26305E-15 -0.11274E-01  0.75334E+00  0.47274E-30  0.10760E-16 -0.75334E+00 -0.25761E-14 -0.50668E+00 
 scattering matrix expansion coefficients
    w  a11         a22         a33         a23         a32         a44         a12         a34         a13         a24         a14
    0  0.1000E+01  0.0000E+00  0.0000E+00  0.0000E+00  0.0000E+00  0.7736E+00  0.0000E+00  0.0000E+00  0.0000E+00  0.0000E+00  0.7003E-03
    1  0.2143E+01  0.0000E+00  0.0000E+00  0.0000E+00  0.0000E+00  0.2278E+01  0.0000E+00  0.0000E+00  0.0000E+00  0.0000E+00  0.3750E-02
    2  0.3032E+01  0.2164E+00  0.3797E+01 -0.4184E-06  0.4102E-02  0.3022E+01 -0.3426E+00 -0.2512E-01  0.7625E-03 -0.7051E-03  0.2038E-02
    3  0.3526E+01  0.4954E-01  0.3915E+01  0.2796E-06  0.6318E-02  0.3526E+01 -0.1764E+00 -0.1473E-01  0.1390E-02  0.9058E-04  0.4755E-02
    4  0.3912E+01  0.2538E-01  0.4179E+01 -0.5875E-06  0.5240E-02  0.3899E+01 -0.9654E-01 -0.2698E-01 -0.1473E-02  0.1310E-02  0.4882E-02
    5  0.4132E+01  0.7995E-02  0.4354E+01  0.3018E-06  0.3121E-02  0.4116E+01 -0.7549E-01 -0.1518E-01  0.6550E-03 -0.1286E-02  0.3387E-02
    6  0.4207E+01  0.2638E-02  0.4406E+01  0.2510E-06  0.2297E-02  0.4192E+01 -0.7978E-01 -0.2022E-01  0.6321E-03 -0.5765E-03  0.2876E-02
    7  0.4149E+01 -0.6603E-02  0.4332E+01  0.8764E-07  0.1805E-02  0.4157E+01 -0.1166E+00 -0.2902E-01 -0.1440E-03 -0.8340E-03  0.2764E-02
    8  0.4061E+01  0.3998E-02  0.4200E+01  0.2014E-06 -0.5436E-03  0.4057E+01 -0.1288E+00 -0.3968E-01  0.2133E-04  0.7943E-03  0.3623E-02
    9  0.3953E+01 -0.3327E-03  0.4069E+01  0.3463E-06 -0.2216E-02  0.3963E+01 -0.1239E+00 -0.4702E-01 -0.1937E-03  0.3687E-03  0.4942E-02
   10  0.3881E+01  0.8982E-02  0.3964E+01 -0.3230E-06 -0.1350E-02  0.3874E+01 -0.9211E-01 -0.4951E-01  0.4472E-03 -0.9744E-03  0.3643E-02
   11  0.3799E+01  0.7326E-02  0.3870E+01 -0.3990E-06  0.1383E-02  0.3790E+01 -0.7151E-01 -0.5037E-01  0.2576E-03 -0.7276E-03  0.1834E-02
   12  0.3690E+01  0.3845E-02  0.3757E+01 -0.4146E-06  0.4900E-02  0.3688E+01 -0.6961E-01 -0.5691E-01  0.2496E-03 -0.5392E-03  0.1070E-02
   13  0.3552E+01 -0.9189E-03  0.3616E+01 -0.2446E-07  0.7408E-02  0.3559E+01 -0.7580E-01 -0.6451E-01  0.8417E-05 -0.5317E-03  0.2741E-03
   14  0.3409E+01  0.2628E-02  0.3463E+01  0.4850E-07  0.7470E-02  0.3410E+01 -0.6445E-01 -0.7139E-01 -0.9433E-03 -0.4056E-03 -0.2559E-03
   15  0.3245E+01  0.4061E-02  0.3294E+01  0.1035E-06  0.6873E-02  0.3241E+01 -0.4672E-01 -0.7205E-01 -0.8424E-03 -0.1241E-04 -0.4704E-03
   16  0.3038E+01  0.4333E-02  0.3087E+01 -0.1211E-06  0.6841E-02  0.3034E+01 -0.3613E-01 -0.7009E-01 -0.3852E-03  0.8251E-04 -0.9809E-03
   17  0.2773E+01  0.2992E-02  0.2823E+01 -0.2134E-06  0.6724E-02  0.2770E+01 -0.3741E-01 -0.6596E-01 -0.2103E-03  0.4451E-05 -0.1682E-02
   18  0.2456E+01  0.1928E-02  0.2506E+01 -0.2078E-06  0.5506E-02  0.2454E+01 -0.4481E-01 -0.5970E-01 -0.7857E-03 -0.3047E-03 -0.2718E-02
   19  0.2107E+01  0.2002E-03  0.2156E+01 -0.1462E-06  0.3678E-02  0.2109E+01 -0.5570E-01 -0.5404E-01 -0.9642E-03 -0.3895E-03 -0.3228E-02
   20  0.1762E+01  0.4901E-03  0.1804E+01 -0.7818E-07  0.2367E-02  0.1763E+01 -0.5978E-01 -0.4957E-01 -0.7673E-03 -0.2356E-03 -0.2760E-02
   21  0.1442E+01  0.6648E-03  0.1477E+01 -0.4566E-07  0.1731E-02  0.1443E+01 -0.5640E-01 -0.4303E-01 -0.4181E-03 -0.1107E-03 -0.2007E-02
   22  0.1163E+01  0.9665E-03  0.1191E+01 -0.3104E-07  0.1144E-02  0.1163E+01 -0.4730E-01 -0.3393E-01 -0.1787E-03 -0.6341E-04 -0.1653E-02
   23  0.9246E+00  0.7649E-03  0.9463E+00 -0.2234E-07  0.3827E-03  0.9234E+00 -0.3761E-01 -0.2379E-01 -0.5742E-04  0.8705E-04 -0.1249E-02
   24  0.7178E+00  0.6354E-03  0.7354E+00 -0.2026E-07 -0.1831E-03  0.7165E+00 -0.3019E-01 -0.1436E-01 -0.2454E-04  0.1821E-03 -0.6493E-03
   25  0.5341E+00  0.1445E-03  0.5492E+00 -0.2474E-07 -0.3253E-03  0.5337E+00 -0.2714E-01 -0.6485E-02 -0.4802E-04  0.1618E-03 -0.1165E-03
   26  0.3732E+00 -0.8197E-04  0.3858E+00 -0.1478E-07 -0.1501E-03  0.3737E+00 -0.2612E-01 -0.1096E-02 -0.5763E-04  0.9458E-04  0.1592E-03
   27  0.2406E+00 -0.9906E-04  0.2501E+00 -0.6320E-08  0.6945E-04  0.2412E+00 -0.2432E-01  0.1616E-02 -0.6886E-04  0.5598E-04  0.2141E-03
   28  0.1416E+00  0.1382E-03  0.1479E+00 -0.1034E-08  0.1914E-03  0.1418E+00 -0.2003E-01  0.2179E-02 -0.6274E-04  0.3009E-04  0.1734E-03
   29  0.7560E-01  0.2918E-03  0.7918E-01  0.1652E-08  0.1931E-03  0.7543E-01 -0.1431E-01  0.1687E-02 -0.5272E-04  0.1574E-04  0.1104E-03
   30  0.3660E-01  0.3294E-03  0.3834E-01  0.2170E-08  0.1370E-03  0.3623E-01 -0.8803E-02  0.9788E-03 -0.3549E-04  0.5013E-05  0.5964E-04
   31  0.1607E-01  0.2537E-03  0.1680E-01  0.1611E-08  0.7658E-04  0.1573E-01 -0.4719E-02  0.4660E-03 -0.2055E-04  0.4950E-06  0.2798E-04
   32  0.6423E-02  0.1577E-03  0.6685E-02  0.7355E-09  0.3568E-04  0.6196E-02 -0.2222E-02  0.1868E-03 -0.9952E-05 -0.8267E-06  0.1152E-04
   33  0.2344E-02  0.8096E-04  0.2424E-02  0.2198E-09  0.1428E-04  0.2221E-02 -0.9301E-03  0.6532E-04 -0.4211E-05 -0.6771E-06  0.4232E-05
   34  0.7847E-03  0.3604E-04  0.8048E-03  0.6430E-12  0.5010E-05  0.7283E-03 -0.3491E-03  0.2006E-04 -0.1552E-05 -0.3443E-06  0.1404E-05
   35  0.2419E-03  0.1403E-04  0.2457E-03 -0.5107E-10  0.1565E-05  0.2194E-03 -0.1186E-03  0.5581E-05 -0.5111E-06 -0.1337E-06  0.4125E-06
   36  0.6899E-04  0.4887E-05  0.6932E-04 -0.4219E-10  0.4405E-06  0.6101E-04 -0.3671E-04  0.1416E-05 -0.1523E-06 -0.4268E-07  0.1114E-06
   37  0.1827E-04  0.1533E-05  0.1814E-04 -0.2361E-10  0.1118E-06  0.1573E-04 -0.1043E-04  0.3371E-06 -0.4110E-07 -0.1273E-07  0.2980E-07
   38  0.4506E-05  0.4387E-06  0.4419E-05 -0.1139E-10  0.2494E-07  0.3771E-05 -0.2733E-05  0.7574E-07 -0.9505E-08 -0.3744E-08  0.8640E-08
   39  0.1038E-05  0.1150E-06  0.1005E-05 -0.5385E-11  0.5023E-08  0.8435E-06 -0.6639E-06  0.1627E-07 -0.1956E-08 -0.1063E-08  0.2290E-08
   40  0.2247E-06  0.2790E-07  0.2145E-06 -0.2470E-11  0.9466E-09  0.1770E-06 -0.1504E-06  0.3393E-08 -0.3634E-09 -0.2822E-09  0.5591E-09
   41  0.4610E-07  0.6269E-08  0.4343E-07 -0.1083E-11  0.1661E-09  0.3529E-07 -0.3205E-07  0.7535E-09 -0.6402E-10 -0.6595E-10  0.1167E-09
   42  0.9330E-08  0.1330E-08  0.8711E-08 -0.4504E-12  0.3474E-10  0.7023E-08 -0.6612E-08  0.2225E-09 -0.1220E-10 -0.1702E-10  0.2589E-10
   43  0.1831E-08  0.2664E-09  0.1693E-08 -0.1710E-12  0.6110E-11  0.1370E-08 -0.1327E-08  0.6406E-10 -0.2228E-11 -0.4415E-11  0.6090E-11
   44  0.5249E-09  0.6700E-10  0.4947E-09 -0.6362E-13  0.1739E-11  0.4092E-09 -0.3592E-09  0.1917E-10 -0.4082E-12 -0.1317E-11  0.1653E-11
   45  0.7890E-10  0.1057E-10  0.7243E-10 -0.2094E-13  0.2318E-12  0.6130E-10 -0.5730E-10  0.5940E-11 -0.3398E-13 -0.3905E-12  0.4887E-12
   46  0.5411E-10  0.7186E-11  0.5070E-10 -0.6254E-14  0.1536E-12  0.4158E-10 -0.3749E-10  0.7803E-12 -0.2204E-13 -0.1376E-12  0.1828E-12
   47  0.3125E-11  0.4171E-12  0.2797E-11 -0.1734E-14  0.6275E-14  0.2479E-11 -0.2289E-11  0.3119E-12  0.1671E-14 -0.2852E-13  0.3114E-13
   48  0.4673E-11  0.7535E-12  0.4257E-11 -0.4222E-15  0.1281E-13  0.3340E-11 -0.3458E-11 -0.1392E-13 -0.2645E-14 -0.1100E-13  0.1684E-13
   49  0.7522E-13  0.1085E-13  0.6433E-13 -0.9198E-16  0.6271E-16  0.5976E-13 -0.5570E-13  0.7738E-14  0.1799E-15 -0.1310E-14  0.1205E-14
   50  0.2407E-12  0.4462E-13  0.2122E-12 -0.1888E-16  0.6816E-15  0.1602E-12 -0.1874E-12 -0.2582E-14 -0.1955E-15 -0.5346E-15  0.8782E-15
   51 -0.2512E-15 -0.1422E-15 -0.3449E-15 -0.4354E-17 -0.2838E-17  0.1308E-15  0.3882E-15  0.8477E-16  0.9435E-17 -0.4442E-16  0.3309E-16
   52  0.8634E-14  0.1841E-14  0.7562E-14 -0.5878E-18  0.2534E-16  0.5389E-14 -0.7090E-14 -0.1226E-15 -0.9409E-17 -0.1807E-16  0.3156E-16
