 input file is 
mstm22_512_6398_20_00226.inp  
 input file comments follow:
***********************************************************
  This is the default mstm input file for v.3.0.
  The run is for a 7-sphere cluster of identical spheres.   The positions
  are embedded in the input file.

  The run makes use of the new_run and multiple_run options.

  14 April 2013
***********************************************************
 number of processors:
   1
 input parameters for run number 
    1
 number of spheres, volume size parameter:
  512  0.51184E+01
 position file:
position/n512/a22.out                                       
 output file:
output/512/x6398/20/00226/mt_22_512_6398_20_00226.dat       
 length, ref. indx. scale factors:
   0.640   2.000   0.023
 chiral factors:
  0.00000E+00  0.00000E+00
 scattering matrix directions based on incident frame
 automatic scattering angle calculation
 thetamin, thetamax:
      0.0    180.0
 number scattering angles:
      181
 epsmie, epssoln, max number iterations:
  0.1000E-05  0.1000E-07 5000
 medium refractive index:
  1.0000  0.0000
 target euler rotation angles:
    0.0000    0.0000    0.0000
 far field kr, iterations/correction:
  0.1000E-07   20
 plane wave incidence
 random orientation calculations
 t matrix calculated, stored in file 
tmatrixfiles/tmf_22_512_6398_20_00226                       
 t matrix convergence epsilon:
  0.1000E-06
 all spheres excited (total T matrix) 
 calculation results for run 
    1
 total ext, abs, scat efficiencies, w.r.t. xv, and asym. parm
  0.72633E+01  0.31893E+00  0.69443E+01  0.73084E+00
 scattering matrix elements (normalized w/ S11)
   theta      11           12           13           14           22           23           24           33           34           44     
    0.00  0.13561E+03  0.00000E+00  0.00000E+00 -0.33547E-03  0.99978E+00  0.15253E-04  0.00000E+00  0.99978E+00  0.00000E+00  0.99962E+00
    1.00  0.13169E+03 -0.12679E-03 -0.22188E-06 -0.32473E-03  0.99977E+00 -0.72634E-05  0.42316E-07  0.99977E+00 -0.17280E-04  0.99961E+00
    2.00  0.12062E+03 -0.50881E-03 -0.87785E-06 -0.29199E-03  0.99975E+00 -0.74915E-04  0.17304E-06  0.99975E+00 -0.75472E-04  0.99957E+00
    3.00  0.10427E+03 -0.11501E-02 -0.19293E-05 -0.23593E-03  0.99971E+00 -0.18742E-03  0.40584E-06  0.99971E+00 -0.19239E-03  0.99949E+00
    4.00  0.85231E+02 -0.20540E-02 -0.32735E-05 -0.15540E-03  0.99964E+00 -0.34199E-03  0.77223E-06  0.99964E+00 -0.39172E-03  0.99936E+00
    5.00  0.66144E+02 -0.32160E-02 -0.46639E-05 -0.51879E-04  0.99954E+00 -0.52853E-03  0.13365E-05  0.99953E+00 -0.68674E-03  0.99917E+00
    6.00  0.49163E+02 -0.46114E-02 -0.55593E-05  0.65079E-04  0.99938E+00 -0.72070E-03  0.22156E-05  0.99936E+00 -0.10404E-02  0.99888E+00
    7.00  0.35581E+02 -0.61806E-02 -0.49228E-05  0.16877E-03  0.99914E+00 -0.86400E-03  0.35824E-05  0.99911E+00 -0.12902E-02  0.99844E+00
    8.00  0.25751E+02 -0.78385E-02 -0.12150E-05  0.20825E-03  0.99880E+00 -0.87488E-03  0.55809E-05  0.99878E+00 -0.10718E-02  0.99783E+00
    9.00  0.19275E+02 -0.95557E-02  0.68136E-05  0.12432E-03  0.99835E+00 -0.68411E-03  0.80679E-05  0.99836E+00  0.91906E-04  0.99706E+00
   10.00  0.15323E+02 -0.11497E-01  0.18449E-04 -0.96241E-04  0.99784E+00 -0.32615E-03  0.10334E-04  0.99790E+00  0.23625E-02  0.99619E+00
   11.00  0.12975E+02 -0.14012E-01  0.30472E-04 -0.38458E-03  0.99734E+00  0.41353E-04  0.11286E-04  0.99744E+00  0.52051E-02  0.99533E+00
   12.00  0.11469E+02 -0.17391E-01  0.39155E-04 -0.64195E-03  0.99689E+00  0.26091E-03  0.10032E-04  0.99695E+00  0.77029E-02  0.99448E+00
   13.00  0.10312E+02 -0.21684E-01  0.42123E-04 -0.81224E-03  0.99645E+00  0.28212E-03  0.61107E-05  0.99641E+00  0.91667E-02  0.99361E+00
   14.00  0.92615E+01 -0.26697E-01  0.38359E-04 -0.89257E-03  0.99601E+00  0.15050E-03 -0.62143E-06  0.99577E+00  0.93303E-02  0.99266E+00
   15.00  0.82507E+01 -0.32065E-01  0.27863E-04 -0.90883E-03  0.99552E+00 -0.42718E-04 -0.99704E-05  0.99503E+00  0.82570E-02  0.99157E+00
   16.00  0.72887E+01 -0.37359E-01  0.11948E-04 -0.89393E-03  0.99494E+00 -0.19397E-03 -0.21188E-04  0.99418E+00  0.62359E-02  0.99033E+00
   17.00  0.63981E+01 -0.42247E-01 -0.63846E-05 -0.87297E-03  0.99423E+00 -0.21050E-03 -0.32856E-04  0.99324E+00  0.36738E-02  0.98889E+00
   18.00  0.55894E+01 -0.46707E-01 -0.22863E-04 -0.85179E-03  0.99334E+00 -0.31632E-04 -0.43103E-04  0.99219E+00  0.92547E-03  0.98720E+00
   19.00  0.48643E+01 -0.51139E-01 -0.33344E-04 -0.81139E-03  0.99224E+00  0.35684E-03 -0.50081E-04  0.99096E+00 -0.18743E-02  0.98517E+00
   20.00  0.42265E+01 -0.56291E-01 -0.35616E-04 -0.71191E-03  0.99093E+00  0.91793E-03 -0.52482E-04  0.98948E+00 -0.48455E-02  0.98270E+00
   21.00  0.36879E+01 -0.63006E-01 -0.30874E-04 -0.50717E-03  0.98946E+00  0.15624E-02 -0.50014E-04  0.98767E+00 -0.82028E-02  0.97981E+00
   22.00  0.32624E+01 -0.71791E-01 -0.24182E-04 -0.16947E-03  0.98797E+00  0.21545E-02 -0.43833E-04  0.98556E+00 -0.11962E-01  0.97664E+00
   23.00  0.29563E+01 -0.82391E-01 -0.22775E-04  0.28395E-03  0.98667E+00  0.25454E-02 -0.36587E-04  0.98332E+00 -0.15714E-01  0.97352E+00
   24.00  0.27609E+01 -0.93726E-01 -0.31951E-04  0.78598E-03  0.98571E+00  0.26436E-02 -0.31408E-04  0.98120E+00 -0.18739E-01  0.97081E+00
   25.00  0.26520E+01 -0.10447E+00 -0.51381E-04  0.12523E-02  0.98509E+00  0.24722E-02 -0.30124E-04  0.97940E+00 -0.20468E-01  0.96870E+00
   26.00  0.25967E+01 -0.11381E+00 -0.75604E-04  0.16261E-02  0.98470E+00  0.21514E-02 -0.32293E-04  0.97794E+00 -0.20847E-01  0.96713E+00
   27.00  0.25624E+01 -0.12172E+00 -0.98040E-04  0.18947E-02  0.98437E+00  0.18233E-02 -0.35966E-04  0.97674E+00 -0.20262E-01  0.96586E+00
   28.00  0.25233E+01 -0.12869E+00 -0.11456E-03  0.20741E-02  0.98397E+00  0.15904E-02 -0.39334E-04  0.97561E+00 -0.19197E-01  0.96464E+00
   29.00  0.24629E+01 -0.13535E+00 -0.12467E-03  0.21891E-02  0.98344E+00  0.14967E-02 -0.42041E-04  0.97440E+00 -0.17966E-01  0.96325E+00
   30.00  0.23728E+01 -0.14223E+00 -0.13083E-03  0.22630E-02  0.98272E+00  0.15370E-02 -0.45742E-04  0.97293E+00 -0.16653E-01  0.96151E+00
   31.00  0.22508E+01 -0.14973E+00 -0.13700E-03  0.23173E-02  0.98176E+00  0.16739E-02 -0.53875E-04  0.97104E+00 -0.15202E-01  0.95920E+00
   32.00  0.20999E+01 -0.15813E+00 -0.14701E-03  0.23729E-02  0.98048E+00  0.18542E-02 -0.70719E-04  0.96854E+00 -0.13575E-01  0.95609E+00
   33.00  0.19280E+01 -0.16764E+00 -0.16295E-03  0.24498E-02  0.97879E+00  0.20185E-02 -0.99764E-04  0.96525E+00 -0.11904E-01  0.95194E+00
   34.00  0.17475E+01 -0.17841E+00 -0.18369E-03  0.25614E-02  0.97665E+00  0.21037E-02 -0.14147E-03  0.96099E+00 -0.10570E-01  0.94656E+00
   35.00  0.15730E+01 -0.19046E+00 -0.20352E-03  0.27028E-02  0.97408E+00  0.20427E-02 -0.19068E-03  0.95573E+00 -0.10160E-01  0.93994E+00
   36.00  0.14186E+01 -0.20355E+00 -0.21176E-03  0.28391E-02  0.97124E+00  0.17714E-02 -0.23497E-03  0.94962E+00 -0.11247E-01  0.93236E+00
   37.00  0.12931E+01 -0.21708E+00 -0.19496E-03  0.29046E-02  0.96840E+00  0.12519E-02 -0.25652E-03  0.94309E+00 -0.14029E-01  0.92446E+00
   38.00  0.11982E+01 -0.23024E+00 -0.14253E-03  0.28246E-02  0.96584E+00  0.50425E-03 -0.23924E-03  0.93669E+00 -0.18057E-01  0.91698E+00
   39.00  0.11285E+01 -0.24237E+00 -0.52927E-04  0.25526E-02  0.96365E+00 -0.38030E-03 -0.17723E-03  0.93085E+00 -0.22354E-01  0.91037E+00
   40.00  0.10745E+01 -0.25329E+00  0.64430E-04  0.20930E-02  0.96172E+00 -0.12656E-02 -0.77525E-04  0.92562E+00 -0.25927E-01  0.90460E+00
   41.00  0.10268E+01 -0.26329E+00  0.19242E-03  0.14924E-02  0.95978E+00 -0.20145E-02  0.44925E-04  0.92075E+00 -0.28231E-01  0.89922E+00
   42.00  0.97942E+00 -0.27297E+00  0.31077E-03  0.81413E-03  0.95761E+00 -0.25213E-02  0.17435E-03  0.91586E+00 -0.29264E-01  0.89373E+00
   43.00  0.93100E+00 -0.28291E+00  0.39969E-03  0.11732E-03  0.95513E+00 -0.27291E-02  0.29824E-03  0.91067E+00 -0.29378E-01  0.88782E+00
   44.00  0.88394E+00 -0.29354E+00  0.44384E-03 -0.55380E-03  0.95249E+00 -0.26459E-02  0.40817E-03  0.90504E+00 -0.29012E-01  0.88148E+00
   45.00  0.84181E+00 -0.30510E+00  0.43800E-03 -0.11764E-02  0.94996E+00 -0.23552E-02  0.49934E-03  0.89904E+00 -0.28509E-01  0.87494E+00
   46.00  0.80699E+00 -0.31757E+00  0.39200E-03 -0.17523E-02  0.94783E+00 -0.20011E-02  0.56982E-03  0.89275E+00 -0.28031E-01  0.86846E+00
   47.00  0.77949E+00 -0.33085E+00  0.32939E-03 -0.23026E-02  0.94622E+00 -0.17346E-02  0.61962E-03  0.88619E+00 -0.27611E-01  0.86209E+00
   48.00  0.75726E+00 -0.34484E+00  0.27834E-03 -0.28519E-02  0.94508E+00 -0.16425E-02  0.64933E-03  0.87925E+00 -0.27264E-01  0.85558E+00
   49.00  0.73760E+00 -0.35952E+00  0.25970E-03 -0.34079E-02  0.94418E+00 -0.17067E-02  0.65926E-03  0.87170E+00 -0.27071E-01  0.84853E+00
   50.00  0.71860E+00 -0.37494E+00  0.27923E-03 -0.39482E-02  0.94333E+00 -0.18151E-02  0.64972E-03  0.86338E+00 -0.27146E-01  0.84060E+00
   51.00  0.69982E+00 -0.39109E+00  0.32650E-03 -0.44199E-02  0.94241E+00 -0.18091E-02  0.62276E-03  0.85428E+00 -0.27525E-01  0.83171E+00
   52.00  0.68205E+00 -0.40780E+00  0.37925E-03 -0.47542E-02  0.94146E+00 -0.15472E-02  0.58419E-03  0.84459E+00 -0.28040E-01  0.82208E+00
   53.00  0.66625E+00 -0.42468E+00  0.41178E-03 -0.48929E-02  0.94053E+00 -0.96256E-03  0.54414E-03  0.83465E+00 -0.28292E-01  0.81213E+00
   54.00  0.65260E+00 -0.44124E+00  0.40463E-03 -0.48157E-02  0.93964E+00 -0.91446E-04  0.51479E-03  0.82477E+00 -0.27769E-01  0.80227E+00
   55.00  0.64000E+00 -0.45704E+00  0.35159E-03 -0.45509E-02  0.93871E+00  0.94429E-03  0.50574E-03  0.81504E+00 -0.26068E-01  0.79263E+00
   56.00  0.62635E+00 -0.47182E+00  0.26049E-03 -0.41634E-02  0.93753E+00  0.19895E-02  0.51969E-03  0.80530E+00 -0.23088E-01  0.78300E+00
   57.00  0.60942E+00 -0.48558E+00  0.14901E-03 -0.37288E-02  0.93585E+00  0.29083E-02  0.55050E-03  0.79518E+00 -0.19087E-01  0.77292E+00
   58.00  0.58782E+00 -0.49849E+00  0.39466E-04 -0.33098E-02  0.93345E+00  0.36089E-02  0.58413E-03  0.78420E+00 -0.14604E-01  0.76181E+00
   59.00  0.56157E+00 -0.51082E+00 -0.44090E-04 -0.29452E-02  0.93020E+00  0.40378E-02  0.60123E-03  0.77199E+00 -0.10317E-01  0.74925E+00
   60.00  0.53215E+00 -0.52286E+00 -0.76425E-04 -0.26509E-02  0.92615E+00  0.41626E-02  0.58090E-03  0.75833E+00 -0.69005E-02  0.73502E+00
   61.00  0.50191E+00 -0.53485E+00 -0.31897E-04 -0.24265E-02  0.92149E+00  0.39589E-02  0.50593E-03  0.74323E+00 -0.48696E-02  0.71921E+00
   62.00  0.47328E+00 -0.54702E+00  0.11180E-03 -0.22642E-02  0.91658E+00  0.34136E-02  0.36931E-03  0.72695E+00 -0.44519E-02  0.70221E+00
   63.00  0.44799E+00 -0.55947E+00  0.36620E-03 -0.21568E-02  0.91178E+00  0.25431E-02  0.17983E-03  0.70990E+00 -0.55092E-02  0.68454E+00
   64.00  0.42674E+00 -0.57221E+00  0.72395E-03 -0.21028E-02  0.90742E+00  0.14133E-02 -0.37093E-04  0.69248E+00 -0.75845E-02  0.66669E+00
   65.00  0.40921E+00 -0.58515E+00  0.11553E-02 -0.21058E-02  0.90358E+00  0.14501E-03 -0.24548E-03  0.67495E+00 -0.10075E-01  0.64892E+00
   66.00  0.39441E+00 -0.59812E+00  0.16125E-02 -0.21705E-02  0.90017E+00 -0.11056E-02 -0.40930E-03  0.65733E+00 -0.12443E-01  0.63119E+00
   67.00  0.38116E+00 -0.61095E+00  0.20401E-02 -0.22958E-02  0.89696E+00 -0.21809E-02 -0.50192E-03  0.63948E+00 -0.14338E-01  0.61327E+00
   68.00  0.36854E+00 -0.62352E+00  0.23871E-02 -0.24708E-02  0.89373E+00 -0.29557E-02 -0.51084E-03  0.62120E+00 -0.15595E-01  0.59490E+00
   69.00  0.35603E+00 -0.63576E+00  0.26166E-02 -0.26736E-02  0.89032E+00 -0.33621E-02 -0.43815E-03  0.60235E+00 -0.16163E-01  0.57592E+00
   70.00  0.34358E+00 -0.64767E+00  0.27135E-02 -0.28735E-02  0.88669E+00 -0.33994E-02 -0.29864E-03  0.58290E+00 -0.16033E-01  0.55630E+00
   71.00  0.33146E+00 -0.65931E+00  0.26879E-02 -0.30358E-02  0.88290E+00 -0.31316E-02 -0.11717E-03  0.56284E+00 -0.15225E-01  0.53614E+00
   72.00  0.32001E+00 -0.67077E+00  0.25723E-02 -0.31282E-02  0.87905E+00 -0.26673E-02  0.74810E-04  0.54223E+00 -0.13834E-01  0.51552E+00
   73.00  0.30955E+00 -0.68213E+00  0.24118E-02 -0.31267E-02  0.87527E+00 -0.21269E-02  0.24358E-03  0.52103E+00 -0.12083E-01  0.49447E+00
   74.00  0.30023E+00 -0.69342E+00  0.22491E-02 -0.30191E-02  0.87164E+00 -0.16053E-02  0.35805E-03  0.49915E+00 -0.10346E-01  0.47288E+00
   75.00  0.29204E+00 -0.70461E+00  0.21085E-02 -0.28055E-02  0.86820E+00 -0.11440E-02  0.39412E-03  0.47643E+00 -0.91010E-02  0.45058E+00
   76.00  0.28484E+00 -0.71558E+00  0.19879E-02 -0.24953E-02  0.86494E+00 -0.72641E-03  0.33730E-03  0.45273E+00 -0.88156E-02  0.42737E+00
   77.00  0.27842E+00 -0.72614E+00  0.18601E-02 -0.21034E-02  0.86181E+00 -0.29642E-03  0.18331E-03  0.42796E+00 -0.98182E-02  0.40315E+00
   78.00  0.27254E+00 -0.73608E+00  0.16853E-02 -0.16474E-02  0.85876E+00  0.20886E-03 -0.63005E-04  0.40220E+00 -0.12202E-01  0.37794E+00
   79.00  0.26696E+00 -0.74519E+00  0.14271E-02 -0.11462E-02  0.85574E+00  0.82612E-03 -0.38958E-03  0.37560E+00 -0.15802E-01  0.35194E+00
   80.00  0.26148E+00 -0.75329E+00  0.10686E-02 -0.62111E-03  0.85268E+00  0.15457E-02 -0.77918E-03  0.34844E+00 -0.20252E-01  0.32539E+00
   81.00  0.25596E+00 -0.76028E+00  0.62057E-03 -0.96862E-04  0.84953E+00  0.23095E-02 -0.12110E-02  0.32096E+00 -0.25095E-01  0.29859E+00
   82.00  0.25032E+00 -0.76611E+00  0.12153E-03  0.39725E-03  0.84626E+00  0.30263E-02 -0.16618E-02  0.29340E+00 -0.29897E-01  0.27178E+00
   83.00  0.24458E+00 -0.77083E+00 -0.37038E-03  0.82785E-03  0.84285E+00  0.35956E-02 -0.21068E-02  0.26588E+00 -0.34339E-01  0.24509E+00
   84.00  0.23882E+00 -0.77455E+00 -0.79113E-03  0.11599E-02  0.83932E+00  0.39352E-02 -0.25202E-02  0.23843E+00 -0.38251E-01  0.21856E+00
   85.00  0.23321E+00 -0.77746E+00 -0.10861E-02  0.13614E-02  0.83574E+00  0.40026E-02 -0.28771E-02  0.21096E+00 -0.41598E-01  0.19216E+00
   86.00  0.22794E+00 -0.77975E+00 -0.12237E-02  0.14100E-02  0.83225E+00  0.38064E-02 -0.31552E-02  0.18335E+00 -0.44425E-01  0.16579E+00
   87.00  0.22322E+00 -0.78160E+00 -0.12029E-02  0.12999E-02  0.82897E+00  0.34058E-02 -0.33393E-02  0.15549E+00 -0.46789E-01  0.13939E+00
   88.00  0.21918E+00 -0.78314E+00 -0.10546E-02  0.10473E-02  0.82607E+00  0.28977E-02 -0.34245E-02  0.12729E+00 -0.48707E-01  0.11294E+00
   89.00  0.21589E+00 -0.78442E+00 -0.83309E-03  0.69144E-03  0.82364E+00  0.23946E-02 -0.34194E-02  0.98794E-01 -0.50142E-01  0.86468E-01
   90.00  0.21330E+00 -0.78539E+00 -0.60335E-03  0.29001E-03  0.82172E+00  0.19996E-02 -0.33462E-02  0.70102E-01 -0.51017E-01  0.60093E-01
   91.00  0.21130E+00 -0.78591E+00 -0.42562E-03 -0.90566E-04  0.82026E+00  0.17870E-02 -0.32380E-02  0.41410E-01 -0.51256E-01  0.33960E-01
   92.00  0.20969E+00 -0.78582E+00 -0.34395E-03 -0.38730E-03  0.81915E+00  0.17913E-02 -0.31324E-02  0.12943E-01 -0.50831E-01  0.82216E-02
   93.00  0.20826E+00 -0.78493E+00 -0.38058E-03 -0.55192E-03  0.81823E+00  0.20083E-02 -0.30648E-02 -0.15089E-01 -0.49785E-01 -0.16998E-01
   94.00  0.20679E+00 -0.78308E+00 -0.53653E-03 -0.55855E-03  0.81735E+00  0.24029E-02 -0.30610E-02 -0.42529E-01 -0.48233E-01 -0.41628E-01
   95.00  0.20514E+00 -0.78015E+00 -0.79630E-03 -0.40688E-03  0.81638E+00  0.29212E-02 -0.31323E-02 -0.69303E-01 -0.46345E-01 -0.65659E-01
   96.00  0.20319E+00 -0.77608E+00 -0.11339E-02 -0.12110E-03  0.81523E+00  0.35012E-02 -0.32729E-02 -0.95422E-01 -0.44312E-01 -0.89148E-01
   97.00  0.20093E+00 -0.77084E+00 -0.15182E-02  0.25452E-03  0.81386E+00  0.40813E-02 -0.34601E-02 -0.12098E+00 -0.42316E-01 -0.11220E+00
   98.00  0.19840E+00 -0.76447E+00 -0.19172E-02  0.66263E-03  0.81227E+00  0.46069E-02 -0.36576E-02 -0.14611E+00 -0.40507E-01 -0.13496E+00
   99.00  0.19568E+00 -0.75699E+00 -0.23005E-02  0.10413E-02  0.81052E+00  0.50340E-02 -0.38211E-02 -0.17098E+00 -0.38984E-01 -0.15758E+00
  100.00  0.19290E+00 -0.74849E+00 -0.26415E-02  0.13336E-02  0.80866E+00  0.53328E-02 -0.39057E-02 -0.19575E+00 -0.37794E-01 -0.18019E+00
  101.00  0.19018E+00 -0.73904E+00 -0.29195E-02  0.14964E-02  0.80680E+00  0.54893E-02 -0.38747E-02 -0.22053E+00 -0.36936E-01 -0.20289E+00
  102.00  0.18762E+00 -0.72876E+00 -0.31215E-02  0.15076E-02  0.80500E+00  0.55067E-02 -0.37065E-02 -0.24535E+00 -0.36372E-01 -0.22570E+00
  103.00  0.18533E+00 -0.71777E+00 -0.32442E-02  0.13700E-02  0.80336E+00  0.54047E-02 -0.33994E-02 -0.27018E+00 -0.36042E-01 -0.24858E+00
  104.00  0.18335E+00 -0.70620E+00 -0.32945E-02  0.11101E-02  0.80193E+00  0.52159E-02 -0.29721E-02 -0.29491E+00 -0.35875E-01 -0.27143E+00
  105.00  0.18170E+00 -0.69419E+00 -0.32887E-02  0.77345E-03  0.80075E+00  0.49807E-02 -0.24596E-02 -0.31939E+00 -0.35804E-01 -0.29410E+00
  106.00  0.18039E+00 -0.68186E+00 -0.32492E-02  0.41562E-03  0.79985E+00  0.47401E-02 -0.19064E-02 -0.34345E+00 -0.35769E-01 -0.31642E+00
  107.00  0.17938E+00 -0.66931E+00 -0.31990E-02  0.92263E-04  0.79925E+00  0.45285E-02 -0.13575E-02 -0.36696E+00 -0.35729E-01 -0.33824E+00
  108.00  0.17862E+00 -0.65659E+00 -0.31565E-02 -0.15024E-03  0.79894E+00  0.43675E-02 -0.85108E-03 -0.38982E+00 -0.35663E-01 -0.35945E+00
  109.00  0.17808E+00 -0.64371E+00 -0.31297E-02 -0.28173E-03  0.79892E+00  0.42626E-02 -0.41332E-03 -0.41199E+00 -0.35568E-01 -0.37998E+00
  110.00  0.17770E+00 -0.63066E+00 -0.31133E-02 -0.29165E-03  0.79918E+00  0.42032E-02 -0.56753E-04 -0.43344E+00 -0.35466E-01 -0.39980E+00
  111.00  0.17745E+00 -0.61738E+00 -0.30883E-02 -0.18888E-03  0.79971E+00  0.41655E-02  0.21837E-03 -0.45421E+00 -0.35396E-01 -0.41891E+00
  112.00  0.17730E+00 -0.60385E+00 -0.30250E-02  0.13821E-05  0.80050E+00  0.41182E-02  0.42043E-03 -0.47433E+00 -0.35414E-01 -0.43733E+00
  113.00  0.17726E+00 -0.59002E+00 -0.28888E-02  0.24291E-03  0.80154E+00  0.40294E-02  0.56200E-03 -0.49383E+00 -0.35578E-01 -0.45510E+00
  114.00  0.17731E+00 -0.57589E+00 -0.26472E-02  0.49460E-03  0.80280E+00  0.38728E-02  0.65574E-03 -0.51272E+00 -0.35944E-01 -0.47222E+00
  115.00  0.17747E+00 -0.56146E+00 -0.22771E-02  0.71660E-03  0.80426E+00  0.36332E-02  0.71156E-03 -0.53098E+00 -0.36553E-01 -0.48870E+00
  116.00  0.17774E+00 -0.54680E+00 -0.17700E-02  0.87551E-03  0.80588E+00  0.33089E-02  0.73535E-03 -0.54860E+00 -0.37423E-01 -0.50453E+00
  117.00  0.17813E+00 -0.53195E+00 -0.11349E-02  0.94807E-03  0.80761E+00  0.29119E-02  0.72925E-03 -0.56554E+00 -0.38542E-01 -0.51968E+00
  118.00  0.17864E+00 -0.51698E+00 -0.39743E-03  0.92289E-03  0.80939E+00  0.24651E-02  0.69313E-03 -0.58178E+00 -0.39868E-01 -0.53413E+00
  119.00  0.17927E+00 -0.50195E+00  0.40381E-03  0.80033E-03  0.81119E+00  0.19978E-02  0.62643E-03 -0.59730E+00 -0.41335E-01 -0.54786E+00
  120.00  0.17999E+00 -0.48690E+00  0.12235E-02  0.59084E-03  0.81295E+00  0.15410E-02  0.52992E-03 -0.61211E+00 -0.42859E-01 -0.56087E+00
  121.00  0.18080E+00 -0.47185E+00  0.20160E-02  0.31221E-03  0.81464E+00  0.11224E-02  0.40684E-03 -0.62622E+00 -0.44350E-01 -0.57315E+00
  122.00  0.18167E+00 -0.45682E+00  0.27417E-02 -0.13490E-04  0.81623E+00  0.76325E-03  0.26314E-03 -0.63966E+00 -0.45720E-01 -0.58473E+00
  123.00  0.18258E+00 -0.44181E+00  0.33711E-02 -0.36285E-03  0.81771E+00  0.47672E-03  0.10694E-03 -0.65247E+00 -0.46893E-01 -0.59562E+00
  124.00  0.18353E+00 -0.42682E+00  0.38872E-02 -0.71349E-03  0.81908E+00  0.26754E-03 -0.52622E-04 -0.66468E+00 -0.47806E-01 -0.60586E+00
  125.00  0.18449E+00 -0.41186E+00  0.42856E-02 -0.10457E-02  0.82036E+00  0.13306E-03 -0.20684E-03 -0.67631E+00 -0.48414E-01 -0.61546E+00
  126.00  0.18549E+00 -0.39696E+00  0.45731E-02 -0.13435E-02  0.82156E+00  0.64814E-04 -0.34876E-03 -0.68739E+00 -0.48689E-01 -0.62447E+00
  127.00  0.18650E+00 -0.38217E+00  0.47648E-02 -0.15949E-02  0.82272E+00  0.50262E-04 -0.47408E-03 -0.69793E+00 -0.48617E-01 -0.63292E+00
  128.00  0.18754E+00 -0.36751E+00  0.48813E-02 -0.17923E-02  0.82385E+00  0.74420E-04 -0.58152E-03 -0.70794E+00 -0.48200E-01 -0.64082E+00
  129.00  0.18862E+00 -0.35303E+00  0.49455E-02 -0.19319E-02  0.82500E+00  0.12137E-03 -0.67249E-03 -0.71744E+00 -0.47452E-01 -0.64823E+00
  130.00  0.18974E+00 -0.33878E+00  0.49797E-02 -0.20140E-02  0.82617E+00  0.17566E-03 -0.75020E-03 -0.72643E+00 -0.46397E-01 -0.65519E+00
  131.00  0.19089E+00 -0.32477E+00  0.50033E-02 -0.20416E-02  0.82739E+00  0.22360E-03 -0.81851E-03 -0.73495E+00 -0.45071E-01 -0.66173E+00
  132.00  0.19207E+00 -0.31103E+00  0.50311E-02 -0.20201E-02  0.82866E+00  0.25457E-03 -0.88078E-03 -0.74302E+00 -0.43519E-01 -0.66789E+00
  133.00  0.19328E+00 -0.29754E+00  0.50725E-02 -0.19561E-02  0.82997E+00  0.26195E-03 -0.93903E-03 -0.75068E+00 -0.41793E-01 -0.67373E+00
  134.00  0.19448E+00 -0.28430E+00  0.51312E-02 -0.18557E-02  0.83131E+00  0.24365E-03 -0.99362E-03 -0.75795E+00 -0.39951E-01 -0.67926E+00
  135.00  0.19568E+00 -0.27129E+00  0.52063E-02 -0.17239E-02  0.83266E+00  0.20200E-03 -0.10436E-02 -0.76485E+00 -0.38051E-01 -0.68452E+00
  136.00  0.19685E+00 -0.25848E+00  0.52929E-02 -0.15633E-02  0.83402E+00  0.14283E-03 -0.10872E-02 -0.77140E+00 -0.36150E-01 -0.68950E+00
  137.00  0.19797E+00 -0.24586E+00  0.53848E-02 -0.13742E-02  0.83535E+00  0.74084E-04 -0.11232E-02 -0.77760E+00 -0.34299E-01 -0.69421E+00
  138.00  0.19903E+00 -0.23342E+00  0.54753E-02 -0.11545E-02  0.83663E+00  0.41418E-05 -0.11514E-02 -0.78345E+00 -0.32545E-01 -0.69863E+00
  139.00  0.20001E+00 -0.22114E+00  0.55591E-02 -0.90087E-03  0.83784E+00 -0.59642E-04 -0.11732E-02 -0.78895E+00 -0.30923E-01 -0.70274E+00
  140.00  0.20092E+00 -0.20903E+00  0.56327E-02 -0.61000E-03  0.83897E+00 -0.11191E-03 -0.11921E-02 -0.79408E+00 -0.29459E-01 -0.70651E+00
  141.00  0.20174E+00 -0.19710E+00  0.56943E-02 -0.27980E-03  0.83999E+00 -0.14956E-03 -0.12127E-02 -0.79885E+00 -0.28167E-01 -0.70994E+00
  142.00  0.20248E+00 -0.18537E+00  0.57436E-02  0.89298E-04  0.84091E+00 -0.17147E-03 -0.12402E-02 -0.80326E+00 -0.27054E-01 -0.71299E+00
  143.00  0.20314E+00 -0.17386E+00  0.57807E-02  0.49354E-03  0.84172E+00 -0.17777E-03 -0.12795E-02 -0.80729E+00 -0.26114E-01 -0.71565E+00
  144.00  0.20375E+00 -0.16262E+00  0.58053E-02  0.92551E-03  0.84242E+00 -0.16922E-03 -0.13334E-02 -0.81097E+00 -0.25337E-01 -0.71791E+00
  145.00  0.20431E+00 -0.15167E+00  0.58170E-02  0.13743E-02  0.84302E+00 -0.14678E-03 -0.14025E-02 -0.81431E+00 -0.24705E-01 -0.71976E+00
  146.00  0.20484E+00 -0.14105E+00  0.58151E-02  0.18262E-02  0.84353E+00 -0.11163E-03 -0.14844E-02 -0.81731E+00 -0.24200E-01 -0.72123E+00
  147.00  0.20537E+00 -0.13078E+00  0.57991E-02  0.22656E-02  0.84397E+00 -0.65439E-04 -0.15738E-02 -0.82002E+00 -0.23799E-01 -0.72234E+00
  148.00  0.20591E+00 -0.12090E+00  0.57697E-02  0.26767E-02  0.84435E+00 -0.10728E-04 -0.16628E-02 -0.82244E+00 -0.23481E-01 -0.72311E+00
  149.00  0.20648E+00 -0.11140E+00  0.57288E-02  0.30444E-02  0.84468E+00  0.48975E-04 -0.17420E-02 -0.82464E+00 -0.23223E-01 -0.72360E+00
  150.00  0.20711E+00 -0.10229E+00  0.56798E-02  0.33558E-02  0.84499E+00  0.10936E-03 -0.18016E-02 -0.82662E+00 -0.23005E-01 -0.72385E+00
  151.00  0.20779E+00 -0.93573E-01  0.56263E-02  0.36013E-02  0.84527E+00  0.16590E-03 -0.18321E-02 -0.82845E+00 -0.22805E-01 -0.72392E+00
  152.00  0.20855E+00 -0.85237E-01  0.55720E-02  0.37753E-02  0.84555E+00  0.21473E-03 -0.18258E-02 -0.83014E+00 -0.22602E-01 -0.72384E+00
  153.00  0.20938E+00 -0.77274E-01  0.55195E-02  0.38761E-02  0.84583E+00  0.25330E-03 -0.17774E-02 -0.83171E+00 -0.22377E-01 -0.72365E+00
  154.00  0.21030E+00 -0.69677E-01  0.54699E-02  0.39061E-02  0.84611E+00  0.28084E-03 -0.16849E-02 -0.83320E+00 -0.22108E-01 -0.72337E+00
  155.00  0.21132E+00 -0.62442E-01  0.54229E-02  0.38712E-02  0.84640E+00  0.29821E-03 -0.15493E-02 -0.83459E+00 -0.21778E-01 -0.72302E+00
  156.00  0.21242E+00 -0.55568E-01  0.53772E-02  0.37804E-02  0.84670E+00  0.30739E-03 -0.13756E-02 -0.83590E+00 -0.21374E-01 -0.72260E+00
  157.00  0.21363E+00 -0.49054E-01  0.53311E-02  0.36443E-02  0.84700E+00  0.31062E-03 -0.11714E-02 -0.83712E+00 -0.20886E-01 -0.72211E+00
  158.00  0.21492E+00 -0.42901E-01  0.52831E-02  0.34748E-02  0.84731E+00  0.30956E-03 -0.94703E-03 -0.83825E+00 -0.20311E-01 -0.72152E+00
  159.00  0.21632E+00 -0.37105E-01  0.52321E-02  0.32838E-02  0.84761E+00  0.30483E-03 -0.71363E-03 -0.83928E+00 -0.19651E-01 -0.72084E+00
  160.00  0.21781E+00 -0.31663E-01  0.51765E-02  0.30818E-02  0.84789E+00  0.29594E-03 -0.48243E-03 -0.84021E+00 -0.18913E-01 -0.72006E+00
  161.00  0.21939E+00 -0.26568E-01  0.51141E-02  0.28777E-02  0.84814E+00  0.28178E-03 -0.26326E-03 -0.84105E+00 -0.18106E-01 -0.71915E+00
  162.00  0.22106E+00 -0.21814E-01  0.50406E-02  0.26779E-02  0.84835E+00  0.26135E-03 -0.63748E-04 -0.84178E+00 -0.17242E-01 -0.71813E+00
  163.00  0.22282E+00 -0.17396E-01  0.49499E-02  0.24866E-02  0.84852E+00  0.23447E-03  0.11108E-03 -0.84243E+00 -0.16331E-01 -0.71699E+00
  164.00  0.22468E+00 -0.13314E-01  0.48335E-02  0.23058E-02  0.84862E+00  0.20227E-03  0.25865E-03 -0.84298E+00 -0.15379E-01 -0.71572E+00
  165.00  0.22662E+00 -0.95725E-02  0.46825E-02  0.21369E-02  0.84866E+00  0.16705E-03  0.37817E-03 -0.84345E+00 -0.14392E-01 -0.71433E+00
  166.00  0.22866E+00 -0.61796E-02  0.44881E-02  0.19810E-02  0.84862E+00  0.13187E-03  0.46988E-03 -0.84385E+00 -0.13370E-01 -0.71283E+00
  167.00  0.23080E+00 -0.31520E-02  0.42443E-02  0.18397E-02  0.84850E+00  0.99723E-04  0.53439E-03 -0.84419E+00 -0.12314E-01 -0.71121E+00
  168.00  0.23304E+00 -0.51421E-03  0.39483E-02  0.17155E-02  0.84829E+00  0.72771E-04  0.57223E-03 -0.84446E+00 -0.11222E-01 -0.70948E+00
  169.00  0.23537E+00  0.16989E-02  0.36022E-02  0.16110E-02  0.84798E+00  0.51927E-04  0.58402E-03 -0.84468E+00 -0.10095E-01 -0.70761E+00
  170.00  0.23780E+00  0.34437E-02  0.32126E-02  0.15285E-02  0.84758E+00  0.36837E-04  0.57076E-03 -0.84483E+00 -0.89348E-02 -0.70560E+00
  171.00  0.24033E+00  0.46740E-02  0.27900E-02  0.14694E-02  0.84708E+00  0.26281E-04  0.53438E-03 -0.84489E+00 -0.77465E-02 -0.70342E+00
  172.00  0.24292E+00  0.53538E-02  0.23478E-02  0.14332E-02  0.84649E+00  0.18771E-04  0.47816E-03 -0.84485E+00 -0.65410E-02 -0.70104E+00
  173.00  0.24555E+00  0.54748E-02  0.19015E-02  0.14175E-02  0.84582E+00  0.13086E-04  0.40683E-03 -0.84469E+00 -0.53366E-02 -0.69848E+00
  174.00  0.24817E+00  0.50748E-02  0.14678E-02  0.14184E-02  0.84511E+00  0.85433E-05  0.32634E-03 -0.84440E+00 -0.41600E-02 -0.69577E+00
  175.00  0.25068E+00  0.42499E-02  0.10636E-02  0.14309E-02  0.84439E+00  0.49598E-05  0.24341E-03 -0.84401E+00 -0.30473E-02 -0.69302E+00
  176.00  0.25298E+00  0.31547E-02  0.70512E-03  0.14496E-02  0.84371E+00  0.23957E-05  0.16479E-03 -0.84354E+00 -0.20420E-02 -0.69037E+00
  177.00  0.25495E+00  0.19864E-02  0.40782E-03  0.14696E-02  0.84312E+00  0.86704E-06  0.96684E-04 -0.84306E+00 -0.11923E-02 -0.68801E+00
  178.00  0.25647E+00  0.95580E-03  0.18494E-03  0.14869E-02  0.84266E+00  0.18899E-06  0.44244E-04 -0.84265E+00 -0.54464E-03 -0.68615E+00
  179.00  0.25743E+00  0.25050E-03  0.46801E-04  0.14984E-02  0.84236E+00  0.12541E-07  0.11252E-04 -0.84236E+00 -0.13847E-03 -0.68494E+00
  180.00  0.25776E+00  0.63063E-14  0.11646E-14  0.15025E-02  0.84226E+00  0.78591E-29  0.28046E-15 -0.84226E+00 -0.34512E-14 -0.68453E+00
 scattering matrix expansion coefficients
    w  a11         a22         a33         a23         a32         a44         a12         a34         a13         a24         a14
    0  0.1000E+01  0.0000E+00  0.0000E+00  0.0000E+00  0.0000E+00  0.7888E+00  0.0000E+00  0.0000E+00  0.0000E+00  0.0000E+00 -0.1619E-03
    1  0.2193E+01  0.0000E+00  0.0000E+00  0.0000E+00  0.0000E+00  0.2348E+01  0.0000E+00  0.0000E+00  0.0000E+00  0.0000E+00 -0.3447E-03
    2  0.3125E+01  0.2234E+00  0.3881E+01  0.1370E-08  0.5435E-03  0.3103E+01 -0.3458E+00 -0.1814E-01  0.2720E-03 -0.3950E-03  0.4469E-03
    3  0.3644E+01  0.4422E-01  0.4045E+01  0.3788E-07 -0.6094E-03  0.3655E+01 -0.2090E+00 -0.7841E-02 -0.1254E-03  0.2953E-03  0.3931E-03
    4  0.4073E+01  0.2766E-01  0.4337E+01 -0.3869E-07  0.2306E-03  0.4076E+01 -0.1516E+00 -0.1839E-01  0.9984E-03  0.4002E-03  0.2399E-04
    5  0.4406E+01  0.1442E-01  0.4604E+01 -0.1435E-07 -0.1473E-02  0.4408E+01 -0.1123E+00 -0.1559E-01 -0.1468E-02  0.3208E-04 -0.2201E-02
    6  0.4668E+01  0.9005E-02  0.4828E+01 -0.2227E-07 -0.2779E-02  0.4669E+01 -0.8049E-01 -0.1388E-01  0.2212E-03 -0.7683E-03 -0.3433E-02
    7  0.4850E+01  0.3315E-02  0.4989E+01  0.1759E-07 -0.2978E-02  0.4855E+01 -0.6811E-01 -0.3554E-02  0.1471E-03 -0.1119E-04 -0.3052E-02
    8  0.4981E+01  0.6280E-02  0.5094E+01 -0.1520E-07 -0.4119E-02  0.4973E+01 -0.6092E-01  0.5029E-02  0.5678E-04  0.1468E-03 -0.2401E-02
    9  0.5055E+01 -0.5045E-02  0.5161E+01 -0.2355E-07 -0.5018E-02  0.5067E+01 -0.6467E-01  0.6001E-02 -0.2876E-03 -0.2830E-03 -0.8830E-04
   10  0.5133E+01  0.2912E-02  0.5216E+01 -0.3565E-07 -0.4427E-02  0.5135E+01 -0.4798E-01  0.2859E-02  0.1932E-03  0.4565E-04  0.1045E-02
   11  0.5186E+01  0.2672E-02  0.5259E+01  0.1455E-07 -0.2986E-02  0.5187E+01 -0.2261E-01  0.1045E-01 -0.3085E-03  0.3532E-03  0.1989E-02
   12  0.5200E+01  0.4406E-02  0.5267E+01  0.9549E-09 -0.9280E-03  0.5193E+01 -0.3859E-02  0.1497E-01  0.5204E-03  0.2400E-03  0.2345E-02
   13  0.5141E+01  0.1258E-03  0.5211E+01  0.2585E-07  0.2523E-03  0.5140E+01 -0.2758E-02  0.1871E-01  0.5496E-03 -0.1818E-03  0.1248E-02
   14  0.5019E+01  0.1037E-03  0.5088E+01 -0.9730E-08 -0.5851E-03  0.5018E+01 -0.1277E-01  0.2176E-01  0.3893E-04 -0.5430E-04  0.3364E-03
   15  0.4847E+01 -0.1361E-02  0.4912E+01 -0.6855E-08 -0.2332E-02  0.4848E+01 -0.3178E-01  0.2323E-01 -0.4610E-03 -0.2703E-03 -0.4109E-03
   16  0.4664E+01 -0.2791E-02  0.4722E+01  0.8399E-08 -0.2614E-02  0.4668E+01 -0.4597E-01  0.2163E-01 -0.4492E-04  0.1439E-04 -0.3778E-03
   17  0.4503E+01 -0.1357E-02  0.4552E+01  0.1499E-07 -0.1542E-02  0.4507E+01 -0.4414E-01  0.1485E-01  0.6523E-05  0.1954E-03 -0.3020E-04
   18  0.4376E+01  0.2808E-02  0.4413E+01  0.8915E-08 -0.3454E-03  0.4373E+01 -0.2823E-01  0.5481E-02  0.2711E-03  0.7596E-04 -0.3227E-03
   19  0.4262E+01  0.1459E-02  0.4295E+01  0.2443E-08 -0.3169E-03  0.4260E+01 -0.1937E-01  0.2791E-03  0.3402E-04 -0.1209E-03 -0.1415E-02
   20  0.4154E+01 -0.6296E-04  0.4185E+01 -0.8520E-08 -0.9470E-03  0.4154E+01 -0.1787E-01 -0.3094E-02 -0.1347E-03  0.1043E-03 -0.2001E-02
   21  0.4048E+01 -0.1129E-02  0.4076E+01  0.1029E-08 -0.8434E-03  0.4050E+01 -0.1638E-01 -0.7899E-02  0.7909E-04  0.4054E-03 -0.1828E-02
   22  0.3937E+01  0.3083E-04  0.3963E+01 -0.4506E-08 -0.4249E-03  0.3937E+01 -0.1077E-01 -0.1381E-01  0.1385E-03  0.1641E-03 -0.2042E-02
   23  0.3807E+01 -0.1020E-02  0.3833E+01  0.1616E-07 -0.2155E-03  0.3808E+01 -0.6344E-02 -0.1744E-01 -0.6921E-04 -0.1699E-03 -0.2279E-02
   24  0.3648E+01 -0.1329E-02  0.3676E+01  0.1357E-07  0.1610E-03  0.3651E+01 -0.9791E-03 -0.1714E-01  0.7887E-04 -0.1709E-03 -0.2077E-02
   25  0.3454E+01  0.8707E-03  0.3481E+01  0.3047E-08  0.3040E-03  0.3453E+01  0.5692E-02 -0.1325E-01  0.7259E-04 -0.1568E-04 -0.2012E-02
   26  0.3219E+01  0.2813E-02  0.3245E+01  0.7385E-09 -0.1012E-03  0.3213E+01  0.6966E-02 -0.9716E-02 -0.2455E-03  0.3196E-04 -0.2154E-02
   27  0.2946E+01  0.8753E-03  0.2973E+01  0.8310E-08 -0.1946E-03  0.2943E+01 -0.3182E-02 -0.9743E-02 -0.3138E-03  0.2554E-04 -0.2168E-02
   28  0.2660E+01 -0.1206E-02  0.2687E+01  0.1017E-07  0.7115E-03  0.2661E+01 -0.1600E-01 -0.1280E-01 -0.6866E-04  0.7996E-04 -0.1981E-02
   29  0.2386E+01 -0.1264E-02  0.2410E+01  0.4318E-08  0.2160E-02  0.2388E+01 -0.2265E-01 -0.1541E-01  0.1117E-03  0.7937E-05 -0.1888E-02
   30  0.2137E+01 -0.1865E-03  0.2157E+01  0.1426E-08  0.3266E-02  0.2136E+01 -0.2230E-01 -0.1579E-01  0.7177E-04 -0.6525E-04 -0.1928E-02
   31  0.1908E+01 -0.1466E-03  0.1926E+01  0.2743E-08  0.3670E-02  0.1908E+01 -0.2094E-01 -0.1433E-01 -0.1036E-03 -0.2442E-04 -0.1995E-02
   32  0.1698E+01 -0.5906E-03  0.1714E+01  0.3098E-08  0.3591E-02  0.1698E+01 -0.2163E-01 -0.1204E-01 -0.2132E-03  0.1610E-04 -0.2067E-02
   33  0.1505E+01 -0.8528E-03  0.1519E+01  0.2128E-08  0.3369E-02  0.1506E+01 -0.2330E-01 -0.9444E-02 -0.1569E-03 -0.1395E-04 -0.2118E-02
   34  0.1328E+01 -0.5696E-03  0.1341E+01  0.1631E-08  0.3080E-02  0.1329E+01 -0.2274E-01 -0.6878E-02 -0.7533E-04 -0.4919E-04 -0.2048E-02
   35  0.1167E+01 -0.1774E-03  0.1178E+01  0.1512E-08  0.2710E-02  0.1168E+01 -0.1948E-01 -0.4760E-02 -0.6116E-04 -0.5269E-04 -0.1820E-02
   36  0.1017E+01  0.2375E-03  0.1026E+01  0.1159E-08  0.2364E-02  0.1017E+01 -0.1520E-01 -0.3187E-02 -0.5840E-04 -0.3079E-04 -0.1491E-02
   37  0.8716E+00  0.4269E-03  0.8803E+00  0.4775E-09  0.2171E-02  0.8713E+00 -0.1252E-01 -0.1717E-02 -0.4117E-05  0.4976E-05 -0.1172E-02
   38  0.7318E+00  0.3445E-03  0.7398E+00 -0.2269E-09  0.2038E-02  0.7316E+00 -0.1240E-01 -0.2571E-03  0.5011E-04  0.3569E-04 -0.9495E-03
   39  0.6022E+00  0.5308E-04  0.6093E+00 -0.6641E-09  0.1771E-02  0.6025E+00 -0.1358E-01  0.7582E-03  0.4531E-04  0.4741E-04 -0.8189E-03
   40  0.4894E+00 -0.4312E-04  0.4955E+00 -0.9382E-09  0.1356E-02  0.4901E+00 -0.1332E-01  0.1097E-02  0.1423E-04  0.3315E-04 -0.7279E-03
   41  0.3967E+00  0.1379E-03  0.4015E+00 -0.9947E-09  0.9265E-03  0.3974E+00 -0.1043E-01  0.1277E-02 -0.1188E-04  0.1220E-04 -0.6183E-03
   42  0.3213E+00  0.4380E-03  0.3250E+00 -0.1135E-08  0.6417E-03  0.3216E+00 -0.6030E-02  0.1929E-02 -0.1045E-04 -0.3833E-05 -0.4727E-03
   43  0.2571E+00  0.5688E-03  0.2602E+00 -0.1226E-08  0.5253E-03  0.2572E+00 -0.2432E-02  0.3107E-02  0.1896E-05 -0.9757E-05 -0.3102E-03
   44  0.1994E+00  0.4835E-03  0.2021E+00 -0.8902E-09  0.4968E-03  0.1995E+00 -0.9282E-03  0.4243E-02  0.8956E-05 -0.8161E-05 -0.1658E-03
   45  0.1469E+00  0.2830E-03  0.1493E+00 -0.4338E-09  0.4632E-03  0.1471E+00 -0.1237E-02  0.4733E-02  0.4734E-05 -0.2994E-05 -0.6120E-04
   46  0.1014E+00  0.1150E-03  0.1034E+00 -0.2965E-09  0.3870E-03  0.1016E+00 -0.2174E-02  0.4390E-02 -0.4442E-05  0.1638E-05 -0.8857E-06
   47  0.6505E-01  0.2761E-04  0.6650E-01 -0.3311E-09  0.2822E-03  0.6517E-01 -0.2778E-02  0.3472E-02 -0.1145E-04  0.3772E-05  0.2498E-04
   48  0.3861E-01  0.9113E-05  0.3957E-01 -0.2546E-09  0.1807E-03  0.3867E-01 -0.2715E-02  0.2387E-02 -0.1288E-04  0.3733E-05  0.2974E-04
   49  0.2121E-01  0.1625E-04  0.2177E-01 -0.1566E-09  0.1025E-03  0.2120E-01 -0.2175E-02  0.1451E-02 -0.1062E-04  0.2417E-05  0.2418E-04
   50  0.1080E-01  0.2393E-04  0.1109E-01 -0.8362E-10  0.5235E-04  0.1076E-01 -0.1487E-02  0.7895E-03 -0.7039E-05  0.1197E-05  0.1619E-04
   51  0.5105E-02  0.2349E-04  0.5240E-02 -0.2895E-10  0.2427E-04  0.5062E-02 -0.8922E-03  0.3887E-03 -0.4019E-05  0.3974E-06  0.9288E-05
   52  0.2250E-02  0.1789E-04  0.2306E-02  0.8123E-11  0.1031E-04  0.2217E-02 -0.4781E-03  0.1747E-03 -0.2003E-05  0.6590E-07  0.4733E-05
   53  0.9268E-03  0.1128E-04  0.9476E-03  0.2463E-10  0.4044E-05  0.9059E-03 -0.2320E-03  0.7238E-04 -0.8985E-06 -0.3246E-07  0.2153E-05
   54  0.3581E-03  0.6169E-05  0.3649E-03  0.2590E-10  0.1479E-05  0.3467E-03 -0.1030E-03  0.2779E-04 -0.3657E-06 -0.3422E-07  0.8890E-06
   55  0.1302E-03  0.2992E-05  0.1320E-03  0.2047E-10  0.5087E-06  0.1246E-03 -0.4216E-04  0.9948E-05 -0.1383E-06 -0.2014E-07  0.3350E-06
   56  0.4462E-04  0.1311E-05  0.4502E-04  0.1413E-10  0.1656E-06  0.4219E-04 -0.1603E-04  0.3338E-05 -0.4844E-07 -0.8930E-08  0.1168E-06
   57  0.1446E-04  0.5246E-06  0.1450E-04  0.1022E-10  0.5148E-07  0.1349E-04 -0.5686E-05  0.1056E-05 -0.1613E-07 -0.3320E-08  0.3718E-07
   58  0.4439E-05  0.1936E-06  0.4425E-05  0.7497E-11  0.1527E-07  0.4081E-05 -0.1891E-05  0.3164E-06 -0.5048E-08 -0.1076E-08  0.1123E-07
   59  0.1294E-05  0.6641E-07  0.1281E-05  0.5928E-11  0.4384E-08  0.1171E-05 -0.5918E-06  0.9021E-07 -0.1531E-08 -0.3257E-09  0.3248E-08
   60  0.3596E-06  0.2127E-07  0.3534E-06  0.4746E-11  0.1282E-08  0.3203E-06 -0.1752E-06  0.2486E-07 -0.4751E-09 -0.7535E-10  0.8942E-09
   61  0.9624E-07  0.6368E-08  0.9391E-07  0.3567E-11  0.4025E-09  0.8446E-07 -0.4950E-07  0.6807E-08 -0.1540E-09 -0.5572E-11  0.2136E-09
   62  0.2558E-07  0.1799E-08  0.2482E-07  0.2289E-11  0.1300E-09  0.2225E-07 -0.1363E-07  0.1950E-08 -0.5172E-10  0.8910E-11  0.3074E-10
   63  0.7151E-08  0.4877E-09  0.6926E-08  0.1201E-11  0.4325E-10  0.6241E-08 -0.3820E-08  0.6250E-09 -0.1861E-10  0.9104E-11 -0.8581E-11
   64  0.2388E-08  0.1356E-09  0.2322E-08  0.4668E-12  0.1189E-10  0.2134E-08 -0.1194E-08  0.2524E-09 -0.6079E-11  0.6950E-11 -0.8981E-11
   65  0.1045E-08  0.3442E-10  0.1030E-08  0.1085E-12  0.4283E-11  0.9799E-09 -0.4690E-09  0.1400E-09 -0.3537E-11  0.5264E-11 -0.4467E-11
   66  0.6638E-09  0.1093E-10  0.6671E-09 -0.8315E-14  0.2222E-11  0.6487E-09 -0.2460E-09  0.9133E-10 -0.1457E-11  0.3365E-11  0.1329E-11
   67  0.3431E-09  0.3297E-11  0.3444E-09 -0.2270E-13  0.1329E-11  0.3408E-09 -0.1367E-09  0.5194E-10 -0.1133E-11  0.2627E-11 -0.2808E-12
   68  0.2844E-09  0.5919E-11  0.2880E-09 -0.1281E-13  0.8373E-12  0.2778E-09 -0.1081E-09  0.3079E-10 -0.4111E-12  0.8468E-12  0.2291E-11
   69  0.9296E-10  0.1855E-11  0.9250E-10 -0.4719E-14  0.5865E-12  0.9137E-10 -0.3996E-10  0.1206E-10 -0.3061E-12  0.8296E-12 -0.3397E-13
   70  0.8397E-10  0.3717E-11  0.8395E-10 -0.1095E-14  0.2087E-12  0.7846E-10 -0.3727E-10  0.6068E-11 -0.7406E-13  0.1069E-12  0.6967E-12
   71  0.1407E-10  0.5260E-12  0.1368E-10 -0.1179E-15  0.1244E-12  0.1344E-10 -0.6671E-11  0.1526E-11 -0.5365E-13  0.1510E-12 -0.1994E-13
   72  0.1559E-10  0.1066E-11  0.1529E-10  0.9968E-17  0.3968E-13  0.1385E-10 -0.7938E-11  0.7609E-12 -0.1150E-13  0.7069E-14  0.1086E-12
   73  0.1086E-11  0.5357E-13  0.1019E-11  0.1039E-16  0.1256E-13  0.1019E-11 -0.5429E-12  0.1064E-12 -0.5337E-14  0.1657E-13 -0.3703E-14
   74  0.1877E-11  0.1698E-12  0.1806E-11  0.1673E-16  0.5451E-14  0.1587E-11 -0.1065E-11  0.6733E-13 -0.1676E-14  0.1415E-15  0.1069E-13
   75  0.3307E-13  0.9498E-15  0.2876E-13  0.1318E-16  0.6206E-15  0.3319E-13 -0.1442E-13  0.3895E-14 -0.3134E-15  0.1189E-14 -0.3730E-15
   76  0.1481E-12  0.1606E-13  0.1392E-12  0.4315E-17  0.4762E-15  0.1196E-12 -0.9097E-13  0.4310E-14 -0.1668E-15 -0.1417E-16  0.7131E-15
   77 -0.7466E-15 -0.2258E-15 -0.9010E-15 -0.1728E-18  0.1290E-16 -0.2473E-15  0.8670E-15  0.5885E-16 -0.6786E-17  0.6492E-16 -0.2071E-16
   78  0.9050E-14  0.1169E-14  0.8446E-14 -0.1642E-18  0.3273E-16  0.7007E-14 -0.5986E-14  0.2315E-15 -0.1133E-16 -0.2910E-17  0.3733E-16
