 input file is 
mstm9_512_6398_13_00226.inp   
 input file comments follow:
***********************************************************
  This is the default mstm input file for v.3.0.
  The run is for a 7-sphere cluster of identical spheres.   The positions
  are embedded in the input file.

  The run makes use of the new_run and multiple_run options.

  14 April 2013
***********************************************************
 number of processors:
   1
 input parameters for run number 
    1
 number of spheres, volume size parameter:
  512  0.51184E+01
 position file:
position/n512/a9.out                                        
 output file:
output/512/x6398/13/00226/mt_9_512_6398_13_00226.dat        
 length, ref. indx. scale factors:
   0.640   1.300   0.023
 chiral factors:
  0.00000E+00  0.00000E+00
 scattering matrix directions based on incident frame
 automatic scattering angle calculation
 thetamin, thetamax:
      0.0    180.0
 number scattering angles:
      181
 epsmie, epssoln, max number iterations:
  0.1000E-05  0.1000E-07 5000
 medium refractive index:
  1.0000  0.0000
 target euler rotation angles:
    0.0000    0.0000    0.0000
 far field kr, iterations/correction:
  0.1000E-07   20
 plane wave incidence
 random orientation calculations
 t matrix calculated, stored in file 
tmatrixfiles/tmf_9_512_6398_13_00226                        
 t matrix convergence epsilon:
  0.1000E-06
 all spheres excited (total T matrix) 
 calculation results for run 
    1
 total ext, abs, scat efficiencies, w.r.t. xv, and asym. parm
  0.11150E+01  0.31370E+00  0.80131E+00  0.77395E+00
 scattering matrix elements (normalized w/ S11)
   theta      11           12           13           14           22           23           24           33           34           44     
    0.00  0.13696E+03  0.00000E+00  0.00000E+00  0.33721E-05  0.99999E+00 -0.99902E-05  0.00000E+00  0.99999E+00  0.00000E+00  0.99997E+00
    1.00  0.13282E+03 -0.14122E-03  0.26456E-09  0.36395E-05  0.99998E+00 -0.10911E-04 -0.16011E-07  0.99998E+00  0.11076E-04  0.99997E+00
    2.00  0.12125E+03 -0.56660E-03  0.55314E-08  0.44046E-05  0.99998E+00 -0.13787E-04 -0.66680E-07  0.99998E+00  0.41700E-04  0.99996E+00
    3.00  0.10452E+03 -0.12823E-02  0.30006E-07  0.55432E-05  0.99998E+00 -0.18919E-04 -0.15965E-06  0.99998E+00  0.83179E-04  0.99995E+00
    4.00  0.85632E+02 -0.23025E-02  0.99074E-07  0.68135E-05  0.99997E+00 -0.26651E-04 -0.30604E-06  0.99997E+00  0.11830E-03  0.99994E+00
    5.00  0.67426E+02 -0.36539E-02  0.24761E-06  0.78358E-05  0.99996E+00 -0.36970E-04 -0.51514E-06  0.99995E+00  0.11881E-03  0.99991E+00
    6.00  0.51912E+02 -0.53792E-02  0.50674E-06  0.81680E-05  0.99994E+00 -0.48763E-04 -0.78233E-06  0.99993E+00  0.47468E-04  0.99987E+00
    7.00  0.39956E+02 -0.75263E-02  0.87101E-06  0.75916E-05  0.99992E+00 -0.59040E-04 -0.10723E-05  0.99990E+00 -0.12683E-03  0.99982E+00
    8.00  0.31393E+02 -0.10117E-01  0.12628E-05  0.65292E-05  0.99990E+00 -0.63377E-04 -0.13167E-05  0.99986E+00 -0.40113E-03  0.99976E+00
    9.00  0.25434E+02 -0.13113E-01  0.15485E-05  0.60572E-05  0.99988E+00 -0.58542E-04 -0.14502E-05  0.99980E+00 -0.72542E-03  0.99968E+00
   10.00  0.21140E+02 -0.16430E-01  0.16245E-05  0.71168E-05  0.99985E+00 -0.45210E-04 -0.14617E-05  0.99972E+00 -0.10344E-02  0.99958E+00
   11.00  0.17775E+02 -0.19983E-01  0.14864E-05  0.95967E-05  0.99983E+00 -0.27611E-04 -0.14029E-05  0.99963E+00 -0.12928E-02  0.99947E+00
   12.00  0.14935E+02 -0.23715E-01  0.12191E-05  0.12120E-04  0.99980E+00 -0.11063E-04 -0.13535E-05  0.99952E+00 -0.15037E-02  0.99933E+00
   13.00  0.12495E+02 -0.27601E-01  0.94538E-06  0.12479E-04  0.99976E+00 -0.67050E-07 -0.13855E-05  0.99938E+00 -0.16820E-02  0.99916E+00
   14.00  0.10468E+02 -0.31646E-01  0.76986E-06  0.85484E-05  0.99972E+00  0.28861E-05 -0.15391E-05  0.99922E+00 -0.18277E-02  0.99897E+00
   15.00  0.88640E+01 -0.35898E-01  0.71971E-06 -0.34968E-06  0.99968E+00 -0.14245E-05 -0.18029E-05  0.99903E+00 -0.19199E-02  0.99875E+00
   16.00  0.76367E+01 -0.40455E-01  0.71249E-06 -0.12407E-04  0.99964E+00 -0.86492E-05 -0.21079E-05  0.99881E+00 -0.19362E-02  0.99849E+00
   17.00  0.66854E+01 -0.45420E-01  0.60397E-06 -0.24014E-04  0.99960E+00 -0.13130E-04 -0.23541E-05  0.99854E+00 -0.18812E-02  0.99819E+00
   18.00  0.59021E+01 -0.50846E-01  0.29626E-06 -0.31993E-04  0.99955E+00 -0.11598E-04 -0.24496E-05  0.99821E+00 -0.17900E-02  0.99783E+00
   19.00  0.52095E+01 -0.56706E-01 -0.19020E-06 -0.35386E-04  0.99948E+00 -0.52321E-05 -0.23260E-05  0.99782E+00 -0.17019E-02  0.99738E+00
   20.00  0.45736E+01 -0.62900E-01 -0.73235E-06 -0.35703E-04  0.99939E+00  0.91287E-06 -0.19244E-05  0.99736E+00 -0.16296E-02  0.99684E+00
   21.00  0.39939E+01 -0.69299E-01 -0.11844E-05 -0.36103E-04  0.99927E+00  0.12737E-06 -0.11776E-05  0.99683E+00 -0.15485E-02  0.99622E+00
   22.00  0.34834E+01 -0.75806E-01 -0.14732E-05 -0.40171E-04  0.99914E+00 -0.12941E-04 -0.20024E-08  0.99624E+00 -0.14178E-02  0.99552E+00
   23.00  0.30544E+01 -0.82435E-01 -0.16437E-05 -0.50647E-04  0.99899E+00 -0.39217E-04  0.17004E-05  0.99559E+00 -0.12295E-02  0.99475E+00
   24.00  0.27118E+01 -0.89363E-01 -0.17874E-05 -0.68548E-04  0.99884E+00 -0.73658E-04  0.40320E-05  0.99486E+00 -0.10548E-02  0.99390E+00
   25.00  0.24523E+01 -0.96884E-01 -0.18644E-05 -0.93115E-04  0.99871E+00 -0.10700E-03  0.70763E-05  0.99402E+00 -0.10352E-02  0.99297E+00
   26.00  0.22645E+01 -0.10526E+00 -0.15765E-05 -0.12254E-03  0.99861E+00 -0.13068E-03  0.10860E-04  0.99303E+00 -0.12890E-02  0.99191E+00
   27.00  0.21279E+01 -0.11454E+00 -0.47403E-06 -0.15486E-03  0.99851E+00 -0.14170E-03  0.15322E-04  0.99188E+00 -0.17942E-02  0.99070E+00
   28.00  0.20159E+01 -0.12450E+00  0.17443E-05 -0.18821E-03  0.99842E+00 -0.14336E-03  0.20329E-04  0.99055E+00 -0.23573E-02  0.98931E+00
   29.00  0.19014E+01 -0.13478E+00  0.50021E-05 -0.22041E-03  0.99829E+00 -0.14139E-03  0.25686E-04  0.98906E+00 -0.26977E-02  0.98774E+00
   30.00  0.17665E+01 -0.14502E+00  0.88379E-05 -0.24793E-03  0.99812E+00 -0.13936E-03  0.31099E-04  0.98745E+00 -0.25597E-02  0.98600E+00
   31.00  0.16094E+01 -0.15495E+00  0.12523E-04 -0.26486E-03  0.99789E+00 -0.13619E-03  0.36018E-04  0.98573E+00 -0.17832E-02  0.98412E+00
   32.00  0.14455E+01 -0.16447E+00  0.15213E-04 -0.26267E-03  0.99762E+00 -0.12610E-03  0.39420E-04  0.98394E+00 -0.35739E-03  0.98215E+00
   33.00  0.12999E+01 -0.17364E+00  0.16234E-04 -0.23272E-03  0.99734E+00 -0.10112E-03  0.39800E-04  0.98211E+00  0.14950E-02  0.98015E+00
   34.00  0.11948E+01 -0.18291E+00  0.15594E-04 -0.17336E-03  0.99714E+00 -0.57031E-04  0.35792E-04  0.98023E+00  0.32714E-02  0.97815E+00
   35.00  0.11395E+01 -0.19290E+00  0.14321E-04 -0.96760E-04  0.99704E+00  0.16490E-06  0.27385E-04  0.97820E+00  0.43767E-02  0.97611E+00
   36.00  0.11265E+01 -0.20413E+00  0.13851E-04 -0.24312E-04  0.99706E+00  0.56237E-04  0.16362E-04  0.97590E+00  0.45221E-02  0.97387E+00
   37.00  0.11355E+01 -0.21661E+00  0.14859E-04  0.27943E-04  0.99712E+00  0.99629E-04  0.50088E-05  0.97322E+00  0.38828E-02  0.97128E+00
   38.00  0.11438E+01 -0.23007E+00  0.16844E-04  0.56472E-04  0.99715E+00  0.12842E-03 -0.52898E-05  0.97011E+00  0.28428E-02  0.96824E+00
   39.00  0.11352E+01 -0.24420E+00  0.18580E-04  0.65562E-04  0.99713E+00  0.14814E-03 -0.14113E-04  0.96657E+00  0.17124E-02  0.96473E+00
   40.00  0.11049E+01 -0.25876E+00  0.18709E-04  0.60569E-04  0.99704E+00  0.16662E-03 -0.21295E-04  0.96262E+00  0.65327E-03  0.96077E+00
   41.00  0.10582E+01 -0.27364E+00  0.16208E-04  0.44792E-04  0.99690E+00  0.19028E-03 -0.26372E-04  0.95829E+00 -0.27224E-03  0.95639E+00
   42.00  0.10051E+01 -0.28873E+00  0.10872E-04  0.19619E-04  0.99673E+00  0.22147E-03 -0.28555E-04  0.95361E+00 -0.10415E-02  0.95165E+00
   43.00  0.95450E+00 -0.30399E+00  0.36377E-05 -0.13551E-04  0.99654E+00  0.25703E-03 -0.27265E-04  0.94861E+00 -0.16454E-02  0.94659E+00
   44.00  0.91023E+00 -0.31937E+00 -0.36198E-05 -0.51210E-04  0.99637E+00  0.28926E-03 -0.22873E-04  0.94331E+00 -0.20940E-02  0.94123E+00
   45.00  0.87141E+00 -0.33487E+00 -0.89259E-05 -0.87088E-04  0.99621E+00  0.30935E-03 -0.17013E-04  0.93771E+00 -0.24333E-02  0.93558E+00
   46.00  0.83475E+00 -0.35053E+00 -0.11100E-04 -0.11349E-03  0.99604E+00  0.31130E-03 -0.12095E-04  0.93176E+00 -0.27440E-02  0.92958E+00
   47.00  0.79752E+00 -0.36637E+00 -0.10109E-04 -0.12368E-03  0.99586E+00  0.29369E-03 -0.10347E-04  0.92543E+00 -0.31197E-02  0.92320E+00
   48.00  0.75932E+00 -0.38243E+00 -0.68453E-05 -0.11436E-03  0.99566E+00  0.25951E-03 -0.12867E-04  0.91868E+00 -0.36317E-02  0.91638E+00
   49.00  0.72194E+00 -0.39873E+00 -0.26301E-05 -0.87660E-04  0.99544E+00  0.21504E-03 -0.18972E-04  0.91148E+00 -0.42972E-02  0.90912E+00
   50.00  0.68792E+00 -0.41528E+00  0.13400E-05 -0.51876E-04  0.99522E+00  0.16837E-03 -0.26113E-04  0.90383E+00 -0.50616E-02  0.90141E+00
   51.00  0.65898E+00 -0.43212E+00  0.44898E-05 -0.19591E-04  0.99501E+00  0.12720E-03 -0.30654E-04  0.89568E+00 -0.58133E-02  0.89322E+00
   52.00  0.63505E+00 -0.44929E+00  0.71173E-05 -0.29531E-05  0.99482E+00  0.96288E-04 -0.29452E-04  0.88700E+00 -0.64305E-02  0.88450E+00
   53.00  0.61450E+00 -0.46687E+00  0.10261E-04 -0.85404E-05  0.99464E+00  0.75861E-04 -0.21374E-04  0.87769E+00 -0.68334E-02  0.87516E+00
   54.00  0.59498E+00 -0.48490E+00  0.15276E-04 -0.34986E-04  0.99446E+00  0.61900E-04 -0.78042E-05  0.86768E+00 -0.70083E-02  0.86510E+00
   55.00  0.57448E+00 -0.50339E+00  0.23381E-04 -0.74243E-04  0.99426E+00  0.47788E-04  0.79935E-05  0.85685E+00 -0.69934E-02  0.85422E+00
   56.00  0.55198E+00 -0.52231E+00  0.35339E-04 -0.11488E-03  0.99403E+00  0.26306E-04  0.22101E-04  0.84518E+00 -0.68472E-02  0.84247E+00
   57.00  0.52756E+00 -0.54155E+00  0.51248E-04 -0.14559E-03  0.99377E+00 -0.85691E-05  0.31156E-04  0.83264E+00 -0.66234E-02  0.82986E+00
   58.00  0.50208E+00 -0.56092E+00  0.70374E-04 -0.15797E-03  0.99347E+00 -0.60044E-04  0.33248E-04  0.81930E+00 -0.63606E-02  0.81643E+00
   59.00  0.47672E+00 -0.58023E+00  0.91023E-04 -0.14835E-03  0.99314E+00 -0.12702E-03  0.28389E-04  0.80524E+00 -0.60865E-02  0.80231E+00
   60.00  0.45263E+00 -0.59930E+00  0.11054E-03 -0.11841E-03  0.99280E+00 -0.20315E-03  0.18429E-04  0.79060E+00 -0.58250E-02  0.78761E+00
   61.00  0.43065E+00 -0.61802E+00  0.12559E-03 -0.74388E-04  0.99245E+00 -0.27719E-03  0.64508E-05  0.77546E+00 -0.55964E-02  0.77243E+00
   62.00  0.41128E+00 -0.63638E+00  0.13274E-03 -0.25029E-04  0.99211E+00 -0.33508E-03 -0.41896E-05  0.75985E+00 -0.54085E-02  0.75681E+00
   63.00  0.39464E+00 -0.65445E+00  0.12933E-03  0.21033E-04  0.99179E+00 -0.36373E-03 -0.10835E-04  0.74374E+00 -0.52408E-02  0.74072E+00
   64.00  0.38043E+00 -0.67237E+00  0.11441E-03  0.57728E-04  0.99149E+00 -0.35534E-03 -0.12216E-04  0.72701E+00 -0.50378E-02  0.72402E+00
   65.00  0.36794E+00 -0.69026E+00  0.89228E-04  0.83014E-04  0.99120E+00 -0.31040E-03 -0.87061E-05  0.70952E+00 -0.47205E-02  0.70657E+00
   66.00  0.35617E+00 -0.70818E+00  0.57098E-04  0.99009E-04  0.99090E+00 -0.23787E-03 -0.21641E-05  0.69113E+00 -0.42153E-02  0.68819E+00
   67.00  0.34402E+00 -0.72611E+00  0.22626E-04  0.11096E-03  0.99054E+00 -0.15253E-03  0.44488E-05  0.67170E+00 -0.34873E-02  0.66875E+00
   68.00  0.33060E+00 -0.74399E+00 -0.92925E-05  0.12566E-03  0.99011E+00 -0.70920E-04  0.74927E-05  0.65116E+00 -0.25600E-02  0.64815E+00
   69.00  0.31551E+00 -0.76175E+00 -0.34327E-04  0.14982E-03  0.98958E+00 -0.75374E-05  0.30475E-05  0.62945E+00 -0.15163E-02  0.62635E+00
   70.00  0.29896E+00 -0.77929E+00 -0.49302E-04  0.18863E-03  0.98896E+00  0.27744E-04 -0.12603E-04  0.60653E+00 -0.47999E-03  0.60332E+00
   71.00  0.28180E+00 -0.79655E+00 -0.52632E-04  0.24446E-03  0.98826E+00  0.31234E-04 -0.42194E-04  0.58241E+00  0.41608E-03  0.57909E+00
   72.00  0.26519E+00 -0.81346E+00 -0.44716E-04  0.31552E-03  0.98752E+00  0.61664E-05 -0.86338E-04  0.55714E+00  0.10736E-02  0.55371E+00
   73.00  0.25032E+00 -0.82993E+00 -0.28163E-04  0.39520E-03  0.98680E+00 -0.37725E-04 -0.14235E-03  0.53084E+00  0.14736E-02  0.52736E+00
   74.00  0.23802E+00 -0.84587E+00 -0.74268E-05  0.47295E-03  0.98618E+00 -0.86678E-04 -0.20391E-03  0.50373E+00  0.17021E-02  0.50026E+00
   75.00  0.22860E+00 -0.86114E+00  0.12430E-04  0.53732E-03  0.98569E+00 -0.12755E-03 -0.26245E-03  0.47608E+00  0.19308E-02  0.47266E+00
   76.00  0.22176E+00 -0.87560E+00  0.27516E-04  0.58006E-03  0.98534E+00 -0.15278E-03 -0.31003E-03  0.44810E+00  0.23485E-02  0.44479E+00
   77.00  0.21673E+00 -0.88916E+00  0.36406E-04  0.59878E-03  0.98509E+00 -0.16286E-03 -0.34224E-03  0.41992E+00  0.30770E-02  0.41675E+00
   78.00  0.21259E+00 -0.90175E+00  0.40204E-04  0.59684E-03  0.98488E+00 -0.16474E-03 -0.35928E-03  0.39152E+00  0.41204E-02  0.38850E+00
   79.00  0.20848E+00 -0.91336E+00  0.41465E-04  0.58064E-03  0.98464E+00 -0.16786E-03 -0.36497E-03  0.36280E+00  0.53669E-02  0.35990E+00
   80.00  0.20384E+00 -0.92403E+00  0.42729E-04  0.55659E-03  0.98434E+00 -0.17996E-03 -0.36462E-03  0.33356E+00  0.66265E-02  0.33078E+00
   81.00  0.19852E+00 -0.93377E+00  0.45286E-04  0.52871E-03  0.98394E+00 -0.20433E-03 -0.36283E-03  0.30363E+00  0.76813E-02  0.30094E+00
   82.00  0.19269E+00 -0.94261E+00  0.48478E-04  0.49758E-03  0.98347E+00 -0.23873E-03 -0.36187E-03  0.27285E+00  0.83337E-02  0.27025E+00
   83.00  0.18682E+00 -0.95056E+00  0.49673E-04  0.46051E-03  0.98296E+00 -0.27598E-03 -0.36077E-03  0.24117E+00  0.84520E-02  0.23866E+00
   84.00  0.18144E+00 -0.95762E+00  0.44989E-04  0.41270E-03  0.98245E+00 -0.30598E-03 -0.35531E-03  0.20864E+00  0.80066E-02  0.20622E+00
   85.00  0.17707E+00 -0.96376E+00  0.30735E-04  0.34946E-03  0.98201E+00 -0.31912E-03 -0.33930E-03  0.17541E+00  0.70902E-02  0.17310E+00
   86.00  0.17404E+00 -0.96893E+00  0.51385E-05  0.26864E-03  0.98169E+00 -0.30983E-03 -0.30686E-03  0.14173E+00  0.59036E-02  0.13958E+00
   87.00  0.17253E+00 -0.97311E+00 -0.30417E-04  0.17242E-03  0.98153E+00 -0.27901E-03 -0.25516E-03  0.10793E+00  0.47061E-02  0.10595E+00
   88.00  0.17250E+00 -0.97627E+00 -0.71365E-04  0.67546E-04  0.98154E+00 -0.23384E-03 -0.18621E-03  0.74246E-01  0.37453E-02  0.72502E-01
   89.00  0.17376E+00 -0.97838E+00 -0.11127E-03 -0.36221E-04  0.98169E+00 -0.18514E-03 -0.10705E-03  0.40885E-01  0.31938E-02  0.39407E-01
   90.00  0.17601E+00 -0.97944E+00 -0.14383E-03 -0.12860E-03  0.98195E+00 -0.14353E-03 -0.28062E-04  0.79214E-02  0.31188E-02  0.67416E-02
   91.00  0.17885E+00 -0.97944E+00 -0.16474E-03 -0.20119E-03  0.98227E+00 -0.11625E-03  0.39628E-04 -0.24651E-01  0.34879E-02 -0.25512E-01
   92.00  0.18188E+00 -0.97839E+00 -0.17256E-03 -0.24887E-03  0.98262E+00 -0.10572E-03  0.86664E-04 -0.56900E-01  0.41994E-02 -0.57433E-01
   93.00  0.18471E+00 -0.97626E+00 -0.16866E-03 -0.27013E-03  0.98295E+00 -0.10983E-03  0.10714E-03 -0.88916E-01  0.51195E-02 -0.89123E-01
   94.00  0.18699E+00 -0.97304E+00 -0.15631E-03 -0.26646E-03  0.98322E+00 -0.12352E-03  0.99253E-04 -0.12078E+00  0.61133E-02 -0.12068E+00
   95.00  0.18844E+00 -0.96871E+00 -0.13950E-03 -0.24132E-03  0.98342E+00 -0.14068E-03  0.65030E-04 -0.15257E+00  0.70646E-02 -0.15217E+00
   96.00  0.18889E+00 -0.96323E+00 -0.12176E-03 -0.19916E-03  0.98353E+00 -0.15583E-03  0.95482E-05 -0.18433E+00  0.78853E-02 -0.18365E+00
   97.00  0.18829E+00 -0.95658E+00 -0.10522E-03 -0.14454E-03  0.98354E+00 -0.16535E-03 -0.60125E-04 -0.21606E+00  0.85180E-02 -0.21512E+00
   98.00  0.18670E+00 -0.94875E+00 -0.90102E-04 -0.81774E-04  0.98347E+00 -0.16807E-03 -0.13600E-03 -0.24774E+00  0.89343E-02 -0.24657E+00
   99.00  0.18426E+00 -0.93974E+00 -0.74665E-04 -0.14721E-04  0.98331E+00 -0.16528E-03 -0.21015E-03 -0.27934E+00  0.91332E-02 -0.27794E+00
  100.00  0.18121E+00 -0.92957E+00 -0.55535E-04  0.53031E-04  0.98310E+00 -0.16027E-03 -0.27555E-03 -0.31078E+00  0.91380E-02 -0.30916E+00
  101.00  0.17780E+00 -0.91827E+00 -0.28438E-04  0.11794E-03  0.98284E+00 -0.15750E-03 -0.32670E-03 -0.34194E+00  0.89930E-02 -0.34011E+00
  102.00  0.17427E+00 -0.90591E+00  0.10812E-04  0.17629E-03  0.98258E+00 -0.16151E-03 -0.36007E-03 -0.37270E+00  0.87579E-02 -0.37065E+00
  103.00  0.17084E+00 -0.89258E+00  0.65259E-04  0.22416E-03  0.98233E+00 -0.17585E-03 -0.37420E-03 -0.40292E+00  0.84995E-02 -0.40065E+00
  104.00  0.16766E+00 -0.87837E+00  0.13595E-03  0.25769E-03  0.98212E+00 -0.20221E-03 -0.36947E-03 -0.43245E+00  0.82803E-02 -0.42996E+00
  105.00  0.16479E+00 -0.86340E+00  0.22152E-03  0.27355E-03  0.98194E+00 -0.24001E-03 -0.34760E-03 -0.46117E+00  0.81479E-02 -0.45846E+00
  106.00  0.16228E+00 -0.84777E+00  0.31829E-03  0.26966E-03  0.98181E+00 -0.28655E-03 -0.31105E-03 -0.48899E+00  0.81257E-02 -0.48605E+00
  107.00  0.16009E+00 -0.83156E+00  0.42093E-03  0.24577E-03  0.98173E+00 -0.33763E-03 -0.26241E-03 -0.51584E+00  0.82096E-02 -0.51267E+00
  108.00  0.15817E+00 -0.81485E+00  0.52328E-03  0.20390E-03  0.98167E+00 -0.38834E-03 -0.20405E-03 -0.54169E+00  0.83696E-02 -0.53829E+00
  109.00  0.15647E+00 -0.79771E+00  0.61926E-03  0.14829E-03  0.98163E+00 -0.43397E-03 -0.13809E-03 -0.56652E+00  0.85572E-02 -0.56290E+00
  110.00  0.15493E+00 -0.78019E+00  0.70360E-03  0.85066E-04  0.98160E+00 -0.47063E-03 -0.66480E-04 -0.59037E+00  0.87149E-02 -0.58651E+00
  111.00  0.15353E+00 -0.76232E+00  0.77232E-03  0.21379E-04  0.98156E+00 -0.49566E-03  0.86868E-05 -0.61324E+00  0.87870E-02 -0.60915E+00
  112.00  0.15224E+00 -0.74415E+00  0.82285E-03 -0.35565E-04  0.98153E+00 -0.50777E-03  0.84987E-04 -0.63517E+00  0.87287E-02 -0.63083E+00
  113.00  0.15105E+00 -0.72572E+00  0.85411E-03 -0.79591E-04  0.98150E+00 -0.50690E-03  0.15956E-03 -0.65618E+00  0.85120E-02 -0.65159E+00
  114.00  0.14996E+00 -0.70707E+00  0.86625E-03 -0.10647E-03  0.98146E+00 -0.49405E-03  0.22918E-03 -0.67628E+00  0.81291E-02 -0.67144E+00
  115.00  0.14899E+00 -0.68825E+00  0.86047E-03 -0.11450E-03  0.98144E+00 -0.47095E-03  0.29053E-03 -0.69550E+00  0.75918E-02 -0.69040E+00
  116.00  0.14811E+00 -0.66930E+00  0.83873E-03 -0.10459E-03  0.98143E+00 -0.43974E-03  0.34048E-03 -0.71385E+00  0.69280E-02 -0.70849E+00
  117.00  0.14734E+00 -0.65026E+00  0.80353E-03 -0.79943E-04  0.98143E+00 -0.40268E-03  0.37654E-03 -0.73135E+00  0.61761E-02 -0.72573E+00
  118.00  0.14665E+00 -0.63118E+00  0.75767E-03 -0.45356E-04  0.98145E+00 -0.36189E-03  0.39708E-03 -0.74801E+00  0.53789E-02 -0.74213E+00
  119.00  0.14603E+00 -0.61208E+00  0.70415E-03 -0.63689E-05  0.98148E+00 -0.31925E-03  0.40158E-03 -0.76387E+00  0.45774E-02 -0.75772E+00
  120.00  0.14548E+00 -0.59300E+00  0.64608E-03  0.31581E-04  0.98152E+00 -0.27630E-03  0.39072E-03 -0.77893E+00  0.38063E-02 -0.77251E+00
  121.00  0.14498E+00 -0.57396E+00  0.58664E-03  0.63836E-04  0.98156E+00 -0.23427E-03  0.36628E-03 -0.79322E+00  0.30908E-02 -0.78653E+00
  122.00  0.14453E+00 -0.55500E+00  0.52898E-03  0.86970E-04  0.98161E+00 -0.19406E-03  0.33103E-03 -0.80674E+00  0.24459E-02 -0.79978E+00
  123.00  0.14414E+00 -0.53613E+00  0.47614E-03  0.98999E-04  0.98166E+00 -0.15638E-03  0.28847E-03 -0.81954E+00  0.18761E-02 -0.81228E+00
  124.00  0.14382E+00 -0.51739E+00  0.43091E-03  0.99393E-04  0.98170E+00 -0.12174E-03  0.24243E-03 -0.83161E+00  0.13779E-02 -0.82406E+00
  125.00  0.14359E+00 -0.49881E+00  0.39567E-03  0.88918E-04  0.98174E+00 -0.90565E-04  0.19680E-03 -0.84299E+00  0.94125E-03 -0.83515E+00
  126.00  0.14347E+00 -0.48042E+00  0.37215E-03  0.69354E-04  0.98177E+00 -0.63161E-04  0.15507E-03 -0.85369E+00  0.55265E-03 -0.84555E+00
  127.00  0.14347E+00 -0.46225E+00  0.36131E-03  0.43131E-04  0.98181E+00 -0.39765E-04  0.12009E-03 -0.86375E+00  0.19711E-03 -0.85530E+00
  128.00  0.14360E+00 -0.44434E+00  0.36320E-03  0.12907E-04  0.98185E+00 -0.20523E-04  0.93808E-04 -0.87317E+00 -0.13969E-03 -0.86443E+00
  129.00  0.14386E+00 -0.42670E+00  0.37692E-03 -0.18833E-04  0.98189E+00 -0.54792E-05  0.77211E-04 -0.88200E+00 -0.46984E-03 -0.87297E+00
  130.00  0.14426E+00 -0.40938E+00  0.40069E-03 -0.50116E-04  0.98194E+00  0.54438E-05  0.70368E-04 -0.89026E+00 -0.80223E-03 -0.88095E+00
  131.00  0.14479E+00 -0.39239E+00  0.43195E-03 -0.79681E-04  0.98201E+00  0.12453E-04  0.72549E-04 -0.89797E+00 -0.11421E-02 -0.88840E+00
  132.00  0.14541E+00 -0.37575E+00  0.46757E-03 -0.10702E-03  0.98209E+00  0.15884E-04  0.82402E-04 -0.90517E+00 -0.14908E-02 -0.89535E+00
  133.00  0.14612E+00 -0.35948E+00  0.50414E-03 -0.13225E-03  0.98218E+00  0.16179E-04  0.98138E-04 -0.91187E+00 -0.18466E-02 -0.90182E+00
  134.00  0.14689E+00 -0.34360E+00  0.53818E-03 -0.15591E-03  0.98228E+00  0.13856E-04  0.11769E-03 -0.91811E+00 -0.22046E-02 -0.90784E+00
  135.00  0.14770E+00 -0.32810E+00  0.56647E-03 -0.17868E-03  0.98239E+00  0.94674E-05  0.13884E-03 -0.92391E+00 -0.25582E-02 -0.91344E+00
  136.00  0.14852E+00 -0.31300E+00  0.58626E-03 -0.20113E-03  0.98251E+00  0.35642E-05  0.15937E-03 -0.92928E+00 -0.28991E-02 -0.91862E+00
  137.00  0.14933E+00 -0.29828E+00  0.59549E-03 -0.22361E-03  0.98263E+00 -0.33253E-05  0.17718E-03 -0.93426E+00 -0.32190E-02 -0.92343E+00
  138.00  0.15012E+00 -0.28396E+00  0.59288E-03 -0.24620E-03  0.98275E+00 -0.10705E-04  0.19041E-03 -0.93887E+00 -0.35098E-02 -0.92787E+00
  139.00  0.15086E+00 -0.27002E+00  0.57797E-03 -0.26871E-03  0.98287E+00 -0.18108E-04  0.19758E-03 -0.94313E+00 -0.37644E-02 -0.93197E+00
  140.00  0.15156E+00 -0.25645E+00  0.55112E-03 -0.29081E-03  0.98298E+00 -0.25097E-04  0.19765E-03 -0.94707E+00 -0.39779E-02 -0.93575E+00
  141.00  0.15221E+00 -0.24325E+00  0.51341E-03 -0.31205E-03  0.98308E+00 -0.31269E-04  0.19013E-03 -0.95070E+00 -0.41474E-02 -0.93922E+00
  142.00  0.15281E+00 -0.23041E+00  0.46648E-03 -0.33199E-03  0.98317E+00 -0.36281E-04  0.17501E-03 -0.95404E+00 -0.42729E-02 -0.94240E+00
  143.00  0.15335E+00 -0.21792E+00  0.41245E-03 -0.35020E-03  0.98325E+00 -0.39882E-04  0.15275E-03 -0.95711E+00 -0.43565E-02 -0.94530E+00
  144.00  0.15384E+00 -0.20578E+00  0.35368E-03 -0.36634E-03  0.98332E+00 -0.41944E-04  0.12421E-03 -0.95993E+00 -0.44029E-02 -0.94794E+00
  145.00  0.15430E+00 -0.19397E+00  0.29270E-03 -0.38019E-03  0.98337E+00 -0.42483E-04  0.90516E-04 -0.96250E+00 -0.44186E-02 -0.95034E+00
  146.00  0.15472E+00 -0.18251E+00  0.23202E-03 -0.39167E-03  0.98340E+00 -0.41657E-04  0.53007E-04 -0.96485E+00 -0.44109E-02 -0.95249E+00
  147.00  0.15511E+00 -0.17137E+00  0.17397E-03 -0.40089E-03  0.98343E+00 -0.39738E-04  0.13128E-04 -0.96697E+00 -0.43882E-02 -0.95443E+00
  148.00  0.15549E+00 -0.16057E+00  0.12058E-03 -0.40817E-03  0.98344E+00 -0.37072E-04 -0.27644E-04 -0.96890E+00 -0.43588E-02 -0.95616E+00
  149.00  0.15585E+00 -0.15010E+00  0.73433E-04 -0.41396E-03  0.98345E+00 -0.34027E-04 -0.67878E-04 -0.97064E+00 -0.43305E-02 -0.95770E+00
  150.00  0.15621E+00 -0.13996E+00  0.33597E-04 -0.41886E-03  0.98344E+00 -0.30953E-04 -0.10626E-03 -0.97220E+00 -0.43101E-02 -0.95906E+00
  151.00  0.15658E+00 -0.13015E+00  0.15755E-05 -0.42347E-03  0.98343E+00 -0.28152E-04 -0.14166E-03 -0.97360E+00 -0.43030E-02 -0.96026E+00
  152.00  0.15696E+00 -0.12069E+00 -0.22661E-04 -0.42840E-03  0.98342E+00 -0.25855E-04 -0.17315E-03 -0.97486E+00 -0.43128E-02 -0.96130E+00
  153.00  0.15736E+00 -0.11159E+00 -0.39597E-04 -0.43410E-03  0.98340E+00 -0.24215E-04 -0.20004E-03 -0.97597E+00 -0.43404E-02 -0.96221E+00
  154.00  0.15778E+00 -0.10284E+00 -0.50059E-04 -0.44093E-03  0.98338E+00 -0.23295E-04 -0.22187E-03 -0.97696E+00 -0.43846E-02 -0.96299E+00
  155.00  0.15823E+00 -0.94480E-01 -0.55083E-04 -0.44901E-03  0.98335E+00 -0.23059E-04 -0.23837E-03 -0.97783E+00 -0.44416E-02 -0.96366E+00
  156.00  0.15871E+00 -0.86503E-01 -0.55785E-04 -0.45833E-03  0.98332E+00 -0.23375E-04 -0.24948E-03 -0.97858E+00 -0.45054E-02 -0.96421E+00
  157.00  0.15923E+00 -0.78919E-01 -0.53242E-04 -0.46869E-03  0.98329E+00 -0.24018E-04 -0.25528E-03 -0.97924E+00 -0.45685E-02 -0.96467E+00
  158.00  0.15977E+00 -0.71731E-01 -0.48399E-04 -0.47980E-03  0.98325E+00 -0.24702E-04 -0.25594E-03 -0.97980E+00 -0.46224E-02 -0.96503E+00
  159.00  0.16035E+00 -0.64937E-01 -0.41996E-04 -0.49135E-03  0.98321E+00 -0.25122E-04 -0.25167E-03 -0.98028E+00 -0.46583E-02 -0.96531E+00
  160.00  0.16096E+00 -0.58531E-01 -0.34526E-04 -0.50304E-03  0.98317E+00 -0.25004E-04 -0.24269E-03 -0.98067E+00 -0.46681E-02 -0.96551E+00
  161.00  0.16159E+00 -0.52503E-01 -0.26235E-04 -0.51474E-03  0.98312E+00 -0.24158E-04 -0.22919E-03 -0.98100E+00 -0.46447E-02 -0.96564E+00
  162.00  0.16223E+00 -0.46840E-01 -0.17168E-04 -0.52642E-03  0.98306E+00 -0.22518E-04 -0.21134E-03 -0.98126E+00 -0.45825E-02 -0.96571E+00
  163.00  0.16289E+00 -0.41531E-01 -0.72567E-05 -0.53815E-03  0.98300E+00 -0.20149E-04 -0.18942E-03 -0.98147E+00 -0.44775E-02 -0.96572E+00
  164.00  0.16355E+00 -0.36561E-01  0.35575E-05 -0.54997E-03  0.98292E+00 -0.17234E-04 -0.16389E-03 -0.98163E+00 -0.43276E-02 -0.96567E+00
  165.00  0.16421E+00 -0.31919E-01  0.15199E-04 -0.56177E-03  0.98284E+00 -0.14031E-04 -0.13554E-03 -0.98174E+00 -0.41326E-02 -0.96557E+00
  166.00  0.16486E+00 -0.27596E-01  0.27354E-04 -0.57318E-03  0.98274E+00 -0.10821E-04 -0.10562E-03 -0.98180E+00 -0.38942E-02 -0.96543E+00
  167.00  0.16550E+00 -0.23585E-01  0.39425E-04 -0.58361E-03  0.98262E+00 -0.78563E-05 -0.75729E-04 -0.98184E+00 -0.36159E-02 -0.96523E+00
  168.00  0.16612E+00 -0.19881E-01  0.50559E-04 -0.59227E-03  0.98250E+00 -0.53212E-05 -0.47737E-04 -0.98183E+00 -0.33030E-02 -0.96500E+00
  169.00  0.16672E+00 -0.16485E-01  0.59752E-04 -0.59846E-03  0.98235E+00 -0.33155E-05 -0.23452E-04 -0.98180E+00 -0.29623E-02 -0.96473E+00
  170.00  0.16729E+00 -0.13399E-01  0.66020E-04 -0.60171E-03  0.98219E+00 -0.18548E-05 -0.43042E-05 -0.98174E+00 -0.26016E-02 -0.96442E+00
  171.00  0.16784E+00 -0.10631E-01  0.68584E-04 -0.60205E-03  0.98201E+00 -0.88733E-06  0.89355E-05 -0.98166E+00 -0.22298E-02 -0.96406E+00
  172.00  0.16836E+00 -0.81890E-02  0.67046E-04 -0.59999E-03  0.98180E+00 -0.31881E-06  0.16309E-04 -0.98154E+00 -0.18563E-02 -0.96367E+00
  173.00  0.16884E+00 -0.60828E-02  0.61503E-04 -0.59645E-03  0.98159E+00 -0.37932E-07  0.18624E-04 -0.98140E+00 -0.14909E-02 -0.96324E+00
  174.00  0.16929E+00 -0.43163E-02  0.52579E-04 -0.59252E-03  0.98135E+00  0.62140E-07  0.17232E-04 -0.98124E+00 -0.11438E-02 -0.96278E+00
  175.00  0.16970E+00 -0.28858E-02  0.41354E-04 -0.58916E-03  0.98112E+00  0.68865E-07  0.13686E-04 -0.98105E+00 -0.82516E-03 -0.96231E+00
  176.00  0.17006E+00 -0.17765E-02  0.29231E-04 -0.58693E-03  0.98089E+00  0.42883E-07  0.94099E-05 -0.98086E+00 -0.54554E-03 -0.96185E+00
  177.00  0.17035E+00 -0.96345E-03  0.17734E-04 -0.58593E-03  0.98069E+00  0.17540E-07  0.54586E-05 -0.98068E+00 -0.31501E-03 -0.96143E+00
  178.00  0.17057E+00 -0.41546E-03  0.83120E-05 -0.58582E-03  0.98053E+00  0.40666E-08  0.24432E-05 -0.98053E+00 -0.14272E-03 -0.96109E+00
  179.00  0.17071E+00 -0.10180E-03  0.21445E-05 -0.58608E-03  0.98043E+00  0.27784E-09  0.60925E-06 -0.98043E+00 -0.36104E-04 -0.96087E+00
  180.00  0.17075E+00 -0.25053E-14  0.53708E-16 -0.58623E-03  0.98040E+00  0.17563E-30  0.15068E-16 -0.98040E+00 -0.89836E-15 -0.96079E+00
 scattering matrix expansion coefficients
    w  a11         a22         a33         a23         a32         a44         a12         a34         a13         a24         a14
    0  0.1000E+01  0.0000E+00  0.0000E+00  0.0000E+00  0.0000E+00  0.8250E+00  0.0000E+00  0.0000E+00  0.0000E+00  0.0000E+00 -0.1477E-04
    1  0.2322E+01  0.0000E+00  0.0000E+00  0.0000E+00  0.0000E+00  0.2487E+01  0.0000E+00  0.0000E+00  0.0000E+00  0.0000E+00 -0.1388E-04
    2  0.3346E+01  0.2122E+00  0.4082E+01 -0.1216E-07 -0.1012E-03  0.3360E+01 -0.3526E+00  0.1807E-03  0.5513E-04 -0.2523E-04 -0.1080E-03
    3  0.4012E+01  0.6910E-01  0.4391E+01  0.5017E-07 -0.7960E-04  0.4001E+01 -0.2038E+00 -0.2247E-02 -0.6271E-04 -0.2488E-04 -0.1599E-04
    4  0.4532E+01  0.2309E-01  0.4795E+01 -0.4391E-07 -0.2418E-03  0.4528E+01 -0.1382E+00 -0.3152E-02  0.6458E-04  0.4624E-04  0.3096E-04
    5  0.4944E+01  0.5545E-02  0.5156E+01 -0.5890E-07 -0.2347E-03  0.4962E+01 -0.1110E+00  0.1808E-04  0.1212E-04  0.2163E-04  0.1101E-03
    6  0.5290E+01  0.1453E-01  0.5455E+01  0.7828E-07 -0.2288E-03  0.5285E+01 -0.6592E-01 -0.3956E-03 -0.6077E-04 -0.3402E-04  0.1033E-03
    7  0.5515E+01  0.1222E-01  0.5663E+01 -0.1815E-07 -0.1698E-03  0.5492E+01 -0.3551E-01 -0.9717E-03  0.1919E-04  0.2626E-04  0.5223E-04
    8  0.5575E+01 -0.5282E-02  0.5733E+01  0.4311E-07 -0.4722E-04  0.5578E+01 -0.6048E-01 -0.3121E-02  0.3319E-04 -0.4270E-05  0.9387E-04
    9  0.5533E+01 -0.8365E-02  0.5684E+01 -0.2590E-07 -0.4948E-04  0.5553E+01 -0.8968E-01 -0.5367E-02 -0.4426E-05  0.2310E-04  0.1736E-03
   10  0.5460E+01  0.6215E-02  0.5579E+01 -0.4765E-07 -0.1409E-03  0.5456E+01 -0.7635E-01 -0.6545E-02 -0.3161E-04  0.1287E-04  0.1520E-03
   11  0.5339E+01  0.5916E-02  0.5441E+01  0.3075E-07 -0.2113E-03  0.5329E+01 -0.5963E-01 -0.5232E-02  0.3826E-04 -0.2370E-04  0.3063E-04
   12  0.5172E+01 -0.1581E-02  0.5269E+01  0.4202E-07 -0.3376E-03  0.5174E+01 -0.6816E-01 -0.3988E-02 -0.1217E-04 -0.8709E-04 -0.7605E-04
   13  0.4994E+01 -0.3676E-02  0.5080E+01  0.5089E-07 -0.3720E-03  0.5004E+01 -0.7389E-01 -0.3001E-02 -0.6320E-04 -0.4123E-05 -0.4026E-04
   14  0.4834E+01  0.3076E-02  0.4902E+01  0.3003E-07 -0.2584E-03  0.4833E+01 -0.5621E-01 -0.2516E-02  0.5539E-04  0.4943E-04 -0.2761E-05
   15  0.4675E+01  0.5036E-02  0.4732E+01  0.3467E-07 -0.1632E-03  0.4667E+01 -0.3954E-01 -0.1820E-02  0.3241E-04 -0.5460E-04 -0.6637E-04
   16  0.4496E+01 -0.1744E-02  0.4553E+01  0.9806E-09 -0.1276E-03  0.4499E+01 -0.4000E-01 -0.1860E-02  0.5960E-05 -0.1881E-04 -0.4152E-04
   17  0.4313E+01 -0.1260E-02  0.4365E+01 -0.7262E-08 -0.9860E-04  0.4317E+01 -0.3778E-01 -0.2446E-02  0.1235E-04  0.4026E-04  0.6426E-04
   18  0.4126E+01  0.3565E-02  0.4169E+01  0.4088E-07 -0.7113E-04  0.4120E+01 -0.2858E-01 -0.3246E-02 -0.1742E-04  0.2024E-04  0.8721E-04
   19  0.3920E+01  0.9921E-03  0.3961E+01  0.4704E-07 -0.2023E-04  0.3917E+01 -0.3060E-01 -0.3106E-02 -0.8205E-05 -0.1026E-04  0.6309E-04
   20  0.3706E+01 -0.3015E-02  0.3747E+01  0.4294E-08  0.3362E-04  0.3712E+01 -0.3932E-01 -0.2273E-02  0.2245E-04 -0.5032E-05  0.8429E-04
   21  0.3507E+01 -0.8370E-03  0.3542E+01 -0.2553E-07  0.4160E-04  0.3511E+01 -0.3637E-01 -0.1966E-02  0.1584E-04  0.1314E-06  0.6088E-04
   22  0.3324E+01  0.2584E-02  0.3351E+01 -0.2872E-07  0.8762E-05  0.3320E+01 -0.2637E-01 -0.1315E-02 -0.1021E-05 -0.4195E-05 -0.1502E-04
   23  0.3146E+01  0.8088E-03  0.3171E+01 -0.2505E-07  0.7153E-05  0.3144E+01 -0.2432E-01  0.4651E-03 -0.1026E-04 -0.1953E-04 -0.6368E-04
   24  0.2978E+01 -0.2024E-02  0.3003E+01 -0.1845E-07  0.4553E-04  0.2983E+01 -0.2405E-01  0.1968E-02  0.3624E-05 -0.1065E-04 -0.9141E-04
   25  0.2830E+01  0.5251E-04  0.2850E+01 -0.1452E-07  0.7701E-04  0.2831E+01 -0.1279E-01  0.2349E-02  0.4352E-05 -0.6048E-05 -0.9438E-04
   26  0.2681E+01  0.3190E-02  0.2698E+01 -0.6671E-08  0.9372E-04  0.2676E+01  0.8404E-03  0.2479E-02  0.6501E-05 -0.1479E-04 -0.4388E-04
   27  0.2509E+01  0.1535E-02  0.2527E+01 -0.7237E-09  0.9255E-04  0.2505E+01 -0.6001E-03  0.2686E-02  0.9592E-05 -0.8755E-05  0.2675E-04
   28  0.2314E+01 -0.1671E-02  0.2334E+01 -0.6021E-08  0.7181E-04  0.2316E+01 -0.1409E-01  0.2196E-02  0.1504E-05  0.1805E-04  0.8013E-04
   29  0.2120E+01 -0.1932E-02  0.2140E+01 -0.7694E-08  0.6663E-04  0.2124E+01 -0.2324E-01  0.9525E-03 -0.1143E-04  0.1972E-04  0.9211E-04
   30  0.1946E+01 -0.2597E-03  0.1962E+01 -0.9579E-08  0.1139E-03  0.1947E+01 -0.2176E-01 -0.5168E-04 -0.2022E-05 -0.8279E-05  0.5793E-04
   31  0.1792E+01  0.7526E-03  0.1804E+01 -0.1257E-07  0.1724E-03  0.1790E+01 -0.1639E-01 -0.5659E-04  0.1468E-04 -0.2249E-04  0.1708E-04
   32  0.1653E+01  0.4710E-03  0.1664E+01 -0.6240E-08  0.1782E-03  0.1652E+01 -0.1390E-01  0.7066E-03  0.1301E-04 -0.1159E-04  0.8997E-05
   33  0.1530E+01 -0.4404E-03  0.1540E+01 -0.3428E-09  0.1367E-03  0.1531E+01 -0.1381E-01  0.1542E-02 -0.7397E-06  0.1512E-05  0.2294E-04
   34  0.1426E+01 -0.6686E-03  0.1435E+01 -0.1626E-08  0.1021E-03  0.1427E+01 -0.1105E-01  0.2072E-02 -0.6791E-05  0.2472E-05  0.2479E-04
   35  0.1337E+01  0.2209E-03  0.1344E+01 -0.3322E-08  0.9732E-04  0.1337E+01 -0.3639E-02  0.2392E-02 -0.4487E-05  0.5473E-06  0.9786E-05
   36  0.1253E+01  0.1075E-02  0.1259E+01 -0.2256E-08  0.1029E-03  0.1251E+01  0.4220E-02  0.2616E-02 -0.3190E-05 -0.5151E-06 -0.9137E-05
   37  0.1161E+01  0.8684E-03  0.1167E+01 -0.7106E-09  0.9914E-04  0.1159E+01  0.7156E-02  0.2612E-02 -0.3739E-05 -0.1314E-05 -0.2080E-04
   38  0.1053E+01  0.1273E-03  0.1060E+01  0.4657E-10  0.8584E-04  0.1052E+01  0.4521E-02  0.2255E-02 -0.2324E-05 -0.3954E-05 -0.2481E-04
   39  0.9318E+00 -0.2529E-03  0.9395E+00  0.4308E-10  0.6868E-04  0.9321E+00 -0.6541E-03  0.1675E-02  0.9617E-06 -0.3710E-05 -0.2079E-04
   40  0.8054E+00 -0.2431E-03  0.8128E+00  0.2044E-09  0.4799E-04  0.8057E+00 -0.5852E-02  0.1138E-02  0.2877E-05 -0.8593E-06 -0.1421E-04
   41  0.6818E+00 -0.2913E-03  0.6886E+00  0.3447E-09  0.2315E-04  0.6823E+00 -0.1024E-01  0.7920E-03  0.2245E-05  0.2683E-05 -0.1093E-04
   42  0.5693E+00 -0.4410E-03  0.5753E+00  0.1454E-09 -0.2792E-05  0.5701E+00 -0.1302E-01  0.6100E-03 -0.7842E-07  0.3782E-05 -0.1461E-04
   43  0.4738E+00 -0.4188E-03  0.4788E+00  0.4181E-10 -0.2367E-04  0.4748E+00 -0.1309E-01  0.5284E-03 -0.2357E-05  0.2322E-05 -0.2352E-04
   44  0.3970E+00 -0.1343E-03  0.4007E+00 -0.1630E-09 -0.3491E-04  0.3974E+00 -0.1034E-01  0.5294E-03 -0.3869E-05 -0.4147E-06 -0.3284E-04
   45  0.3350E+00  0.1925E-03  0.3377E+00 -0.6092E-09 -0.3611E-04  0.3348E+00 -0.6302E-02  0.6182E-03 -0.4152E-05 -0.1913E-05 -0.3673E-04
   46  0.2818E+00  0.3291E-03  0.2840E+00 -0.9076E-09 -0.3028E-04  0.2812E+00 -0.3074E-02  0.7627E-03 -0.3384E-05 -0.1738E-05 -0.3365E-04
   47  0.2322E+00  0.2408E-03  0.2342E+00 -0.7785E-09 -0.2173E-04  0.2317E+00 -0.1846E-02  0.8886E-03 -0.2172E-05 -0.5740E-06 -0.2566E-04
   48  0.1844E+00  0.5737E-04  0.1864E+00 -0.4263E-09 -0.1371E-04  0.1842E+00 -0.2395E-02  0.9250E-03 -0.1032E-05  0.4712E-06 -0.1632E-04
   49  0.1393E+00 -0.8462E-04  0.1412E+00 -0.1221E-09 -0.7822E-05  0.1394E+00 -0.3668E-02  0.8492E-03 -0.2695E-06  0.8460E-06 -0.8569E-05
   50  0.9948E-01 -0.1293E-03  0.1011E+00  0.1075E-09 -0.4234E-05  0.9973E-01 -0.4646E-02  0.6904E-03  0.1017E-06  0.6991E-06 -0.3528E-05
   51  0.6694E-01 -0.9848E-04  0.6822E-01  0.2265E-09 -0.2338E-05  0.6716E-01 -0.4848E-02  0.5016E-03  0.2115E-06  0.3682E-06 -0.9690E-06
   52  0.4241E-01 -0.3969E-04  0.4329E-01  0.2029E-09 -0.1406E-05  0.4253E-01 -0.4323E-02  0.3285E-03  0.1969E-06  0.9968E-07 -0.2000E-07
   53  0.2531E-01  0.9907E-05  0.2586E-01  0.1093E-09 -0.9185E-06  0.2534E-01 -0.3391E-02  0.1955E-03  0.1508E-06 -0.3353E-07  0.1494E-06
   54  0.1425E-01  0.3629E-04  0.1456E-01  0.1693E-10 -0.6143E-06  0.1421E-01 -0.2389E-02  0.1064E-03  0.1023E-06 -0.6598E-07  0.6108E-07
   55  0.7579E-02  0.4183E-04  0.7733E-02 -0.2556E-10 -0.4011E-06  0.7523E-02 -0.1532E-02  0.5318E-04  0.6713E-07 -0.5076E-07 -0.3678E-07
   56  0.3814E-02  0.3540E-04  0.3885E-02 -0.3154E-10 -0.2473E-06  0.3761E-02 -0.9044E-03  0.2454E-04  0.4214E-07 -0.2682E-07 -0.7798E-07
   57  0.1820E-02  0.2507E-04  0.1848E-02 -0.2251E-10 -0.1416E-06  0.1780E-02 -0.4948E-03  0.1047E-04  0.2481E-07 -0.1009E-07 -0.7402E-07
   58  0.8243E-03  0.1563E-04  0.8340E-03 -0.1342E-10 -0.7481E-07  0.7987E-03 -0.2525E-03  0.4140E-05  0.1396E-07 -0.1757E-08 -0.5213E-07
   59  0.3550E-03  0.8795E-05  0.3577E-03 -0.7233E-11 -0.3643E-07  0.3403E-03 -0.1207E-03  0.1513E-05  0.7338E-08  0.1063E-08 -0.3094E-07
   60  0.1456E-03  0.4537E-05  0.1459E-03 -0.3622E-11 -0.1644E-07  0.1379E-03 -0.5431E-04  0.5094E-06  0.3689E-08  0.1437E-08 -0.1619E-07
   61  0.5691E-04  0.2168E-05  0.5671E-04 -0.1839E-11 -0.6894E-08  0.5316E-04 -0.2305E-04  0.1565E-06  0.1671E-08  0.1023E-08 -0.7479E-08
   62  0.2121E-04  0.9656E-06  0.2100E-04 -0.9039E-12 -0.2721E-08  0.1952E-04 -0.9251E-05  0.4345E-07  0.7378E-09  0.5298E-09 -0.2939E-08
   63  0.7537E-05  0.4027E-06  0.7412E-05 -0.3442E-12 -0.9946E-09  0.6828E-05 -0.3514E-05  0.1054E-07  0.2878E-09  0.2071E-09 -0.9627E-09
   64  0.2553E-05  0.1575E-06  0.2492E-05 -0.7143E-13 -0.3436E-09  0.2274E-05 -0.1264E-05  0.2196E-08  0.1059E-09  0.5415E-10 -0.2039E-09
   65  0.8230E-06  0.5785E-07  0.7969E-06  0.5468E-14 -0.1093E-09  0.7197E-06 -0.4306E-06  0.3656E-09  0.3649E-10  0.6219E-12  0.4861E-11
   66  0.2541E-06  0.1995E-07  0.2442E-06  0.1592E-13 -0.3146E-10  0.2183E-06 -0.1391E-06  0.6995E-10  0.1120E-10 -0.8868E-11  0.3045E-10
   67  0.7348E-07  0.6434E-08  0.6999E-07  0.1169E-13 -0.8713E-11  0.6188E-07 -0.4225E-07  0.1532E-10  0.3238E-11 -0.7233E-11  0.2404E-10
   68  0.2141E-07  0.1995E-08  0.2028E-07  0.7554E-14 -0.1770E-11  0.1780E-07 -0.1260E-07  0.1826E-10  0.8448E-12 -0.3435E-11  0.9729E-11
   69  0.5367E-08  0.5558E-09  0.5030E-08  0.3708E-14 -0.2521E-12  0.4358E-08 -0.3322E-08  0.4032E-11  0.1189E-12 -0.1598E-11  0.4460E-11
   70  0.1624E-08  0.1685E-09  0.1522E-08  0.1554E-14 -0.5187E-13  0.1317E-08 -0.9981E-09  0.4839E-11  0.4219E-13 -0.5283E-12  0.1348E-11
   71  0.3173E-09  0.3746E-10  0.2925E-09  0.6076E-15  0.4332E-13  0.2491E-09 -0.2079E-09  0.5394E-12 -0.1432E-13 -0.1776E-12  0.4300E-12
   72  0.1194E-09  0.1353E-10  0.1112E-09  0.1945E-15  0.8481E-15  0.9477E-10 -0.7586E-10  0.6838E-12  0.8601E-15 -0.4311E-13  0.1012E-12
   73  0.1311E-10  0.1736E-11  0.1183E-10  0.5372E-16  0.4505E-14  0.9960E-11 -0.8985E-11  0.3195E-13 -0.1716E-14 -0.9718E-14  0.2088E-13
   74  0.8312E-11  0.1028E-11  0.7613E-11  0.1834E-16  0.5871E-15  0.6396E-11 -0.5471E-11  0.5926E-13 -0.2120E-15 -0.1475E-14  0.3010E-14
   75  0.2479E-12  0.3538E-13  0.2117E-12  0.4847E-17  0.1135E-15  0.1880E-12 -0.1719E-12  0.7571E-15 -0.5233E-16 -0.1894E-15  0.3705E-15
   76  0.6055E-12  0.8873E-13  0.5544E-12  0.7066E-18  0.6753E-16  0.4470E-12 -0.4254E-12  0.4644E-14 -0.2708E-16  0.6710E-17 -0.5769E-16
