 input file is 
mstm20_256_0336.inp           
 input file comments follow:
***********************************************************
  This is the default mstm input file for v.3.0.
  The run is for a 7-sphere cluster of identical spheres.   The positions
  are embedded in the input file.

  The run makes use of the new_run and multiple_run options.

  14 April 2013
***********************************************************
 number of processors:
   1
 input parameters for run number 
    1
 number of spheres, volume size parameter:
  256  0.21335E+01
 position file:
position/n256/a20.out                                       
 output file:
output/256/x0336/mt_20_256_0336.dat                         
 length, ref. indx. scale factors:
   0.336   1.660   0.002
 chiral factors:
  0.00000E+00  0.00000E+00
 scattering matrix directions based on incident frame
 automatic scattering angle calculation
 thetamin, thetamax:
      0.0    180.0
 number scattering angles:
      181
 epsmie, epssoln, max number iterations:
  0.1000E-05  0.1000E-07 5000
 medium refractive index:
  1.0000  0.0000
 target euler rotation angles:
    0.0000    0.0000    0.0000
 far field kr, iterations/correction:
  0.1000E-07   20
 plane wave incidence
 random orientation calculations
 t matrix calculated, stored in file 
tmatrixfiles/tmf_20_256_0336_166_000219                     
 t matrix convergence epsilon:
  0.1000E-06
 all spheres excited (total T matrix) 
 calculation results for run 
    1
 total ext, abs, scat efficiencies, w.r.t. xv, and asym. parm
  0.58567E+00  0.10810E-01  0.57486E+00  0.71746E+00
 scattering matrix elements (normalized w/ S11)
   theta      11           12           13           14           22           23           24           33           34           44     
    0.00  0.24580E+02  0.00000E+00  0.00000E+00 -0.41307E-04  0.99948E+00  0.14049E-04  0.00000E+00  0.99948E+00  0.00000E+00  0.99896E+00
    1.00  0.24505E+02 -0.15287E-03 -0.95499E-08 -0.41527E-04  0.99948E+00  0.13792E-04  0.19728E-07  0.99948E+00  0.29122E-05  0.99896E+00
    2.00  0.24280E+02 -0.61158E-03 -0.37895E-07 -0.42184E-04  0.99948E+00  0.13022E-04  0.79833E-07  0.99948E+00  0.11628E-04  0.99896E+00
    3.00  0.23910E+02 -0.13765E-02 -0.84111E-07 -0.43274E-04  0.99948E+00  0.11737E-04  0.18306E-06  0.99948E+00  0.26082E-04  0.99896E+00
    4.00  0.23403E+02 -0.24482E-02 -0.14662E-06 -0.44786E-04  0.99947E+00  0.99346E-05  0.33393E-06  0.99947E+00  0.46166E-04  0.99895E+00
    5.00  0.22769E+02 -0.38276E-02 -0.22313E-06 -0.46704E-04  0.99947E+00  0.76142E-05  0.53863E-06  0.99946E+00  0.71725E-04  0.99894E+00
    6.00  0.22021E+02 -0.55157E-02 -0.31055E-06 -0.49006E-04  0.99946E+00  0.47752E-05  0.80485E-06  0.99945E+00  0.10256E-03  0.99892E+00
    7.00  0.21173E+02 -0.75138E-02 -0.40492E-06 -0.51662E-04  0.99946E+00  0.14196E-05  0.11415E-05  0.99943E+00  0.13841E-03  0.99890E+00
    8.00  0.20241E+02 -0.98237E-02 -0.50121E-06 -0.54632E-04  0.99945E+00 -0.24460E-05  0.15586E-05  0.99940E+00  0.17897E-03  0.99886E+00
    9.00  0.19243E+02 -0.12447E-01 -0.59327E-06 -0.57860E-04  0.99944E+00 -0.68089E-05  0.20665E-05  0.99937E+00  0.22389E-03  0.99882E+00
   10.00  0.18195E+02 -0.15386E-01 -0.67357E-06 -0.61279E-04  0.99943E+00 -0.11647E-04  0.26755E-05  0.99931E+00  0.27276E-03  0.99876E+00
   11.00  0.17115E+02 -0.18644E-01 -0.73309E-06 -0.64801E-04  0.99942E+00 -0.16926E-04  0.33948E-05  0.99925E+00  0.32515E-03  0.99868E+00
   12.00  0.16020E+02 -0.22223E-01 -0.76110E-06 -0.68316E-04  0.99940E+00 -0.22596E-04  0.42319E-05  0.99916E+00  0.38058E-03  0.99859E+00
   13.00  0.14924E+02 -0.26126E-01 -0.74500E-06 -0.71691E-04  0.99938E+00 -0.28588E-04  0.51910E-05  0.99905E+00  0.43859E-03  0.99846E+00
   14.00  0.13843E+02 -0.30357E-01 -0.67019E-06 -0.74765E-04  0.99936E+00 -0.34806E-04  0.62715E-05  0.99891E+00  0.49876E-03  0.99831E+00
   15.00  0.12788E+02 -0.34920E-01 -0.51996E-06 -0.77353E-04  0.99934E+00 -0.41129E-04  0.74663E-05  0.99874E+00  0.56072E-03  0.99812E+00
   16.00  0.11771E+02 -0.39818E-01 -0.27548E-06 -0.79238E-04  0.99931E+00 -0.47401E-04  0.87600E-05  0.99854E+00  0.62429E-03  0.99790E+00
   17.00  0.10801E+02 -0.45055E-01  0.84033E-07 -0.80184E-04  0.99928E+00 -0.53432E-04  0.10127E-04  0.99829E+00  0.68951E-03  0.99762E+00
   18.00  0.98836E+01 -0.50637E-01  0.58114E-06 -0.79934E-04  0.99924E+00 -0.58997E-04  0.11529E-04  0.99799E+00  0.75675E-03  0.99730E+00
   19.00  0.90243E+01 -0.56566E-01  0.12397E-05 -0.78227E-04  0.99920E+00 -0.63837E-04  0.12915E-04  0.99764E+00  0.82682E-03  0.99692E+00
   20.00  0.82259E+01 -0.62847E-01  0.20842E-05 -0.74806E-04  0.99916E+00 -0.67663E-04  0.14219E-04  0.99722E+00  0.90112E-03  0.99647E+00
   21.00  0.74896E+01 -0.69483E-01  0.31391E-05 -0.69441E-04  0.99910E+00 -0.70169E-04  0.15361E-04  0.99674E+00  0.98169E-03  0.99595E+00
   22.00  0.68149E+01 -0.76477E-01  0.44279E-05 -0.61952E-04  0.99905E+00 -0.71046E-04  0.16250E-04  0.99618E+00  0.10713E-02  0.99535E+00
   23.00  0.62002E+01 -0.83830E-01  0.59720E-05 -0.52226E-04  0.99898E+00 -0.70000E-04  0.16786E-04  0.99554E+00  0.11737E-02  0.99466E+00
   24.00  0.56429E+01 -0.91544E-01  0.77905E-05 -0.40248E-04  0.99891E+00 -0.66775E-04  0.16865E-04  0.99480E+00  0.12931E-02  0.99387E+00
   25.00  0.51393E+01 -0.99617E-01  0.98990E-05 -0.26109E-04  0.99884E+00 -0.61176E-04  0.16388E-04  0.99396E+00  0.14348E-02  0.99298E+00
   26.00  0.46855E+01 -0.10805E+00  0.12310E-04 -0.10024E-04  0.99876E+00 -0.53092E-04  0.15264E-04  0.99301E+00  0.16043E-02  0.99198E+00
   27.00  0.42771E+01 -0.11683E+00  0.15033E-04  0.76719E-05  0.99867E+00 -0.42517E-04  0.13421E-04  0.99194E+00  0.18076E-02  0.99085E+00
   28.00  0.39095E+01 -0.12597E+00  0.18075E-04  0.26535E-04  0.99858E+00 -0.29554E-04  0.10811E-04  0.99074E+00  0.20506E-02  0.98959E+00
   29.00  0.35783E+01 -0.13544E+00  0.21444E-04  0.46037E-04  0.99848E+00 -0.14423E-04  0.74116E-05  0.98941E+00  0.23390E-02  0.98818E+00
   30.00  0.32792E+01 -0.14526E+00  0.25148E-04  0.65596E-04  0.99838E+00  0.25464E-05  0.32319E-05  0.98792E+00  0.26777E-02  0.98663E+00
   31.00  0.30084E+01 -0.15541E+00  0.29197E-04  0.84619E-04  0.99827E+00  0.20933E-04 -0.16927E-05  0.98627E+00  0.30707E-02  0.98491E+00
   32.00  0.27622E+01 -0.16589E+00  0.33608E-04  0.10254E-03  0.99815E+00  0.40240E-04 -0.73030E-05  0.98444E+00  0.35210E-02  0.98301E+00
   33.00  0.25374E+01 -0.17669E+00  0.38402E-04  0.11884E-03  0.99803E+00  0.59919E-04 -0.13523E-04  0.98243E+00  0.40300E-02  0.98093E+00
   34.00  0.23315E+01 -0.18781E+00  0.43605E-04  0.13313E-03  0.99790E+00  0.79391E-04 -0.20267E-04  0.98023E+00  0.45977E-02  0.97864E+00
   35.00  0.21420E+01 -0.19925E+00  0.49252E-04  0.14513E-03  0.99776E+00  0.98068E-04 -0.27449E-04  0.97781E+00  0.52222E-02  0.97614E+00
   36.00  0.19671E+01 -0.21100E+00  0.55382E-04  0.15469E-03  0.99760E+00  0.11537E-03 -0.34994E-04  0.97517E+00  0.58998E-02  0.97341E+00
   37.00  0.18054E+01 -0.22306E+00  0.62034E-04  0.16186E-03  0.99743E+00  0.13074E-03 -0.42841E-04  0.97229E+00  0.66248E-02  0.97043E+00
   38.00  0.16555E+01 -0.23544E+00  0.69251E-04  0.16685E-03  0.99725E+00  0.14365E-03 -0.50959E-04  0.96914E+00  0.73892E-02  0.96718E+00
   39.00  0.15167E+01 -0.24814E+00  0.77071E-04  0.17007E-03  0.99704E+00  0.15362E-03 -0.59350E-04  0.96572E+00  0.81822E-02  0.96364E+00
   40.00  0.13883E+01 -0.26117E+00  0.85519E-04  0.17212E-03  0.99682E+00  0.16023E-03 -0.68057E-04  0.96199E+00  0.89903E-02  0.95978E+00
   41.00  0.12696E+01 -0.27453E+00  0.94608E-04  0.17380E-03  0.99656E+00  0.16310E-03 -0.77174E-04  0.95795E+00  0.97965E-02  0.95560E+00
   42.00  0.11603E+01 -0.28825E+00  0.10432E-03  0.17615E-03  0.99628E+00  0.16198E-03 -0.86845E-04  0.95355E+00  0.10581E-01  0.95104E+00
   43.00  0.10600E+01 -0.30233E+00  0.11462E-03  0.18037E-03  0.99597E+00  0.15669E-03 -0.97274E-04  0.94878E+00  0.11318E-01  0.94610E+00
   44.00  0.96840E+00 -0.31679E+00  0.12540E-03  0.18784E-03  0.99563E+00  0.14723E-03 -0.10872E-03  0.94360E+00  0.11982E-01  0.94073E+00
   45.00  0.88523E+00 -0.33167E+00  0.13653E-03  0.20008E-03  0.99525E+00  0.13373E-03 -0.12149E-03  0.93797E+00  0.12541E-01  0.93489E+00
   46.00  0.81015E+00 -0.34698E+00  0.14780E-03  0.21866E-03  0.99484E+00  0.11654E-03 -0.13593E-03  0.93187E+00  0.12962E-01  0.92856E+00
   47.00  0.74284E+00 -0.36274E+00  0.15894E-03  0.24510E-03  0.99439E+00  0.96245E-04 -0.15240E-03  0.92525E+00  0.13212E-01  0.92169E+00
   48.00  0.68292E+00 -0.37898E+00  0.16960E-03  0.28077E-03  0.99391E+00  0.73649E-04 -0.17126E-03  0.91807E+00  0.13258E-01  0.91426E+00
   49.00  0.63001E+00 -0.39572E+00  0.17940E-03  0.32668E-03  0.99341E+00  0.49800E-04 -0.19280E-03  0.91031E+00  0.13075E-01  0.90621E+00
   50.00  0.58367E+00 -0.41295E+00  0.18790E-03  0.38336E-03  0.99288E+00  0.25935E-04 -0.21721E-03  0.90191E+00  0.12643E-01  0.89753E+00
   51.00  0.54343E+00 -0.43068E+00  0.19466E-03  0.45072E-03  0.99234E+00  0.34104E-05 -0.24456E-03  0.89286E+00  0.11954E-01  0.88819E+00
   52.00  0.50880E+00 -0.44888E+00  0.19929E-03  0.52794E-03  0.99180E+00 -0.16401E-04 -0.27472E-03  0.88313E+00  0.11017E-01  0.87818E+00
   53.00  0.47929E+00 -0.46751E+00  0.20144E-03  0.61347E-03  0.99126E+00 -0.32234E-04 -0.30739E-03  0.87270E+00  0.98523E-02  0.86748E+00
   54.00  0.45437E+00 -0.48652E+00  0.20089E-03  0.70511E-03  0.99074E+00 -0.43056E-04 -0.34207E-03  0.86158E+00  0.84979E-02  0.85610E+00
   55.00  0.43354E+00 -0.50584E+00  0.19755E-03  0.80017E-03  0.99025E+00 -0.48173E-04 -0.37810E-03  0.84977E+00  0.70032E-02  0.84406E+00
   56.00  0.41629E+00 -0.52538E+00  0.19147E-03  0.89576E-03  0.98979E+00 -0.47296E-04 -0.41475E-03  0.83727E+00  0.54260E-02  0.83135E+00
   57.00  0.40213E+00 -0.54506E+00  0.18284E-03  0.98901E-03  0.98937E+00 -0.40553E-04 -0.45122E-03  0.82411E+00  0.38274E-02  0.81801E+00
   58.00  0.39057E+00 -0.56481E+00  0.17197E-03  0.10773E-02  0.98899E+00 -0.28445E-04 -0.48675E-03  0.81029E+00  0.22663E-02  0.80405E+00
   59.00  0.38117E+00 -0.58453E+00  0.15923E-03  0.11587E-02  0.98865E+00 -0.11771E-04 -0.52070E-03  0.79583E+00  0.79491E-03  0.78948E+00
   60.00  0.37353E+00 -0.60416E+00  0.14505E-03  0.12315E-02  0.98835E+00  0.84823E-05 -0.55251E-03  0.78074E+00 -0.54400E-03  0.77431E+00
   61.00  0.36723E+00 -0.62365E+00  0.12985E-03  0.12948E-02  0.98807E+00  0.31243E-04 -0.58182E-03  0.76503E+00 -0.17191E-02  0.75855E+00
   62.00  0.36195E+00 -0.64294E+00  0.11401E-03  0.13484E-02  0.98783E+00  0.55451E-04 -0.60839E-03  0.74869E+00 -0.27102E-02  0.74218E+00
   63.00  0.35737E+00 -0.66200E+00  0.97874E-04  0.13923E-02  0.98760E+00  0.80129E-04 -0.63209E-03  0.73172E+00 -0.35078E-02  0.72520E+00
   64.00  0.35321E+00 -0.68080E+00  0.81734E-04  0.14270E-02  0.98739E+00  0.10443E-03 -0.65293E-03  0.71410E+00 -0.41110E-02  0.70759E+00
   65.00  0.34923E+00 -0.69930E+00  0.65812E-04  0.14532E-02  0.98718E+00  0.12765E-03 -0.67099E-03  0.69582E+00 -0.45260E-02  0.68934E+00
   66.00  0.34524E+00 -0.71749E+00  0.50275E-04  0.14716E-02  0.98697E+00  0.14926E-03 -0.68640E-03  0.67687E+00 -0.47639E-02  0.67042E+00
   67.00  0.34109E+00 -0.73534E+00  0.35240E-04  0.14832E-02  0.98676E+00  0.16885E-03 -0.69930E-03  0.65721E+00 -0.48393E-02  0.65080E+00
   68.00  0.33663E+00 -0.75283E+00  0.20782E-04  0.14888E-02  0.98653E+00  0.18617E-03 -0.70987E-03  0.63683E+00 -0.47691E-02  0.63047E+00
   69.00  0.33179E+00 -0.76994E+00  0.69460E-05  0.14891E-02  0.98629E+00  0.20105E-03 -0.71826E-03  0.61572E+00 -0.45711E-02  0.60941E+00
   70.00  0.32651E+00 -0.78665E+00 -0.62465E-05  0.14847E-02  0.98604E+00  0.21342E-03 -0.72462E-03  0.59384E+00 -0.42638E-02  0.58759E+00
   71.00  0.32075E+00 -0.80291E+00 -0.18786E-04  0.14762E-02  0.98576E+00  0.22328E-03 -0.72906E-03  0.57120E+00 -0.38655E-02  0.56500E+00
   72.00  0.31450E+00 -0.81870E+00 -0.30666E-04  0.14640E-02  0.98545E+00  0.23065E-03 -0.73167E-03  0.54776E+00 -0.33943E-02  0.54162E+00
   73.00  0.30780E+00 -0.83399E+00 -0.41879E-04  0.14482E-02  0.98512E+00  0.23562E-03 -0.73254E-03  0.52352E+00 -0.28682E-02  0.51744E+00
   74.00  0.30067E+00 -0.84873E+00 -0.52406E-04  0.14290E-02  0.98476E+00  0.23825E-03 -0.73172E-03  0.49847E+00 -0.23045E-02  0.49245E+00
   75.00  0.29318E+00 -0.86289E+00 -0.62214E-04  0.14065E-02  0.98438E+00  0.23862E-03 -0.72924E-03  0.47260E+00 -0.17202E-02  0.46665E+00
   76.00  0.28538E+00 -0.87642E+00 -0.71245E-04  0.13805E-02  0.98397E+00  0.23682E-03 -0.72515E-03  0.44592E+00 -0.11323E-02  0.44005E+00
   77.00  0.27736E+00 -0.88928E+00 -0.79418E-04  0.13511E-02  0.98352E+00  0.23291E-03 -0.71949E-03  0.41844E+00 -0.55728E-03  0.41264E+00
   78.00  0.26920E+00 -0.90141E+00 -0.86620E-04  0.13180E-02  0.98306E+00  0.22694E-03 -0.71231E-03  0.39015E+00 -0.11303E-04  0.38444E+00
   79.00  0.26098E+00 -0.91277E+00 -0.92708E-04  0.12811E-02  0.98256E+00  0.21894E-03 -0.70369E-03  0.36108E+00  0.48975E-03  0.35546E+00
   80.00  0.25281E+00 -0.92331E+00 -0.97503E-04  0.12402E-02  0.98205E+00  0.20891E-03 -0.69376E-03  0.33124E+00  0.93059E-03  0.32574E+00
   81.00  0.24475E+00 -0.93298E+00 -0.10079E-03  0.11953E-02  0.98152E+00  0.19686E-03 -0.68266E-03  0.30067E+00  0.12967E-02  0.29529E+00
   82.00  0.23691E+00 -0.94174E+00 -0.10234E-03  0.11463E-02  0.98097E+00  0.18277E-03 -0.67064E-03  0.26941E+00  0.15750E-02  0.26416E+00
   83.00  0.22934E+00 -0.94954E+00 -0.10189E-03  0.10933E-02  0.98042E+00  0.16662E-03 -0.65796E-03  0.23749E+00  0.17537E-02  0.23240E+00
   84.00  0.22213E+00 -0.95633E+00 -0.99150E-04  0.10365E-02  0.97986E+00  0.14839E-03 -0.64499E-03  0.20497E+00  0.18235E-02  0.20005E+00
   85.00  0.21534E+00 -0.96208E+00 -0.93853E-04  0.97631E-03  0.97931E+00  0.12808E-03 -0.63212E-03  0.17191E+00  0.17778E-02  0.16718E+00
   86.00  0.20901E+00 -0.96676E+00 -0.85732E-04  0.91323E-03  0.97878E+00  0.10571E-03 -0.61982E-03  0.13837E+00  0.16134E-02  0.13386E+00
   87.00  0.20319E+00 -0.97033E+00 -0.74558E-04  0.84794E-03  0.97828E+00  0.81343E-04 -0.60859E-03  0.10444E+00  0.13308E-02  0.10017E+00
   88.00  0.19792E+00 -0.97277E+00 -0.60148E-04  0.78126E-03  0.97780E+00  0.55084E-04 -0.59892E-03  0.70206E-01  0.93482E-03  0.66192E-01
   89.00  0.19321E+00 -0.97407E+00 -0.42390E-04  0.71412E-03  0.97737E+00  0.27091E-04 -0.59131E-03  0.35749E-01  0.43447E-03  0.32014E-01
   90.00  0.18908E+00 -0.97422E+00 -0.21258E-04  0.64750E-03  0.97699E+00 -0.24179E-05 -0.58619E-03  0.11687E-02 -0.15712E-03 -0.22672E-02
   91.00  0.18553E+00 -0.97323E+00  0.31805E-05  0.58242E-03  0.97667E+00 -0.33169E-04 -0.58393E-03 -0.33436E-01 -0.82310E-03 -0.36555E-01
   92.00  0.18256E+00 -0.97109E+00  0.30755E-04  0.51985E-03  0.97641E+00 -0.64836E-04 -0.58477E-03 -0.67967E-01 -0.15437E-02 -0.70754E-01
   93.00  0.18014E+00 -0.96783E+00  0.61195E-04  0.46066E-03  0.97621E+00 -0.97047E-04 -0.58885E-03 -0.10233E+00 -0.22973E-02 -0.10477E+00
   94.00  0.17827E+00 -0.96347E+00  0.94138E-04  0.40558E-03  0.97608E+00 -0.12940E-03 -0.59612E-03 -0.13642E+00 -0.30611E-02 -0.13851E+00
   95.00  0.17692E+00 -0.95802E+00  0.12914E-03  0.35514E-03  0.97602E+00 -0.16149E-03 -0.60644E-03 -0.17017E+00 -0.38130E-02 -0.17189E+00
   96.00  0.17605E+00 -0.95153E+00  0.16571E-03  0.30967E-03  0.97602E+00 -0.19290E-03 -0.61949E-03 -0.20348E+00 -0.45321E-02 -0.20484E+00
   97.00  0.17563E+00 -0.94403E+00  0.20330E-03  0.26927E-03  0.97609E+00 -0.22323E-03 -0.63484E-03 -0.23629E+00 -0.51997E-02 -0.23728E+00
   98.00  0.17562E+00 -0.93555E+00  0.24137E-03  0.23382E-03  0.97620E+00 -0.25213E-03 -0.65197E-03 -0.26852E+00 -0.58005E-02 -0.26916E+00
   99.00  0.17598E+00 -0.92614E+00  0.27936E-03  0.20302E-03  0.97637E+00 -0.27929E-03 -0.67030E-03 -0.30014E+00 -0.63222E-02 -0.30041E+00
  100.00  0.17667E+00 -0.91583E+00  0.31675E-03  0.17640E-03  0.97657E+00 -0.30444E-03 -0.68918E-03 -0.33108E+00 -0.67566E-02 -0.33100E+00
  101.00  0.17765E+00 -0.90468E+00  0.35306E-03  0.15336E-03  0.97681E+00 -0.32736E-03 -0.70799E-03 -0.36131E+00 -0.70985E-02 -0.36088E+00
  102.00  0.17886E+00 -0.89273E+00  0.38785E-03  0.13322E-03  0.97707E+00 -0.34791E-03 -0.72610E-03 -0.39079E+00 -0.73465E-02 -0.39002E+00
  103.00  0.18028E+00 -0.88001E+00  0.42072E-03  0.11525E-03  0.97736E+00 -0.36599E-03 -0.74294E-03 -0.41950E+00 -0.75017E-02 -0.41840E+00
  104.00  0.18186E+00 -0.86658E+00  0.45135E-03  0.98705E-04  0.97765E+00 -0.38153E-03 -0.75798E-03 -0.44741E+00 -0.75678E-02 -0.44599E+00
  105.00  0.18357E+00 -0.85249E+00  0.47946E-03  0.82853E-04  0.97796E+00 -0.39454E-03 -0.77077E-03 -0.47452E+00 -0.75503E-02 -0.47278E+00
  106.00  0.18536E+00 -0.83777E+00  0.50482E-03  0.67000E-04  0.97826E+00 -0.40504E-03 -0.78091E-03 -0.50079E+00 -0.74560E-02 -0.49875E+00
  107.00  0.18721E+00 -0.82247E+00  0.52724E-03  0.50509E-04  0.97856E+00 -0.41309E-03 -0.78810E-03 -0.52623E+00 -0.72928E-02 -0.52389E+00
  108.00  0.18909E+00 -0.80664E+00  0.54660E-03  0.32809E-04  0.97885E+00 -0.41877E-03 -0.79210E-03 -0.55083E+00 -0.70692E-02 -0.54820E+00
  109.00  0.19097E+00 -0.79032E+00  0.56278E-03  0.13403E-04  0.97914E+00 -0.42218E-03 -0.79277E-03 -0.57458E+00 -0.67937E-02 -0.57166E+00
  110.00  0.19282E+00 -0.77357E+00  0.57572E-03 -0.81271E-05  0.97941E+00 -0.42345E-03 -0.79001E-03 -0.59748E+00 -0.64750E-02 -0.59427E+00
  111.00  0.19464E+00 -0.75642E+00  0.58539E-03 -0.32120E-04  0.97966E+00 -0.42269E-03 -0.78379E-03 -0.61953E+00 -0.61213E-02 -0.61604E+00
  112.00  0.19639E+00 -0.73892E+00  0.59176E-03 -0.58838E-04  0.97991E+00 -0.42005E-03 -0.77415E-03 -0.64073E+00 -0.57407E-02 -0.63696E+00
  113.00  0.19807E+00 -0.72112E+00  0.59486E-03 -0.88472E-04  0.98013E+00 -0.41565E-03 -0.76118E-03 -0.66108E+00 -0.53405E-02 -0.65704E+00
  114.00  0.19967E+00 -0.70307E+00  0.59471E-03 -0.12114E-03  0.98034E+00 -0.40965E-03 -0.74501E-03 -0.68060E+00 -0.49275E-02 -0.67628E+00
  115.00  0.20118E+00 -0.68479E+00  0.59135E-03 -0.15691E-03  0.98053E+00 -0.40217E-03 -0.72581E-03 -0.69929E+00 -0.45081E-02 -0.69469E+00
  116.00  0.20259E+00 -0.66635E+00  0.58487E-03 -0.19576E-03  0.98071E+00 -0.39336E-03 -0.70379E-03 -0.71716E+00 -0.40877E-02 -0.71229E+00
  117.00  0.20390E+00 -0.64777E+00  0.57534E-03 -0.23767E-03  0.98087E+00 -0.38336E-03 -0.67920E-03 -0.73423E+00 -0.36714E-02 -0.72907E+00
  118.00  0.20511E+00 -0.62910E+00  0.56287E-03 -0.28252E-03  0.98101E+00 -0.37229E-03 -0.65230E-03 -0.75050E+00 -0.32634E-02 -0.74506E+00
  119.00  0.20622E+00 -0.61038E+00  0.54757E-03 -0.33018E-03  0.98114E+00 -0.36028E-03 -0.62336E-03 -0.76599E+00 -0.28676E-02 -0.76027E+00
  120.00  0.20723E+00 -0.59164E+00  0.52957E-03 -0.38049E-03  0.98126E+00 -0.34747E-03 -0.59268E-03 -0.78072E+00 -0.24870E-02 -0.77471E+00
  121.00  0.20815E+00 -0.57293E+00  0.50903E-03 -0.43326E-03  0.98136E+00 -0.33397E-03 -0.56057E-03 -0.79470E+00 -0.21244E-02 -0.78840E+00
  122.00  0.20898E+00 -0.55426E+00  0.48611E-03 -0.48826E-03  0.98145E+00 -0.31990E-03 -0.52733E-03 -0.80795E+00 -0.17818E-02 -0.80136E+00
  123.00  0.20973E+00 -0.53568E+00  0.46099E-03 -0.54526E-03  0.98153E+00 -0.30537E-03 -0.49328E-03 -0.82050E+00 -0.14608E-02 -0.81361E+00
  124.00  0.21040E+00 -0.51722E+00  0.43387E-03 -0.60403E-03  0.98160E+00 -0.29049E-03 -0.45873E-03 -0.83235E+00 -0.11628E-02 -0.82517E+00
  125.00  0.21101E+00 -0.49891E+00  0.40494E-03 -0.66430E-03  0.98165E+00 -0.27537E-03 -0.42398E-03 -0.84355E+00 -0.88851E-03 -0.83607E+00
  126.00  0.21155E+00 -0.48076E+00  0.37442E-03 -0.72584E-03  0.98170E+00 -0.26010E-03 -0.38930E-03 -0.85409E+00 -0.63842E-03 -0.84631E+00
  127.00  0.21205E+00 -0.46282E+00  0.34256E-03 -0.78839E-03  0.98174E+00 -0.24478E-03 -0.35499E-03 -0.86402E+00 -0.41268E-03 -0.85593E+00
  128.00  0.21249E+00 -0.44510E+00  0.30959E-03 -0.85170E-03  0.98178E+00 -0.22949E-03 -0.32129E-03 -0.87334E+00 -0.21113E-03 -0.86495E+00
  129.00  0.21290E+00 -0.42762E+00  0.27575E-03 -0.91555E-03  0.98181E+00 -0.21434E-03 -0.28845E-03 -0.88209E+00 -0.33370E-04 -0.87339E+00
  130.00  0.21328E+00 -0.41040E+00  0.24130E-03 -0.97971E-03  0.98183E+00 -0.19938E-03 -0.25668E-03 -0.89028E+00  0.12124E-03 -0.88127E+00
  131.00  0.21363E+00 -0.39346E+00  0.20651E-03 -0.10440E-02  0.98184E+00 -0.18471E-03 -0.22617E-03 -0.89794E+00  0.25354E-03 -0.88862E+00
  132.00  0.21397E+00 -0.37683E+00  0.17162E-03 -0.11081E-02  0.98186E+00 -0.17038E-03 -0.19708E-03 -0.90509E+00  0.36453E-03 -0.89546E+00
  133.00  0.21429E+00 -0.36051E+00  0.13690E-03 -0.11720E-02  0.98187E+00 -0.15646E-03 -0.16957E-03 -0.91176E+00  0.45534E-03 -0.90182E+00
  134.00  0.21461E+00 -0.34451E+00  0.10262E-03 -0.12355E-02  0.98187E+00 -0.14302E-03 -0.14373E-03 -0.91797E+00  0.52722E-03 -0.90772E+00
  135.00  0.21492E+00 -0.32885E+00  0.69007E-04 -0.12983E-02  0.98187E+00 -0.13009E-03 -0.11966E-03 -0.92373E+00  0.58151E-03 -0.91317E+00
  136.00  0.21524E+00 -0.31355E+00  0.36317E-04 -0.13605E-02  0.98187E+00 -0.11774E-03 -0.97423E-04 -0.92908E+00  0.61960E-03 -0.91821E+00
  137.00  0.21556E+00 -0.29860E+00  0.47808E-05 -0.14218E-02  0.98187E+00 -0.10599E-03 -0.77042E-04 -0.93403E+00  0.64294E-03 -0.92285E+00
  138.00  0.21590E+00 -0.28402E+00 -0.25385E-04 -0.14822E-02  0.98186E+00 -0.94873E-04 -0.58532E-04 -0.93861E+00  0.65296E-03 -0.92712E+00
  139.00  0.21624E+00 -0.26981E+00 -0.53976E-04 -0.15416E-02  0.98185E+00 -0.84422E-04 -0.41880E-04 -0.94283E+00  0.65113E-03 -0.93104E+00
  140.00  0.21660E+00 -0.25597E+00 -0.80808E-04 -0.15999E-02  0.98184E+00 -0.74650E-04 -0.27052E-04 -0.94671E+00  0.63889E-03 -0.93462E+00
  141.00  0.21698E+00 -0.24252E+00 -0.10572E-03 -0.16571E-02  0.98183E+00 -0.65570E-04 -0.13996E-04 -0.95028E+00  0.61763E-03 -0.93789E+00
  142.00  0.21737E+00 -0.22945E+00 -0.12856E-03 -0.17131E-02  0.98181E+00 -0.57184E-04 -0.26440E-05 -0.95356E+00  0.58872E-03 -0.94087E+00
  143.00  0.21778E+00 -0.21677E+00 -0.14921E-03 -0.17679E-02  0.98179E+00 -0.49490E-04  0.70872E-05 -0.95655E+00  0.55348E-03 -0.94357E+00
  144.00  0.21821E+00 -0.20448E+00 -0.16758E-03 -0.18214E-02  0.98177E+00 -0.42479E-04  0.15291E-04 -0.95929E+00  0.51313E-03 -0.94601E+00
  145.00  0.21866E+00 -0.19258E+00 -0.18359E-03 -0.18736E-02  0.98175E+00 -0.36138E-04  0.22071E-04 -0.96177E+00  0.46886E-03 -0.94821E+00
  146.00  0.21912E+00 -0.18106E+00 -0.19721E-03 -0.19245E-02  0.98172E+00 -0.30444E-04  0.27537E-04 -0.96403E+00  0.42177E-03 -0.95019E+00
  147.00  0.21960E+00 -0.16994E+00 -0.20842E-03 -0.19740E-02  0.98170E+00 -0.25374E-04  0.31801E-04 -0.96608E+00  0.37287E-03 -0.95195E+00
  148.00  0.22010E+00 -0.15919E+00 -0.21721E-03 -0.20223E-02  0.98166E+00 -0.20897E-04  0.34979E-04 -0.96793E+00  0.32310E-03 -0.95352E+00
  149.00  0.22061E+00 -0.14884E+00 -0.22364E-03 -0.20691E-02  0.98163E+00 -0.16981E-04  0.37186E-04 -0.96959E+00  0.27331E-03 -0.95491E+00
  150.00  0.22113E+00 -0.13886E+00 -0.22775E-03 -0.21146E-02  0.98159E+00 -0.13589E-04  0.38537E-04 -0.97108E+00  0.22429E-03 -0.95613E+00
  151.00  0.22167E+00 -0.12927E+00 -0.22963E-03 -0.21588E-02  0.98155E+00 -0.10683E-04  0.39140E-04 -0.97241E+00  0.17671E-03 -0.95719E+00
  152.00  0.22221E+00 -0.12005E+00 -0.22939E-03 -0.22015E-02  0.98150E+00 -0.82220E-05  0.39102E-04 -0.97360E+00  0.13118E-03 -0.95812E+00
  153.00  0.22277E+00 -0.11120E+00 -0.22714E-03 -0.22429E-02  0.98146E+00 -0.61662E-05  0.38521E-04 -0.97464E+00  0.88228E-04 -0.95891E+00
  154.00  0.22333E+00 -0.10273E+00 -0.22305E-03 -0.22829E-02  0.98140E+00 -0.44740E-05  0.37490E-04 -0.97557E+00  0.48308E-04 -0.95957E+00
  155.00  0.22389E+00 -0.94621E-01 -0.21725E-03 -0.23215E-02  0.98135E+00 -0.31048E-05  0.36094E-04 -0.97637E+00  0.11788E-04 -0.96013E+00
  156.00  0.22446E+00 -0.86876E-01 -0.20994E-03 -0.23587E-02  0.98129E+00 -0.20188E-05  0.34410E-04 -0.97708E+00 -0.21038E-04 -0.96058E+00
  157.00  0.22502E+00 -0.79491E-01 -0.20128E-03 -0.23946E-02  0.98122E+00 -0.11779E-05  0.32508E-04 -0.97768E+00 -0.49946E-04 -0.96095E+00
  158.00  0.22559E+00 -0.72462E-01 -0.19147E-03 -0.24290E-02  0.98116E+00 -0.54580E-06  0.30450E-04 -0.97820E+00 -0.74788E-04 -0.96123E+00
  159.00  0.22615E+00 -0.65785E-01 -0.18070E-03 -0.24621E-02  0.98109E+00 -0.88794E-07  0.28288E-04 -0.97864E+00 -0.95486E-04 -0.96143E+00
  160.00  0.22670E+00 -0.59456E-01 -0.16917E-03 -0.24938E-02  0.98102E+00  0.22432E-06  0.26071E-04 -0.97901E+00 -0.11203E-03 -0.96157E+00
  161.00  0.22724E+00 -0.53471E-01 -0.15707E-03 -0.25240E-02  0.98094E+00  0.42182E-06  0.23837E-04 -0.97931E+00 -0.12447E-03 -0.96165E+00
  162.00  0.22777E+00 -0.47826E-01 -0.14458E-03 -0.25529E-02  0.98087E+00  0.52897E-06  0.21620E-04 -0.97955E+00 -0.13295E-03 -0.96167E+00
  163.00  0.22829E+00 -0.42517E-01 -0.13189E-03 -0.25803E-02  0.98079E+00  0.56793E-06  0.19448E-04 -0.97974E+00 -0.13763E-03 -0.96165E+00
  164.00  0.22880E+00 -0.37540E-01 -0.11917E-03 -0.26063E-02  0.98071E+00  0.55777E-06  0.17343E-04 -0.97989E+00 -0.13876E-03 -0.96159E+00
  165.00  0.22928E+00 -0.32890E-01 -0.10658E-03 -0.26309E-02  0.98063E+00  0.51455E-06  0.15324E-04 -0.98000E+00 -0.13665E-03 -0.96150E+00
  166.00  0.22975E+00 -0.28564E-01 -0.94255E-04 -0.26540E-02  0.98055E+00  0.45143E-06  0.13403E-04 -0.98007E+00 -0.13163E-03 -0.96138E+00
  167.00  0.23019E+00 -0.24558E-01 -0.82340E-04 -0.26757E-02  0.98047E+00  0.37885E-06  0.11593E-04 -0.98012E+00 -0.12411E-03 -0.96125E+00
  168.00  0.23061E+00 -0.20868E-01 -0.70949E-04 -0.26958E-02  0.98040E+00  0.30476E-06  0.99018E-05 -0.98014E+00 -0.11450E-03 -0.96110E+00
  169.00  0.23100E+00 -0.17489E-01 -0.60186E-04 -0.27145E-02  0.98032E+00  0.23487E-06  0.83352E-05 -0.98014E+00 -0.10326E-03 -0.96094E+00
  170.00  0.23137E+00 -0.14419E-01 -0.50139E-04 -0.27316E-02  0.98025E+00  0.17293E-06  0.68977E-05 -0.98013E+00 -0.90857E-04 -0.96077E+00
  171.00  0.23171E+00 -0.11653E-01 -0.40882E-04 -0.27472E-02  0.98019E+00  0.12101E-06  0.55926E-05 -0.98011E+00 -0.77783E-04 -0.96061E+00
  172.00  0.23201E+00 -0.91887E-02 -0.32478E-04 -0.27612E-02  0.98013E+00  0.79825E-07  0.44220E-05 -0.98007E+00 -0.64512E-04 -0.96045E+00
  173.00  0.23229E+00 -0.70222E-02 -0.24976E-04 -0.27736E-02  0.98007E+00  0.49035E-07  0.33874E-05 -0.98004E+00 -0.51514E-04 -0.96030E+00
  174.00  0.23253E+00 -0.51509E-02 -0.18414E-04 -0.27844E-02  0.98002E+00  0.27530E-07  0.24896E-05 -0.98000E+00 -0.39231E-04 -0.96016E+00
  175.00  0.23274E+00 -0.35721E-02 -0.12822E-04 -0.27936E-02  0.97998E+00  0.13714E-07  0.17294E-05 -0.97997E+00 -0.28074E-04 -0.96004E+00
  176.00  0.23290E+00 -0.22835E-02 -0.82232E-05 -0.28011E-02  0.97994E+00  0.57649E-08  0.11070E-05 -0.97994E+00 -0.18410E-04 -0.95994E+00
  177.00  0.23304E+00 -0.12833E-02 -0.46325E-05 -0.28070E-02  0.97991E+00  0.18607E-08  0.62279E-06 -0.97991E+00 -0.10552E-04 -0.95985E+00
  178.00  0.23313E+00 -0.56999E-03 -0.20610E-05 -0.28112E-02  0.97989E+00  0.37273E-09  0.27682E-06 -0.97989E+00 -0.47526E-05 -0.95979E+00
  179.00  0.23319E+00 -0.14244E-03 -0.51555E-06 -0.28137E-02  0.97988E+00  0.23490E-10  0.69209E-07 -0.97988E+00 -0.11976E-05 -0.95976E+00
  180.00  0.23321E+00 -0.35298E-14 -0.12780E-16 -0.28146E-02  0.97987E+00  0.14469E-31  0.17153E-17 -0.97987E+00 -0.29761E-16 -0.95975E+00
 scattering matrix expansion coefficients
    w  a11         a22         a33         a23         a32         a44         a12         a34         a13         a24         a14
    0  0.1000E+01  0.0000E+00  0.0000E+00  0.0000E+00  0.0000E+00  0.7780E+00  0.0000E+00  0.0000E+00  0.0000E+00  0.0000E+00  0.2887E-04
    1  0.2152E+01  0.0000E+00  0.0000E+00  0.0000E+00  0.0000E+00  0.2393E+01  0.0000E+00  0.0000E+00  0.0000E+00  0.0000E+00  0.2962E-03
    2  0.2995E+01  0.2855E+00  0.3871E+01 -0.4410E-07 -0.2600E-04  0.2966E+01 -0.3927E+00  0.1203E-02  0.8688E-04 -0.2757E-03 -0.5038E-03
    3  0.3231E+01  0.5976E-01  0.3774E+01  0.1422E-06 -0.7926E-04  0.3205E+01 -0.2103E+00  0.5173E-02 -0.2093E-05 -0.7875E-04 -0.3374E-03
    4  0.3118E+01  0.8661E-02  0.3581E+01  0.1033E-06 -0.2172E-03  0.3138E+01 -0.1984E+00  0.7416E-02  0.8582E-04  0.1017E-04 -0.3311E-03
    5  0.2794E+01  0.2132E-01  0.3154E+01  0.2965E-07 -0.5022E-04  0.2783E+01 -0.1972E+00  0.6775E-02  0.1461E-03  0.3361E-04 -0.1187E-03
    6  0.2320E+01  0.1110E-01  0.2597E+01 -0.4642E-07 -0.1026E-03  0.2308E+01 -0.1962E+00  0.5546E-02 -0.7198E-04  0.1302E-03 -0.8927E-04
    7  0.1813E+01 -0.6204E-02  0.2027E+01 -0.5495E-08 -0.8915E-04  0.1842E+01 -0.2064E+00  0.1918E-02 -0.1645E-04  0.3017E-04 -0.2363E-03
    8  0.1423E+01  0.8447E-02  0.1555E+01  0.1318E-06  0.5326E-04  0.1434E+01 -0.1619E+00 -0.2332E-02 -0.6842E-05 -0.2203E-04 -0.2290E-03
    9  0.1141E+01  0.1742E-01  0.1214E+01  0.8981E-07  0.1672E-03  0.1124E+01 -0.8362E-01 -0.2343E-02 -0.2086E-04  0.5585E-04 -0.4959E-04
   10  0.8904E+00  0.6875E-02  0.9477E+00  0.5185E-08  0.2276E-03  0.8790E+00 -0.4516E-01  0.3073E-03 -0.8811E-05  0.7083E-04  0.8562E-04
   11  0.6502E+00 -0.1466E-02  0.7019E+00  0.4711E-09  0.2127E-03  0.6521E+00 -0.4716E-01  0.2119E-02 -0.4321E-05  0.3504E-04  0.1418E-03
   12  0.4412E+00 -0.9836E-03  0.4798E+00  0.1458E-07  0.1457E-03  0.4443E+00 -0.5052E-01  0.2301E-02 -0.4145E-05  0.1195E-04  0.1495E-03
   13  0.2790E+00  0.8897E-03  0.3035E+00  0.1790E-07  0.7244E-04  0.2794E+00 -0.4270E-01  0.1771E-02 -0.7272E-05 -0.1278E-05  0.1142E-03
   14  0.1644E+00  0.1135E-02  0.1789E+00  0.1159E-07  0.2555E-04  0.1639E+00 -0.3121E-01  0.1149E-02 -0.5596E-05 -0.1089E-04  0.5927E-04
   15  0.8959E-01  0.8409E-03  0.9782E-01  0.5032E-08  0.5691E-05  0.8925E-01 -0.2135E-01  0.6459E-03 -0.3575E-05 -0.1356E-04  0.1765E-04
   16  0.4476E-01  0.6888E-03  0.4898E-01  0.1452E-08  0.9224E-07  0.4436E-01 -0.1357E-01  0.3071E-03 -0.1605E-05 -0.9884E-05 -0.1494E-05
   17  0.2032E-01  0.5618E-03  0.2217E-01  0.1912E-09 -0.5567E-06  0.1984E-01 -0.7713E-02  0.1227E-03 -0.6415E-06 -0.4998E-05 -0.5360E-05
   18  0.8340E-02  0.3835E-03  0.9016E-02 -0.6221E-10 -0.2529E-06  0.7927E-02 -0.3830E-02  0.4083E-04 -0.2089E-06 -0.1860E-05 -0.3716E-05
   19  0.3087E-02  0.2119E-03  0.3288E-02 -0.7877E-10 -0.6138E-07  0.2827E-02 -0.1655E-02  0.1133E-04 -0.6943E-07 -0.5245E-06 -0.1737E-05
   20  0.1031E-02  0.9675E-04  0.1077E-02 -0.4784E-10 -0.1049E-07  0.9024E-03 -0.6254E-03  0.2543E-05 -0.1881E-07 -0.1107E-06 -0.6352E-06
   21  0.3110E-03  0.3739E-04  0.3177E-03 -0.2149E-10 -0.1339E-08  0.2584E-03 -0.2082E-03  0.4290E-06 -0.4207E-08 -0.1281E-07 -0.1986E-06
   22  0.8478E-04  0.1247E-04  0.8449E-04 -0.7018E-11  0.1555E-08  0.6650E-04 -0.6146E-04  0.3759E-07 -0.1647E-08  0.2900E-08 -0.5467E-07
   23  0.2086E-04  0.3631E-05  0.2024E-04 -0.1734E-11  0.1202E-08  0.1536E-04 -0.1614E-04 -0.9564E-08 -0.8913E-09  0.2263E-08 -0.1319E-07
   24  0.4611E-05  0.9256E-06  0.4352E-05 -0.3727E-12  0.4512E-09  0.3170E-05 -0.3762E-05 -0.4934E-08 -0.3443E-09  0.7609E-09 -0.2671E-08
   25  0.9085E-06  0.2058E-06  0.8331E-06 -0.7736E-13  0.1022E-09  0.5804E-06 -0.7744E-06 -0.1599E-08 -0.7137E-10  0.1544E-09 -0.4170E-09
   26  0.1584E-06  0.3969E-07  0.1412E-06 -0.1196E-13  0.1834E-10  0.9387E-07 -0.1399E-06 -0.3209E-09 -0.1377E-10  0.2245E-10 -0.5177E-10
   27  0.2383E-07  0.6505E-08  0.2066E-07 -0.4633E-15  0.2044E-11  0.1307E-07 -0.2167E-07 -0.5464E-10 -0.1594E-11  0.1683E-11 -0.3373E-11
   28  0.3200E-08  0.9333E-09  0.2708E-08  0.6741E-16  0.1103E-12  0.1632E-08 -0.2974E-08 -0.7323E-11 -0.1028E-12 -0.1209E-12  0.8118E-13
   29  0.3309E-09  0.1027E-09  0.2729E-09  0.5651E-16 -0.8657E-14  0.1563E-09 -0.3139E-09 -0.7313E-12  0.3731E-14  0.2375E-13 -0.2442E-13
   30  0.3675E-10  0.1180E-10  0.2974E-10  0.1486E-16 -0.1117E-14  0.1640E-10 -0.3519E-10 -0.8222E-13  0.4213E-15 -0.1288E-14 -0.1302E-14
   31  0.1701E-11  0.5767E-12  0.1341E-11  0.2878E-17 -0.2143E-15  0.7033E-12 -0.1657E-11 -0.2961E-14  0.1376E-15  0.4628E-15 -0.4096E-15
   32  0.3476E-12  0.1217E-12  0.2765E-12  0.3370E-18 -0.5493E-16  0.1414E-12 -0.3413E-12 -0.7148E-15  0.3445E-16  0.3599E-15 -0.5131E-15
