 input file is 
mstm24_128_5795_20_00226.inp  
 input file comments follow:
***********************************************************
  This is the default mstm input file for v.3.0.
  The run is for a 7-sphere cluster of identical spheres.   The positions
  are embedded in the input file.

  The run makes use of the new_run and multiple_run options.

  14 April 2013
***********************************************************
 number of processors:
   1
 input parameters for run number 
    1
 number of spheres, volume size parameter:
  128  0.29205E+01
 position file:
position/n128/a24.out                                       
 output file:
output/128/x5795/20/00226/mt_24_128_5795_20_00226.dat       
 length, ref. indx. scale factors:
   0.580   2.000   0.023
 chiral factors:
  0.00000E+00  0.00000E+00
 scattering matrix directions based on incident frame
 automatic scattering angle calculation
 thetamin, thetamax:
      0.0    180.0
 number scattering angles:
      181
 epsmie, epssoln, max number iterations:
  0.1000E-05  0.1000E-07 5000
 medium refractive index:
  1.0000  0.0000
 target euler rotation angles:
    0.0000    0.0000    0.0000
 far field kr, iterations/correction:
 -0.1000E+01   20
 plane wave incidence
 random orientation calculations
 t matrix calculated, stored in file 
tmatrixfiles/2412857952000226                               
 t matrix convergence epsilon:
  0.1000E-06
 all spheres excited (total T matrix) 
 calculation results for run 
    1
 total ext, abs, scat efficiencies, w.r.t. xv, and asym. parm
  0.32845E+01  0.17058E+00  0.31140E+01  0.69579E+00
 scattering matrix elements (normalized w/ S11)
   theta      11           12           13           14           22           23           24           33           34           44      
    0.00  0.35747E+02  0.00000E+00  0.00000E+00  0.10394E-03  0.99878E+00 -0.77394E-03  0.00000E+00  0.99878E+00  0.00000E+00  0.99760E+00 
    1.00  0.35564E+02 -0.14246E-03  0.11245E-06  0.10515E-03  0.99878E+00 -0.77125E-03 -0.62301E-07  0.99878E+00  0.73140E-05  0.99759E+00 
    2.00  0.35021E+02 -0.57027E-03  0.44823E-06  0.10881E-03  0.99876E+00 -0.76314E-03 -0.25387E-06  0.99876E+00  0.29079E-04  0.99757E+00 
    3.00  0.34134E+02 -0.12847E-02  0.10025E-05  0.11501E-03  0.99874E+00 -0.74948E-03 -0.58908E-06  0.99874E+00  0.64756E-04  0.99753E+00 
    4.00  0.32931E+02 -0.22880E-02  0.17667E-05  0.12389E-03  0.99871E+00 -0.73007E-03 -0.10931E-05  0.99871E+00  0.11341E-03  0.99746E+00 
    5.00  0.31446E+02 -0.35833E-02  0.27281E-05  0.13565E-03  0.99867E+00 -0.70461E-03 -0.18036E-05  0.99866E+00  0.17368E-03  0.99738E+00 
    6.00  0.29723E+02 -0.51746E-02  0.38686E-05  0.15056E-03  0.99861E+00 -0.67274E-03 -0.27740E-05  0.99860E+00  0.24368E-03  0.99727E+00 
    7.00  0.27810E+02 -0.70671E-02  0.51636E-05  0.16894E-03  0.99854E+00 -0.63404E-03 -0.40769E-05  0.99851E+00  0.32091E-03  0.99712E+00 
    8.00  0.25758E+02 -0.92671E-02  0.65802E-05  0.19119E-03  0.99845E+00 -0.58804E-03 -0.58099E-05  0.99840E+00  0.40216E-03  0.99693E+00 
    9.00  0.23621E+02 -0.11782E-01  0.80754E-05  0.21777E-03  0.99834E+00 -0.53424E-03 -0.81019E-05  0.99826E+00  0.48332E-03  0.99669E+00 
   10.00  0.21449E+02 -0.14620E-01  0.95935E-05  0.24918E-03  0.99821E+00 -0.47221E-03 -0.11123E-04  0.99808E+00  0.55924E-03  0.99638E+00 
   11.00  0.19291E+02 -0.17792E-01  0.11064E-04  0.28599E-03  0.99804E+00 -0.40159E-03 -0.15093E-04  0.99784E+00  0.62348E-03  0.99600E+00 
   12.00  0.17192E+02 -0.21307E-01  0.12396E-04  0.32873E-03  0.99783E+00 -0.32227E-03 -0.20298E-04  0.99755E+00  0.66816E-03  0.99553E+00 
   13.00  0.15188E+02 -0.25177E-01  0.13483E-04  0.37792E-03  0.99757E+00 -0.23451E-03 -0.27101E-04  0.99718E+00  0.68369E-03  0.99493E+00 
   14.00  0.13311E+02 -0.29413E-01  0.14191E-04  0.43389E-03  0.99726E+00 -0.13919E-03 -0.35955E-04  0.99672E+00  0.65870E-03  0.99421E+00 
   15.00  0.11585E+02 -0.34023E-01  0.14372E-04  0.49670E-03  0.99688E+00 -0.38082E-04 -0.47414E-04  0.99616E+00  0.58007E-03  0.99331E+00 
   16.00  0.10024E+02 -0.39013E-01  0.13859E-04  0.56592E-03  0.99642E+00  0.65744E-04 -0.62127E-04  0.99547E+00  0.43321E-03  0.99223E+00 
   17.00  0.86370E+01 -0.44385E-01  0.12489E-04  0.64034E-03  0.99587E+00  0.16757E-03 -0.80817E-04  0.99463E+00  0.20285E-03  0.99093E+00 
   18.00  0.74255E+01 -0.50128E-01  0.10120E-04  0.71774E-03  0.99521E+00  0.26069E-03 -0.10422E-03  0.99363E+00 -0.12564E-03  0.98939E+00 
   19.00  0.63847E+01 -0.56224E-01  0.66663E-05  0.79454E-03  0.99446E+00  0.33633E-03 -0.13297E-03  0.99246E+00 -0.56423E-03  0.98759E+00 
   20.00  0.55049E+01 -0.62640E-01  0.21417E-05  0.86572E-03  0.99359E+00  0.38404E-03 -0.16745E-03  0.99112E+00 -0.11198E-02  0.98555E+00 
   21.00  0.47729E+01 -0.69331E-01 -0.33047E-05  0.92498E-03  0.99264E+00  0.39276E-03 -0.20760E-03  0.98961E+00 -0.17918E-02  0.98328E+00 
   22.00  0.41725E+01 -0.76246E-01 -0.93696E-05  0.96536E-03  0.99161E+00  0.35271E-03 -0.25271E-03  0.98797E+00 -0.25714E-02  0.98083E+00 
   23.00  0.36864E+01 -0.83340E-01 -0.15618E-04  0.98028E-03  0.99055E+00  0.25770E-03 -0.30136E-03  0.98622E+00 -0.34427E-02  0.97827E+00 
   24.00  0.32968E+01 -0.90584E-01 -0.21559E-04  0.96485E-03  0.98947E+00  0.10721E-03 -0.35147E-03  0.98442E+00 -0.43881E-02  0.97567E+00 
   25.00  0.29862E+01 -0.97981E-01 -0.26754E-04  0.91696E-03  0.98843E+00 -0.92668E-04 -0.40057E-03  0.98260E+00 -0.53945E-02  0.97309E+00 
   26.00  0.27386E+01 -0.10557E+00 -0.30937E-04  0.83766E-03  0.98744E+00 -0.33001E-03 -0.44617E-03  0.98079E+00 -0.64610E-02  0.97059E+00 
   27.00  0.25397E+01 -0.11341E+00 -0.34086E-04  0.73071E-03  0.98650E+00 -0.58935E-03 -0.48607E-03  0.97898E+00 -0.76033E-02  0.96816E+00 
   28.00  0.23774E+01 -0.12161E+00 -0.36434E-04  0.60152E-03  0.98562E+00 -0.85460E-03 -0.51859E-03  0.97717E+00 -0.88539E-02  0.96577E+00 
   29.00  0.22417E+01 -0.13025E+00 -0.38423E-04  0.45591E-03  0.98478E+00 -0.11116E-02 -0.54257E-03  0.97531E+00 -0.10258E-01  0.96338E+00 
   30.00  0.21250E+01 -0.13945E+00 -0.40615E-04  0.29908E-03  0.98395E+00 -0.13494E-02 -0.55721E-03  0.97334E+00 -0.11869E-01  0.96089E+00 
   31.00  0.20214E+01 -0.14929E+00 -0.43598E-04  0.13510E-03  0.98310E+00 -0.15610E-02 -0.56191E-03  0.97121E+00 -0.13738E-01  0.95824E+00 
   32.00  0.19274E+01 -0.15984E+00 -0.47894E-04 -0.33245E-04  0.98222E+00 -0.17431E-02 -0.55610E-03  0.96886E+00 -0.15908E-01  0.95533E+00 
   33.00  0.18404E+01 -0.17115E+00 -0.53872E-04 -0.20426E-03  0.98128E+00 -0.18951E-02 -0.53918E-03  0.96624E+00 -0.18409E-01  0.95211E+00 
   34.00  0.17593E+01 -0.18325E+00 -0.61678E-04 -0.37706E-03  0.98028E+00 -0.20190E-02 -0.51049E-03  0.96330E+00 -0.21245E-01  0.94853E+00 
   35.00  0.16838E+01 -0.19612E+00 -0.71167E-04 -0.55118E-03  0.97922E+00 -0.21185E-02 -0.46944E-03  0.96001E+00 -0.24395E-01  0.94454E+00 
   36.00  0.16137E+01 -0.20974E+00 -0.81849E-04 -0.72630E-03  0.97811E+00 -0.21988E-02 -0.41564E-03  0.95634E+00 -0.27806E-01  0.94014E+00 
   37.00  0.15494E+01 -0.22404E+00 -0.92870E-04 -0.90202E-03  0.97696E+00 -0.22664E-02 -0.34908E-03  0.95229E+00 -0.31388E-01  0.93533E+00 
   38.00  0.14912E+01 -0.23891E+00 -0.10302E-03 -0.10777E-02  0.97581E+00 -0.23282E-02 -0.27030E-03  0.94785E+00 -0.35025E-01  0.93013E+00 
   39.00  0.14389E+01 -0.25425E+00 -0.11081E-03 -0.12524E-02  0.97466E+00 -0.23912E-02 -0.18050E-03  0.94305E+00 -0.38578E-01  0.92459E+00 
   40.00  0.13925E+01 -0.26992E+00 -0.11456E-03 -0.14250E-02  0.97356E+00 -0.24623E-02 -0.81521E-04  0.93791E+00 -0.41899E-01  0.91876E+00 
   41.00  0.13514E+01 -0.28579E+00 -0.11258E-03 -0.15943E-02  0.97252E+00 -0.25475E-02  0.24230E-04  0.93245E+00 -0.44848E-01  0.91267E+00 
   42.00  0.13148E+01 -0.30173E+00 -0.10328E-03 -0.17591E-02  0.97156E+00 -0.26511E-02  0.13399E-03  0.92669E+00 -0.47303E-01  0.90637E+00 
   43.00  0.12818E+01 -0.31764E+00 -0.85328E-04 -0.19183E-02  0.97068E+00 -0.27761E-02  0.24485E-03  0.92067E+00 -0.49176E-01  0.89989E+00 
   44.00  0.12511E+01 -0.33347E+00 -0.57705E-04 -0.20712E-02  0.96988E+00 -0.29238E-02  0.35406E-03  0.91438E+00 -0.50415E-01  0.89323E+00 
   45.00  0.12217E+01 -0.34918E+00 -0.19742E-04 -0.22171E-02  0.96913E+00 -0.30940E-02  0.45909E-03  0.90781E+00 -0.51004E-01  0.88639E+00 
   46.00  0.11924E+01 -0.36475E+00  0.28903E-04 -0.23555E-02  0.96843E+00 -0.32851E-02  0.55783E-03  0.90096E+00 -0.50960E-01  0.87933E+00 
   47.00  0.11622E+01 -0.38020E+00  0.88298E-04 -0.24860E-02  0.96774E+00 -0.34947E-02  0.64854E-03  0.89379E+00 -0.50324E-01  0.87201E+00 
   48.00  0.11303E+01 -0.39555E+00  0.15829E-03 -0.26080E-02  0.96704E+00 -0.37199E-02  0.72979E-03  0.88627E+00 -0.49151E-01  0.86438E+00 
   49.00  0.10960E+01 -0.41082E+00  0.23857E-03 -0.27209E-02  0.96629E+00 -0.39572E-02  0.80041E-03  0.87835E+00 -0.47505E-01  0.85638E+00 
   50.00  0.10591E+01 -0.42605E+00  0.32869E-03 -0.28233E-02  0.96547E+00 -0.42031E-02  0.85932E-03  0.86999E+00 -0.45454E-01  0.84794E+00 
   51.00  0.10195E+01 -0.44126E+00  0.42811E-03 -0.29138E-02  0.96454E+00 -0.44539E-02  0.90544E-03  0.86115E+00 -0.43063E-01  0.83901E+00 
   52.00  0.97735E+00 -0.45647E+00  0.53615E-03 -0.29900E-02  0.96346E+00 -0.47058E-02  0.93758E-03  0.85177E+00 -0.40393E-01  0.82952E+00 
   53.00  0.93303E+00 -0.47168E+00  0.65201E-03 -0.30492E-02  0.96223E+00 -0.49550E-02  0.95440E-03  0.84181E+00 -0.37504E-01  0.81942E+00 
   54.00  0.88709E+00 -0.48688E+00  0.77472E-03 -0.30877E-02  0.96080E+00 -0.51975E-02  0.95432E-03  0.83124E+00 -0.34450E-01  0.80867E+00 
   55.00  0.84020E+00 -0.50207E+00  0.90308E-03 -0.31015E-02  0.95915E+00 -0.54292E-02  0.93557E-03  0.82002E+00 -0.31283E-01  0.79721E+00 
   56.00  0.79307E+00 -0.51721E+00  0.10356E-02 -0.30856E-02  0.95727E+00 -0.56458E-02  0.89618E-03  0.80813E+00 -0.28054E-01  0.78503E+00 
   57.00  0.74644E+00 -0.53228E+00  0.11707E-02 -0.30351E-02  0.95514E+00 -0.58433E-02  0.83414E-03  0.79555E+00 -0.24816E-01  0.77209E+00 
   58.00  0.70103E+00 -0.54724E+00  0.13062E-02 -0.29448E-02  0.95275E+00 -0.60175E-02  0.74750E-03  0.78226E+00 -0.21619E-01  0.75841E+00 
   59.00  0.65745E+00 -0.56207E+00  0.14399E-02 -0.28097E-02  0.95011E+00 -0.61648E-02  0.63457E-03  0.76828E+00 -0.18518E-01  0.74398E+00 
   60.00  0.61627E+00 -0.57673E+00  0.15695E-02 -0.26262E-02  0.94722E+00 -0.62822E-02  0.49425E-03  0.75361E+00 -0.15569E-01  0.72883E+00 
   61.00  0.57789E+00 -0.59120E+00  0.16924E-02 -0.23920E-02  0.94412E+00 -0.63676E-02  0.32624E-03  0.73828E+00 -0.12827E-01  0.71299E+00 
   62.00  0.54262E+00 -0.60547E+00  0.18064E-02 -0.21071E-02  0.94083E+00 -0.64205E-02  0.13139E-03  0.72230E+00 -0.10342E-01  0.69652E+00 
   63.00  0.51064E+00 -0.61955E+00  0.19096E-02 -0.17744E-02  0.93743E+00 -0.64420E-02 -0.88124E-04  0.70570E+00 -0.81633E-02  0.67947E+00 
   64.00  0.48201E+00 -0.63347E+00  0.20007E-02 -0.14003E-02  0.93398E+00 -0.64348E-02 -0.32865E-03  0.68852E+00 -0.63263E-02  0.66188E+00 
   65.00  0.45669E+00 -0.64726E+00  0.20792E-02 -0.99431E-03  0.93054E+00 -0.64033E-02 -0.58511E-03  0.67076E+00 -0.48560E-02  0.64382E+00 
   66.00  0.43453E+00 -0.66097E+00  0.21456E-02 -0.56882E-03  0.92719E+00 -0.63533E-02 -0.85129E-03  0.65243E+00 -0.37618E-02  0.62532E+00 
   67.00  0.41534E+00 -0.67463E+00  0.22010E-02 -0.13844E-03  0.92401E+00 -0.62913E-02 -0.11201E-02  0.63354E+00 -0.30371E-02  0.60639E+00 
   68.00  0.39885E+00 -0.68830E+00  0.22476E-02  0.28132E-03  0.92106E+00 -0.62238E-02 -0.13844E-02  0.61405E+00 -0.26603E-02  0.58703E+00 
   69.00  0.38479E+00 -0.70199E+00  0.22878E-02  0.67528E-03  0.91838E+00 -0.61567E-02 -0.16370E-02  0.59394E+00 -0.25970E-02  0.56723E+00 
   70.00  0.37284E+00 -0.71572E+00  0.23242E-02  0.10298E-02  0.91599E+00 -0.60945E-02 -0.18717E-02  0.57316E+00 -0.28039E-02  0.54693E+00 
   71.00  0.36269E+00 -0.72946E+00  0.23596E-02  0.13337E-02  0.91391E+00 -0.60400E-02 -0.20832E-02  0.55168E+00 -0.32330E-02  0.52611E+00 
   72.00  0.35406E+00 -0.74317E+00  0.23960E-02  0.15790E-02  0.91212E+00 -0.59942E-02 -0.22675E-02  0.52946E+00 -0.38351E-02  0.50470E+00 
   73.00  0.34665E+00 -0.75678E+00  0.24351E-02  0.17609E-02  0.91061E+00 -0.59563E-02 -0.24218E-02  0.50648E+00 -0.45631E-02  0.48266E+00 
   74.00  0.34022E+00 -0.77021E+00  0.24780E-02  0.18780E-02  0.90934E+00 -0.59239E-02 -0.25445E-02  0.48271E+00 -0.53738E-02  0.45997E+00 
   75.00  0.33453E+00 -0.78336E+00  0.25250E-02  0.19315E-02  0.90828E+00 -0.58936E-02 -0.26349E-02  0.45817E+00 -0.62289E-02  0.43660E+00 
   76.00  0.32940E+00 -0.79613E+00  0.25759E-02  0.19253E-02  0.90737E+00 -0.58613E-02 -0.26929E-02  0.43287E+00 -0.70949E-02  0.41255E+00 
   77.00  0.32467E+00 -0.80841E+00  0.26300E-02  0.18649E-02  0.90658E+00 -0.58224E-02 -0.27191E-02  0.40685E+00 -0.79429E-02  0.38783E+00 
   78.00  0.32019E+00 -0.82009E+00  0.26865E-02  0.17573E-02  0.90588E+00 -0.57726E-02 -0.27143E-02  0.38015E+00 -0.87475E-02  0.36247E+00 
   79.00  0.31586E+00 -0.83108E+00  0.27442E-02  0.16103E-02  0.90521E+00 -0.57080E-02 -0.26797E-02  0.35284E+00 -0.94863E-02  0.33652E+00 
   80.00  0.31159E+00 -0.84128E+00  0.28022E-02  0.14323E-02  0.90456E+00 -0.56252E-02 -0.26166E-02  0.32497E+00 -0.10139E-01  0.31002E+00 
   81.00  0.30732E+00 -0.85062E+00  0.28595E-02  0.12317E-02  0.90390E+00 -0.55217E-02 -0.25262E-02  0.29664E+00 -0.10688E-01  0.28306E+00 
   82.00  0.30301E+00 -0.85903E+00  0.29154E-02  0.10169E-02  0.90320E+00 -0.53957E-02 -0.24103E-02  0.26790E+00 -0.11116E-01  0.25567E+00 
   83.00  0.29863E+00 -0.86644E+00  0.29694E-02  0.79585E-03  0.90244E+00 -0.52463E-02 -0.22704E-02  0.23885E+00 -0.11409E-01  0.22795E+00 
   84.00  0.29415E+00 -0.87283E+00  0.30216E-02  0.57584E-03  0.90161E+00 -0.50734E-02 -0.21084E-02  0.20954E+00 -0.11554E-01  0.19996E+00 
   85.00  0.28957E+00 -0.87814E+00  0.30723E-02  0.36352E-03  0.90069E+00 -0.48779E-02 -0.19262E-02  0.18005E+00 -0.11541E-01  0.17175E+00 
   86.00  0.28490E+00 -0.88237E+00  0.31223E-02  0.16464E-03  0.89969E+00 -0.46608E-02 -0.17262E-02  0.15044E+00 -0.11363E-01  0.14340E+00 
   87.00  0.28013E+00 -0.88548E+00  0.31726E-02 -0.16010E-04  0.89858E+00 -0.44242E-02 -0.15108E-02  0.12076E+00 -0.11017E-01  0.11496E+00 
   88.00  0.27529E+00 -0.88748E+00  0.32246E-02 -0.17468E-03  0.89738E+00 -0.41704E-02 -0.12829E-02  0.91064E-01 -0.10500E-01  0.86477E-01 
   89.00  0.27039E+00 -0.88836E+00  0.32801E-02 -0.30867E-03  0.89608E+00 -0.39018E-02 -0.10454E-02  0.61390E-01 -0.98182E-02  0.58005E-01 
   90.00  0.26546E+00 -0.88812E+00  0.33409E-02 -0.41639E-03  0.89469E+00 -0.36213E-02 -0.80188E-03  0.31772E-01 -0.89773E-02  0.29581E-01 
   91.00  0.26052E+00 -0.88678E+00  0.34090E-02 -0.49725E-03  0.89321E+00 -0.33318E-02 -0.55580E-03  0.22404E-02 -0.79890E-02  0.12415E-02 
   92.00  0.25560E+00 -0.88434E+00  0.34866E-02 -0.55172E-03  0.89164E+00 -0.30363E-02 -0.31111E-03 -0.27181E-01 -0.68680E-02 -0.26980E-01 
   93.00  0.25073E+00 -0.88082E+00  0.35758E-02 -0.58119E-03  0.89001E+00 -0.27375E-02 -0.71858E-04 -0.56470E-01 -0.56323E-02 -0.55052E-01 
   94.00  0.24595E+00 -0.87624E+00  0.36785E-02 -0.58790E-03  0.88832E+00 -0.24385E-02  0.15772E-03 -0.85605E-01 -0.43028E-02 -0.82945E-01 
   95.00  0.24128E+00 -0.87061E+00  0.37966E-02 -0.57485E-03  0.88658E+00 -0.21420E-02  0.37336E-03 -0.11457E+00 -0.29028E-02 -0.11063E+00 
   96.00  0.23675E+00 -0.86396E+00  0.39318E-02 -0.54567E-03  0.88482E+00 -0.18506E-02  0.57082E-03 -0.14333E+00 -0.14569E-02 -0.13808E+00 
   97.00  0.23240E+00 -0.85631E+00  0.40853E-02 -0.50449E-03  0.88306E+00 -0.15671E-02  0.74601E-03 -0.17187E+00  0.91763E-05 -0.16525E+00 
   98.00  0.22825E+00 -0.84771E+00  0.42583E-02 -0.45580E-03  0.88130E+00 -0.12940E-02  0.89515E-03 -0.20016E+00  0.14698E-02 -0.19213E+00 
   99.00  0.22433E+00 -0.83817E+00  0.44513E-02 -0.40429E-03  0.87957E+00 -0.10336E-02  0.10148E-02 -0.22816E+00  0.28998E-02 -0.21866E+00 
  100.00  0.22066E+00 -0.82774E+00  0.46646E-02 -0.35473E-03  0.87790E+00 -0.78822E-03  0.11023E-02 -0.25585E+00  0.42758E-02 -0.24481E+00 
  101.00  0.21725E+00 -0.81648E+00  0.48978E-02 -0.31182E-03  0.87630E+00 -0.56010E-03  0.11553E-02 -0.28317E+00  0.55762E-02 -0.27054E+00 
  102.00  0.21413E+00 -0.80442E+00  0.51504E-02 -0.28006E-03  0.87480E+00 -0.35115E-03  0.11726E-02 -0.31009E+00  0.67825E-02 -0.29581E+00 
  103.00  0.21129E+00 -0.79162E+00  0.54211E-02 -0.26359E-03  0.87340E+00 -0.16312E-03  0.11537E-02 -0.33656E+00  0.78791E-02 -0.32057E+00 
  104.00  0.20875E+00 -0.77815E+00  0.57084E-02 -0.26615E-03  0.87214E+00  0.25490E-05  0.10990E-02 -0.36253E+00  0.88543E-02 -0.34478E+00 
  105.00  0.20651E+00 -0.76406E+00  0.60103E-02 -0.29095E-03  0.87101E+00  0.14473E-03  0.10101E-02 -0.38796E+00  0.96999E-02 -0.36841E+00 
  106.00  0.20456E+00 -0.74943E+00  0.63246E-02 -0.34062E-03  0.87004E+00  0.26268E-03  0.88930E-03 -0.41279E+00  0.10411E-01 -0.39142E+00 
  107.00  0.20289E+00 -0.73430E+00  0.66485E-02 -0.41716E-03  0.86922E+00  0.35611E-03  0.73963E-03 -0.43699E+00  0.10988E-01 -0.41376E+00 
  108.00  0.20149E+00 -0.71876E+00  0.69792E-02 -0.52197E-03  0.86856E+00  0.42514E-03  0.56497E-03 -0.46051E+00  0.11432E-01 -0.43542E+00 
  109.00  0.20035E+00 -0.70285E+00  0.73138E-02 -0.65578E-03  0.86807E+00  0.47036E-03  0.36967E-03 -0.48332E+00  0.11749E-01 -0.45637E+00 
  110.00  0.19945E+00 -0.68665E+00  0.76491E-02 -0.81873E-03  0.86774E+00  0.49280E-03  0.15842E-03 -0.50539E+00  0.11945E-01 -0.47659E+00 
  111.00  0.19876E+00 -0.67022E+00  0.79820E-02 -0.10104E-02  0.86755E+00  0.49387E-03 -0.63954E-04 -0.52671E+00  0.12030E-01 -0.49607E+00 
  112.00  0.19827E+00 -0.65359E+00  0.83094E-02 -0.12298E-02  0.86752E+00  0.47536E-03 -0.29268E-03 -0.54725E+00  0.12012E-01 -0.51479E+00 
  113.00  0.19795E+00 -0.63683E+00  0.86282E-02 -0.14755E-02  0.86761E+00  0.43932E-03 -0.52320E-03 -0.56700E+00  0.11904E-01 -0.53276E+00 
  114.00  0.19777E+00 -0.61997E+00  0.89355E-02 -0.17455E-02  0.86782E+00  0.38804E-03 -0.75138E-03 -0.58596E+00  0.11714E-01 -0.54998E+00 
  115.00  0.19772E+00 -0.60306E+00  0.92285E-02 -0.20377E-02  0.86814E+00  0.32390E-03 -0.97359E-03 -0.60414E+00  0.11453E-01 -0.56644E+00 
  116.00  0.19777E+00 -0.58612E+00  0.95045E-02 -0.23495E-02  0.86856E+00  0.24938E-03 -0.11868E-02 -0.62152E+00  0.11130E-01 -0.58216E+00 
  117.00  0.19789E+00 -0.56919E+00  0.97611E-02 -0.26779E-02  0.86905E+00  0.16689E-03 -0.13888E-02 -0.63814E+00  0.10752E-01 -0.59715E+00 
  118.00  0.19808E+00 -0.55228E+00  0.99960E-02 -0.30200E-02  0.86960E+00  0.78811E-04 -0.15779E-02 -0.65398E+00  0.10326E-01 -0.61141E+00 
  119.00  0.19830E+00 -0.53543E+00  0.10207E-01 -0.33725E-02  0.87021E+00 -0.12654E-04 -0.17534E-02 -0.66908E+00  0.98591E-02 -0.62496E+00 
  120.00  0.19853E+00 -0.51866E+00  0.10392E-01 -0.37321E-02  0.87085E+00 -0.10547E-03 -0.19150E-02 -0.68344E+00  0.93542E-02 -0.63780E+00 
  121.00  0.19878E+00 -0.50197E+00  0.10549E-01 -0.40954E-02  0.87151E+00 -0.19780E-03 -0.20632E-02 -0.69709E+00  0.88149E-02 -0.64996E+00 
  122.00  0.19902E+00 -0.48538E+00  0.10677E-01 -0.44592E-02  0.87219E+00 -0.28806E-03 -0.21992E-02 -0.71003E+00  0.82432E-02 -0.66144E+00 
  123.00  0.19924E+00 -0.46892E+00  0.10774E-01 -0.48202E-02  0.87287E+00 -0.37489E-03 -0.23244E-02 -0.72229E+00  0.76401E-02 -0.67226E+00 
  124.00  0.19944E+00 -0.45259E+00  0.10839E-01 -0.51753E-02  0.87355E+00 -0.45717E-03 -0.24407E-02 -0.73388E+00  0.70059E-02 -0.68242E+00 
  125.00  0.19961E+00 -0.43640E+00  0.10870E-01 -0.55218E-02  0.87421E+00 -0.53400E-03 -0.25503E-02 -0.74482E+00  0.63401E-02 -0.69195E+00 
  126.00  0.19975E+00 -0.42037E+00  0.10866E-01 -0.58571E-02  0.87486E+00 -0.60469E-03 -0.26555E-02 -0.75513E+00  0.56418E-02 -0.70085E+00 
  127.00  0.19986E+00 -0.40452E+00  0.10827E-01 -0.61793E-02  0.87548E+00 -0.66876E-03 -0.27586E-02 -0.76483E+00  0.49100E-02 -0.70914E+00 
  128.00  0.19994E+00 -0.38886E+00  0.10753E-01 -0.64865E-02  0.87607E+00 -0.72587E-03 -0.28617E-02 -0.77393E+00  0.41434E-02 -0.71683E+00 
  129.00  0.19999E+00 -0.37339E+00  0.10642E-01 -0.67776E-02  0.87663E+00 -0.77584E-03 -0.29667E-02 -0.78246E+00  0.33409E-02 -0.72394E+00 
  130.00  0.20001E+00 -0.35814E+00  0.10494E-01 -0.70521E-02  0.87715E+00 -0.81860E-03 -0.30753E-02 -0.79042E+00  0.25017E-02 -0.73048E+00 
  131.00  0.20001E+00 -0.34311E+00  0.10310E-01 -0.73097E-02  0.87763E+00 -0.85419E-03 -0.31886E-02 -0.79785E+00  0.16254E-02 -0.73646E+00 
  132.00  0.19999E+00 -0.32833E+00  0.10091E-01 -0.75509E-02  0.87808E+00 -0.88271E-03 -0.33073E-02 -0.80475E+00  0.71238E-03 -0.74192E+00 
  133.00  0.19997E+00 -0.31380E+00  0.98370E-02 -0.77768E-02  0.87848E+00 -0.90433E-03 -0.34316E-02 -0.81116E+00 -0.23633E-03 -0.74686E+00 
  134.00  0.19995E+00 -0.29953E+00  0.95493E-02 -0.79887E-02  0.87884E+00 -0.91924E-03 -0.35610E-02 -0.81709E+00 -0.12188E-02 -0.75130E+00 
  135.00  0.19993E+00 -0.28554E+00  0.92296E-02 -0.81885E-02  0.87916E+00 -0.92769E-03 -0.36945E-02 -0.82256E+00 -0.22321E-02 -0.75528E+00 
  136.00  0.19992E+00 -0.27184E+00  0.88798E-02 -0.83786E-02  0.87944E+00 -0.92994E-03 -0.38308E-02 -0.82760E+00 -0.32724E-02 -0.75880E+00 
  137.00  0.19993E+00 -0.25844E+00  0.85024E-02 -0.85614E-02  0.87968E+00 -0.92627E-03 -0.39677E-02 -0.83222E+00 -0.43348E-02 -0.76190E+00 
  138.00  0.19996E+00 -0.24534E+00  0.80998E-02 -0.87396E-02  0.87988E+00 -0.91697E-03 -0.41031E-02 -0.83646E+00 -0.54133E-02 -0.76459E+00 
  139.00  0.20002E+00 -0.23256E+00  0.76752E-02 -0.89162E-02  0.88005E+00 -0.90237E-03 -0.42341E-02 -0.84033E+00 -0.65012E-02 -0.76690E+00 
  140.00  0.20011E+00 -0.22010E+00  0.72317E-02 -0.90937E-02  0.88018E+00 -0.88280E-03 -0.43581E-02 -0.84385E+00 -0.75906E-02 -0.76886E+00 
  141.00  0.20025E+00 -0.20797E+00  0.67729E-02 -0.92750E-02  0.88028E+00 -0.85863E-03 -0.44722E-02 -0.84705E+00 -0.86731E-02 -0.77049E+00 
  142.00  0.20043E+00 -0.19617E+00  0.63026E-02 -0.94623E-02  0.88034E+00 -0.83024E-03 -0.45734E-02 -0.84996E+00 -0.97397E-02 -0.77182E+00 
  143.00  0.20065E+00 -0.18469E+00  0.58244E-02 -0.96577E-02  0.88038E+00 -0.79804E-03 -0.46591E-02 -0.85259E+00 -0.10781E-01 -0.77286E+00 
  144.00  0.20093E+00 -0.17356E+00  0.53424E-02 -0.98632E-02  0.88038E+00 -0.76248E-03 -0.47271E-02 -0.85497E+00 -0.11786E-01 -0.77365E+00 
  145.00  0.20125E+00 -0.16275E+00  0.48604E-02 -0.10080E-01  0.88036E+00 -0.72403E-03 -0.47751E-02 -0.85712E+00 -0.12747E-01 -0.77420E+00 
  146.00  0.20163E+00 -0.15228E+00  0.43825E-02 -0.10309E-01  0.88032E+00 -0.68318E-03 -0.48015E-02 -0.85906E+00 -0.13652E-01 -0.77454E+00 
  147.00  0.20207E+00 -0.14214E+00  0.39123E-02 -0.10551E-01  0.88024E+00 -0.64046E-03 -0.48054E-02 -0.86080E+00 -0.14492E-01 -0.77468E+00 
  148.00  0.20256E+00 -0.13233E+00  0.34535E-02 -0.10806E-01  0.88015E+00 -0.59640E-03 -0.47859E-02 -0.86238E+00 -0.15258E-01 -0.77465E+00 
  149.00  0.20310E+00 -0.12285E+00  0.30095E-02 -0.11073E-01  0.88002E+00 -0.55152E-03 -0.47429E-02 -0.86379E+00 -0.15941E-01 -0.77446E+00 
  150.00  0.20370E+00 -0.11370E+00  0.25836E-02 -0.11353E-01  0.87988E+00 -0.50636E-03 -0.46767E-02 -0.86506E+00 -0.16532E-01 -0.77412E+00 
  151.00  0.20436E+00 -0.10489E+00  0.21785E-02 -0.11643E-01  0.87970E+00 -0.46144E-03 -0.45881E-02 -0.86619E+00 -0.17025E-01 -0.77364E+00 
  152.00  0.20507E+00 -0.96401E-01  0.17969E-02 -0.11944E-01  0.87950E+00 -0.41725E-03 -0.44782E-02 -0.86721E+00 -0.17413E-01 -0.77304E+00 
  153.00  0.20584E+00 -0.88254E-01  0.14409E-02 -0.12253E-01  0.87927E+00 -0.37425E-03 -0.43484E-02 -0.86812E+00 -0.17690E-01 -0.77232E+00 
  154.00  0.20666E+00 -0.80446E-01  0.11125E-02 -0.12570E-01  0.87901E+00 -0.33286E-03 -0.42004E-02 -0.86892E+00 -0.17851E-01 -0.77148E+00 
  155.00  0.20754E+00 -0.72985E-01  0.81298E-03 -0.12892E-01  0.87871E+00 -0.29344E-03 -0.40362E-02 -0.86963E+00 -0.17894E-01 -0.77053E+00 
  156.00  0.20847E+00 -0.65877E-01  0.54348E-03 -0.13218E-01  0.87838E+00 -0.25630E-03 -0.38576E-02 -0.87024E+00 -0.17815E-01 -0.76948E+00 
  157.00  0.20945E+00 -0.59131E-01  0.30464E-03 -0.13546E-01  0.87802E+00 -0.22169E-03 -0.36668E-02 -0.87076E+00 -0.17615E-01 -0.76831E+00 
  158.00  0.21049E+00 -0.52754E-01  0.96668E-04 -0.13875E-01  0.87761E+00 -0.18979E-03 -0.34658E-02 -0.87120E+00 -0.17293E-01 -0.76704E+00 
  159.00  0.21158E+00 -0.46756E-01 -0.80593E-04 -0.14203E-01  0.87717E+00 -0.16071E-03 -0.32568E-02 -0.87154E+00 -0.16852E-01 -0.76566E+00 
  160.00  0.21271E+00 -0.41146E-01 -0.22772E-03 -0.14529E-01  0.87669E+00 -0.13452E-03 -0.30416E-02 -0.87179E+00 -0.16296E-01 -0.76417E+00 
  161.00  0.21389E+00 -0.35930E-01 -0.34568E-03 -0.14851E-01  0.87616E+00 -0.11120E-03 -0.28222E-02 -0.87196E+00 -0.15631E-01 -0.76257E+00 
  162.00  0.21511E+00 -0.31113E-01 -0.43581E-03 -0.15168E-01  0.87561E+00 -0.90700E-04 -0.26004E-02 -0.87203E+00 -0.14863E-01 -0.76088E+00 
  163.00  0.21637E+00 -0.26700E-01 -0.49977E-03 -0.15477E-01  0.87502E+00 -0.72911E-04 -0.23782E-02 -0.87202E+00 -0.14002E-01 -0.75908E+00 
  164.00  0.21765E+00 -0.22688E-01 -0.53958E-03 -0.15779E-01  0.87440E+00 -0.57687E-04 -0.21571E-02 -0.87192E+00 -0.13059E-01 -0.75720E+00 
  165.00  0.21896E+00 -0.19075E-01 -0.55749E-03 -0.16071E-01  0.87375E+00 -0.44850E-04 -0.19389E-02 -0.87175E+00 -0.12047E-01 -0.75525E+00 
  166.00  0.22027E+00 -0.15851E-01 -0.55601E-03 -0.16352E-01  0.87309E+00 -0.34196E-04 -0.17251E-02 -0.87150E+00 -0.10981E-01 -0.75324E+00 
  167.00  0.22159E+00 -0.13006E-01 -0.53784E-03 -0.16621E-01  0.87242E+00 -0.25506E-04 -0.15174E-02 -0.87118E+00 -0.98764E-02 -0.75120E+00 
  168.00  0.22289E+00 -0.10523E-01 -0.50577E-03 -0.16876E-01  0.87174E+00 -0.18554E-04 -0.13173E-02 -0.87081E+00 -0.87507E-02 -0.74914E+00 
  169.00  0.22417E+00 -0.83817E-02 -0.46272E-03 -0.17117E-01  0.87107E+00 -0.13111E-04 -0.11263E-02 -0.87039E+00 -0.76222E-02 -0.74709E+00 
  170.00  0.22542E+00 -0.65588E-02 -0.41158E-03 -0.17341E-01  0.87042E+00 -0.89544E-05 -0.94584E-03 -0.86994E+00 -0.65094E-02 -0.74508E+00 
  171.00  0.22660E+00 -0.50282E-02 -0.35522E-03 -0.17547E-01  0.86979E+00 -0.58703E-05 -0.77746E-03 -0.86947E+00 -0.54314E-02 -0.74314E+00 
  172.00  0.22772E+00 -0.37623E-02 -0.29639E-03 -0.17736E-01  0.86920E+00 -0.36599E-05 -0.62249E-03 -0.86899E+00 -0.44068E-02 -0.74130E+00 
  173.00  0.22875E+00 -0.27322E-02 -0.23772E-03 -0.17905E-01  0.86865E+00 -0.21418E-05 -0.48226E-03 -0.86853E+00 -0.34538E-02 -0.73958E+00 
  174.00  0.22968E+00 -0.19095E-02 -0.18162E-03 -0.18053E-01  0.86816E+00 -0.11540E-05 -0.35800E-03 -0.86809E+00 -0.25894E-02 -0.73803E+00 
  175.00  0.23049E+00 -0.12667E-02 -0.13027E-03 -0.18180E-01  0.86773E+00 -0.55547E-06 -0.25081E-03 -0.86769E+00 -0.18292E-02 -0.73667E+00 
  176.00  0.23118E+00 -0.77888E-03 -0.85562E-04 -0.18285E-01  0.86736E+00 -0.22713E-06 -0.16169E-03 -0.86735E+00 -0.11872E-02 -0.73551E+00 
  177.00  0.23172E+00 -0.42391E-03 -0.49094E-04 -0.18367E-01  0.86707E+00 -0.71760E-07 -0.91467E-04 -0.86707E+00 -0.67510E-03 -0.73459E+00 
  178.00  0.23212E+00 -0.18382E-03 -0.22127E-04 -0.18426E-01  0.86686E+00 -0.14159E-07 -0.40818E-04 -0.86686E+00 -0.30238E-03 -0.73392E+00 
  179.00  0.23236E+00 -0.45262E-04 -0.55782E-05 -0.18462E-01  0.86673E+00 -0.88431E-09 -0.10229E-04 -0.86673E+00 -0.75948E-04 -0.73351E+00 
  180.00  0.23244E+00 -0.11160E-14 -0.13863E-15 -0.18474E-01  0.86669E+00 -0.54305E-30 -0.25373E-15 -0.86669E+00 -0.18852E-14 -0.73338E+00 
 scattering matrix expansion coefficients
    w  a11         a22         a33         a23         a32         a44         a12         a34         a13         a24         a14
    0  0.1000E+01  0.0000E+00  0.0000E+00  0.0000E+00  0.0000E+00  0.7594E+00  0.0000E+00  0.0000E+00  0.0000E+00  0.0000E+00 -0.6484E-03
    1  0.2087E+01  0.0000E+00  0.0000E+00  0.0000E+00  0.0000E+00  0.2245E+01  0.0000E+00  0.0000E+00  0.0000E+00  0.0000E+00  0.1184E-02
    2  0.2776E+01  0.2517E+00  0.3722E+01  0.3409E-05 -0.4573E-02  0.2789E+01 -0.4531E+00 -0.1326E-01  0.2179E-02 -0.4870E-03 -0.4721E-03
    3  0.3030E+01  0.8511E-01  0.3511E+01 -0.2972E-05  0.4138E-03  0.3029E+01 -0.2953E+00 -0.2793E-01 -0.1225E-02  0.3341E-03  0.2566E-02
    4  0.3162E+01  0.3568E-01  0.3468E+01 -0.2673E-05  0.1298E-02  0.3167E+01 -0.1974E+00 -0.3313E-01  0.6738E-03 -0.4127E-03  0.2605E-02
    5  0.3218E+01  0.1701E-01  0.3441E+01 -0.2302E-06 -0.3764E-03  0.3228E+01 -0.1428E+00 -0.2255E-01 -0.3686E-03  0.7178E-03  0.2278E-02
    6  0.3229E+01  0.1471E-01  0.3395E+01 -0.1104E-05 -0.1836E-02  0.3226E+01 -0.8264E-01 -0.1212E-01 -0.8345E-03 -0.1075E-02  0.5519E-03
    7  0.3148E+01  0.1002E-01  0.3295E+01 -0.1416E-05 -0.2100E-02  0.3138E+01 -0.2912E-01  0.1108E-01  0.4926E-03 -0.1322E-02 -0.6706E-03
    8  0.2943E+01  0.1120E-01  0.3080E+01 -0.8794E-06 -0.2900E-02  0.2911E+01 -0.1515E-01  0.2123E-01 -0.5906E-04 -0.8467E-03 -0.1494E-02
    9  0.2571E+01 -0.7264E-02  0.2717E+01 -0.8775E-06 -0.2808E-02  0.2569E+01 -0.6402E-01  0.1916E-01  0.2824E-03  0.2390E-03 -0.4455E-03
   10  0.2136E+01 -0.1110E-01  0.2271E+01 -0.3183E-06 -0.2371E-02  0.2156E+01 -0.1153E+00  0.5604E-02  0.2178E-03  0.3376E-03  0.1064E-03
   11  0.1738E+01 -0.2452E-03  0.1838E+01  0.8778E-08 -0.2402E-02  0.1750E+01 -0.1162E+00 -0.3846E-02  0.4647E-04  0.1840E-03 -0.2482E-03
   12  0.1405E+01  0.7411E-02  0.1473E+01  0.9473E-07 -0.2744E-02  0.1403E+01 -0.8063E-01 -0.6419E-02 -0.1313E-03  0.1946E-03 -0.5786E-03
   13  0.1112E+01  0.5898E-02  0.1164E+01  0.5444E-07 -0.2743E-02  0.1107E+01 -0.5048E-01 -0.3171E-02 -0.9885E-04  0.3637E-04 -0.5650E-03
   14  0.8406E+00  0.2887E-02  0.8834E+00 -0.3466E-07 -0.2187E-02  0.8363E+00 -0.3811E-01  0.1750E-02  0.3000E-04 -0.5568E-04 -0.3489E-03
   15  0.5884E+00  0.3195E-03  0.6238E+00 -0.3990E-07 -0.1354E-02  0.5867E+00 -0.3885E-01  0.5579E-02  0.1299E-03 -0.1889E-04 -0.1182E-03
   16  0.3726E+00 -0.4046E-03  0.3992E+00 -0.1884E-07 -0.6411E-03  0.3726E+00 -0.4030E-01  0.6417E-02  0.1228E-03 -0.1158E-04 -0.4229E-04
   17  0.2103E+00 -0.2148E-04  0.2274E+00 -0.1085E-07 -0.2422E-03  0.2105E+00 -0.3582E-01  0.4991E-02  0.6843E-04  0.9591E-05  0.1520E-05
   18  0.1053E+00  0.6328E-03  0.1144E+00  0.1215E-08 -0.7663E-04  0.1048E+00 -0.2585E-01  0.2844E-02  0.2210E-04  0.7191E-05  0.2066E-04
   19  0.4671E-01  0.8042E-03  0.5071E-01  0.5395E-08 -0.1835E-04  0.4584E-01 -0.1531E-01  0.1256E-02  0.4779E-05  0.1439E-05  0.1840E-04
   20  0.1845E-01  0.6203E-03  0.1988E-01  0.3829E-08 -0.1410E-05  0.1767E-01 -0.7532E-02  0.4379E-03  0.8383E-06 -0.7064E-06  0.9593E-05
   21  0.6522E-02  0.3458E-03  0.6942E-02  0.2040E-08  0.1374E-05  0.6055E-02 -0.3150E-02  0.1277E-03 -0.1242E-06 -0.7956E-06  0.3536E-05
   22  0.2079E-02  0.1542E-03  0.2178E-02  0.9697E-09  0.8600E-06  0.1860E-02 -0.1141E-02  0.3214E-04 -0.2064E-06 -0.4471E-06  0.1024E-05
   23  0.6014E-03  0.5736E-04  0.6189E-03  0.2578E-09  0.3271E-06  0.5168E-03 -0.3649E-03  0.7401E-05 -0.1090E-06 -0.1841E-06  0.2631E-06
   24  0.1587E-03  0.1849E-04  0.1602E-03  0.3966E-10  0.9282E-07  0.1306E-03 -0.1043E-03  0.1529E-05 -0.3874E-07 -0.6567E-07  0.6390E-07
   25  0.3831E-04  0.5256E-05  0.3790E-04 -0.1389E-11  0.2266E-07  0.3014E-04 -0.2690E-04  0.2840E-06 -0.9865E-08 -0.1913E-07  0.1441E-07
   26  0.8472E-05  0.1336E-05  0.8208E-05 -0.3298E-11  0.5270E-08  0.6353E-05 -0.6284E-05  0.4550E-07 -0.2497E-08 -0.4661E-08  0.2886E-08
   27  0.1713E-05  0.3045E-06  0.1624E-05 -0.1360E-11  0.1030E-08  0.1221E-05 -0.1332E-05  0.6804E-08 -0.4743E-09 -0.1011E-08  0.5417E-09
   28  0.3165E-06  0.6215E-07  0.2938E-06 -0.4200E-12  0.1839E-09  0.2147E-06 -0.2559E-06  0.1294E-08 -0.1065E-09 -0.1886E-09  0.7927E-10
   29  0.5392E-07  0.1137E-07  0.4911E-07 -0.3650E-13  0.1957E-10  0.3507E-07 -0.4494E-07  0.3419E-09 -0.1001E-10 -0.2449E-10  0.1264E-10
   30  0.8983E-08  0.1909E-08  0.8125E-08  0.2379E-13  0.2455E-11  0.5801E-08 -0.7533E-08  0.1272E-09 -0.3883E-12 -0.3026E-11  0.3812E-11
   31  0.1451E-08  0.3071E-09  0.1302E-08  0.1300E-13  0.1576E-11  0.9411E-09 -0.1234E-08  0.3292E-10 -0.8323E-12 -0.3707E-12  0.1229E-11
   32  0.3375E-09  0.6548E-10  0.3095E-09  0.4493E-14  0.6572E-12  0.2289E-09 -0.2769E-09  0.8633E-11 -0.2941E-12 -0.1536E-12  0.5352E-12
   33  0.3766E-10  0.8127E-11  0.3311E-10  0.1060E-14  0.6101E-13  0.2462E-10 -0.3274E-10  0.1262E-11 -0.3831E-13  0.2878E-14  0.2057E-13
   34  0.1854E-10  0.4114E-11  0.1643E-10  0.2182E-15  0.4495E-13  0.1168E-10 -0.1566E-10  0.2259E-12 -0.2381E-13 -0.2772E-13  0.5405E-13
   35  0.1600E-11  0.3924E-12  0.1356E-11  0.2949E-16  0.1090E-13  0.9562E-12 -0.1403E-11  0.3026E-13 -0.5864E-14 -0.1080E-13  0.1841E-13
   36  0.8381E-12  0.2151E-12  0.7096E-12  0.3806E-17  0.2806E-14  0.4651E-12 -0.7406E-12  0.4354E-14 -0.1463E-14 -0.2572E-14  0.4251E-14
   37  0.3066E-13  0.8526E-14  0.2518E-13  0.5034E-18  0.2679E-15  0.1594E-13 -0.2792E-13  0.2731E-15 -0.1512E-15 -0.2609E-15  0.4082E-15
   38  0.1510E-13  0.4391E-14  0.1259E-13  0.6174E-19  0.2281E-16  0.7614E-14 -0.1392E-13  0.5731E-16 -0.1281E-16 -0.1857E-16  0.3111E-16
