 input file is 
mstm12_256_4799_20_00226.inp  
 input file comments follow:
***********************************************************
  This is the default mstm input file for v.3.0.
  The run is for a 7-sphere cluster of identical spheres.   The positions
  are embedded in the input file.

  The run makes use of the new_run and multiple_run options.

  14 April 2013
***********************************************************
 number of processors:
   1
 input parameters for run number 
    1
 number of spheres, volume size parameter:
  256  0.30472E+01
 position file:
position/n256/a12.out                                       
 output file:
output/256/x4799/20/00226/mt_12_256_4799_20_00226.dat       
 length, ref. indx. scale factors:
   0.480   2.000   0.023
 chiral factors:
  0.00000E+00  0.00000E+00
 scattering matrix directions based on incident frame
 automatic scattering angle calculation
 thetamin, thetamax:
      0.0    180.0
 number scattering angles:
      181
 epsmie, epssoln, max number iterations:
  0.1000E-05  0.1000E-07 5000
 medium refractive index:
  1.0000  0.0000
 target euler rotation angles:
    0.0000    0.0000    0.0000
 far field kr, iterations/correction:
 -0.1000E+01   20
 plane wave incidence
 random orientation calculations
 t matrix calculated, stored in file 
tmatrixfiles/1225647992000226                               
 t matrix convergence epsilon:
  0.1000E-06
 all spheres excited (total T matrix) 
 calculation results for run 
    1
 total ext, abs, scat efficiencies, w.r.t. xv, and asym. parm
  0.28752E+01  0.16239E+00  0.27128E+01  0.70533E+00
 scattering matrix elements (normalized w/ S11)
   theta      11           12           13           14           22           23           24           33           34           44      
    0.00  0.46627E+02  0.00000E+00  0.00000E+00 -0.69906E-04  0.99933E+00 -0.13157E-03  0.00000E+00  0.99933E+00  0.00000E+00  0.99868E+00 
    1.00  0.46319E+02 -0.15321E-03 -0.38920E-07 -0.69414E-04  0.99933E+00 -0.12984E-03  0.96415E-07  0.99933E+00 -0.74508E-05  0.99868E+00 
    2.00  0.45406E+02 -0.61359E-03 -0.15977E-06 -0.67915E-04  0.99931E+00 -0.12459E-03  0.38693E-06  0.99931E+00 -0.30096E-04  0.99865E+00 
    3.00  0.43926E+02 -0.13833E-02 -0.37492E-06 -0.65347E-04  0.99929E+00 -0.11562E-03  0.87542E-06  0.99929E+00 -0.68799E-04  0.99861E+00 
    4.00  0.41941E+02 -0.24661E-02 -0.70539E-06 -0.61602E-04  0.99926E+00 -0.10263E-03  0.15685E-05  0.99926E+00 -0.12496E-03  0.99855E+00 
    5.00  0.39529E+02 -0.38670E-02 -0.11813E-05 -0.56535E-04  0.99922E+00 -0.85155E-04  0.24757E-05  0.99921E+00 -0.20044E-03  0.99846E+00 
    6.00  0.36781E+02 -0.55922E-02 -0.18426E-05 -0.49958E-04  0.99916E+00 -0.62563E-04  0.36102E-05  0.99915E+00 -0.29743E-03  0.99835E+00 
    7.00  0.33799E+02 -0.76490E-02 -0.27394E-05 -0.41655E-04  0.99909E+00 -0.34063E-04  0.49892E-05  0.99907E+00 -0.41828E-03  0.99821E+00 
    8.00  0.30683E+02 -0.10046E-01 -0.39324E-05 -0.31387E-04  0.99901E+00  0.13376E-05  0.66353E-05  0.99896E+00 -0.56524E-03  0.99802E+00 
    9.00  0.27530E+02 -0.12790E-01 -0.54920E-05 -0.18910E-04  0.99891E+00  0.44844E-04  0.85779E-05  0.99883E+00 -0.74003E-03  0.99780E+00 
   10.00  0.24428E+02 -0.15889E-01 -0.74968E-05 -0.40078E-05  0.99878E+00  0.97881E-04  0.10856E-04  0.99866E+00 -0.94336E-03  0.99752E+00 
   11.00  0.21453E+02 -0.19348E-01 -0.10029E-04  0.13469E-04  0.99864E+00  0.16208E-03  0.13521E-04  0.99846E+00 -0.11743E-02  0.99718E+00 
   12.00  0.18665E+02 -0.23168E-01 -0.13167E-04  0.33536E-04  0.99845E+00  0.23926E-03  0.16642E-04  0.99820E+00 -0.14294E-02  0.99676E+00 
   13.00  0.16107E+02 -0.27343E-01 -0.16974E-04  0.56001E-04  0.99824E+00  0.33130E-03  0.20311E-04  0.99788E+00 -0.17024E-02  0.99625E+00 
   14.00  0.13806E+02 -0.31859E-01 -0.21477E-04  0.80354E-04  0.99798E+00  0.44003E-03  0.24649E-04  0.99750E+00 -0.19829E-02  0.99563E+00 
   15.00  0.11773E+02 -0.36692E-01 -0.26645E-04  0.10567E-03  0.99767E+00  0.56695E-03  0.29812E-04  0.99703E+00 -0.22575E-02  0.99490E+00 
   16.00  0.10007E+02 -0.41802E-01 -0.32358E-04  0.13052E-03  0.99731E+00  0.71294E-03  0.35999E-04  0.99648E+00 -0.25100E-02  0.99404E+00 
   17.00  0.84946E+01 -0.47142E-01 -0.38377E-04  0.15293E-03  0.99689E+00  0.87783E-03  0.43444E-04  0.99582E+00 -0.27244E-02  0.99303E+00 
   18.00  0.72168E+01 -0.52654E-01 -0.44316E-04  0.17043E-03  0.99641E+00  0.10600E-02  0.52410E-04  0.99507E+00 -0.28890E-02  0.99186E+00 
   19.00  0.61483E+01 -0.58281E-01 -0.49631E-04  0.18023E-03  0.99585E+00  0.12559E-02  0.63161E-04  0.99420E+00 -0.30020E-02  0.99054E+00 
   20.00  0.52621E+01 -0.63980E-01 -0.53631E-04  0.17956E-03  0.99523E+00  0.14602E-02  0.75929E-04  0.99322E+00 -0.30772E-02  0.98907E+00 
   21.00  0.45313E+01 -0.69728E-01 -0.55513E-04  0.16604E-03  0.99454E+00  0.16655E-02  0.90852E-04  0.99214E+00 -0.31485E-02  0.98745E+00 
   22.00  0.39306E+01 -0.75539E-01 -0.54424E-04  0.13811E-03  0.99379E+00  0.18626E-02  0.10792E-03  0.99095E+00 -0.32704E-02  0.98568E+00 
   23.00  0.34371E+01 -0.81464E-01 -0.49526E-04  0.95340E-04  0.99298E+00  0.20413E-02  0.12694E-03  0.98965E+00 -0.35137E-02  0.98379E+00 
   24.00  0.30315E+01 -0.87593E-01 -0.40079E-04  0.38557E-04  0.99212E+00  0.21907E-02  0.14743E-03  0.98825E+00 -0.39557E-02  0.98176E+00 
   25.00  0.26975E+01 -0.94038E-01 -0.25501E-04 -0.30184E-04  0.99122E+00  0.22999E-02  0.16868E-03  0.98675E+00 -0.46676E-02  0.97962E+00 
   26.00  0.24219E+01 -0.10092E+00 -0.54416E-05 -0.10783E-03  0.99029E+00  0.23589E-02  0.18975E-03  0.98513E+00 -0.56994E-02  0.97737E+00 
   27.00  0.21940E+01 -0.10836E+00  0.20162E-04 -0.19065E-03  0.98934E+00  0.23591E-02  0.20951E-03  0.98340E+00 -0.70678E-02  0.97500E+00 
   28.00  0.20054E+01 -0.11643E+00  0.51036E-04 -0.27463E-03  0.98840E+00  0.22945E-02  0.22676E-03  0.98155E+00 -0.87487E-02  0.97253E+00 
   29.00  0.18490E+01 -0.12520E+00  0.86541E-04 -0.35592E-03  0.98747E+00  0.21628E-02  0.24044E-03  0.97957E+00 -0.10679E-01  0.96996E+00 
   30.00  0.17189E+01 -0.13467E+00  0.12569E-03 -0.43113E-03  0.98657E+00  0.19658E-02  0.24968E-03  0.97744E+00 -0.12764E-01  0.96727E+00 
   31.00  0.16099E+01 -0.14482E+00  0.16719E-03 -0.49770E-03  0.98570E+00  0.17101E-02  0.25402E-03  0.97516E+00 -0.14898E-01  0.96446E+00 
   32.00  0.15176E+01 -0.15559E+00  0.20958E-03 -0.55399E-03  0.98488E+00  0.14058E-02  0.25337E-03  0.97270E+00 -0.16981E-01  0.96152E+00 
   33.00  0.14382E+01 -0.16694E+00  0.25129E-03 -0.59923E-03  0.98409E+00  0.10660E-02  0.24807E-03  0.97005E+00 -0.18938E-01  0.95840E+00 
   34.00  0.13684E+01 -0.17881E+00  0.29079E-03 -0.63337E-03  0.98332E+00  0.70522E-03  0.23869E-03  0.96716E+00 -0.20731E-01  0.95508E+00 
   35.00  0.13056E+01 -0.19120E+00  0.32658E-03 -0.65677E-03  0.98257E+00  0.33773E-03  0.22593E-03  0.96399E+00 -0.22360E-01  0.95150E+00 
   36.00  0.12478E+01 -0.20411E+00  0.35725E-03 -0.66995E-03  0.98183E+00 -0.22790E-04  0.21048E-03  0.96052E+00 -0.23860E-01  0.94762E+00 
   37.00  0.11937E+01 -0.21756E+00  0.38145E-03 -0.67339E-03  0.98108E+00 -0.36385E-03  0.19286E-03  0.95669E+00 -0.25286E-01  0.94339E+00 
   38.00  0.11429E+01 -0.23159E+00  0.39790E-03 -0.66739E-03  0.98033E+00 -0.67414E-03  0.17342E-03  0.95246E+00 -0.26705E-01  0.93877E+00 
   39.00  0.10952E+01 -0.24625E+00  0.40542E-03 -0.65203E-03  0.97957E+00 -0.94340E-03  0.15223E-03  0.94780E+00 -0.28172E-01  0.93372E+00 
   40.00  0.10510E+01 -0.26156E+00  0.40301E-03 -0.62732E-03  0.97881E+00 -0.11624E-02  0.12917E-03  0.94269E+00 -0.29721E-01  0.92824E+00 
   41.00  0.10109E+01 -0.27751E+00  0.39004E-03 -0.59329E-03  0.97808E+00 -0.13234E-02  0.10396E-03  0.93713E+00 -0.31354E-01  0.92233E+00 
   42.00  0.97542E+00 -0.29404E+00  0.36636E-03 -0.55011E-03  0.97738E+00 -0.14205E-02  0.76248E-04  0.93115E+00 -0.33027E-01  0.91604E+00 
   43.00  0.94497E+00 -0.31105E+00  0.33251E-03 -0.49826E-03  0.97675E+00 -0.14508E-02  0.45693E-04  0.92477E+00 -0.34656E-01  0.90941E+00 
   44.00  0.91971E+00 -0.32840E+00  0.28966E-03 -0.43847E-03  0.97619E+00 -0.14147E-02  0.12065E-04  0.91806E+00 -0.36125E-01  0.90251E+00 
   45.00  0.89940E+00 -0.34589E+00  0.23954E-03 -0.37167E-03  0.97571E+00 -0.13167E-02 -0.24702E-04  0.91106E+00 -0.37306E-01  0.89540E+00 
   46.00  0.88346E+00 -0.36337E+00  0.18413E-03 -0.29874E-03  0.97531E+00 -0.11639E-02 -0.64510E-04  0.90385E+00 -0.38077E-01  0.88812E+00 
   47.00  0.87091E+00 -0.38068E+00  0.12526E-03 -0.22030E-03  0.97496E+00 -0.96575E-03 -0.10713E-03  0.89643E+00 -0.38346E-01  0.88069E+00 
   48.00  0.86057E+00 -0.39771E+00  0.64265E-04 -0.13649E-03  0.97463E+00 -0.73174E-03 -0.15226E-03  0.88883E+00 -0.38061E-01  0.87309E+00 
   49.00  0.85108E+00 -0.41443E+00  0.16830E-05 -0.46873E-04  0.97429E+00 -0.47035E-03 -0.19962E-03  0.88101E+00 -0.37218E-01  0.86528E+00 
   50.00  0.84109E+00 -0.43083E+00 -0.62865E-04  0.49517E-04  0.97390E+00 -0.18783E-03 -0.24897E-03  0.87294E+00 -0.35849E-01  0.85720E+00 
   51.00  0.82940E+00 -0.44696E+00 -0.13069E-03  0.15409E-03  0.97342E+00  0.11225E-03 -0.30013E-03  0.86453E+00 -0.34018E-01  0.84875E+00 
   52.00  0.81501E+00 -0.46286E+00 -0.20397E-03  0.26848E-03  0.97282E+00  0.42892E-03 -0.35298E-03  0.85573E+00 -0.31808E-01  0.83983E+00 
   53.00  0.79730E+00 -0.47864E+00 -0.28557E-03  0.39430E-03  0.97208E+00  0.76341E-03 -0.40732E-03  0.84643E+00 -0.29310E-01  0.83036E+00 
   54.00  0.77595E+00 -0.49435E+00 -0.37895E-03  0.53285E-03  0.97117E+00  0.11185E-02 -0.46287E-03  0.83656E+00 -0.26619E-01  0.82024E+00 
   55.00  0.75106E+00 -0.51008E+00 -0.48793E-03  0.68482E-03  0.97007E+00  0.14976E-02 -0.51908E-03  0.82603E+00 -0.23827E-01  0.80938E+00 
   56.00  0.72302E+00 -0.52589E+00 -0.61649E-03  0.84997E-03  0.96879E+00  0.19042E-02 -0.57504E-03  0.81475E+00 -0.21022E-01  0.79771E+00 
   57.00  0.69250E+00 -0.54184E+00 -0.76849E-03  0.10267E-02  0.96731E+00  0.23407E-02 -0.62935E-03  0.80265E+00 -0.18289E-01  0.78515E+00 
   58.00  0.66036E+00 -0.55795E+00 -0.94726E-03  0.12118E-02  0.96565E+00  0.28077E-02 -0.67997E-03  0.78967E+00 -0.15699E-01  0.77166E+00 
   59.00  0.62752E+00 -0.57424E+00 -0.11551E-02  0.14000E-02  0.96383E+00  0.33029E-02 -0.72416E-03  0.77577E+00 -0.13316E-01  0.75722E+00 
   60.00  0.59491E+00 -0.59073E+00 -0.13929E-02  0.15840E-02  0.96186E+00  0.38204E-02 -0.75847E-03  0.76091E+00 -0.11186E-01  0.74182E+00 
   61.00  0.56336E+00 -0.60737E+00 -0.16590E-02  0.17547E-02  0.95979E+00  0.43501E-02 -0.77884E-03  0.74510E+00 -0.93319E-02  0.72550E+00 
   62.00  0.53356E+00 -0.62413E+00 -0.19496E-02  0.19013E-02  0.95767E+00  0.48780E-02 -0.78082E-03  0.72838E+00 -0.77516E-02  0.70831E+00 
   63.00  0.50600E+00 -0.64094E+00 -0.22577E-02  0.20126E-02  0.95555E+00  0.53864E-02 -0.76001E-03  0.71079E+00 -0.64117E-02  0.69035E+00 
   64.00  0.48100E+00 -0.65771E+00 -0.25738E-02  0.20783E-02  0.95348E+00  0.58559E-02 -0.71248E-03  0.69241E+00 -0.52493E-02  0.67173E+00 
   65.00  0.45863E+00 -0.67434E+00 -0.28866E-02  0.20897E-02  0.95150E+00  0.62668E-02 -0.63527E-03  0.67336E+00 -0.41781E-02  0.65256E+00 
   66.00  0.43882E+00 -0.69072E+00 -0.31837E-02  0.20419E-02  0.94965E+00  0.66020E-02 -0.52681E-03  0.65371E+00 -0.30989E-02  0.63295E+00 
   67.00  0.42135E+00 -0.70676E+00 -0.34532E-02  0.19333E-02  0.94794E+00  0.68483E-02 -0.38707E-03  0.63356E+00 -0.19138E-02  0.61299E+00 
   68.00  0.40590E+00 -0.72238E+00 -0.36848E-02  0.17667E-02  0.94637E+00  0.69980E-02 -0.21750E-03  0.61297E+00 -0.54089E-03  0.59272E+00 
   69.00  0.39212E+00 -0.73748E+00 -0.38703E-02  0.15480E-02  0.94491E+00  0.70489E-02 -0.20787E-04  0.59196E+00  0.10738E-02  0.57216E+00 
   70.00  0.37962E+00 -0.75203E+00 -0.40044E-02  0.12857E-02  0.94355E+00  0.70038E-02  0.19954E-03  0.57054E+00  0.29487E-02  0.55129E+00 
   71.00  0.36806E+00 -0.76598E+00 -0.40840E-02  0.98965E-03  0.94224E+00  0.68689E-02  0.43947E-03  0.54867E+00  0.50640E-02  0.53003E+00 
   72.00  0.35715E+00 -0.77931E+00 -0.41084E-02  0.66994E-03  0.94093E+00  0.66528E-02  0.69482E-03  0.52630E+00  0.73641E-02  0.50832E+00 
   73.00  0.34667E+00 -0.79201E+00 -0.40784E-02  0.33651E-03  0.93961E+00  0.63649E-02  0.96140E-03  0.50337E+00  0.97620E-02  0.48608E+00 
   74.00  0.33647E+00 -0.80406E+00 -0.39959E-02 -0.14247E-05  0.93823E+00  0.60148E-02  0.12350E-02  0.47980E+00  0.12146E-01  0.46320E+00 
   75.00  0.32650E+00 -0.81548E+00 -0.38636E-02 -0.33542E-03  0.93679E+00  0.56112E-02  0.15115E-02  0.45553E+00  0.14389E-01  0.43962E+00 
   76.00  0.31675E+00 -0.82626E+00 -0.36848E-02 -0.65774E-03  0.93527E+00  0.51623E-02  0.17865E-02  0.43051E+00  0.16355E-01  0.41526E+00 
   77.00  0.30727E+00 -0.83639E+00 -0.34635E-02 -0.96123E-03  0.93370E+00  0.46757E-02  0.20554E-02  0.40468E+00  0.17907E-01  0.39008E+00 
   78.00  0.29815E+00 -0.84588E+00 -0.32040E-02 -0.12392E-02  0.93207E+00  0.41586E-02  0.23135E-02  0.37801E+00  0.18922E-01  0.36404E+00 
   79.00  0.28947E+00 -0.85472E+00 -0.29118E-02 -0.14853E-02  0.93042E+00  0.36181E-02  0.25554E-02  0.35051E+00  0.19292E-01  0.33713E+00 
   80.00  0.28135E+00 -0.86291E+00 -0.25928E-02 -0.16936E-02  0.92878E+00  0.30617E-02  0.27760E-02  0.32219E+00  0.18942E-01  0.30939E+00 
   81.00  0.27386E+00 -0.87043E+00 -0.22539E-02 -0.18589E-02  0.92718E+00  0.24971E-02  0.29700E-02  0.29308E+00  0.17834E-01  0.28085E+00 
   82.00  0.26707E+00 -0.87727E+00 -0.19026E-02 -0.19770E-02  0.92566E+00  0.19323E-02  0.31325E-02  0.26326E+00  0.15971E-01  0.25159E+00 
   83.00  0.26100E+00 -0.88341E+00 -0.15468E-02 -0.20448E-02  0.92424E+00  0.13753E-02  0.32593E-02  0.23281E+00  0.13398E-01  0.22170E+00 
   84.00  0.25566E+00 -0.88880E+00 -0.11942E-02 -0.20609E-02  0.92294E+00  0.83389E-03  0.33472E-02  0.20182E+00  0.10204E-01  0.19129E+00 
   85.00  0.25101E+00 -0.89343E+00 -0.85201E-03 -0.20255E-02  0.92178E+00  0.31475E-03  0.33939E-02  0.17041E+00  0.65054E-02  0.16048E+00 
   86.00  0.24699E+00 -0.89724E+00 -0.52659E-03 -0.19409E-02  0.92075E+00 -0.17644E-03  0.33987E-02  0.13869E+00  0.24423E-02  0.12940E+00 
   87.00  0.24353E+00 -0.90020E+00 -0.22291E-03 -0.18113E-02  0.91985E+00 -0.63560E-03  0.33619E-02  0.10677E+00 -0.18376E-02  0.98173E-01 
   88.00  0.24052E+00 -0.90225E+00  0.55533E-04 -0.16422E-02  0.91905E+00 -0.10603E-02  0.32850E-02  0.74764E-01 -0.61899E-02  0.66910E-01 
   89.00  0.23787E+00 -0.90337E+00  0.30676E-03 -0.14407E-02  0.91835E+00 -0.14496E-02  0.31703E-02  0.42767E-01 -0.10483E-01  0.35722E-01 
   90.00  0.23549E+00 -0.90352E+00  0.53021E-03 -0.12149E-02  0.91771E+00 -0.18041E-02  0.30211E-02  0.10865E-01 -0.14605E-01  0.47027E-02 
   91.00  0.23327E+00 -0.90268E+00  0.72655E-03 -0.97352E-03  0.91710E+00 -0.21256E-02  0.28409E-02 -0.20866E-01 -0.18468E-01 -0.26068E-01 
   92.00  0.23114E+00 -0.90081E+00  0.89740E-03 -0.72563E-03  0.91652E+00 -0.24165E-02  0.26337E-02 -0.52364E-01 -0.22005E-01 -0.56520E-01 
   93.00  0.22903E+00 -0.89793E+00  0.10451E-02 -0.48035E-03  0.91593E+00 -0.26797E-02  0.24039E-02 -0.83573E-01 -0.25173E-01 -0.86595E-01 
   94.00  0.22689E+00 -0.89401E+00  0.11725E-02 -0.24663E-03  0.91532E+00 -0.29182E-02  0.21558E-02 -0.11445E+00 -0.27948E-01 -0.11625E+00 
   95.00  0.22470E+00 -0.88908E+00  0.12825E-02 -0.32943E-04  0.91469E+00 -0.31349E-02  0.18941E-02 -0.14494E+00 -0.30321E-01 -0.14543E+00 
   96.00  0.22245E+00 -0.88314E+00  0.13781E-02  0.15289E-03  0.91403E+00 -0.33322E-02  0.16236E-02 -0.17503E+00 -0.32294E-01 -0.17412E+00 
   97.00  0.22013E+00 -0.87623E+00  0.14624E-02  0.30392E-03  0.91335E+00 -0.35120E-02  0.13490E-02 -0.20466E+00 -0.33879E-01 -0.20228E+00 
   98.00  0.21775E+00 -0.86837E+00  0.15378E-02  0.41434E-03  0.91265E+00 -0.36756E-02  0.10754E-02 -0.23383E+00 -0.35094E-01 -0.22990E+00 
   99.00  0.21536E+00 -0.85961E+00  0.16066E-02  0.47963E-03  0.91194E+00 -0.38235E-02  0.80756E-03 -0.26249E+00 -0.35961E-01 -0.25695E+00 
  100.00  0.21297E+00 -0.84997E+00  0.16707E-02  0.49677E-03  0.91124E+00 -0.39559E-02  0.55029E-03 -0.29063E+00 -0.36504E-01 -0.28342E+00 
  101.00  0.21062E+00 -0.83951E+00  0.17314E-02  0.46440E-03  0.91055E+00 -0.40720E-02  0.30802E-03 -0.31822E+00 -0.36751E-01 -0.30929E+00 
  102.00  0.20836E+00 -0.82828E+00  0.17894E-02  0.38288E-03  0.90990E+00 -0.41708E-02  0.84714E-04 -0.34524E+00 -0.36729E-01 -0.33456E+00 
  103.00  0.20621E+00 -0.81632E+00  0.18449E-02  0.25431E-03  0.90929E+00 -0.42508E-02 -0.11629E-03 -0.37167E+00 -0.36467E-01 -0.35922E+00 
  104.00  0.20422E+00 -0.80369E+00  0.18975E-02  0.82401E-04  0.90875E+00 -0.43105E-02 -0.29246E-03 -0.39748E+00 -0.35994E-01 -0.38327E+00 
  105.00  0.20240E+00 -0.79044E+00  0.19462E-02 -0.12766E-03  0.90828E+00 -0.43484E-02 -0.44223E-03 -0.42266E+00 -0.35340E-01 -0.40669E+00 
  106.00  0.20079E+00 -0.77662E+00  0.19896E-02 -0.36954E-03  0.90789E+00 -0.43630E-02 -0.56505E-03 -0.44719E+00 -0.34532E-01 -0.42948E+00 
  107.00  0.19940E+00 -0.76228E+00  0.20260E-02 -0.63610E-03  0.90758E+00 -0.43534E-02 -0.66140E-03 -0.47105E+00 -0.33600E-01 -0.45163E+00 
  108.00  0.19824E+00 -0.74748E+00  0.20532E-02 -0.91978E-03  0.90737E+00 -0.43191E-02 -0.73278E-03 -0.49422E+00 -0.32571E-01 -0.47314E+00 
  109.00  0.19731E+00 -0.73225E+00  0.20690E-02 -0.12130E-02  0.90725E+00 -0.42599E-02 -0.78153E-03 -0.51669E+00 -0.31470E-01 -0.49399E+00 
  110.00  0.19662E+00 -0.71664E+00  0.20711E-02 -0.15086E-02  0.90722E+00 -0.41767E-02 -0.81070E-03 -0.53845E+00 -0.30320E-01 -0.51418E+00 
  111.00  0.19616E+00 -0.70070E+00  0.20573E-02 -0.18001E-02  0.90726E+00 -0.40705E-02 -0.82381E-03 -0.55947E+00 -0.29144E-01 -0.53369E+00 
  112.00  0.19592E+00 -0.68446E+00  0.20257E-02 -0.20819E-02  0.90738E+00 -0.39432E-02 -0.82461E-03 -0.57976E+00 -0.27960E-01 -0.55252E+00 
  113.00  0.19589E+00 -0.66797E+00  0.19745E-02 -0.23497E-02  0.90756E+00 -0.37969E-02 -0.81683E-03 -0.59930E+00 -0.26785E-01 -0.57066E+00 
  114.00  0.19606E+00 -0.65127E+00  0.19025E-02 -0.26000E-02  0.90780E+00 -0.36342E-02 -0.80400E-03 -0.61808E+00 -0.25633E-01 -0.58810E+00 
  115.00  0.19640E+00 -0.63438E+00  0.18089E-02 -0.28308E-02  0.90809E+00 -0.34579E-02 -0.78921E-03 -0.63612E+00 -0.24516E-01 -0.60484E+00 
  116.00  0.19691E+00 -0.61735E+00  0.16933E-02 -0.30407E-02  0.90841E+00 -0.32710E-02 -0.77504E-03 -0.65340E+00 -0.23442E-01 -0.62087E+00 
  117.00  0.19755E+00 -0.60020E+00  0.15558E-02 -0.32296E-02  0.90876E+00 -0.30763E-02 -0.76343E-03 -0.66993E+00 -0.22420E-01 -0.63620E+00 
  118.00  0.19832E+00 -0.58297E+00  0.13971E-02 -0.33975E-02  0.90914E+00 -0.28769E-02 -0.75570E-03 -0.68572E+00 -0.21456E-01 -0.65082E+00 
  119.00  0.19920E+00 -0.56569E+00  0.12182E-02 -0.35454E-02  0.90953E+00 -0.26753E-02 -0.75252E-03 -0.70078E+00 -0.20555E-01 -0.66474E+00 
  120.00  0.20016E+00 -0.54839E+00  0.10206E-02 -0.36742E-02  0.90994E+00 -0.24740E-02 -0.75400E-03 -0.71511E+00 -0.19720E-01 -0.67797E+00 
  121.00  0.20120E+00 -0.53110E+00  0.80605E-03 -0.37850E-02  0.91035E+00 -0.22754E-02 -0.75980E-03 -0.72875E+00 -0.18955E-01 -0.69053E+00 
  122.00  0.20230E+00 -0.51383E+00  0.57678E-03 -0.38787E-02  0.91078E+00 -0.20813E-02 -0.76920E-03 -0.74170E+00 -0.18261E-01 -0.70242E+00 
  123.00  0.20344E+00 -0.49663E+00  0.33514E-03 -0.39563E-02  0.91120E+00 -0.18935E-02 -0.78124E-03 -0.75398E+00 -0.17641E-01 -0.71367E+00 
  124.00  0.20462E+00 -0.47951E+00  0.83716E-04 -0.40184E-02  0.91163E+00 -0.17133E-02 -0.79485E-03 -0.76561E+00 -0.17096E-01 -0.72430E+00 
  125.00  0.20581E+00 -0.46249E+00 -0.17477E-03 -0.40654E-02  0.91206E+00 -0.15419E-02 -0.80894E-03 -0.77661E+00 -0.16626E-01 -0.73431E+00 
  126.00  0.20703E+00 -0.44560E+00 -0.43752E-03 -0.40975E-02  0.91250E+00 -0.13802E-02 -0.82252E-03 -0.78701E+00 -0.16232E-01 -0.74375E+00 
  127.00  0.20824E+00 -0.42886E+00 -0.70169E-03 -0.41146E-02  0.91293E+00 -0.12288E-02 -0.83476E-03 -0.79683E+00 -0.15913E-01 -0.75262E+00 
  128.00  0.20945E+00 -0.41229E+00 -0.96446E-03 -0.41167E-02  0.91336E+00 -0.10881E-02 -0.84504E-03 -0.80608E+00 -0.15668E-01 -0.76094E+00 
  129.00  0.21066E+00 -0.39590E+00 -0.12231E-02 -0.41036E-02  0.91379E+00 -0.95835E-03 -0.85301E-03 -0.81480E+00 -0.15495E-01 -0.76875E+00 
  130.00  0.21185E+00 -0.37972E+00 -0.14749E-02 -0.40751E-02  0.91422E+00 -0.83957E-03 -0.85858E-03 -0.82299E+00 -0.15392E-01 -0.77605E+00 
  131.00  0.21302E+00 -0.36376E+00 -0.17174E-02 -0.40312E-02  0.91464E+00 -0.73165E-03 -0.86192E-03 -0.83069E+00 -0.15355E-01 -0.78287E+00 
  132.00  0.21417E+00 -0.34804E+00 -0.19482E-02 -0.39719E-02  0.91505E+00 -0.63432E-03 -0.86342E-03 -0.83791E+00 -0.15380E-01 -0.78922E+00 
  133.00  0.21530E+00 -0.33257E+00 -0.21651E-02 -0.38978E-02  0.91546E+00 -0.54720E-03 -0.86366E-03 -0.84467E+00 -0.15462E-01 -0.79513E+00 
  134.00  0.21640E+00 -0.31737E+00 -0.23662E-02 -0.38094E-02  0.91585E+00 -0.46978E-03 -0.86338E-03 -0.85099E+00 -0.15595E-01 -0.80061E+00 
  135.00  0.21748E+00 -0.30245E+00 -0.25499E-02 -0.37077E-02  0.91623E+00 -0.40151E-03 -0.86337E-03 -0.85689E+00 -0.15772E-01 -0.80567E+00 
  136.00  0.21853E+00 -0.28783E+00 -0.27145E-02 -0.35940E-02  0.91659E+00 -0.34175E-03 -0.86446E-03 -0.86238E+00 -0.15986E-01 -0.81033E+00 
  137.00  0.21956E+00 -0.27351E+00 -0.28590E-02 -0.34699E-02  0.91693E+00 -0.28984E-03 -0.86744E-03 -0.86748E+00 -0.16229E-01 -0.81460E+00 
  138.00  0.22057E+00 -0.25952E+00 -0.29823E-02 -0.33372E-02  0.91725E+00 -0.24508E-03 -0.87300E-03 -0.87221E+00 -0.16493E-01 -0.81850E+00 
  139.00  0.22156E+00 -0.24585E+00 -0.30838E-02 -0.31981E-02  0.91754E+00 -0.20679E-03 -0.88171E-03 -0.87659E+00 -0.16770E-01 -0.82204E+00 
  140.00  0.22253E+00 -0.23253E+00 -0.31630E-02 -0.30549E-02  0.91781E+00 -0.17429E-03 -0.89394E-03 -0.88062E+00 -0.17051E-01 -0.82525E+00 
  141.00  0.22349E+00 -0.21956E+00 -0.32197E-02 -0.29101E-02  0.91805E+00 -0.14695E-03 -0.90989E-03 -0.88433E+00 -0.17328E-01 -0.82812E+00 
  142.00  0.22443E+00 -0.20694E+00 -0.32541E-02 -0.27661E-02  0.91827E+00 -0.12415E-03 -0.92953E-03 -0.88774E+00 -0.17592E-01 -0.83068E+00 
  143.00  0.22536E+00 -0.19470E+00 -0.32664E-02 -0.26254E-02  0.91845E+00 -0.10533E-03 -0.95260E-03 -0.89085E+00 -0.17836E-01 -0.83294E+00 
  144.00  0.22629E+00 -0.18282E+00 -0.32572E-02 -0.24904E-02  0.91861E+00 -0.89996E-04 -0.97865E-03 -0.89369E+00 -0.18052E-01 -0.83492E+00 
  145.00  0.22721E+00 -0.17132E+00 -0.32272E-02 -0.23634E-02  0.91874E+00 -0.77665E-04 -0.10070E-02 -0.89627E+00 -0.18232E-01 -0.83663E+00 
  146.00  0.22813E+00 -0.16020E+00 -0.31774E-02 -0.22465E-02  0.91883E+00 -0.67920E-04 -0.10369E-02 -0.89861E+00 -0.18371E-01 -0.83809E+00 
  147.00  0.22905E+00 -0.14947E+00 -0.31091E-02 -0.21414E-02  0.91890E+00 -0.60379E-04 -0.10674E-02 -0.90073E+00 -0.18462E-01 -0.83932E+00 
  148.00  0.22997E+00 -0.13913E+00 -0.30234E-02 -0.20497E-02  0.91893E+00 -0.54692E-04 -0.10974E-02 -0.90263E+00 -0.18499E-01 -0.84032E+00 
  149.00  0.23090E+00 -0.12918E+00 -0.29221E-02 -0.19727E-02  0.91894E+00 -0.50540E-04 -0.11259E-02 -0.90433E+00 -0.18478E-01 -0.84112E+00 
  150.00  0.23184E+00 -0.11961E+00 -0.28068E-02 -0.19110E-02  0.91892E+00 -0.47624E-04 -0.11518E-02 -0.90586E+00 -0.18394E-01 -0.84173E+00 
  151.00  0.23279E+00 -0.11044E+00 -0.26793E-02 -0.18653E-02  0.91886E+00 -0.45670E-04 -0.11742E-02 -0.90721E+00 -0.18246E-01 -0.84215E+00 
  152.00  0.23376E+00 -0.10166E+00 -0.25415E-02 -0.18358E-02  0.91878E+00 -0.44419E-04 -0.11920E-02 -0.90840E+00 -0.18029E-01 -0.84241E+00 
  153.00  0.23474E+00 -0.93269E-01 -0.23954E-02 -0.18223E-02  0.91867E+00 -0.43632E-04 -0.12046E-02 -0.90945E+00 -0.17743E-01 -0.84251E+00 
  154.00  0.23573E+00 -0.85268E-01 -0.22431E-02 -0.18243E-02  0.91854E+00 -0.43093E-04 -0.12111E-02 -0.91036E+00 -0.17386E-01 -0.84247E+00 
  155.00  0.23674E+00 -0.77654E-01 -0.20866E-02 -0.18414E-02  0.91837E+00 -0.42607E-04 -0.12110E-02 -0.91115E+00 -0.16960E-01 -0.84229E+00 
  156.00  0.23778E+00 -0.70427E-01 -0.19280E-02 -0.18725E-02  0.91817E+00 -0.42007E-04 -0.12041E-02 -0.91181E+00 -0.16466E-01 -0.84197E+00 
  157.00  0.23882E+00 -0.63585E-01 -0.17691E-02 -0.19167E-02  0.91795E+00 -0.41159E-04 -0.11899E-02 -0.91237E+00 -0.15905E-01 -0.84154E+00 
  158.00  0.23989E+00 -0.57126E-01 -0.16118E-02 -0.19729E-02  0.91770E+00 -0.39964E-04 -0.11685E-02 -0.91283E+00 -0.15280E-01 -0.84099E+00 
  159.00  0.24098E+00 -0.51048E-01 -0.14578E-02 -0.20399E-02  0.91741E+00 -0.38359E-04 -0.11400E-02 -0.91319E+00 -0.14597E-01 -0.84034E+00 
  160.00  0.24208E+00 -0.45350E-01 -0.13087E-02 -0.21167E-02  0.91710E+00 -0.36320E-04 -0.11043E-02 -0.91346E+00 -0.13858E-01 -0.83957E+00 
  161.00  0.24320E+00 -0.40030E-01 -0.11656E-02 -0.22019E-02  0.91676E+00 -0.33862E-04 -0.10619E-02 -0.91365E+00 -0.13069E-01 -0.83871E+00 
  162.00  0.24433E+00 -0.35086E-01 -0.10298E-02 -0.22945E-02  0.91639E+00 -0.31030E-04 -0.10130E-02 -0.91376E+00 -0.12237E-01 -0.83776E+00 
  163.00  0.24547E+00 -0.30516E-01 -0.90211E-03 -0.23932E-02  0.91599E+00 -0.27900E-04 -0.95820E-03 -0.91379E+00 -0.11369E-01 -0.83672E+00 
  164.00  0.24662E+00 -0.26316E-01 -0.78319E-03 -0.24971E-02  0.91557E+00 -0.24570E-04 -0.89796E-03 -0.91375E+00 -0.10472E-01 -0.83560E+00 
  165.00  0.24777E+00 -0.22481E-01 -0.67348E-03 -0.26049E-02  0.91512E+00 -0.21150E-04 -0.83294E-03 -0.91364E+00 -0.95531E-02 -0.83440E+00 
  166.00  0.24892E+00 -0.19007E-01 -0.57319E-03 -0.27155E-02  0.91465E+00 -0.17756E-04 -0.76389E-03 -0.91347E+00 -0.86224E-02 -0.83314E+00 
  167.00  0.25006E+00 -0.15884E-01 -0.48238E-03 -0.28278E-02  0.91417E+00 -0.14498E-04 -0.69165E-03 -0.91324E+00 -0.76889E-02 -0.83183E+00 
  168.00  0.25118E+00 -0.13102E-01 -0.40092E-03 -0.29405E-02  0.91367E+00 -0.11477E-04 -0.61718E-03 -0.91297E+00 -0.67624E-02 -0.83049E+00 
  169.00  0.25227E+00 -0.10648E-01 -0.32852E-03 -0.30522E-02  0.91318E+00 -0.87711E-05 -0.54156E-03 -0.91266E+00 -0.58534E-02 -0.82913E+00 
  170.00  0.25333E+00 -0.85065E-02 -0.26482E-03 -0.31616E-02  0.91268E+00 -0.64378E-05 -0.46599E-03 -0.91231E+00 -0.49726E-02 -0.82776E+00 
  171.00  0.25434E+00 -0.66604E-02 -0.20936E-03 -0.32672E-02  0.91220E+00 -0.45066E-05 -0.39173E-03 -0.91194E+00 -0.41310E-02 -0.82643E+00 
  172.00  0.25529E+00 -0.50898E-02 -0.16162E-03 -0.33675E-02  0.91173E+00 -0.29806E-05 -0.32015E-03 -0.91157E+00 -0.33399E-02 -0.82514E+00 
  173.00  0.25616E+00 -0.37736E-02 -0.12109E-03 -0.34607E-02  0.91130E+00 -0.18380E-05 -0.25265E-03 -0.91120E+00 -0.26102E-02 -0.82392E+00 
  174.00  0.25695E+00 -0.26900E-02 -0.87221E-04 -0.35455E-02  0.91090E+00 -0.10365E-05 -0.19062E-03 -0.91084E+00 -0.19526E-02 -0.82281E+00 
  175.00  0.25764E+00 -0.18175E-02 -0.59522E-04 -0.36202E-02  0.91055E+00 -0.51863E-06 -0.13542E-03 -0.91052E+00 -0.13771E-02 -0.82181E+00 
  176.00  0.25823E+00 -0.11358E-02 -0.37534E-04 -0.36836E-02  0.91025E+00 -0.21892E-06 -0.88317E-04 -0.91023E+00 -0.89262E-03 -0.82096E+00 
  177.00  0.25869E+00 -0.62657E-03 -0.20864E-04 -0.37342E-02  0.91000E+00 -0.70902E-07 -0.50416E-04 -0.91000E+00 -0.50714E-03 -0.82028E+00 
  178.00  0.25903E+00 -0.27447E-03 -0.91932E-05 -0.37711E-02  0.90983E+00 -0.14240E-07 -0.22646E-04 -0.90983E+00 -0.22701E-03 -0.81977E+00 
  179.00  0.25923E+00 -0.68010E-04 -0.22862E-05 -0.37936E-02  0.90972E+00 -0.89891E-09 -0.56976E-05 -0.90972E+00 -0.56999E-04 -0.81947E+00 
  180.00  0.25930E+00 -0.16805E-14 -0.56562E-16 -0.38012E-02  0.90968E+00 -0.55398E-30 -0.14151E-15 -0.90968E+00 -0.14147E-14 -0.81937E+00 
 scattering matrix expansion coefficients
    w  a11         a22         a33         a23         a32         a44         a12         a34         a13         a24         a14
    0  0.1000E+01  0.0000E+00  0.0000E+00  0.0000E+00  0.0000E+00  0.7591E+00  0.0000E+00  0.0000E+00  0.0000E+00  0.0000E+00 -0.2140E-03
    1  0.2116E+01  0.0000E+00  0.0000E+00  0.0000E+00  0.0000E+00  0.2321E+01  0.0000E+00  0.0000E+00  0.0000E+00  0.0000E+00  0.4592E-03
    2  0.2969E+01  0.2780E+00  0.3799E+01 -0.3748E-06  0.2491E-02  0.2956E+01 -0.4289E+00 -0.1207E-01 -0.5021E-03  0.2518E-03 -0.2800E-03
    3  0.3390E+01  0.6853E-01  0.3807E+01 -0.1429E-05  0.1137E-02  0.3400E+01 -0.2451E+00 -0.1050E-01 -0.5550E-03  0.2023E-03 -0.3992E-03
    4  0.3722E+01  0.3490E-01  0.3993E+01  0.4220E-08 -0.2067E-03  0.3724E+01 -0.1542E+00 -0.2335E-01 -0.2747E-03 -0.6010E-03  0.1090E-03
    5  0.3942E+01  0.1994E-01  0.4152E+01  0.9931E-06  0.2313E-02  0.3934E+01 -0.8719E-01 -0.2186E-01  0.1588E-02  0.1220E-03  0.2417E-03
    6  0.4019E+01  0.1019E-01  0.4210E+01  0.6066E-06  0.2100E-02  0.4007E+01 -0.4440E-01 -0.9780E-02  0.1917E-03  0.7410E-03  0.5960E-03
    7  0.3919E+01  0.4709E-02  0.4106E+01 -0.1384E-05 -0.9097E-03  0.3905E+01 -0.4444E-01  0.7866E-02 -0.4619E-03  0.7021E-03  0.8032E-03
    8  0.3653E+01 -0.1159E-04  0.3833E+01  0.9941E-07 -0.2930E-02  0.3643E+01 -0.7233E-01  0.5002E-02 -0.6232E-03 -0.2512E-03 -0.6647E-03
    9  0.3265E+01 -0.8696E-02  0.3436E+01 -0.1380E-05 -0.3161E-02  0.3280E+01 -0.1122E+00 -0.1219E-02 -0.3873E-03 -0.2561E-03 -0.1057E-02
   10  0.2860E+01 -0.1400E-02  0.2997E+01 -0.1802E-06 -0.2255E-02  0.2869E+01 -0.1224E+00 -0.4204E-02  0.2234E-03  0.6245E-04 -0.5506E-03
   11  0.2472E+01  0.3749E-02  0.2577E+01  0.7642E-06 -0.1252E-02  0.2470E+01 -0.1056E+00 -0.4752E-02  0.4971E-04  0.2390E-03 -0.1480E-03
   12  0.2105E+01  0.2282E-02  0.2190E+01  0.1566E-05 -0.8661E-03  0.2105E+01 -0.8502E-01 -0.7376E-02 -0.2340E-03  0.2485E-04 -0.3726E-03
   13  0.1758E+01  0.1737E-02  0.1829E+01  0.1851E-06 -0.7127E-03  0.1759E+01 -0.6803E-01 -0.8347E-02 -0.2011E-03 -0.1450E-04 -0.6215E-03
   14  0.1427E+01  0.3949E-02  0.1484E+01  0.2978E-07 -0.4675E-03  0.1423E+01 -0.5534E-01 -0.5483E-02  0.1548E-04 -0.1488E-05 -0.5131E-03
   15  0.1109E+01  0.2111E-02  0.1157E+01  0.8794E-07 -0.2321E-03  0.1106E+01 -0.5549E-01 -0.2271E-02  0.1208E-03 -0.2538E-04 -0.3346E-03
   16  0.8276E+00 -0.1526E-02  0.8668E+00 -0.1393E-06 -0.1662E-03  0.8312E+00 -0.6151E-01 -0.2672E-02  0.8998E-04  0.1011E-04 -0.2002E-03
   17  0.6095E+00 -0.1645E-02  0.6376E+00 -0.1793E-06 -0.2112E-03  0.6150E+00 -0.5639E-01 -0.5045E-02  0.9655E-05  0.5544E-04 -0.6079E-04
   18  0.4589E+00  0.1198E-02  0.4755E+00 -0.1456E-06 -0.2655E-03  0.4593E+00 -0.3664E-01 -0.5805E-02 -0.3895E-04  0.3570E-04 -0.3185E-04
   19  0.3508E+00  0.2482E-02  0.3610E+00 -0.8035E-07 -0.2549E-03  0.3476E+00 -0.1679E-01 -0.3727E-02 -0.3148E-04  0.2102E-04 -0.5659E-04
   20  0.2599E+00  0.1438E-02  0.2683E+00 -0.3459E-08 -0.1827E-03  0.2574E+00 -0.8128E-02 -0.6202E-03 -0.2545E-05  0.1857E-04 -0.5176E-04
   21  0.1777E+00  0.3013E-04  0.1856E+00  0.3255E-07 -0.8975E-04  0.1776E+00 -0.8732E-02  0.1445E-02  0.1658E-04  0.1889E-04 -0.7487E-05
   22  0.1091E+00 -0.4029E-03  0.1154E+00  0.2611E-07 -0.2488E-04  0.1099E+00 -0.1075E-01  0.1892E-02  0.1676E-04  0.1034E-04  0.2503E-04
   23  0.5948E-01 -0.1701E-03  0.6344E-01  0.1160E-07  0.1416E-05  0.6007E-01 -0.1005E-01  0.1410E-02  0.9805E-05  0.3060E-05  0.3127E-04
   24  0.2880E-01  0.1148E-03  0.3079E-01  0.2958E-08  0.5845E-05  0.2886E-01 -0.7176E-02  0.7737E-03  0.4171E-05 -0.8255E-06  0.2135E-04
   25  0.1243E-01  0.1995E-03  0.1324E-01  0.3926E-09  0.3767E-05  0.1224E-01 -0.4117E-02  0.3423E-03  0.1440E-05 -0.1194E-05  0.1075E-04
   26  0.4804E-02  0.1554E-03  0.5071E-02 -0.3693E-09  0.1648E-05  0.4609E-02 -0.1970E-02  0.1267E-03  0.4698E-06 -0.7344E-06  0.4323E-05
   27  0.1673E-02  0.8597E-04  0.1743E-02 -0.3886E-09  0.6205E-06  0.1553E-02 -0.8081E-03  0.4055E-04  0.1157E-06 -0.3174E-06  0.1486E-05
   28  0.5276E-03  0.3808E-04  0.5408E-03 -0.1386E-09  0.2039E-06  0.4713E-03 -0.2896E-03  0.1139E-04  0.1726E-07 -0.1199E-06  0.4699E-06
   29  0.1515E-03  0.1419E-04  0.1524E-03  0.1598E-10  0.5570E-07  0.1297E-03 -0.9197E-04  0.2840E-05  0.2459E-08 -0.3748E-07  0.1310E-06
   30  0.3976E-04  0.4583E-05  0.3922E-04  0.5326E-10  0.1416E-07  0.3252E-04 -0.2618E-04  0.6340E-06 -0.1033E-08 -0.9039E-08  0.3035E-07
   31  0.9599E-05  0.1304E-05  0.9278E-05  0.3785E-10  0.4006E-08  0.7495E-05 -0.6742E-05  0.1320E-06 -0.8318E-09 -0.1931E-08  0.6358E-08
   32  0.2154E-05  0.3320E-06  0.2042E-05  0.1876E-10  0.1283E-08  0.1610E-05 -0.1591E-05  0.2661E-07 -0.4022E-09 -0.5974E-09  0.1431E-08
   33  0.4592E-06  0.7693E-07  0.4282E-06  0.7407E-11  0.2525E-09  0.3318E-06 -0.3516E-06  0.5550E-08 -0.9236E-10 -0.2448E-09  0.5052E-09
   34  0.9756E-07  0.1678E-07  0.9012E-07  0.2369E-11 -0.3804E-10  0.6964E-07 -0.7586E-07  0.1225E-08  0.2968E-10 -0.8282E-10  0.1768E-09
   35  0.2192E-07  0.3628E-08  0.2022E-07  0.6686E-12 -0.4646E-10  0.1590E-07 -0.1709E-07  0.4028E-09  0.2483E-10 -0.1825E-10  0.3878E-10
   36  0.6322E-08  0.8945E-09  0.5949E-08  0.1638E-12 -0.1607E-10  0.4841E-08 -0.4672E-08  0.1435E-09  0.8871E-11 -0.2982E-11  0.8318E-11
   37  0.1399E-08  0.2057E-09  0.1292E-08  0.2610E-13 -0.4300E-11  0.1070E-08 -0.1089E-08  0.5097E-10  0.2079E-11 -0.6866E-13  0.3942E-12
   38  0.7964E-09  0.1189E-09  0.7417E-09  0.2296E-15 -0.1369E-12  0.5930E-09 -0.5944E-09  0.1128E-10  0.1042E-12 -0.1567E-12  0.5497E-12
   39  0.7624E-10  0.1233E-10  0.6822E-10 -0.1521E-14 -0.1156E-12  0.5719E-10 -0.6145E-10  0.3399E-11  0.5217E-13 -0.2758E-13  0.5087E-13
   40  0.8352E-10  0.1612E-10  0.7447E-10 -0.6064E-15  0.2655E-13  0.5531E-10 -0.6704E-10  0.2295E-12 -0.1115E-13 -0.3610E-13  0.8481E-13
   41  0.2588E-11  0.5096E-12  0.2205E-11 -0.2086E-15 -0.2800E-14  0.1798E-11 -0.2172E-11  0.9427E-13  0.1512E-14 -0.1003E-14  0.1917E-14
   42  0.4992E-11  0.1134E-11  0.4239E-11 -0.5477E-16  0.1136E-14  0.2955E-11 -0.4220E-11 -0.1597E-13 -0.4199E-15 -0.2613E-14  0.5491E-14
   43  0.3521E-13  0.7837E-14  0.2746E-13 -0.1208E-16 -0.4418E-16  0.2460E-13 -0.2962E-13  0.9221E-15  0.4130E-16  0.2674E-18  0.2560E-16
   44  0.1950E-12  0.5201E-13  0.1640E-12 -0.1705E-17  0.2203E-16  0.1048E-12 -0.1743E-12 -0.1040E-14 -0.6140E-17 -0.1078E-15  0.1972E-15
