 input file is 
mstm8_256_5795_20_00226.inp   
 input file comments follow:
***********************************************************
  This is the default mstm input file for v.3.0.
  The run is for a 7-sphere cluster of identical spheres.   The positions
  are embedded in the input file.

  The run makes use of the new_run and multiple_run options.

  14 April 2013
***********************************************************
 number of processors:
   1
 input parameters for run number 
    1
 number of spheres, volume size parameter:
  256  0.36796E+01
 position file:
position/n256/a8.out                                        
 output file:
output/256/x5795/20/00226/mt_8_256_5795_20_00226.dat        
 length, ref. indx. scale factors:
   0.580   2.000   0.023
 chiral factors:
  0.00000E+00  0.00000E+00
 scattering matrix directions based on incident frame
 automatic scattering angle calculation
 thetamin, thetamax:
      0.0    180.0
 number scattering angles:
      181
 epsmie, epssoln, max number iterations:
  0.1000E-05  0.1000E-07 5000
 medium refractive index:
  1.0000  0.0000
 target euler rotation angles:
    0.0000    0.0000    0.0000
 far field kr, iterations/correction:
 -0.1000E+01   20
 plane wave incidence
 random orientation calculations
 t matrix calculated, stored in file 
tmatrixfiles/825657952000226                                
 t matrix convergence epsilon:
  0.1000E-06
 all spheres excited (total T matrix) 
 calculation results for run 
    1
 total ext, abs, scat efficiencies, w.r.t. xv, and asym. parm
  0.45992E+01  0.21698E+00  0.43822E+01  0.72997E+00
 scattering matrix elements (normalized w/ S11)
   theta      11           12           13           14           22           23           24           33           34           44      
    0.00  0.61093E+02  0.00000E+00  0.00000E+00 -0.55768E-03  0.99926E+00 -0.29991E-03  0.00000E+00  0.99926E+00  0.00000E+00  0.99856E+00 
    1.00  0.60376E+02 -0.14135E-03 -0.16429E-06 -0.56088E-03  0.99926E+00 -0.29384E-03 -0.57902E-07  0.99926E+00  0.46565E-05  0.99855E+00 
    2.00  0.58283E+02 -0.56645E-03 -0.67171E-06 -0.57051E-03  0.99924E+00 -0.27533E-03 -0.22810E-06  0.99924E+00  0.18058E-04  0.99851E+00 
    3.00  0.54969E+02 -0.12787E-02 -0.15678E-05 -0.58664E-03  0.99920E+00 -0.24347E-03 -0.49902E-06  0.99920E+00  0.38335E-04  0.99845E+00 
    4.00  0.50679E+02 -0.22845E-02 -0.29347E-05 -0.60944E-03  0.99915E+00 -0.19678E-03 -0.84774E-06  0.99915E+00  0.61787E-04  0.99836E+00 
    5.00  0.45711E+02 -0.35942E-02 -0.49012E-05 -0.63915E-03  0.99908E+00 -0.13327E-03 -0.12336E-05  0.99907E+00  0.81926E-04  0.99822E+00 
    6.00  0.40388E+02 -0.52243E-02 -0.76552E-05 -0.67619E-03  0.99899E+00 -0.50615E-04 -0.15881E-05  0.99897E+00  0.87992E-04  0.99804E+00 
    7.00  0.35025E+02 -0.71990E-02 -0.11458E-04 -0.72117E-03  0.99887E+00  0.53455E-04 -0.17991E-05  0.99883E+00  0.62911E-04  0.99781E+00 
    8.00  0.29894E+02 -0.95528E-02 -0.16653E-04 -0.77498E-03  0.99872E+00  0.18048E-03 -0.16912E-05  0.99865E+00 -0.19103E-04  0.99750E+00 
    9.00  0.25209E+02 -0.12332E-01 -0.23659E-04 -0.83884E-03  0.99853E+00  0.33017E-03 -0.10034E-05  0.99841E+00 -0.19452E-03  0.99711E+00 
   10.00  0.21109E+02 -0.15591E-01 -0.32917E-04 -0.91423E-03  0.99830E+00  0.49887E-03  0.62186E-06  0.99810E+00 -0.51028E-03  0.99661E+00 
   11.00  0.17659E+02 -0.19385E-01 -0.44794E-04 -0.10026E-02  0.99802E+00  0.67825E-03  0.36205E-05  0.99771E+00 -0.10186E-02  0.99601E+00 
   12.00  0.14854E+02 -0.23756E-01 -0.59410E-04 -0.11050E-02  0.99771E+00  0.85507E-03  0.84323E-05  0.99724E+00 -0.17646E-02  0.99529E+00 
   13.00  0.12640E+02 -0.28704E-01 -0.76481E-04 -0.12207E-02  0.99737E+00  0.10134E-02  0.15367E-04  0.99668E+00 -0.27678E-02  0.99447E+00 
   14.00  0.10923E+02 -0.34182E-01 -0.95258E-04 -0.13469E-02  0.99701E+00  0.11400E-02  0.24454E-04  0.99605E+00 -0.40067E-02  0.99358E+00 
   15.00  0.95964E+01 -0.40099E-01 -0.11468E-03 -0.14782E-02  0.99664E+00  0.12294E-02  0.35375E-04  0.99536E+00 -0.54182E-02  0.99262E+00 
   16.00  0.85544E+01 -0.46346E-01 -0.13364E-03 -0.16069E-02  0.99627E+00  0.12872E-02  0.47520E-04  0.99462E+00 -0.69157E-02  0.99161E+00 
   17.00  0.77042E+01 -0.52837E-01 -0.15123E-03 -0.17236E-02  0.99589E+00  0.13273E-02  0.60137E-04  0.99382E+00 -0.84158E-02  0.99056E+00 
   18.00  0.69750E+01 -0.59524E-01 -0.16679E-03 -0.18178E-02  0.99548E+00  0.13664E-02  0.72462E-04  0.99297E+00 -0.98568E-02  0.98942E+00 
   19.00  0.63195E+01 -0.66397E-01 -0.17970E-03 -0.18774E-02  0.99503E+00  0.14185E-02  0.83758E-04  0.99202E+00 -0.11203E-01  0.98818E+00 
   20.00  0.57129E+01 -0.73482E-01 -0.18917E-03 -0.18890E-02  0.99452E+00  0.14907E-02  0.93282E-04  0.99097E+00 -0.12436E-01  0.98679E+00 
   21.00  0.51471E+01 -0.80824E-01 -0.19408E-03 -0.18379E-02  0.99393E+00  0.15808E-02  0.10025E-03  0.98979E+00 -0.13548E-01  0.98522E+00 
   22.00  0.46255E+01 -0.88482E-01 -0.19285E-03 -0.17102E-02  0.99326E+00  0.16768E-02  0.10388E-03  0.98845E+00 -0.14535E-01  0.98345E+00 
   23.00  0.41557E+01 -0.96521E-01 -0.18368E-03 -0.14966E-02  0.99250E+00  0.17569E-02  0.10352E-03  0.98696E+00 -0.15393E-01  0.98149E+00 
   24.00  0.37452E+01 -0.10501E+00 -0.16491E-03 -0.11970E-02  0.99169E+00  0.17926E-02  0.98969E-04  0.98530E+00 -0.16124E-01  0.97932E+00 
   25.00  0.33979E+01 -0.11400E+00 -0.13576E-03 -0.82557E-03  0.99085E+00  0.17550E-02  0.90749E-04  0.98349E+00 -0.16740E-01  0.97701E+00 
   26.00  0.31121E+01 -0.12351E+00 -0.96895E-04 -0.41135E-03  0.99002E+00  0.16244E-02  0.80287E-04  0.98154E+00 -0.17265E-01  0.97457E+00 
   27.00  0.28815E+01 -0.13352E+00 -0.50775E-04  0.63325E-05  0.98923E+00  0.13987E-02  0.69754E-04  0.97948E+00 -0.17730E-01  0.97205E+00 
   28.00  0.26956E+01 -0.14396E+00 -0.12717E-05  0.38768E-03  0.98850E+00  0.10970E-02  0.61576E-04  0.97732E+00 -0.18159E-01  0.96949E+00 
   29.00  0.25425E+01 -0.15471E+00  0.47143E-04  0.70269E-03  0.98782E+00  0.75565E-03  0.57806E-04  0.97505E+00 -0.18556E-01  0.96686E+00 
   30.00  0.24099E+01 -0.16562E+00  0.90303E-04  0.93706E-03  0.98719E+00  0.41909E-03  0.59655E-04  0.97266E+00 -0.18899E-01  0.96417E+00 
   31.00  0.22875E+01 -0.17653E+00  0.12493E-03  0.10921E-02  0.98657E+00  0.13066E-03  0.67357E-04  0.97016E+00 -0.19135E-01  0.96136E+00 
   32.00  0.21675E+01 -0.18732E+00  0.14882E-03  0.11806E-02  0.98591E+00 -0.73871E-04  0.80302E-04  0.96750E+00 -0.19191E-01  0.95841E+00 
   33.00  0.20452E+01 -0.19785E+00  0.16066E-03  0.12212E-02  0.98520E+00 -0.16911E-03  0.97311E-04  0.96469E+00 -0.18982E-01  0.95529E+00 
   34.00  0.19188E+01 -0.20803E+00  0.15993E-03  0.12344E-02  0.98439E+00 -0.14062E-03  0.11693E-03  0.96170E+00 -0.18428E-01  0.95196E+00 
   35.00  0.17888E+01 -0.21780E+00  0.14673E-03  0.12386E-02  0.98346E+00  0.15167E-04  0.13768E-03  0.95851E+00 -0.17464E-01  0.94840E+00 
   36.00  0.16576E+01 -0.22715E+00  0.12177E-03  0.12489E-02  0.98239E+00  0.29065E-03  0.15835E-03  0.95511E+00 -0.16060E-01  0.94459E+00 
   37.00  0.15286E+01 -0.23615E+00  0.86538E-04  0.12750E-02  0.98117E+00  0.66631E-03  0.17820E-03  0.95146E+00 -0.14236E-01  0.94050E+00 
   38.00  0.14051E+01 -0.24492E+00  0.43425E-04  0.13201E-02  0.97979E+00  0.11099E-02  0.19722E-03  0.94754E+00 -0.12077E-01  0.93609E+00 
   39.00  0.12906E+01 -0.25369E+00 -0.41002E-05  0.13804E-02  0.97825E+00  0.15765E-02  0.21638E-03  0.94330E+00 -0.97391E-02  0.93133E+00 
   40.00  0.11876E+01 -0.26274E+00 -0.51471E-04  0.14443E-02  0.97658E+00  0.20110E-02  0.23767E-03  0.93869E+00 -0.74461E-02  0.92618E+00 
   41.00  0.10979E+01 -0.27238E+00 -0.93242E-04  0.14938E-02  0.97483E+00  0.23537E-02  0.26400E-03  0.93369E+00 -0.54612E-02  0.92062E+00 
   42.00  0.10223E+01 -0.28291E+00 -0.12362E-03  0.15070E-02  0.97304E+00  0.25495E-02  0.29872E-03  0.92828E+00 -0.40405E-02  0.91466E+00 
   43.00  0.96056E+00 -0.29454E+00 -0.13726E-03  0.14628E-02  0.97128E+00  0.25588E-02  0.34492E-03  0.92245E+00 -0.33734E-02  0.90830E+00 
   44.00  0.91162E+00 -0.30734E+00 -0.13008E-03  0.13457E-02  0.96961E+00  0.23668E-02  0.40458E-03  0.91624E+00 -0.35320E-02  0.90159E+00 
   45.00  0.87364E+00 -0.32123E+00 -0.99859E-04  0.11502E-02  0.96807E+00  0.19858E-02  0.47798E-03  0.90969E+00 -0.44509E-02  0.89458E+00 
   46.00  0.84429E+00 -0.33601E+00 -0.46244E-04  0.88191E-03  0.96667E+00  0.14515E-02  0.56358E-03  0.90282E+00 -0.59499E-02  0.88731E+00 
   47.00  0.82101E+00 -0.35143E+00  0.29629E-04  0.55559E-03  0.96539E+00  0.81202E-03  0.65837E-03  0.89565E+00 -0.77874E-02  0.87977E+00 
   48.00  0.80122E+00 -0.36722E+00  0.12580E-03  0.19157E-03  0.96417E+00  0.11701E-03  0.75843E-03  0.88816E+00 -0.97214E-02  0.87195E+00 
   49.00  0.78265E+00 -0.38317E+00  0.24003E-03 -0.18819E-03  0.96296E+00 -0.59098E-03  0.85949E-03  0.88030E+00 -0.11556E-01  0.86379E+00 
   50.00  0.76347E+00 -0.39912E+00  0.37008E-03 -0.56305E-03  0.96171E+00 -0.12803E-02  0.95729E-03  0.87203E+00 -0.13161E-01  0.85522E+00 
   51.00  0.74246E+00 -0.41499E+00  0.51356E-03 -0.91512E-03  0.96035E+00 -0.19298E-02  0.10476E-02  0.86326E+00 -0.14475E-01  0.84619E+00 
   52.00  0.71905E+00 -0.43069E+00  0.66768E-03 -0.12297E-02  0.95886E+00 -0.25266E-02  0.11264E-02  0.85396E+00 -0.15483E-01  0.83665E+00 
   53.00  0.69330E+00 -0.44618E+00  0.82871E-03 -0.14954E-02  0.95720E+00 -0.30629E-02  0.11893E-02  0.84410E+00 -0.16207E-01  0.82658E+00 
   54.00  0.66575E+00 -0.46142E+00  0.99164E-03 -0.17041E-02  0.95539E+00 -0.35330E-02  0.12323E-02  0.83369E+00 -0.16680E-01  0.81601E+00 
   55.00  0.63725E+00 -0.47635E+00  0.11500E-02 -0.18515E-02  0.95344E+00 -0.39318E-02  0.12517E-02  0.82278E+00 -0.16937E-01  0.80500E+00 
   56.00  0.60881E+00 -0.49094E+00  0.12959E-02 -0.19377E-02  0.95138E+00 -0.42545E-02  0.12448E-02  0.81144E+00 -0.17003E-01  0.79365E+00 
   57.00  0.58140E+00 -0.50517E+00  0.14211E-02 -0.19681E-02  0.94927E+00 -0.44969E-02  0.12106E-02  0.79977E+00 -0.16893E-01  0.78207E+00 
   58.00  0.55577E+00 -0.51904E+00  0.15178E-02 -0.19536E-02  0.94716E+00 -0.46566E-02  0.11506E-02  0.78786E+00 -0.16614E-01  0.77035E+00 
   59.00  0.53240E+00 -0.53259E+00  0.15802E-02 -0.19097E-02  0.94508E+00 -0.47352E-02  0.10688E-02  0.77578E+00 -0.16171E-01  0.75856E+00 
   60.00  0.51147E+00 -0.54593E+00  0.16058E-02 -0.18542E-02  0.94306E+00 -0.47382E-02  0.97174E-03  0.76354E+00 -0.15581E-01  0.74666E+00 
   61.00  0.49283E+00 -0.55917E+00  0.15960E-02 -0.18047E-02  0.94109E+00 -0.46759E-02  0.86754E-03  0.75105E+00 -0.14879E-01  0.73455E+00 
   62.00  0.47614E+00 -0.57244E+00  0.15559E-02 -0.17748E-02  0.93913E+00 -0.45615E-02  0.76430E-03  0.73819E+00 -0.14125E-01  0.72206E+00 
   63.00  0.46091E+00 -0.58585E+00  0.14931E-02 -0.17722E-02  0.93714E+00 -0.44097E-02  0.66874E-03  0.72475E+00 -0.13398E-01  0.70895E+00 
   64.00  0.44662E+00 -0.59950E+00  0.14165E-02 -0.17971E-02  0.93504E+00 -0.42343E-02  0.58510E-03  0.71052E+00 -0.12795E-01  0.69497E+00 
   65.00  0.43279E+00 -0.61342E+00  0.13344E-02 -0.18429E-02  0.93277E+00 -0.40472E-02  0.51445E-03  0.69528E+00 -0.12415E-01  0.67990E+00 
   66.00  0.41908E+00 -0.62758E+00  0.12539E-02 -0.18971E-02  0.93028E+00 -0.38579E-02  0.45467E-03  0.67886E+00 -0.12350E-01  0.66356E+00 
   67.00  0.40528E+00 -0.64192E+00  0.11802E-02 -0.19434E-02  0.92753E+00 -0.36735E-02  0.40082E-03  0.66114E+00 -0.12673E-01  0.64583E+00 
   68.00  0.39136E+00 -0.65635E+00  0.11163E-02 -0.19642E-02  0.92454E+00 -0.34995E-02  0.34590E-03  0.64205E+00 -0.13422E-01  0.62669E+00 
   69.00  0.37741E+00 -0.67075E+00  0.10632E-02 -0.19425E-02  0.92132E+00 -0.33409E-02  0.28174E-03  0.62162E+00 -0.14599E-01  0.60619E+00 
   70.00  0.36360E+00 -0.68499E+00  0.10210E-02 -0.18643E-02  0.91793E+00 -0.32029E-02  0.20009E-03  0.59992E+00 -0.16157E-01  0.58444E+00 
   71.00  0.35017E+00 -0.69897E+00  0.98867E-03 -0.17204E-02  0.91444E+00 -0.30913E-02  0.93776E-04  0.57709E+00 -0.18003E-01  0.56164E+00 
   72.00  0.33737E+00 -0.71260E+00  0.96549E-03 -0.15083E-02  0.91094E+00 -0.30127E-02 -0.42189E-04  0.55332E+00 -0.19998E-01  0.53799E+00 
   73.00  0.32541E+00 -0.72580E+00  0.95103E-03 -0.12329E-02  0.90753E+00 -0.29735E-02 -0.20964E-03  0.52879E+00 -0.21972E-01  0.51371E+00 
   74.00  0.31442E+00 -0.73855E+00  0.94563E-03 -0.90608E-03  0.90429E+00 -0.29788E-02 -0.40671E-03  0.50368E+00 -0.23742E-01  0.48902E+00 
   75.00  0.30451E+00 -0.75084E+00  0.95026E-03 -0.54572E-03  0.90129E+00 -0.30308E-02 -0.62782E-03  0.47815E+00 -0.25133E-01  0.46405E+00 
   76.00  0.29566E+00 -0.76266E+00  0.96620E-03 -0.17346E-03  0.89856E+00 -0.31276E-02 -0.86425E-03  0.45228E+00 -0.26002E-01  0.43890E+00 
   77.00  0.28784E+00 -0.77402E+00  0.99433E-03  0.18810E-03  0.89612E+00 -0.32624E-02 -0.11052E-02  0.42613E+00 -0.26256E-01  0.41359E+00 
   78.00  0.28094E+00 -0.78492E+00  0.10344E-02  0.51812E-03  0.89393E+00 -0.34229E-02 -0.13392E-02  0.39969E+00 -0.25860E-01  0.38807E+00 
   79.00  0.27483E+00 -0.79534E+00  0.10843E-02  0.79976E-03  0.89197E+00 -0.35923E-02 -0.15555E-02  0.37291E+00 -0.24843E-01  0.36228E+00 
   80.00  0.26938E+00 -0.80521E+00  0.11396E-02  0.10215E-02  0.89018E+00 -0.37503E-02 -0.17449E-02  0.34575E+00 -0.23284E-01  0.33614E+00 
   81.00  0.26443E+00 -0.81447E+00  0.11936E-02  0.11778E-02  0.88851E+00 -0.38754E-02 -0.19009E-02  0.31815E+00 -0.21301E-01  0.30956E+00 
   82.00  0.25987E+00 -0.82303E+00  0.12374E-02  0.12683E-02  0.88690E+00 -0.39460E-02 -0.20195E-02  0.29010E+00 -0.19034E-01  0.28252E+00 
   83.00  0.25559E+00 -0.83079E+00  0.12606E-02  0.12977E-02  0.88533E+00 -0.39431E-02 -0.20995E-02  0.26161E+00 -0.16630E-01  0.25501E+00 
   84.00  0.25148E+00 -0.83766E+00  0.12521E-02  0.12737E-02  0.88376E+00 -0.38517E-02 -0.21419E-02  0.23271E+00 -0.14226E-01  0.22709E+00 
   85.00  0.24749E+00 -0.84356E+00  0.12012E-02  0.12066E-02  0.88218E+00 -0.36616E-02 -0.21494E-02  0.20349E+00 -0.11939E-01  0.19882E+00 
   86.00  0.24355E+00 -0.84842E+00  0.10985E-02  0.11074E-02  0.88060E+00 -0.33687E-02 -0.21261E-02  0.17404E+00 -0.98631E-02  0.17032E+00 
   87.00  0.23963E+00 -0.85221E+00  0.93701E-03  0.98761E-03  0.87900E+00 -0.29750E-02 -0.20765E-02  0.14445E+00 -0.80608E-02  0.14169E+00 
   88.00  0.23569E+00 -0.85490E+00  0.71270E-03  0.85751E-03  0.87740E+00 -0.24882E-02 -0.20055E-02  0.11482E+00 -0.65660E-02  0.11304E+00 
   89.00  0.23172E+00 -0.85648E+00  0.42492E-03  0.72613E-03  0.87581E+00 -0.19211E-02 -0.19179E-02  0.85235E-01 -0.53850E-02  0.84467E-01 
   90.00  0.22771E+00 -0.85696E+00  0.76578E-04  0.60055E-03  0.87422E+00 -0.12904E-02 -0.18182E-02  0.55762E-01 -0.45010E-02  0.56044E-01 
   91.00  0.22365E+00 -0.85634E+00 -0.32605E-03  0.48559E-03  0.87263E+00 -0.61548E-03 -0.17103E-02  0.26445E-01 -0.38797E-02  0.27825E-01 
   92.00  0.21955E+00 -0.85466E+00 -0.77377E-03  0.38365E-03  0.87105E+00  0.82599E-04 -0.15976E-02 -0.26890E-02 -0.34746E-02 -0.15808E-03 
   93.00  0.21540E+00 -0.85191E+00 -0.12551E-02  0.29476E-03  0.86946E+00  0.78282E-03 -0.14830E-02 -0.31629E-01 -0.32340E-02 -0.27890E-01 
   94.00  0.21123E+00 -0.84810E+00 -0.17569E-02  0.21661E-03  0.86785E+00  0.14651E-02 -0.13690E-02 -0.60372E-01 -0.31064E-02 -0.55363E-01 
   95.00  0.20704E+00 -0.84323E+00 -0.22655E-02  0.14492E-03  0.86621E+00  0.21110E-02 -0.12576E-02 -0.88919E-01 -0.30456E-02 -0.82575E-01 
   96.00  0.20287E+00 -0.83731E+00 -0.27669E-02  0.73777E-04  0.86453E+00  0.27049E-02 -0.11504E-02 -0.11726E+00 -0.30152E-02 -0.10952E+00 
   97.00  0.19874E+00 -0.83033E+00 -0.32480E-02 -0.38628E-05  0.86282E+00  0.32338E-02 -0.10488E-02 -0.14540E+00 -0.29913E-02 -0.13617E+00 
   98.00  0.19467E+00 -0.82229E+00 -0.36968E-02 -0.95562E-04  0.86107E+00  0.36881E-02 -0.95367E-03 -0.17329E+00 -0.29648E-02 -0.16251E+00 
   99.00  0.19069E+00 -0.81320E+00 -0.41032E-02 -0.20878E-03  0.85928E+00  0.40614E-02 -0.86592E-03 -0.20090E+00 -0.29412E-02 -0.18849E+00 
  100.00  0.18685E+00 -0.80309E+00 -0.44592E-02 -0.35023E-03  0.85747E+00  0.43504E-02 -0.78598E-03 -0.22819E+00 -0.29399E-02 -0.21406E+00 
  101.00  0.18316E+00 -0.79201E+00 -0.47590E-02 -0.52525E-03  0.85566E+00  0.45550E-02 -0.71403E-03 -0.25509E+00 -0.29917E-02 -0.23915E+00 
  102.00  0.17966E+00 -0.78000E+00 -0.49996E-02 -0.73734E-03  0.85388E+00  0.46778E-02 -0.64987E-03 -0.28154E+00 -0.31354E-02 -0.26370E+00 
  103.00  0.17636E+00 -0.76715E+00 -0.51805E-02 -0.98772E-03  0.85216E+00  0.47239E-02 -0.59293E-03 -0.30746E+00 -0.34132E-02 -0.28765E+00 
  104.00  0.17330E+00 -0.75355E+00 -0.53036E-02 -0.12752E-02  0.85053E+00  0.47007E-02 -0.54214E-03 -0.33281E+00 -0.38662E-02 -0.31094E+00 
  105.00  0.17050E+00 -0.73933E+00 -0.53734E-02 -0.15962E-02  0.84904E+00  0.46171E-02 -0.49594E-03 -0.35752E+00 -0.45291E-02 -0.33353E+00 
  106.00  0.16796E+00 -0.72458E+00 -0.53965E-02 -0.19448E-02  0.84772E+00  0.44837E-02 -0.45222E-03 -0.38156E+00 -0.54266E-02 -0.35541E+00 
  107.00  0.16570E+00 -0.70942E+00 -0.53812E-02 -0.23133E-02  0.84660E+00  0.43119E-02 -0.40822E-03 -0.40491E+00 -0.65694E-02 -0.37656E+00 
  108.00  0.16372E+00 -0.69398E+00 -0.53372E-02 -0.26928E-02  0.84572E+00  0.41134E-02 -0.36063E-03 -0.42755E+00 -0.79529E-02 -0.39700E+00 
  109.00  0.16203E+00 -0.67835E+00 -0.52747E-02 -0.30733E-02  0.84510E+00  0.39000E-02 -0.30553E-03 -0.44949E+00 -0.95567E-02 -0.41676E+00 
  110.00  0.16063E+00 -0.66262E+00 -0.52042E-02 -0.34450E-02  0.84475E+00  0.36829E-02 -0.23853E-03 -0.47075E+00 -0.11346E-01 -0.43588E+00 
  111.00  0.15950E+00 -0.64685E+00 -0.51355E-02 -0.37983E-02  0.84468E+00  0.34722E-02 -0.15490E-03 -0.49135E+00 -0.13274E-01 -0.45440E+00 
  112.00  0.15865E+00 -0.63107E+00 -0.50771E-02 -0.41247E-02  0.84487E+00  0.32766E-02 -0.49730E-04 -0.51132E+00 -0.15286E-01 -0.47238E+00 
  113.00  0.15806E+00 -0.61533E+00 -0.50356E-02 -0.44168E-02  0.84533E+00  0.31031E-02  0.81789E-04 -0.53069E+00 -0.17325E-01 -0.48985E+00 
  114.00  0.15772E+00 -0.59961E+00 -0.50156E-02 -0.46688E-02  0.84602E+00  0.29564E-02  0.24412E-03 -0.54947E+00 -0.19334E-01 -0.50686E+00 
  115.00  0.15761E+00 -0.58391E+00 -0.50189E-02 -0.48763E-02  0.84692E+00  0.28396E-02  0.44111E-03 -0.56771E+00 -0.21260E-01 -0.52342E+00 
  116.00  0.15772E+00 -0.56821E+00 -0.50450E-02 -0.50367E-02  0.84799E+00  0.27531E-02  0.67569E-03 -0.58539E+00 -0.23060E-01 -0.53955E+00 
  117.00  0.15802E+00 -0.55247E+00 -0.50905E-02 -0.51487E-02  0.84921E+00  0.26959E-02  0.94966E-03 -0.60254E+00 -0.24701E-01 -0.55525E+00 
  118.00  0.15849E+00 -0.53667E+00 -0.51501E-02 -0.52124E-02  0.85052E+00  0.26650E-02  0.12635E-02 -0.61915E+00 -0.26162E-01 -0.57052E+00 
  119.00  0.15913E+00 -0.52079E+00 -0.52166E-02 -0.52289E-02  0.85190E+00  0.26560E-02  0.16162E-02 -0.63520E+00 -0.27433E-01 -0.58531E+00 
  120.00  0.15990E+00 -0.50480E+00 -0.52817E-02 -0.52003E-02  0.85331E+00  0.26636E-02  0.20053E-02 -0.65069E+00 -0.28516E-01 -0.59962E+00 
  121.00  0.16080E+00 -0.48869E+00 -0.53363E-02 -0.51295E-02  0.85472E+00  0.26816E-02  0.24268E-02 -0.66560E+00 -0.29420E-01 -0.61340E+00 
  122.00  0.16181E+00 -0.47248E+00 -0.53713E-02 -0.50198E-02  0.85612E+00  0.27040E-02  0.28755E-02 -0.67991E+00 -0.30164E-01 -0.62663E+00 
  123.00  0.16291E+00 -0.45617E+00 -0.53781E-02 -0.48753E-02  0.85748E+00  0.27245E-02  0.33447E-02 -0.69361E+00 -0.30770E-01 -0.63927E+00 
  124.00  0.16409E+00 -0.43978E+00 -0.53491E-02 -0.47000E-02  0.85879E+00  0.27375E-02  0.38269E-02 -0.70667E+00 -0.31262E-01 -0.65130E+00 
  125.00  0.16535E+00 -0.42336E+00 -0.52780E-02 -0.44984E-02  0.86004E+00  0.27379E-02  0.43139E-02 -0.71910E+00 -0.31666E-01 -0.66268E+00 
  126.00  0.16666E+00 -0.40693E+00 -0.51602E-02 -0.42752E-02  0.86124E+00  0.27216E-02  0.47968E-02 -0.73088E+00 -0.32005E-01 -0.67341E+00 
  127.00  0.16804E+00 -0.39055E+00 -0.49927E-02 -0.40348E-02  0.86238E+00  0.26856E-02  0.52667E-02 -0.74202E+00 -0.32300E-01 -0.68347E+00 
  128.00  0.16946E+00 -0.37427E+00 -0.47746E-02 -0.37816E-02  0.86346E+00  0.26276E-02  0.57149E-02 -0.75251E+00 -0.32567E-01 -0.69286E+00 
  129.00  0.17093E+00 -0.35814E+00 -0.45064E-02 -0.35199E-02  0.86450E+00  0.25467E-02  0.61332E-02 -0.76237E+00 -0.32818E-01 -0.70160E+00 
  130.00  0.17244E+00 -0.34220E+00 -0.41905E-02 -0.32538E-02  0.86549E+00  0.24429E-02  0.65142E-02 -0.77160E+00 -0.33061E-01 -0.70968E+00 
  131.00  0.17399E+00 -0.32651E+00 -0.38304E-02 -0.29868E-02  0.86645E+00  0.23171E-02  0.68513E-02 -0.78024E+00 -0.33297E-01 -0.71714E+00 
  132.00  0.17557E+00 -0.31111E+00 -0.34313E-02 -0.27224E-02  0.86738E+00  0.21710E-02  0.71393E-02 -0.78829E+00 -0.33525E-01 -0.72399E+00 
  133.00  0.17719E+00 -0.29604E+00 -0.29988E-02 -0.24634E-02  0.86829E+00  0.20069E-02  0.73744E-02 -0.79578E+00 -0.33739E-01 -0.73026E+00 
  134.00  0.17884E+00 -0.28133E+00 -0.25396E-02 -0.22123E-02  0.86918E+00  0.18278E-02  0.75540E-02 -0.80275E+00 -0.33931E-01 -0.73599E+00 
  135.00  0.18051E+00 -0.26700E+00 -0.20607E-02 -0.19711E-02  0.87006E+00  0.16366E-02  0.76773E-02 -0.80922E+00 -0.34091E-01 -0.74121E+00 
  136.00  0.18221E+00 -0.25308E+00 -0.15695E-02 -0.17414E-02  0.87093E+00  0.14368E-02  0.77443E-02 -0.81523E+00 -0.34209E-01 -0.74595E+00 
  137.00  0.18392E+00 -0.23957E+00 -0.10735E-02 -0.15241E-02  0.87179E+00  0.12319E-02  0.77567E-02 -0.82081E+00 -0.34271E-01 -0.75026E+00 
  138.00  0.18565E+00 -0.22648E+00 -0.58019E-03 -0.13199E-02  0.87264E+00  0.10250E-02  0.77168E-02 -0.82599E+00 -0.34269E-01 -0.75418E+00 
  139.00  0.18738E+00 -0.21380E+00 -0.97011E-04 -0.11287E-02  0.87348E+00  0.81927E-03  0.76279E-02 -0.83080E+00 -0.34193E-01 -0.75773E+00 
  140.00  0.18910E+00 -0.20154E+00  0.36883E-03 -0.95006E-03  0.87432E+00  0.61770E-03  0.74937E-02 -0.83528E+00 -0.34035E-01 -0.76095E+00 
  141.00  0.19083E+00 -0.18967E+00  0.81040E-03 -0.78307E-03  0.87513E+00  0.42292E-03  0.73183E-02 -0.83945E+00 -0.33789E-01 -0.76387E+00 
  142.00  0.19254E+00 -0.17819E+00  0.12211E-02 -0.62647E-03  0.87593E+00  0.23732E-03  0.71062E-02 -0.84335E+00 -0.33452E-01 -0.76653E+00 
  143.00  0.19423E+00 -0.16709E+00  0.15948E-02 -0.47881E-03  0.87670E+00  0.63065E-04  0.68618E-02 -0.84699E+00 -0.33021E-01 -0.76894E+00 
  144.00  0.19589E+00 -0.15635E+00  0.19259E-02 -0.33848E-03  0.87745E+00 -0.97909E-04  0.65894E-02 -0.85040E+00 -0.32499E-01 -0.77114E+00 
  145.00  0.19753E+00 -0.14597E+00  0.22095E-02 -0.20396E-03  0.87816E+00 -0.24386E-03  0.62936E-02 -0.85359E+00 -0.31886E-01 -0.77313E+00 
  146.00  0.19915E+00 -0.13592E+00  0.24415E-02 -0.73925E-04  0.87884E+00 -0.37326E-03  0.59788E-02 -0.85658E+00 -0.31188E-01 -0.77492E+00 
  147.00  0.20073E+00 -0.12622E+00  0.26191E-02  0.52643E-04  0.87949E+00 -0.48476E-03  0.56494E-02 -0.85937E+00 -0.30410E-01 -0.77654E+00 
  148.00  0.20228E+00 -0.11685E+00  0.27403E-02  0.17632E-03  0.88009E+00 -0.57731E-03  0.53100E-02 -0.86197E+00 -0.29557E-01 -0.77797E+00 
  149.00  0.20380E+00 -0.10782E+00  0.28047E-02  0.29722E-03  0.88064E+00 -0.65016E-03  0.49652E-02 -0.86438E+00 -0.28638E-01 -0.77923E+00 
  150.00  0.20529E+00 -0.99141E-01  0.28134E-02  0.41498E-03  0.88116E+00 -0.70296E-03  0.46197E-02 -0.86661E+00 -0.27659E-01 -0.78032E+00 
  151.00  0.20677E+00 -0.90811E-01  0.27690E-02  0.52880E-03  0.88163E+00 -0.73583E-03  0.42780E-02 -0.86866E+00 -0.26630E-01 -0.78123E+00 
  152.00  0.20822E+00 -0.82843E-01  0.26758E-02  0.63761E-03  0.88206E+00 -0.74942E-03  0.39446E-02 -0.87053E+00 -0.25557E-01 -0.78196E+00 
  153.00  0.20966E+00 -0.75246E-01  0.25396E-02  0.74013E-03  0.88244E+00 -0.74496E-03  0.36236E-02 -0.87222E+00 -0.24448E-01 -0.78253E+00 
  154.00  0.21110E+00 -0.68027E-01  0.23673E-02  0.83513E-03  0.88280E+00 -0.72423E-03  0.33186E-02 -0.87373E+00 -0.23311E-01 -0.78292E+00 
  155.00  0.21252E+00 -0.61192E-01  0.21669E-02  0.92157E-03  0.88312E+00 -0.68950E-03  0.30328E-02 -0.87508E+00 -0.22154E-01 -0.78316E+00 
  156.00  0.21395E+00 -0.54741E-01  0.19470E-02  0.99877E-03  0.88341E+00 -0.64345E-03  0.27682E-02 -0.87628E+00 -0.20982E-01 -0.78324E+00 
  157.00  0.21538E+00 -0.48674E-01  0.17164E-02  0.10665E-02  0.88368E+00 -0.58896E-03  0.25262E-02 -0.87733E+00 -0.19803E-01 -0.78319E+00 
  158.00  0.21681E+00 -0.42985E-01  0.14834E-02  0.11253E-02  0.88392E+00 -0.52902E-03  0.23070E-02 -0.87825E+00 -0.18623E-01 -0.78302E+00 
  159.00  0.21824E+00 -0.37666E-01  0.12557E-02  0.11761E-02  0.88414E+00 -0.46650E-03  0.21101E-02 -0.87906E+00 -0.17446E-01 -0.78274E+00 
  160.00  0.21968E+00 -0.32707E-01  0.10398E-02  0.12206E-02  0.88434E+00 -0.40398E-03  0.19338E-02 -0.87978E+00 -0.16277E-01 -0.78237E+00 
  161.00  0.22113E+00 -0.28099E-01  0.84082E-03  0.12609E-02  0.88451E+00 -0.34366E-03  0.17760E-02 -0.88041E+00 -0.15121E-01 -0.78192E+00 
  162.00  0.22258E+00 -0.23836E-01  0.66248E-03  0.12996E-02  0.88466E+00 -0.28726E-03  0.16338E-02 -0.88098E+00 -0.13981E-01 -0.78139E+00 
  163.00  0.22404E+00 -0.19912E-01  0.50685E-03  0.13394E-02  0.88477E+00 -0.23595E-03  0.15040E-02 -0.88148E+00 -0.12858E-01 -0.78079E+00 
  164.00  0.22551E+00 -0.16329E-01  0.37467E-03  0.13829E-02  0.88484E+00 -0.19044E-03  0.13835E-02 -0.88194E+00 -0.11755E-01 -0.78013E+00 
  165.00  0.22699E+00 -0.13091E-01  0.26544E-03  0.14326E-02  0.88486E+00 -0.15099E-03  0.12693E-02 -0.88233E+00 -0.10672E-01 -0.77938E+00 
  166.00  0.22848E+00 -0.10204E-01  0.17774E-03  0.14903E-02  0.88484E+00 -0.11748E-03  0.11587E-02 -0.88267E+00 -0.96110E-02 -0.77854E+00 
  167.00  0.22998E+00 -0.76763E-02  0.10954E-03  0.15573E-02  0.88476E+00 -0.89582E-04  0.10495E-02 -0.88295E+00 -0.85722E-02 -0.77760E+00 
  168.00  0.23148E+00 -0.55146E-02  0.58393E-04  0.16342E-02  0.88463E+00 -0.66774E-04  0.94052E-03 -0.88316E+00 -0.75577E-02 -0.77656E+00 
  169.00  0.23298E+00 -0.37206E-02  0.21762E-04  0.17205E-02  0.88445E+00 -0.48478E-04  0.83102E-03 -0.88329E+00 -0.65705E-02 -0.77541E+00 
  170.00  0.23447E+00 -0.22887E-02 -0.28608E-05  0.18150E-02  0.88422E+00 -0.34100E-04  0.72122E-03 -0.88334E+00 -0.56151E-02 -0.77415E+00 
  171.00  0.23593E+00 -0.12031E-02 -0.17821E-04  0.19156E-02  0.88395E+00 -0.23070E-04  0.61202E-03 -0.88332E+00 -0.46982E-02 -0.77281E+00 
  172.00  0.23736E+00 -0.43675E-03 -0.25251E-04  0.20194E-02  0.88365E+00 -0.14860E-04  0.50499E-03 -0.88322E+00 -0.38285E-02 -0.77141E+00 
  173.00  0.23871E+00  0.48783E-04 -0.27056E-04  0.21232E-02  0.88333E+00 -0.89850E-05  0.40218E-03 -0.88306E+00 -0.30166E-02 -0.76999E+00 
  174.00  0.23997E+00  0.30188E-03 -0.24928E-04  0.22232E-02  0.88301E+00 -0.49959E-05  0.30601E-03 -0.88286E+00 -0.22748E-02 -0.76860E+00 
  175.00  0.24110E+00  0.37800E-03 -0.20364E-04  0.23158E-02  0.88271E+00 -0.24759E-05  0.21901E-03 -0.88263E+00 -0.16164E-02 -0.76729E+00 
  176.00  0.24208E+00  0.33568E-03 -0.14677E-04  0.23973E-02  0.88244E+00 -0.10386E-05  0.14371E-03 -0.88240E+00 -0.10547E-02 -0.76611E+00 
  177.00  0.24287E+00  0.23191E-03 -0.89933E-05  0.24644E-02  0.88221E+00 -0.33510E-06  0.82438E-04 -0.88220E+00 -0.60251E-03 -0.76513E+00 
  178.00  0.24346E+00  0.11726E-03 -0.42361E-05  0.25144E-02  0.88203E+00 -0.67158E-07  0.37160E-04 -0.88203E+00 -0.27081E-03 -0.76439E+00 
  179.00  0.24382E+00  0.31497E-04 -0.10954E-05  0.25453E-02  0.88193E+00 -0.42349E-08  0.93691E-05 -0.88193E+00 -0.68166E-04 -0.76393E+00 
  180.00  0.24395E+00  0.79887E-15 -0.27452E-16  0.25557E-02  0.88189E+00 -0.26091E-29  0.23286E-15 -0.88189E+00 -0.16933E-14 -0.76378E+00 
 scattering matrix expansion coefficients
    w  a11         a22         a33         a23         a32         a44         a12         a34         a13         a24         a14
    0  0.1000E+01  0.0000E+00  0.0000E+00  0.0000E+00  0.0000E+00  0.7935E+00  0.0000E+00  0.0000E+00  0.0000E+00  0.0000E+00 -0.7266E-03
    1  0.2190E+01  0.0000E+00  0.0000E+00  0.0000E+00  0.0000E+00  0.2343E+01  0.0000E+00  0.0000E+00  0.0000E+00  0.0000E+00 -0.1449E-02
    2  0.3045E+01  0.2250E+00  0.3874E+01  0.3612E-06  0.1492E-02  0.3021E+01 -0.3747E+00 -0.1140E-01 -0.2724E-03  0.2718E-03 -0.2254E-02
    3  0.3425E+01  0.4796E-01  0.3895E+01  0.3361E-06  0.3233E-02  0.3450E+01 -0.2518E+00 -0.9926E-02  0.1042E-02 -0.3282E-03 -0.3568E-02
    4  0.3701E+01  0.4367E-01  0.4002E+01 -0.3063E-07  0.3814E-02  0.3677E+01 -0.1769E+00 -0.2110E-01  0.9262E-04  0.1565E-02 -0.3461E-02
    5  0.3800E+01  0.1138E-01  0.4046E+01  0.2446E-06  0.5834E-03  0.3796E+01 -0.1508E+00 -0.1478E-01 -0.1071E-02 -0.5059E-03 -0.4773E-02
    6  0.3789E+01  0.3901E-02  0.4001E+01  0.1385E-06 -0.4387E-03  0.3803E+01 -0.1447E+00 -0.2261E-01  0.1427E-03 -0.2693E-04 -0.5347E-02
    7  0.3717E+01  0.1217E-01  0.3883E+01 -0.3250E-06 -0.2401E-03  0.3714E+01 -0.1256E+00 -0.2554E-01 -0.4043E-03 -0.1852E-03 -0.3852E-02
    8  0.3592E+01  0.1084E-01  0.3725E+01 -0.2486E-06 -0.4440E-03  0.3580E+01 -0.1023E+00 -0.2414E-01 -0.1415E-03 -0.1626E-03 -0.2133E-02
    9  0.3420E+01 -0.1476E-02  0.3540E+01  0.1472E-06 -0.6406E-03  0.3430E+01 -0.1010E+00 -0.1831E-01 -0.2434E-03  0.6002E-03 -0.9085E-03
   10  0.3255E+01  0.2459E-02  0.3351E+01 -0.6679E-06 -0.1005E-02  0.3262E+01 -0.8416E-01 -0.1405E-01 -0.2587E-03  0.1540E-03  0.6694E-04
   11  0.3091E+01  0.6843E-02  0.3168E+01 -0.3302E-06 -0.1530E-02  0.3087E+01 -0.5103E-01 -0.8837E-02 -0.3287E-04  0.9324E-06  0.2907E-03
   12  0.2904E+01  0.5914E-02  0.2971E+01 -0.2919E-06 -0.3416E-02  0.2896E+01 -0.2983E-01 -0.2043E-02 -0.8761E-03  0.2051E-03  0.2872E-03
   13  0.2681E+01  0.1140E-02  0.2744E+01 -0.5398E-07 -0.4012E-02  0.2678E+01 -0.3085E-01  0.3604E-02 -0.5842E-03 -0.3302E-04  0.2813E-03
   14  0.2441E+01  0.1254E-02  0.2496E+01 -0.1371E-07 -0.2943E-02  0.2437E+01 -0.3530E-01  0.5495E-02 -0.4984E-04 -0.8975E-04  0.1059E-04
   15  0.2195E+01  0.3769E-03  0.2244E+01  0.6714E-07 -0.1634E-02  0.2193E+01 -0.4088E-01  0.3323E-02  0.1163E-03 -0.1168E-03 -0.4858E-03
   16  0.1957E+01 -0.3229E-03  0.2000E+01 -0.7576E-07 -0.8225E-03  0.1958E+01 -0.4663E-01 -0.7534E-03  0.1133E-03  0.1773E-06 -0.6624E-03
   17  0.1740E+01 -0.6117E-03  0.1777E+01 -0.1639E-06 -0.4446E-03  0.1745E+01 -0.4765E-01 -0.1032E-02  0.1415E-03  0.6173E-04 -0.7509E-03
   18  0.1557E+01  0.2838E-03  0.1586E+01 -0.2413E-06 -0.4258E-03  0.1561E+01 -0.3875E-01  0.2156E-02  0.1466E-03  0.3286E-04 -0.9800E-03
   19  0.1406E+01  0.1658E-02  0.1427E+01 -0.8231E-07 -0.8397E-03  0.1405E+01 -0.2140E-01  0.5235E-02  0.2717E-04 -0.1326E-03 -0.1390E-02
   20  0.1270E+01  0.2835E-02  0.1287E+01  0.3521E-07 -0.1433E-02  0.1266E+01 -0.2392E-02  0.6682E-02 -0.1662E-04 -0.1875E-03 -0.1535E-02
   21  0.1127E+01  0.2207E-02  0.1144E+01  0.3883E-07 -0.1849E-02  0.1122E+01  0.7017E-02  0.7253E-02 -0.2008E-04 -0.1323E-03 -0.1274E-02
   22  0.9648E+00  0.8287E-03  0.9825E+00 -0.6098E-08 -0.1847E-02  0.9619E+00  0.3708E-02  0.6924E-02  0.9634E-05 -0.3560E-04 -0.7606E-03
   23  0.7881E+00 -0.4365E-03  0.8062E+00 -0.1572E-07 -0.1539E-02  0.7878E+00 -0.7116E-02  0.5425E-02 -0.2865E-05  0.2571E-04 -0.2629E-03
   24  0.6156E+00 -0.7864E-03  0.6316E+00 -0.2760E-08 -0.1126E-02  0.6163E+00 -0.1646E-01  0.2968E-02 -0.4187E-04  0.2881E-04  0.6290E-04
   25  0.4631E+00 -0.6329E-03  0.4760E+00  0.2741E-09 -0.7137E-03  0.4640E+00 -0.2027E-01  0.5540E-03 -0.4431E-04  0.1751E-04  0.2158E-03
   26  0.3378E+00 -0.2921E-03  0.3476E+00 -0.4982E-09 -0.3612E-03  0.3384E+00 -0.1935E-01 -0.9523E-03 -0.1859E-04  0.1201E-04  0.2649E-03
   27  0.2381E+00 -0.1195E-03  0.2454E+00 -0.6385E-08 -0.9837E-04  0.2386E+00 -0.1671E-01 -0.1295E-02  0.8215E-05  0.1269E-04  0.2715E-03
   28  0.1604E+00 -0.5162E-04  0.1658E+00 -0.9303E-08  0.4838E-04  0.1607E+00 -0.1403E-01 -0.9105E-03  0.1225E-04  0.9597E-05  0.2504E-03
   29  0.1016E+00 -0.8470E-05  0.1054E+00 -0.9951E-08  0.9897E-04  0.1019E+00 -0.1153E-01 -0.3700E-03  0.6477E-05  0.1295E-05  0.2019E-03
   30  0.5977E-01  0.6472E-04  0.6219E-01 -0.8455E-08  0.9016E-04  0.5984E-01 -0.8893E-02 -0.1704E-04 -0.9948E-06 -0.4888E-05  0.1403E-03
   31  0.3236E-01  0.1219E-03  0.3374E-01 -0.5179E-08  0.6127E-04  0.3228E-01 -0.6219E-02  0.1124E-03 -0.3760E-05 -0.6885E-05  0.8362E-04
   32  0.1606E-01  0.1360E-03  0.1675E-01 -0.3021E-08  0.3427E-04  0.1591E-01 -0.3872E-02  0.1109E-03 -0.3701E-05 -0.5607E-05  0.4305E-04
   33  0.7302E-02  0.1113E-03  0.7595E-02 -0.1452E-08  0.1639E-04  0.7152E-02 -0.2139E-02  0.7024E-04 -0.2373E-05 -0.3441E-05  0.1943E-04
   34  0.3043E-02  0.7323E-04  0.3150E-02 -0.4604E-09  0.6892E-05  0.2936E-02 -0.1052E-02  0.3463E-04 -0.1229E-05 -0.1734E-05  0.7717E-05
   35  0.1165E-02  0.4030E-04  0.1197E-02 -0.3810E-10  0.2595E-05  0.1103E-02 -0.4634E-03  0.1440E-04 -0.5523E-06 -0.7526E-06  0.2724E-05
   36  0.4104E-03  0.1910E-04  0.4183E-03  0.7951E-10  0.8844E-06  0.3802E-03 -0.1839E-03  0.5234E-05 -0.2190E-06 -0.2894E-06  0.8868E-06
   37  0.1337E-03  0.7939E-05  0.1348E-03  0.6673E-10  0.2733E-06  0.1208E-03 -0.6618E-04  0.1699E-05 -0.7594E-07 -0.1011E-06  0.2651E-06
   38  0.4037E-04  0.2946E-05  0.4025E-04  0.3354E-10  0.7691E-07  0.3551E-04 -0.2175E-04  0.4962E-06 -0.2410E-07 -0.3142E-07  0.7365E-07
   39  0.1134E-04  0.9864E-06  0.1117E-04  0.1245E-10  0.1891E-07  0.9693E-05 -0.6570E-05  0.1321E-06 -0.6349E-08 -0.8660E-08  0.1918E-07
   40  0.2976E-05  0.3010E-06  0.2892E-05  0.3431E-11  0.3874E-08  0.2467E-05 -0.1833E-05  0.3275E-07 -0.1340E-08 -0.2062E-08  0.4381E-08
   41  0.7312E-06  0.8399E-07  0.7009E-06  0.6239E-12  0.6192E-09  0.5876E-06 -0.4744E-06  0.7695E-08 -0.2066E-09 -0.3696E-09  0.7100E-09
   42  0.1697E-06  0.2152E-07  0.1607E-06  0.5895E-13  0.6304E-10  0.1326E-06 -0.1147E-06  0.2129E-08 -0.1853E-10 -0.4884E-10  0.7348E-10
   43  0.3741E-07  0.5079E-08  0.3502E-07  0.1556E-13 -0.1068E-10  0.2863E-07 -0.2617E-07  0.6688E-09  0.3536E-11 -0.1404E-11 -0.6626E-11
   44  0.8963E-08  0.1181E-08  0.8423E-08  0.1798E-13 -0.2176E-11  0.6921E-08 -0.6192E-08  0.2086E-09  0.6847E-12  0.2182E-11 -0.1003E-10
   45  0.1696E-08  0.2382E-09  0.1565E-08  0.9670E-14 -0.1254E-11  0.1291E-08 -0.1233E-08  0.6384E-10  0.3303E-12 -0.2952E-12 -0.2546E-12
   46  0.6892E-09  0.8670E-10  0.6504E-09  0.5973E-14 -0.6566E-13  0.5400E-09 -0.4694E-09  0.1363E-10 -0.2311E-13  0.2879E-12 -0.1030E-11
   47  0.7162E-10  0.1018E-10  0.6505E-10  0.2448E-14 -0.2592E-13  0.5499E-10 -0.5314E-10  0.3427E-11 -0.4117E-14 -0.4830E-13  0.5305E-13
   48  0.5996E-10  0.8915E-11  0.5536E-10  0.6686E-15  0.1019E-13  0.4442E-10 -0.4312E-10  0.4281E-12 -0.6643E-14  0.2766E-13 -0.7632E-13
   49  0.2338E-11  0.3635E-12  0.2056E-11  0.1885E-15 -0.1920E-14  0.1765E-11 -0.1765E-11  0.9455E-13  0.5295E-15 -0.2549E-14  0.4325E-14
   50  0.3784E-11  0.6652E-12  0.3369E-11  0.4884E-16  0.1996E-15  0.2591E-11 -0.2889E-11 -0.2091E-15 -0.1107E-15  0.1953E-14 -0.4463E-14
   51  0.3111E-13  0.4788E-14  0.2389E-13  0.1465E-16 -0.6359E-16  0.2612E-13 -0.2183E-13  0.1209E-14  0.2043E-16 -0.3523E-16  0.9286E-16
   52  0.1780E-12  0.3718E-13  0.1571E-12  0.2377E-17 -0.5741E-16  0.1131E-12 -0.1450E-12 -0.6288E-15  0.3121E-16  0.1035E-15 -0.1963E-15
