 input file is 
mstm14_64_0832.inp            
 input file comments follow:
***********************************************************
  This is the default mstm input file for v.3.0.
  The run is for a 7-sphere cluster of identical spheres.   The positions
  are embedded in the input file.

  The run makes use of the new_run and multiple_run options.

  14 April 2013
***********************************************************
 number of processors:
   1
 input parameters for run number 
    1
 number of spheres, volume size parameter:
   64  0.33280E+01
 position file:
position/n64/a14.out                                        
 output file:
output/64/x0832/mt_14_64_0832.dat                           
 length, ref. indx. scale factors:
   0.832   1.710   0.045
 chiral factors:
  0.00000E+00  0.00000E+00
 scattering matrix directions based on incident frame
 automatic scattering angle calculation
 thetamin, thetamax:
      0.0    180.0
 number scattering angles:
      181
 epsmie, epssoln, max number iterations:
  0.1000E-05  0.1000E-07 5000
 medium refractive index:
  1.0000  0.0000
 target euler rotation angles:
    0.0000    0.0000    0.0000
 far field kr, iterations/correction:
  0.1000E-07   20
 plane wave incidence
 random orientation calculations
 t matrix calculated, stored in file 
tmatrixfiles/tmf_14_64_0832_171_00452                       
 t matrix convergence epsilon:
  0.1000E-06
 all spheres excited (total T matrix) 
 calculation results for run 
    1
 total ext, abs, scat efficiencies, w.r.t. xv, and asym. parm
  0.33097E+01  0.44719E+00  0.28625E+01  0.69749E+00
 scattering matrix elements (normalized w/ S11)
   theta      11           12           13           14           22           23           24           33           34           44     
    0.00  0.35999E+02  0.00000E+00  0.00000E+00 -0.43613E-03  0.99891E+00  0.25497E-03  0.00000E+00  0.99891E+00  0.00000E+00  0.99789E+00
    1.00  0.35789E+02 -0.22752E-03 -0.94199E-07 -0.43065E-03  0.99890E+00  0.25179E-03 -0.28866E-07  0.99890E+00 -0.80183E-04  0.99788E+00
    2.00  0.35169E+02 -0.91091E-03 -0.38085E-06 -0.41420E-03  0.99889E+00  0.24209E-03 -0.12444E-06  0.99889E+00 -0.32135E-03  0.99786E+00
    3.00  0.34161E+02 -0.20526E-02 -0.87215E-06 -0.38679E-03  0.99888E+00  0.22551E-03 -0.31373E-06  0.99887E+00 -0.72527E-03  0.99783E+00
    4.00  0.32805E+02 -0.36563E-02 -0.15885E-05 -0.34846E-03  0.99885E+00  0.20142E-03 -0.64191E-06  0.99884E+00 -0.12947E-02  0.99778E+00
    5.00  0.31150E+02 -0.57267E-02 -0.25587E-05 -0.29933E-03  0.99882E+00  0.16894E-03 -0.11724E-05  0.99880E+00 -0.20327E-02  0.99771E+00
    6.00  0.29256E+02 -0.82690E-02 -0.38197E-05 -0.23970E-03  0.99877E+00  0.12703E-03 -0.19865E-05  0.99874E+00 -0.29426E-02  0.99761E+00
    7.00  0.27188E+02 -0.11288E-01 -0.54171E-05 -0.17012E-03  0.99872E+00  0.74471E-04 -0.31820E-05  0.99865E+00 -0.40265E-02  0.99748E+00
    8.00  0.25010E+02 -0.14785E-01 -0.74043E-05 -0.91560E-04  0.99864E+00  0.10006E-04 -0.48701E-05  0.99853E+00 -0.52839E-02  0.99730E+00
    9.00  0.22788E+02 -0.18761E-01 -0.98423E-05 -0.55906E-05  0.99855E+00 -0.67544E-04 -0.71694E-05  0.99837E+00 -0.67109E-02  0.99707E+00
   10.00  0.20581E+02 -0.23209E-01 -0.12798E-04  0.85422E-04  0.99844E+00 -0.15907E-03 -0.10196E-04  0.99816E+00 -0.82970E-02  0.99676E+00
   11.00  0.18441E+02 -0.28113E-01 -0.16344E-04  0.17807E-03  0.99830E+00 -0.26488E-03 -0.14049E-04  0.99788E+00 -0.10023E-01  0.99638E+00
   12.00  0.16411E+02 -0.33448E-01 -0.20554E-04  0.26771E-03  0.99813E+00 -0.38433E-03 -0.18784E-04  0.99754E+00 -0.11859E-01  0.99589E+00
   13.00  0.14523E+02 -0.39172E-01 -0.25502E-04  0.34829E-03  0.99792E+00 -0.51537E-03 -0.24389E-04  0.99710E+00 -0.13760E-01  0.99528E+00
   14.00  0.12800E+02 -0.45229E-01 -0.31257E-04  0.41236E-03  0.99767E+00 -0.65408E-03 -0.30747E-04  0.99656E+00 -0.15668E-01  0.99453E+00
   15.00  0.11253E+02 -0.51546E-01 -0.37885E-04  0.45141E-03  0.99737E+00 -0.79428E-03 -0.37597E-04  0.99591E+00 -0.17507E-01  0.99363E+00
   16.00  0.98850E+01 -0.58033E-01 -0.45445E-04  0.45640E-03  0.99701E+00 -0.92732E-03 -0.44513E-04  0.99513E+00 -0.19192E-01  0.99257E+00
   17.00  0.86916E+01 -0.64597E-01 -0.53994E-04  0.41892E-03  0.99660E+00 -0.10424E-02 -0.50889E-04  0.99423E+00 -0.20635E-01  0.99134E+00
   18.00  0.76620E+01 -0.71146E-01 -0.63592E-04  0.33248E-03  0.99613E+00 -0.11271E-02 -0.55971E-04  0.99320E+00 -0.21754E-01  0.98994E+00
   19.00  0.67813E+01 -0.77607E-01 -0.74316E-04  0.19405E-03  0.99560E+00 -0.11693E-02 -0.58923E-04  0.99206E+00 -0.22491E-01  0.98839E+00
   20.00  0.60323E+01 -0.83936E-01 -0.86265E-04  0.52827E-05  0.99502E+00 -0.11584E-02 -0.58934E-04  0.99080E+00 -0.22823E-01  0.98669E+00
   21.00  0.53972E+01 -0.90133E-01 -0.99568E-04 -0.22694E-03  0.99440E+00 -0.10873E-02 -0.55345E-04  0.98945E+00 -0.22771E-01  0.98487E+00
   22.00  0.48581E+01 -0.96240E-01 -0.11438E-03 -0.49081E-03  0.99374E+00 -0.95422E-03 -0.47773E-04  0.98802E+00 -0.22399E-01  0.98294E+00
   23.00  0.43988E+01 -0.10234E+00 -0.13088E-03 -0.77077E-03  0.99304E+00 -0.76283E-03 -0.36196E-04  0.98651E+00 -0.21811E-01  0.98094E+00
   24.00  0.40046E+01 -0.10855E+00 -0.14921E-03 -0.10493E-02  0.99232E+00 -0.52231E-03 -0.20988E-04  0.98492E+00 -0.21137E-01  0.97885E+00
   25.00  0.36634E+01 -0.11498E+00 -0.16947E-03 -0.13090E-02  0.99158E+00 -0.24624E-03 -0.29008E-05  0.98327E+00 -0.20510E-01  0.97670E+00
   26.00  0.33650E+01 -0.12176E+00 -0.19166E-03 -0.15339E-02  0.99083E+00  0.48923E-04  0.16991E-04  0.98152E+00 -0.20057E-01  0.97447E+00
   27.00  0.31016E+01 -0.12899E+00 -0.21561E-03 -0.17111E-02  0.99005E+00  0.34538E-03  0.37367E-04  0.97967E+00 -0.19880E-01  0.97214E+00
   28.00  0.28670E+01 -0.13676E+00 -0.24100E-03 -0.18313E-02  0.98927E+00  0.62556E-03  0.56744E-04  0.97771E+00 -0.20052E-01  0.96971E+00
   29.00  0.26567E+01 -0.14513E+00 -0.26728E-03 -0.18891E-02  0.98847E+00  0.87342E-03  0.73556E-04  0.97560E+00 -0.20608E-01  0.96715E+00
   30.00  0.24671E+01 -0.15413E+00 -0.29367E-03 -0.18831E-02  0.98765E+00  0.10755E-02  0.86226E-04  0.97333E+00 -0.21550E-01  0.96443E+00
   31.00  0.22957E+01 -0.16375E+00 -0.31920E-03 -0.18157E-02  0.98681E+00  0.12220E-02  0.93243E-04  0.97087E+00 -0.22843E-01  0.96155E+00
   32.00  0.21404E+01 -0.17399E+00 -0.34273E-03 -0.16923E-02  0.98595E+00  0.13070E-02  0.93221E-04  0.96821E+00 -0.24422E-01  0.95846E+00
   33.00  0.19995E+01 -0.18481E+00 -0.36302E-03 -0.15212E-02  0.98506E+00  0.13293E-02  0.84964E-04  0.96533E+00 -0.26199E-01  0.95516E+00
   34.00  0.18716E+01 -0.19615E+00 -0.37881E-03 -0.13119E-02  0.98414E+00  0.12925E-02  0.67513E-04  0.96221E+00 -0.28069E-01  0.95162E+00
   35.00  0.17554E+01 -0.20795E+00 -0.38895E-03 -0.10752E-02  0.98318E+00  0.12040E-02  0.40178E-04  0.95883E+00 -0.29921E-01  0.94782E+00
   36.00  0.16498E+01 -0.22014E+00 -0.39245E-03 -0.82111E-03  0.98217E+00  0.10751E-02  0.25540E-05  0.95518E+00 -0.31644E-01  0.94374E+00
   37.00  0.15536E+01 -0.23264E+00 -0.38860E-03 -0.55859E-03  0.98111E+00  0.91980E-03 -0.45478E-04  0.95126E+00 -0.33135E-01  0.93937E+00
   38.00  0.14659E+01 -0.24538E+00 -0.37703E-03 -0.29466E-03  0.97998E+00  0.75329E-03 -0.10375E-03  0.94705E+00 -0.34310E-01  0.93469E+00
   39.00  0.13857E+01 -0.25829E+00 -0.35774E-03 -0.33984E-04  0.97878E+00  0.59117E-03 -0.17183E-03  0.94255E+00 -0.35103E-01  0.92968E+00
   40.00  0.13123E+01 -0.27131E+00 -0.33114E-03  0.22112E-03  0.97750E+00  0.44819E-03 -0.24898E-03  0.93775E+00 -0.35470E-01  0.92434E+00
   41.00  0.12450E+01 -0.28437E+00 -0.29800E-03  0.47041E-03  0.97614E+00  0.33729E-03 -0.33418E-03  0.93265E+00 -0.35392E-01  0.91866E+00
   42.00  0.11831E+01 -0.29743E+00 -0.25945E-03  0.71516E-03  0.97469E+00  0.26898E-03 -0.42612E-03  0.92725E+00 -0.34873E-01  0.91265E+00
   43.00  0.11263E+01 -0.31045E+00 -0.21687E-03  0.95742E-03  0.97316E+00  0.25081E-03 -0.52311E-03  0.92157E+00 -0.33935E-01  0.90632E+00
   44.00  0.10740E+01 -0.32342E+00 -0.17186E-03  0.11992E-02  0.97155E+00  0.28713E-03 -0.62314E-03  0.91559E+00 -0.32619E-01  0.89967E+00
   45.00  0.10258E+01 -0.33632E+00 -0.12610E-03  0.14418E-02  0.96987E+00  0.37911E-03 -0.72384E-03  0.90932E+00 -0.30979E-01  0.89271E+00
   46.00  0.98138E+00 -0.34915E+00 -0.81220E-04  0.16850E-02  0.96813E+00  0.52484E-03 -0.82254E-03  0.90277E+00 -0.29078E-01  0.88546E+00
   47.00  0.94032E+00 -0.36193E+00 -0.38714E-04  0.19269E-02  0.96635E+00  0.71960E-03 -0.91635E-03  0.89593E+00 -0.26984E-01  0.87793E+00
   48.00  0.90228E+00 -0.37469E+00  0.22175E-06  0.21640E-02  0.96453E+00  0.95628E-03 -0.10022E-02  0.88880E+00 -0.24766E-01  0.87011E+00
   49.00  0.86694E+00 -0.38745E+00  0.34774E-04  0.23909E-02  0.96269E+00  0.12258E-02 -0.10772E-02  0.88136E+00 -0.22485E-01  0.86203E+00
   50.00  0.83397E+00 -0.40025E+00  0.64595E-04  0.26011E-02  0.96083E+00  0.15176E-02 -0.11384E-02  0.87360E+00 -0.20200E-01  0.85365E+00
   51.00  0.80308E+00 -0.41311E+00  0.89844E-04  0.27875E-02  0.95897E+00  0.18201E-02 -0.11832E-02  0.86550E+00 -0.17957E-01  0.84498E+00
   52.00  0.77401E+00 -0.42607E+00  0.11119E-03  0.29430E-02  0.95712E+00  0.21213E-02 -0.12096E-02  0.85703E+00 -0.15792E-01  0.83599E+00
   53.00  0.74652E+00 -0.43915E+00  0.12978E-03  0.30615E-02  0.95527E+00  0.24088E-02 -0.12160E-02  0.84816E+00 -0.13728E-01  0.82666E+00
   54.00  0.72041E+00 -0.45236E+00  0.14717E-03  0.31382E-02  0.95342E+00  0.26708E-02 -0.12015E-02  0.83887E+00 -0.11782E-01  0.81696E+00
   55.00  0.69550E+00 -0.46570E+00  0.16520E-03  0.31704E-02  0.95158E+00  0.28959E-02 -0.11661E-02  0.82914E+00 -0.99575E-02  0.80686E+00
   56.00  0.67165E+00 -0.47918E+00  0.18591E-03  0.31575E-02  0.94975E+00  0.30738E-02 -0.11103E-02  0.81892E+00 -0.82545E-02  0.79632E+00
   57.00  0.64875E+00 -0.49279E+00  0.21134E-03  0.31015E-02  0.94791E+00  0.31958E-02 -0.10358E-02  0.80819E+00 -0.66681E-02  0.78532E+00
   58.00  0.62669E+00 -0.50651E+00  0.24342E-03  0.30068E-02  0.94606E+00  0.32548E-02 -0.94456E-03  0.79693E+00 -0.51919E-02  0.77382E+00
   59.00  0.60538E+00 -0.52032E+00  0.28379E-03  0.28798E-02  0.94420E+00  0.32458E-02 -0.83955E-03  0.78511E+00 -0.38203E-02  0.76178E+00
   60.00  0.58476E+00 -0.53423E+00  0.33368E-03  0.27284E-02  0.94231E+00  0.31664E-02 -0.72413E-03  0.77269E+00 -0.25508E-02  0.74916E+00
   61.00  0.56475E+00 -0.54820E+00  0.39380E-03  0.25620E-02  0.94039E+00  0.30162E-02 -0.60205E-03  0.75964E+00 -0.13854E-02  0.73592E+00
   62.00  0.54529E+00 -0.56222E+00  0.46421E-03  0.23902E-02  0.93843E+00  0.27978E-02 -0.47732E-03  0.74594E+00 -0.33193E-03  0.72204E+00
   63.00  0.52635E+00 -0.57628E+00  0.54435E-03  0.22224E-02  0.93641E+00  0.25159E-02 -0.35396E-03  0.73154E+00  0.59520E-03  0.70745E+00
   64.00  0.50789E+00 -0.59035E+00  0.63293E-03  0.20675E-02  0.93432E+00  0.21775E-02 -0.23592E-03  0.71641E+00  0.13749E-02  0.69213E+00
   65.00  0.48988E+00 -0.60441E+00  0.72804E-03  0.19332E-02  0.93216E+00  0.17912E-02 -0.12691E-03  0.70051E+00  0.19798E-02  0.67604E+00
   66.00  0.47232E+00 -0.61843E+00  0.82714E-03  0.18258E-02  0.92992E+00  0.13672E-02 -0.30336E-04  0.68383E+00  0.23769E-02  0.65915E+00
   67.00  0.45523E+00 -0.63240E+00  0.92719E-03  0.17498E-02  0.92759E+00  0.91687E-03  0.50771E-04  0.66631E+00  0.25288E-02  0.64142E+00
   68.00  0.43863E+00 -0.64628E+00  0.10247E-02  0.17083E-02  0.92518E+00  0.45180E-03  0.11377E-03  0.64795E+00  0.23957E-02  0.62284E+00
   69.00  0.42258E+00 -0.66002E+00  0.11160E-02  0.17028E-02  0.92269E+00 -0.16104E-04  0.15640E-03  0.62873E+00  0.19375E-02  0.60340E+00
   70.00  0.40713E+00 -0.67360E+00  0.11972E-02  0.17334E-02  0.92012E+00 -0.47528E-03  0.17676E-03  0.60864E+00  0.11160E-02  0.58311E+00
   71.00  0.39235E+00 -0.68698E+00  0.12645E-02  0.17993E-02  0.91749E+00 -0.91489E-03  0.17332E-03  0.58770E+00 -0.10165E-03  0.56198E+00
   72.00  0.37831E+00 -0.70011E+00  0.13144E-02  0.18989E-02  0.91482E+00 -0.13252E-02  0.14485E-03  0.56591E+00 -0.17399E-02  0.54004E+00
   73.00  0.36508E+00 -0.71296E+00  0.13437E-02  0.20299E-02  0.91214E+00 -0.16978E-02  0.90484E-04  0.54330E+00 -0.38119E-02  0.51734E+00
   74.00  0.35271E+00 -0.72549E+00  0.13500E-02  0.21899E-02  0.90948E+00 -0.20261E-02  0.97189E-05  0.51992E+00 -0.63163E-02  0.49393E+00
   75.00  0.34125E+00 -0.73767E+00  0.13315E-02  0.23762E-02  0.90686E+00 -0.23056E-02 -0.97508E-04  0.49581E+00 -0.92354E-02  0.46987E+00
   76.00  0.33074E+00 -0.74947E+00  0.12875E-02  0.25861E-02  0.90433E+00 -0.25337E-02 -0.23075E-03  0.47101E+00 -0.12534E-01  0.44524E+00
   77.00  0.32117E+00 -0.76086E+00  0.12183E-02  0.28166E-02  0.90191E+00 -0.27100E-02 -0.38897E-03  0.44559E+00 -0.16159E-01  0.42009E+00
   78.00  0.31254E+00 -0.77182E+00  0.11251E-02  0.30647E-02  0.89963E+00 -0.28364E-02 -0.57043E-03  0.41958E+00 -0.20043E-01  0.39448E+00
   79.00  0.30482E+00 -0.78232E+00  0.10099E-02  0.33269E-02  0.89751E+00 -0.29161E-02 -0.77265E-03  0.39303E+00 -0.24105E-01  0.36847E+00
   80.00  0.29795E+00 -0.79234E+00  0.87551E-03  0.35994E-02  0.89557E+00 -0.29541E-02 -0.99237E-03  0.36598E+00 -0.28258E-01  0.34209E+00
   81.00  0.29188E+00 -0.80185E+00  0.72525E-03  0.38774E-02  0.89381E+00 -0.29561E-02 -0.12255E-02  0.33846E+00 -0.32411E-01  0.31538E+00
   82.00  0.28652E+00 -0.81081E+00  0.56258E-03  0.41556E-02  0.89224E+00 -0.29285E-02 -0.14674E-02  0.31049E+00 -0.36476E-01  0.28836E+00
   83.00  0.28180E+00 -0.81918E+00  0.39099E-03  0.44279E-02  0.89083E+00 -0.28773E-02 -0.17125E-02  0.28210E+00 -0.40372E-01  0.26103E+00
   84.00  0.27762E+00 -0.82691E+00  0.21376E-03  0.46873E-02  0.88959E+00 -0.28084E-02 -0.19548E-02  0.25331E+00 -0.44029E-01  0.23341E+00
   85.00  0.27390E+00 -0.83394E+00  0.33780E-04  0.49266E-02  0.88848E+00 -0.27269E-02 -0.21881E-02  0.22415E+00 -0.47388E-01  0.20551E+00
   86.00  0.27055E+00 -0.84023E+00 -0.14649E-03  0.51380E-02  0.88750E+00 -0.26369E-02 -0.24057E-02  0.19464E+00 -0.50406E-01  0.17733E+00
   87.00  0.26751E+00 -0.84572E+00 -0.32510E-03  0.53138E-02  0.88661E+00 -0.25417E-02 -0.26012E-02  0.16482E+00 -0.53052E-01  0.14891E+00
   88.00  0.26469E+00 -0.85034E+00 -0.50052E-03  0.54468E-02  0.88580E+00 -0.24435E-02 -0.27681E-02  0.13474E+00 -0.55309E-01  0.12026E+00
   89.00  0.26205E+00 -0.85406E+00 -0.67165E-03  0.55304E-02  0.88505E+00 -0.23437E-02 -0.29004E-02  0.10446E+00 -0.57170E-01  0.91430E-01
   90.00  0.25954E+00 -0.85682E+00 -0.83768E-03  0.55590E-02  0.88435E+00 -0.22431E-02 -0.29927E-02  0.74036E-01 -0.58640E-01  0.62468E-01
   91.00  0.25711E+00 -0.85859E+00 -0.99804E-03  0.55284E-02  0.88369E+00 -0.21419E-02 -0.30404E-02  0.43547E-01 -0.59729E-01  0.33431E-01
   92.00  0.25476E+00 -0.85935E+00 -0.11523E-02  0.54362E-02  0.88306E+00 -0.20399E-02 -0.30398E-02  0.13069E-01 -0.60455E-01  0.43878E-02
   93.00  0.25245E+00 -0.85908E+00 -0.13000E-02  0.52817E-02  0.88245E+00 -0.19366E-02 -0.29885E-02 -0.17315E-01 -0.60841E-01 -0.24591E-01
   94.00  0.25017E+00 -0.85777E+00 -0.14408E-02  0.50663E-02  0.88187E+00 -0.18316E-02 -0.28855E-02 -0.47523E-01 -0.60914E-01 -0.53430E-01
   95.00  0.24793E+00 -0.85543E+00 -0.15743E-02  0.47931E-02  0.88131E+00 -0.17242E-02 -0.27311E-02 -0.77475E-01 -0.60701E-01 -0.82054E-01
   96.00  0.24572E+00 -0.85209E+00 -0.17000E-02  0.44673E-02  0.88078E+00 -0.16140E-02 -0.25274E-02 -0.10710E+00 -0.60234E-01 -0.11039E+00
   97.00  0.24353E+00 -0.84775E+00 -0.18175E-02  0.40958E-02  0.88027E+00 -0.15007E-02 -0.22779E-02 -0.13632E+00 -0.59543E-01 -0.13837E+00
   98.00  0.24139E+00 -0.84245E+00 -0.19261E-02  0.36869E-02  0.87980E+00 -0.13843E-02 -0.19876E-02 -0.16508E+00 -0.58661E-01 -0.16593E+00
   99.00  0.23928E+00 -0.83623E+00 -0.20256E-02  0.32498E-02  0.87936E+00 -0.12645E-02 -0.16630E-02 -0.19333E+00 -0.57620E-01 -0.19301E+00
  100.00  0.23720E+00 -0.82912E+00 -0.21153E-02  0.27947E-02  0.87895E+00 -0.11417E-02 -0.13117E-02 -0.22103E+00 -0.56449E-01 -0.21958E+00
  101.00  0.23517E+00 -0.82116E+00 -0.21950E-02  0.23317E-02  0.87858E+00 -0.10162E-02 -0.94214E-03 -0.24814E+00 -0.55179E-01 -0.24557E+00
  102.00  0.23318E+00 -0.81240E+00 -0.22646E-02  0.18708E-02  0.87823E+00 -0.88820E-03 -0.56368E-03 -0.27465E+00 -0.53839E-01 -0.27097E+00
  103.00  0.23123E+00 -0.80288E+00 -0.23239E-02  0.14216E-02  0.87791E+00 -0.75827E-03 -0.18584E-03 -0.30053E+00 -0.52453E-01 -0.29575E+00
  104.00  0.22932E+00 -0.79262E+00 -0.23732E-02  0.99262E-03  0.87762E+00 -0.62683E-03  0.18181E-03 -0.32579E+00 -0.51048E-01 -0.31988E+00
  105.00  0.22744E+00 -0.78168E+00 -0.24129E-02  0.59117E-03  0.87734E+00 -0.49432E-03  0.52996E-03 -0.35040E+00 -0.49643E-01 -0.34334E+00
  106.00  0.22559E+00 -0.77009E+00 -0.24437E-02  0.22330E-03  0.87708E+00 -0.36111E-03  0.84987E-03 -0.37437E+00 -0.48259E-01 -0.36613E+00
  107.00  0.22377E+00 -0.75788E+00 -0.24663E-02 -0.10645E-03  0.87682E+00 -0.22752E-03  0.11336E-02 -0.39770E+00 -0.46912E-01 -0.38822E+00
  108.00  0.22197E+00 -0.74508E+00 -0.24820E-02 -0.39497E-03  0.87655E+00 -0.93764E-04  0.13741E-02 -0.42039E+00 -0.45615E-01 -0.40962E+00
  109.00  0.22019E+00 -0.73174E+00 -0.24918E-02 -0.64055E-03  0.87628E+00  0.40053E-04  0.15656E-02 -0.44244E+00 -0.44379E-01 -0.43030E+00
  110.00  0.21843E+00 -0.71788E+00 -0.24972E-02 -0.84279E-03  0.87600E+00  0.17390E-03  0.17035E-02 -0.46384E+00 -0.43211E-01 -0.45026E+00
  111.00  0.21668E+00 -0.70353E+00 -0.24997E-02 -0.10024E-02  0.87570E+00  0.30782E-03  0.17843E-02 -0.48460E+00 -0.42119E-01 -0.46950E+00
  112.00  0.21494E+00 -0.68875E+00 -0.25009E-02 -0.11209E-02  0.87538E+00  0.44190E-03  0.18059E-02 -0.50472E+00 -0.41103E-01 -0.48800E+00
  113.00  0.21322E+00 -0.67355E+00 -0.25025E-02 -0.12007E-02  0.87503E+00  0.57627E-03  0.17673E-02 -0.52418E+00 -0.40165E-01 -0.50575E+00
  114.00  0.21152E+00 -0.65799E+00 -0.25061E-02 -0.12446E-02  0.87465E+00  0.71099E-03  0.16688E-02 -0.54299E+00 -0.39304E-01 -0.52276E+00
  115.00  0.20985E+00 -0.64210E+00 -0.25132E-02 -0.12558E-02  0.87425E+00  0.84611E-03  0.15116E-02 -0.56113E+00 -0.38516E-01 -0.53902E+00
  116.00  0.20819E+00 -0.62594E+00 -0.25254E-02 -0.12379E-02  0.87383E+00  0.98152E-03  0.12980E-02 -0.57862E+00 -0.37797E-01 -0.55452E+00
  117.00  0.20658E+00 -0.60953E+00 -0.25442E-02 -0.11942E-02  0.87339E+00  0.11170E-02  0.10309E-02 -0.59543E+00 -0.37140E-01 -0.56927E+00
  118.00  0.20500E+00 -0.59293E+00 -0.25707E-02 -0.11284E-02  0.87293E+00  0.12521E-02  0.71430E-03 -0.61159E+00 -0.36537E-01 -0.58327E+00
  119.00  0.20346E+00 -0.57619E+00 -0.26061E-02 -0.10438E-02  0.87247E+00  0.13863E-02  0.35262E-03 -0.62708E+00 -0.35982E-01 -0.59654E+00
  120.00  0.20199E+00 -0.55934E+00 -0.26512E-02 -0.94398E-03  0.87199E+00  0.15186E-02 -0.49063E-04 -0.64191E+00 -0.35465E-01 -0.60908E+00
  121.00  0.20058E+00 -0.54243E+00 -0.27067E-02 -0.83226E-03  0.87152E+00  0.16480E-02 -0.48523E-03 -0.65609E+00 -0.34979E-01 -0.62091E+00
  122.00  0.19923E+00 -0.52551E+00 -0.27729E-02 -0.71201E-03  0.87106E+00  0.17733E-02 -0.94998E-03 -0.66962E+00 -0.34514E-01 -0.63206E+00
  123.00  0.19797E+00 -0.50862E+00 -0.28500E-02 -0.58659E-03  0.87062E+00  0.18929E-02 -0.14371E-02 -0.68253E+00 -0.34063E-01 -0.64253E+00
  124.00  0.19679E+00 -0.49178E+00 -0.29377E-02 -0.45940E-03  0.87020E+00  0.20052E-02 -0.19402E-02 -0.69482E+00 -0.33617E-01 -0.65237E+00
  125.00  0.19571E+00 -0.47504E+00 -0.30356E-02 -0.33388E-03  0.86980E+00  0.21086E-02 -0.24527E-02 -0.70652E+00 -0.33171E-01 -0.66159E+00
  126.00  0.19473E+00 -0.45843E+00 -0.31431E-02 -0.21355E-03  0.86944E+00  0.22013E-02 -0.29681E-02 -0.71762E+00 -0.32718E-01 -0.67023E+00
  127.00  0.19385E+00 -0.44197E+00 -0.32591E-02 -0.10196E-03  0.86912E+00  0.22815E-02 -0.34798E-02 -0.72817E+00 -0.32254E-01 -0.67831E+00
  128.00  0.19308E+00 -0.42570E+00 -0.33826E-02 -0.26969E-05  0.86884E+00  0.23479E-02 -0.39814E-02 -0.73817E+00 -0.31775E-01 -0.68586E+00
  129.00  0.19242E+00 -0.40962E+00 -0.35122E-02  0.80728E-04  0.86860E+00  0.23990E-02 -0.44667E-02 -0.74764E+00 -0.31278E-01 -0.69290E+00
  130.00  0.19188E+00 -0.39376E+00 -0.36465E-02  0.14491E-03  0.86841E+00  0.24336E-02 -0.49298E-02 -0.75661E+00 -0.30763E-01 -0.69947E+00
  131.00  0.19145E+00 -0.37813E+00 -0.37839E-02  0.18665E-03  0.86826E+00  0.24511E-02 -0.53652E-02 -0.76508E+00 -0.30230E-01 -0.70559E+00
  132.00  0.19115E+00 -0.36275E+00 -0.39229E-02  0.20304E-03  0.86816E+00  0.24511E-02 -0.57680E-02 -0.77309E+00 -0.29680E-01 -0.71128E+00
  133.00  0.19096E+00 -0.34762E+00 -0.40618E-02  0.19159E-03  0.86811E+00  0.24334E-02 -0.61336E-02 -0.78063E+00 -0.29115E-01 -0.71656E+00
  134.00  0.19088E+00 -0.33275E+00 -0.41990E-02  0.15023E-03  0.86810E+00  0.23984E-02 -0.64582E-02 -0.78774E+00 -0.28539E-01 -0.72146E+00
  135.00  0.19092E+00 -0.31815E+00 -0.43331E-02  0.77465E-04  0.86813E+00  0.23468E-02 -0.67387E-02 -0.79443E+00 -0.27955E-01 -0.72599E+00
  136.00  0.19107E+00 -0.30382E+00 -0.44624E-02 -0.27667E-04  0.86819E+00  0.22798E-02 -0.69726E-02 -0.80071E+00 -0.27368E-01 -0.73016E+00
  137.00  0.19133E+00 -0.28977E+00 -0.45857E-02 -0.16553E-03  0.86829E+00  0.21985E-02 -0.71581E-02 -0.80659E+00 -0.26781E-01 -0.73399E+00
  138.00  0.19169E+00 -0.27600E+00 -0.47016E-02 -0.33591E-03  0.86841E+00  0.21046E-02 -0.72941E-02 -0.81209E+00 -0.26200E-01 -0.73750E+00
  139.00  0.19216E+00 -0.26251E+00 -0.48087E-02 -0.53805E-03  0.86856E+00  0.19999E-02 -0.73804E-02 -0.81723E+00 -0.25630E-01 -0.74070E+00
  140.00  0.19271E+00 -0.24930E+00 -0.49059E-02 -0.77069E-03  0.86873E+00  0.18862E-02 -0.74171E-02 -0.82201E+00 -0.25073E-01 -0.74359E+00
  141.00  0.19336E+00 -0.23638E+00 -0.49919E-02 -0.10321E-02  0.86891E+00  0.17655E-02 -0.74052E-02 -0.82645E+00 -0.24533E-01 -0.74619E+00
  142.00  0.19409E+00 -0.22374E+00 -0.50658E-02 -0.13202E-02  0.86910E+00  0.16396E-02 -0.73461E-02 -0.83057E+00 -0.24013E-01 -0.74851E+00
  143.00  0.19490E+00 -0.21140E+00 -0.51264E-02 -0.16325E-02  0.86929E+00  0.15105E-02 -0.72416E-02 -0.83438E+00 -0.23514E-01 -0.75056E+00
  144.00  0.19578E+00 -0.19934E+00 -0.51727E-02 -0.19663E-02  0.86948E+00  0.13799E-02 -0.70942E-02 -0.83790E+00 -0.23037E-01 -0.75235E+00
  145.00  0.19673E+00 -0.18757E+00 -0.52037E-02 -0.23186E-02  0.86966E+00  0.12494E-02 -0.69066E-02 -0.84113E+00 -0.22581E-01 -0.75389E+00
  146.00  0.19774E+00 -0.17611E+00 -0.52185E-02 -0.26861E-02  0.86984E+00  0.11207E-02 -0.66818E-02 -0.84409E+00 -0.22144E-01 -0.75518E+00
  147.00  0.19880E+00 -0.16494E+00 -0.52163E-02 -0.30654E-02  0.87000E+00  0.99502E-03 -0.64232E-02 -0.84681E+00 -0.21724E-01 -0.75625E+00
  148.00  0.19992E+00 -0.15407E+00 -0.51964E-02 -0.34529E-02  0.87015E+00  0.87367E-03 -0.61346E-02 -0.84928E+00 -0.21316E-01 -0.75709E+00
  149.00  0.20109E+00 -0.14352E+00 -0.51584E-02 -0.38445E-02  0.87027E+00  0.75774E-03 -0.58197E-02 -0.85153E+00 -0.20916E-01 -0.75771E+00
  150.00  0.20230E+00 -0.13328E+00 -0.51018E-02 -0.42362E-02  0.87037E+00  0.64818E-03 -0.54829E-02 -0.85356E+00 -0.20518E-01 -0.75814E+00
  151.00  0.20355E+00 -0.12337E+00 -0.50266E-02 -0.46238E-02  0.87045E+00  0.54580E-03 -0.51284E-02 -0.85540E+00 -0.20116E-01 -0.75836E+00
  152.00  0.20484E+00 -0.11378E+00 -0.49327E-02 -0.50027E-02  0.87050E+00  0.45128E-03 -0.47609E-02 -0.85705E+00 -0.19703E-01 -0.75840E+00
  153.00  0.20616E+00 -0.10455E+00 -0.48205E-02 -0.53686E-02  0.87051E+00  0.36513E-03 -0.43849E-02 -0.85853E+00 -0.19271E-01 -0.75826E+00
  154.00  0.20752E+00 -0.95660E-01 -0.46905E-02 -0.57170E-02  0.87050E+00  0.28774E-03 -0.40053E-02 -0.85984E+00 -0.18814E-01 -0.75796E+00
  155.00  0.20891E+00 -0.87137E-01 -0.45434E-02 -0.60435E-02  0.87044E+00  0.21933E-03 -0.36268E-02 -0.86100E+00 -0.18325E-01 -0.75749E+00
  156.00  0.21032E+00 -0.78989E-01 -0.43802E-02 -0.63441E-02  0.87036E+00  0.15994E-03 -0.32540E-02 -0.86202E+00 -0.17799E-01 -0.75686E+00
  157.00  0.21176E+00 -0.71226E-01 -0.42020E-02 -0.66150E-02  0.87024E+00  0.10947E-03 -0.28913E-02 -0.86291E+00 -0.17228E-01 -0.75609E+00
  158.00  0.21323E+00 -0.63860E-01 -0.40101E-02 -0.68532E-02  0.87008E+00  0.67649E-04 -0.25429E-02 -0.86368E+00 -0.16610E-01 -0.75518E+00
  159.00  0.21471E+00 -0.56903E-01 -0.38059E-02 -0.70562E-02  0.86989E+00  0.34034E-04 -0.22123E-02 -0.86432E+00 -0.15941E-01 -0.75414E+00
  160.00  0.21622E+00 -0.50364E-01 -0.35908E-02 -0.72225E-02  0.86966E+00  0.80397E-05 -0.19029E-02 -0.86486E+00 -0.15218E-01 -0.75298E+00
  161.00  0.21775E+00 -0.44252E-01 -0.33666E-02 -0.73513E-02  0.86939E+00 -0.11052E-04 -0.16170E-02 -0.86529E+00 -0.14442E-01 -0.75170E+00
  162.00  0.21929E+00 -0.38575E-01 -0.31347E-02 -0.74428E-02  0.86909E+00 -0.24062E-04 -0.13566E-02 -0.86562E+00 -0.13614E-01 -0.75032E+00
  163.00  0.22084E+00 -0.33338E-01 -0.28971E-02 -0.74983E-02  0.86875E+00 -0.31887E-04 -0.11228E-02 -0.86585E+00 -0.12736E-01 -0.74883E+00
  164.00  0.22240E+00 -0.28543E-01 -0.26554E-02 -0.75198E-02  0.86839E+00 -0.35457E-04 -0.91604E-03 -0.86600E+00 -0.11813E-01 -0.74726E+00
  165.00  0.22395E+00 -0.24188E-01 -0.24117E-02 -0.75104E-02  0.86800E+00 -0.35705E-04 -0.73599E-03 -0.86606E+00 -0.10852E-01 -0.74562E+00
  166.00  0.22550E+00 -0.20268E-01 -0.21678E-02 -0.74736E-02  0.86759E+00 -0.33522E-04 -0.58176E-03 -0.86605E+00 -0.98607E-02 -0.74391E+00
  167.00  0.22703E+00 -0.16775E-01 -0.19258E-02 -0.74137E-02  0.86716E+00 -0.29732E-04 -0.45189E-03 -0.86596E+00 -0.88497E-02 -0.74216E+00
  168.00  0.22853E+00 -0.13694E-01 -0.16880E-02 -0.73352E-02  0.86673E+00 -0.25055E-04 -0.34449E-03 -0.86581E+00 -0.78304E-02 -0.74039E+00
  169.00  0.22999E+00 -0.11007E-01 -0.14566E-02 -0.72429E-02  0.86629E+00 -0.20091E-04 -0.25733E-03 -0.86561E+00 -0.68156E-02 -0.73862E+00
  170.00  0.23139E+00 -0.86937E-02 -0.12340E-02 -0.71415E-02  0.86585E+00 -0.15306E-04 -0.18800E-03 -0.86537E+00 -0.58194E-02 -0.73687E+00
  171.00  0.23273E+00 -0.67273E-02 -0.10227E-02 -0.70357E-02  0.86542E+00 -0.11031E-04 -0.13400E-03 -0.86510E+00 -0.48566E-02 -0.73517E+00
  172.00  0.23398E+00 -0.50801E-02 -0.82508E-03 -0.69296E-02  0.86501E+00 -0.74639E-05 -0.92897E-04 -0.86480E+00 -0.39423E-02 -0.73355E+00
  173.00  0.23514E+00 -0.37224E-02 -0.64363E-03 -0.68273E-02  0.86463E+00 -0.46854E-05 -0.62351E-04 -0.86451E+00 -0.30918E-02 -0.73204E+00
  174.00  0.23618E+00 -0.26236E-02 -0.48071E-03 -0.67321E-02  0.86428E+00 -0.26790E-05 -0.40241E-04 -0.86421E+00 -0.23198E-02 -0.73065E+00
  175.00  0.23708E+00 -0.17541E-02 -0.33857E-03 -0.66469E-02  0.86398E+00 -0.13548E-05 -0.24691E-04 -0.86394E+00 -0.16400E-02 -0.72943E+00
  176.00  0.23785E+00 -0.10860E-02 -0.21922E-03 -0.65741E-02  0.86372E+00 -0.57648E-06 -0.14110E-04 -0.86370E+00 -0.10652E-02 -0.72839E+00
  177.00  0.23846E+00 -0.59444E-03 -0.12445E-03 -0.65157E-02  0.86351E+00 -0.18780E-06 -0.72018E-05 -0.86350E+00 -0.60609E-03 -0.72756E+00
  178.00  0.23890E+00 -0.25888E-03 -0.55674E-04 -0.64730E-02  0.86335E+00 -0.37868E-07 -0.29689E-05 -0.86335E+00 -0.27160E-03 -0.72696E+00
  179.00  0.23917E+00 -0.63912E-04 -0.13974E-04 -0.64470E-02  0.86326E+00 -0.23959E-08 -0.70758E-06 -0.86326E+00 -0.68237E-04 -0.72659E+00
  180.00  0.23926E+00 -0.15773E-14 -0.34678E-15 -0.64382E-02  0.86323E+00 -0.14777E-29 -0.17251E-16 -0.86323E+00 -0.16940E-14 -0.72646E+00
 scattering matrix expansion coefficients
    w  a11         a22         a33         a23         a32         a44         a12         a34         a13         a24         a14
    0  0.1000E+01  0.0000E+00  0.0000E+00  0.0000E+00  0.0000E+00  0.7664E+00  0.0000E+00  0.0000E+00  0.0000E+00  0.0000E+00  0.2679E-03
    1  0.2092E+01  0.0000E+00  0.0000E+00  0.0000E+00  0.0000E+00  0.2258E+01  0.0000E+00  0.0000E+00  0.0000E+00  0.0000E+00  0.4167E-03
    2  0.2806E+01  0.2471E+00  0.3739E+01  0.5585E-06 -0.7769E-04  0.2823E+01 -0.4369E+00 -0.2317E-01 -0.4403E-03 -0.7299E-03 -0.1752E-02
    3  0.3099E+01  0.8154E-01  0.3559E+01  0.1476E-06 -0.6934E-03  0.3082E+01 -0.2520E+00 -0.1457E-01  0.8545E-03  0.1261E-03 -0.9790E-03
    4  0.3220E+01  0.2812E-01  0.3541E+01  0.1721E-06 -0.2026E-02  0.3205E+01 -0.1906E+00 -0.3041E-01 -0.8274E-03 -0.8532E-03 -0.5659E-03
    5  0.3178E+01  0.1571E-02  0.3448E+01 -0.1205E-07 -0.2642E-02  0.3207E+01 -0.1827E+00 -0.4678E-01 -0.3055E-03  0.7610E-03  0.7193E-03
    6  0.3080E+01  0.2232E-01  0.3279E+01 -0.6012E-08 -0.3301E-03  0.3068E+01 -0.1484E+00 -0.5330E-01 -0.8510E-03 -0.7562E-03  0.6350E-03
    7  0.2870E+01  0.1185E-01  0.3039E+01  0.8244E-07  0.1858E-03  0.2859E+01 -0.1243E+00 -0.4103E-01  0.2287E-03  0.3704E-03  0.1752E-02
    8  0.2586E+01  0.2264E-02  0.2736E+01  0.4819E-07  0.3709E-03  0.2592E+01 -0.1331E+00 -0.3511E-01 -0.1528E-03  0.1059E-02  0.2138E-02
    9  0.2283E+01  0.2779E-02  0.2405E+01 -0.1618E-07  0.2296E-03  0.2291E+01 -0.1379E+00 -0.3742E-01 -0.1300E-03 -0.4870E-03  0.8411E-05
   10  0.1995E+01  0.6387E-02  0.2088E+01 -0.1519E-07  0.8713E-03  0.1996E+01 -0.1216E+00 -0.4327E-01 -0.8855E-04 -0.6261E-03 -0.1315E-02
   11  0.1716E+01  0.5186E-02  0.1791E+01 -0.1549E-07  0.2350E-02  0.1715E+01 -0.1061E+00 -0.4377E-01  0.9810E-04 -0.3331E-03 -0.1934E-02
   12  0.1443E+01  0.3794E-02  0.1505E+01 -0.2562E-07  0.3306E-02  0.1441E+01 -0.9700E-01 -0.4374E-01  0.1098E-03 -0.1235E-03 -0.2152E-02
   13  0.1178E+01  0.1289E-02  0.1230E+01 -0.1977E-07  0.3375E-02  0.1179E+01 -0.9333E-01 -0.4254E-01  0.6134E-04 -0.1444E-03 -0.2495E-02
   14  0.9395E+00  0.2104E-02  0.9799E+00 -0.1041E-07  0.2546E-02  0.9392E+00 -0.8343E-01 -0.3934E-01 -0.7668E-04  0.9364E-05 -0.2506E-02
   15  0.7341E+00  0.3101E-02  0.7638E+00 -0.5570E-09  0.1536E-02  0.7314E+00 -0.6741E-01 -0.3291E-01 -0.1273E-03  0.7011E-04 -0.2301E-02
   16  0.5597E+00  0.2709E-02  0.5821E+00 -0.1072E-08  0.7717E-03  0.5568E+00 -0.5236E-01 -0.2490E-01 -0.8775E-04  0.2476E-04 -0.2027E-02
   17  0.4121E+00  0.1542E-02  0.4298E+00 -0.2753E-08  0.3074E-03  0.4110E+00 -0.4219E-01 -0.1724E-01 -0.1740E-04  0.9706E-07 -0.1614E-02
   18  0.2927E+00  0.1171E-02  0.3057E+00 -0.4555E-08  0.6888E-06  0.2920E+00 -0.3357E-01 -0.1123E-01  0.6118E-05  0.2827E-04 -0.1052E-02
   19  0.2007E+00  0.1086E-02  0.2096E+00 -0.3695E-08 -0.1717E-03  0.1999E+00 -0.2508E-01 -0.6923E-02  0.1079E-04  0.5675E-04 -0.5336E-03
   20  0.1326E+00  0.8615E-03  0.1385E+00 -0.8354E-09 -0.2374E-03  0.1317E+00 -0.1781E-01 -0.4049E-02  0.2241E-05  0.4557E-04 -0.2329E-03
   21  0.8327E-01  0.5150E-03  0.8723E-01  0.4476E-09 -0.2112E-03  0.8270E-01 -0.1268E-01 -0.2214E-02  0.4141E-05  0.3134E-04 -0.9176E-04
   22  0.4885E-01  0.3148E-03  0.5139E-01  0.6498E-09 -0.1439E-03  0.4851E-01 -0.9021E-02 -0.1131E-02  0.4345E-05  0.1503E-04 -0.4347E-04
   23  0.2633E-01  0.2333E-03  0.2780E-01  0.4697E-09 -0.7987E-04  0.2608E-01 -0.6115E-02 -0.5306E-03  0.4579E-05  0.7737E-05 -0.2241E-04
   24  0.1292E-01  0.1953E-03  0.1365E-01  0.3054E-09 -0.3688E-04  0.1268E-01 -0.3744E-02 -0.2299E-03  0.3146E-05  0.3299E-05 -0.1188E-04
   25  0.5740E-02  0.1429E-03  0.6044E-02  0.1648E-09 -0.1466E-04  0.5550E-02 -0.2024E-02 -0.9048E-04  0.1704E-05  0.1544E-05 -0.5586E-05
   26  0.2306E-02  0.8795E-04  0.2412E-02  0.6994E-10 -0.5020E-05  0.2182E-02 -0.9599E-03 -0.3295E-04  0.7213E-06  0.6185E-06 -0.2304E-05
   27  0.8390E-03  0.4503E-04  0.8682E-03  0.2233E-10 -0.1541E-05  0.7724E-03 -0.4007E-03 -0.1084E-04  0.2652E-06  0.2309E-06 -0.7982E-06
   28  0.2770E-03  0.1967E-04  0.2830E-03  0.4839E-11 -0.4278E-06  0.2469E-03 -0.1482E-03 -0.3255E-05  0.8798E-07  0.7279E-07 -0.2445E-06
   29  0.8327E-04  0.7424E-05  0.8378E-04 -0.3327E-13 -0.1078E-06  0.7162E-04 -0.4892E-04 -0.8987E-06  0.2491E-07  0.2353E-07 -0.7105E-07
   30  0.2285E-04  0.2468E-05  0.2261E-04 -0.5458E-12 -0.2458E-07  0.1889E-04 -0.1451E-04 -0.2342E-06  0.6249E-08  0.7137E-08 -0.1944E-07
   31  0.5730E-05  0.7272E-06  0.5570E-05 -0.3597E-12 -0.4846E-08  0.4544E-05 -0.3883E-05 -0.5603E-07  0.1269E-08  0.2170E-08 -0.5302E-08
   32  0.1313E-05  0.1914E-06  0.1253E-05 -0.2169E-12 -0.7691E-09  0.9965E-06 -0.9399E-06 -0.1287E-07  0.1859E-09  0.5449E-09 -0.1195E-08
   33  0.2743E-06  0.4501E-07  0.2569E-06 -0.1121E-12 -0.1208E-09  0.1988E-06 -0.2057E-06 -0.2501E-08  0.2482E-10  0.1124E-09 -0.2380E-09
   34  0.5237E-07  0.9471E-08  0.4816E-07 -0.5180E-13 -0.1175E-10  0.3630E-07 -0.4077E-07 -0.4608E-09  0.2636E-11  0.1798E-10 -0.3286E-10
   35  0.8961E-08  0.1769E-08  0.8086E-08 -0.1855E-13 -0.2018E-11  0.5931E-08 -0.7224E-08 -0.6066E-10  0.4686E-12  0.2537E-11 -0.4927E-11
   36  0.1499E-08  0.3112E-09  0.1336E-08 -0.5375E-14 -0.7373E-13  0.9611E-09 -0.1231E-08 -0.1115E-10  0.1810E-13  0.2093E-12 -0.2605E-12
   37  0.1911E-09  0.4298E-10  0.1666E-09 -0.1238E-14 -0.3341E-13  0.1165E-09 -0.1622E-09 -0.4498E-12  0.1758E-13  0.1907E-13 -0.3137E-13
   38  0.3730E-10  0.8330E-11  0.3256E-10 -0.2256E-15 -0.4568E-14  0.2272E-10 -0.3146E-10 -0.3051E-12  0.2438E-14  0.6247E-15  0.8876E-15
   39  0.2372E-11  0.5852E-12  0.2002E-11 -0.3665E-16 -0.3982E-15  0.1354E-11 -0.2089E-11  0.6256E-14  0.2789E-15 -0.1018E-15  0.2955E-15
   40  0.9769E-12  0.2316E-12  0.8298E-12 -0.4482E-17 -0.2652E-15  0.5650E-12 -0.8391E-12 -0.9619E-14  0.1340E-15  0.3693E-16 -0.5306E-16
   41  0.1203E-13  0.3117E-14  0.9680E-14  0.2438E-18 -0.4539E-17  0.6933E-14 -0.1071E-13  0.9782E-16  0.2178E-17 -0.9964E-18  0.2856E-17
   42  0.2599E-13  0.7000E-14  0.2194E-13  0.1690E-18 -0.6680E-17  0.1394E-13 -0.2332E-13 -0.2371E-15  0.3274E-17  0.1420E-17 -0.2563E-17
