 input file is 
mstm12_64_9599_168_00226.inp  
 input file comments follow:
***********************************************************
  This is the default mstm input file for v.3.0.
  The run is for a 7-sphere cluster of identical spheres.   The positions
  are embedded in the input file.

  The run makes use of the new_run and multiple_run options.

  14 April 2013
***********************************************************
 number of processors:
   1
 input parameters for run number 
    1
 number of spheres, volume size parameter:
   64  0.38396E+01
 position file:
position/n64/a12.out                                        
 output file:
output/64/x9599/168/00226/mt_12_64_9599_168_00226.dat       
 length, ref. indx. scale factors:
   0.960   1.680   0.023
 chiral factors:
  0.00000E+00  0.00000E+00
 scattering matrix directions based on incident frame
 automatic scattering angle calculation
 thetamin, thetamax:
      0.0    180.0
 number scattering angles:
      181
 epsmie, epssoln, max number iterations:
  0.1000E-05  0.1000E-07 5000
 medium refractive index:
  1.0000  0.0000
 target euler rotation angles:
    0.0000    0.0000    0.0000
 far field kr, iterations/correction:
 -0.1000E+01   20
 plane wave incidence
 random orientation calculations
 t matrix calculated, stored in file 
tmatrixfiles/1264959916800226                               
 t matrix convergence epsilon:
  0.1000E-06
 all spheres excited (total T matrix) 
 calculation results for run 
    1
 total ext, abs, scat efficiencies, w.r.t. xv, and asym. parm
  0.41739E+01  0.28466E+00  0.38892E+01  0.73461E+00
 scattering matrix elements (normalized w/ S11)
   theta      11           12           13           14           22           23           24           33           34           44      
    0.00  0.41737E+02  0.00000E+00  0.00000E+00  0.58762E-03  0.99958E+00  0.90283E-04  0.00000E+00  0.99958E+00  0.00000E+00  0.99925E+00 
    1.00  0.41500E+02 -0.12524E-03  0.72227E-07  0.58775E-03  0.99957E+00  0.90445E-04 -0.16572E-06  0.99957E+00  0.15821E-05  0.99925E+00 
    2.00  0.40796E+02 -0.50106E-03  0.29003E-06  0.58812E-03  0.99956E+00  0.90946E-04 -0.66358E-06  0.99956E+00  0.60804E-05  0.99923E+00 
    3.00  0.39652E+02 -0.11278E-02  0.65679E-06  0.58871E-03  0.99954E+00  0.91832E-04 -0.14956E-05  0.99954E+00  0.12744E-04  0.99919E+00 
    4.00  0.38106E+02 -0.20059E-02  0.11782E-05  0.58943E-03  0.99951E+00  0.93177E-04 -0.26647E-05  0.99951E+00  0.20295E-04  0.99914E+00 
    5.00  0.36212E+02 -0.31361E-02  0.18623E-05  0.59019E-03  0.99947E+00  0.95079E-04 -0.41741E-05  0.99947E+00  0.26889E-04  0.99906E+00 
    6.00  0.34032E+02 -0.45192E-02  0.27197E-05  0.59081E-03  0.99942E+00  0.97651E-04 -0.60258E-05  0.99941E+00  0.30064E-04  0.99897E+00 
    7.00  0.31635E+02 -0.61559E-02  0.37637E-05  0.59106E-03  0.99935E+00  0.10101E-03 -0.82196E-05  0.99934E+00  0.26666E-04  0.99885E+00 
    8.00  0.29093E+02 -0.80471E-02  0.50108E-05  0.59058E-03  0.99927E+00  0.10527E-03 -0.10750E-04  0.99924E+00  0.12770E-04  0.99869E+00 
    9.00  0.26477E+02 -0.10193E-01  0.64809E-05  0.58890E-03  0.99917E+00  0.11050E-03 -0.13605E-04  0.99913E+00 -0.16417E-04  0.99850E+00 
   10.00  0.23856E+02 -0.12595E-01  0.81983E-05  0.58534E-03  0.99905E+00  0.11670E-03 -0.16759E-04  0.99898E+00 -0.66652E-04  0.99826E+00 
   11.00  0.21289E+02 -0.15251E-01  0.10192E-04  0.57897E-03  0.99889E+00  0.12375E-03 -0.20171E-04  0.99879E+00 -0.14476E-03  0.99796E+00 
   12.00  0.18829E+02 -0.18162E-01  0.12497E-04  0.56856E-03  0.99870E+00  0.13138E-03 -0.23775E-04  0.99856E+00 -0.25870E-03  0.99759E+00 
   13.00  0.16518E+02 -0.21324E-01  0.15157E-04  0.55250E-03  0.99847E+00  0.13902E-03 -0.27478E-04  0.99827E+00 -0.41765E-03  0.99714E+00 
   14.00  0.14388E+02 -0.24735E-01  0.18223E-04  0.52873E-03  0.99819E+00  0.14580E-03 -0.31149E-04  0.99792E+00 -0.63195E-03  0.99658E+00 
   15.00  0.12457E+02 -0.28389E-01  0.21755E-04  0.49471E-03  0.99784E+00  0.15037E-03 -0.34614E-04  0.99749E+00 -0.91306E-03  0.99590E+00 
   16.00  0.10736E+02 -0.32282E-01  0.25824E-04  0.44744E-03  0.99742E+00  0.15087E-03 -0.37661E-04  0.99696E+00 -0.12734E-02  0.99507E+00 
   17.00  0.92258E+01 -0.36408E-01  0.30510E-04  0.38363E-03  0.99691E+00  0.14487E-03 -0.40040E-04  0.99632E+00 -0.17259E-02  0.99408E+00 
   18.00  0.79197E+01 -0.40762E-01  0.35897E-04  0.29993E-03  0.99631E+00  0.12935E-03 -0.41493E-04  0.99556E+00 -0.22839E-02  0.99289E+00 
   19.00  0.68049E+01 -0.45344E-01  0.42069E-04  0.19341E-03  0.99560E+00  0.10093E-03 -0.41784E-04  0.99465E+00 -0.29609E-02  0.99150E+00 
   20.00  0.58643E+01 -0.50159E-01  0.49101E-04  0.62168E-04  0.99478E+00  0.56059E-04 -0.40757E-04  0.99358E+00 -0.37698E-02  0.98989E+00 
   21.00  0.50785E+01 -0.55223E-01  0.57049E-04 -0.93929E-04  0.99384E+00 -0.84855E-05 -0.38404E-04  0.99235E+00 -0.47238E-02  0.98804E+00 
   22.00  0.44271E+01 -0.60563E-01  0.65946E-04 -0.27265E-03  0.99281E+00 -0.95164E-04 -0.34922E-04  0.99096E+00 -0.58359E-02  0.98598E+00 
   23.00  0.38899E+01 -0.66219E-01  0.75803E-04 -0.46904E-03  0.99169E+00 -0.20524E-03 -0.30765E-04  0.98939E+00 -0.71199E-02  0.98371E+00 
   24.00  0.34479E+01 -0.72245E-01  0.86618E-04 -0.67545E-03  0.99049E+00 -0.33860E-03 -0.26642E-04  0.98767E+00 -0.85904E-02  0.98125E+00 
   25.00  0.30839E+01 -0.78698E-01  0.98403E-04 -0.88214E-03  0.98925E+00 -0.49377E-03 -0.23480E-04  0.98579E+00 -0.10262E-01  0.97863E+00 
   26.00  0.27833E+01 -0.85640E-01  0.11121E-03 -0.10781E-02  0.98797E+00 -0.66836E-03 -0.22349E-04  0.98377E+00 -0.12147E-01  0.97587E+00 
   27.00  0.25334E+01 -0.93125E-01  0.12516E-03 -0.12522E-02  0.98669E+00 -0.85947E-03 -0.24361E-04  0.98161E+00 -0.14254E-01  0.97300E+00 
   28.00  0.23242E+01 -0.10119E+00  0.14048E-03 -0.13939E-02  0.98541E+00 -0.10642E-02 -0.30570E-04  0.97933E+00 -0.16580E-01  0.97003E+00 
   29.00  0.21475E+01 -0.10987E+00  0.15750E-03 -0.14941E-02  0.98414E+00 -0.12799E-02 -0.41887E-04  0.97693E+00 -0.19110E-01  0.96698E+00 
   30.00  0.19973E+01 -0.11916E+00  0.17667E-03 -0.15455E-02  0.98290E+00 -0.15042E-02 -0.58996E-04  0.97441E+00 -0.21808E-01  0.96385E+00 
   31.00  0.18686E+01 -0.12903E+00  0.19849E-03 -0.15434E-02  0.98169E+00 -0.17348E-02 -0.82296E-04  0.97178E+00 -0.24618E-01  0.96065E+00 
   32.00  0.17578E+01 -0.13945E+00  0.22351E-03 -0.14852E-02  0.98050E+00 -0.19693E-02 -0.11184E-03  0.96905E+00 -0.27462E-01  0.95740E+00 
   33.00  0.16621E+01 -0.15033E+00  0.25221E-03 -0.13716E-02  0.97935E+00 -0.22046E-02 -0.14732E-03  0.96622E+00 -0.30242E-01  0.95409E+00 
   34.00  0.15792E+01 -0.16161E+00  0.28496E-03 -0.12058E-02  0.97823E+00 -0.24365E-02 -0.18798E-03  0.96331E+00 -0.32848E-01  0.95074E+00 
   35.00  0.15072E+01 -0.17317E+00  0.32189E-03 -0.99379E-03  0.97714E+00 -0.26599E-02 -0.23273E-03  0.96032E+00 -0.35163E-01  0.94736E+00 
   36.00  0.14445E+01 -0.18492E+00  0.36286E-03 -0.74395E-03  0.97609E+00 -0.28687E-02 -0.28010E-03  0.95725E+00 -0.37081E-01  0.94394E+00 
   37.00  0.13895E+01 -0.19677E+00  0.40740E-03 -0.46643E-03  0.97507E+00 -0.30559E-02 -0.32837E-03  0.95409E+00 -0.38508E-01  0.94048E+00 
   38.00  0.13409E+01 -0.20864E+00  0.45470E-03 -0.17238E-03  0.97406E+00 -0.32143E-02 -0.37567E-03  0.95085E+00 -0.39375E-01  0.93697E+00 
   39.00  0.12973E+01 -0.22048E+00  0.50365E-03  0.12682E-03  0.97306E+00 -0.33367E-02 -0.42008E-03  0.94749E+00 -0.39642E-01  0.93338E+00 
   40.00  0.12574E+01 -0.23225E+00  0.55292E-03  0.42031E-03  0.97206E+00 -0.34167E-02 -0.45974E-03  0.94399E+00 -0.39298E-01  0.92969E+00 
   41.00  0.12203E+01 -0.24395E+00  0.60103E-03  0.69827E-03  0.97104E+00 -0.34485E-02 -0.49296E-03  0.94033E+00 -0.38358E-01  0.92586E+00 
   42.00  0.11849E+01 -0.25559E+00  0.64647E-03  0.95230E-03  0.96999E+00 -0.34283E-02 -0.51824E-03  0.93645E+00 -0.36861E-01  0.92184E+00 
   43.00  0.11504E+01 -0.26718E+00  0.68780E-03  0.11755E-02  0.96889E+00 -0.33532E-02 -0.53438E-03  0.93233E+00 -0.34860E-01  0.91760E+00 
   44.00  0.11161E+01 -0.27878E+00  0.72371E-03  0.13626E-02  0.96772E+00 -0.32225E-02 -0.54046E-03  0.92792E+00 -0.32422E-01  0.91307E+00 
   45.00  0.10816E+01 -0.29041E+00  0.75316E-03  0.15097E-02  0.96647E+00 -0.30366E-02 -0.53588E-03  0.92317E+00 -0.29615E-01  0.90822E+00 
   46.00  0.10465E+01 -0.30212E+00  0.77539E-03  0.16142E-02  0.96513E+00 -0.27978E-02 -0.52040E-03  0.91804E+00 -0.26513E-01  0.90299E+00 
   47.00  0.10106E+01 -0.31394E+00  0.78997E-03  0.16748E-02  0.96367E+00 -0.25096E-02 -0.49412E-03  0.91248E+00 -0.23185E-01  0.89733E+00 
   48.00  0.97387E+00 -0.32593E+00  0.79684E-03  0.16912E-02  0.96209E+00 -0.21767E-02 -0.45755E-03  0.90646E+00 -0.19697E-01  0.89120E+00 
   49.00  0.93634E+00 -0.33809E+00  0.79623E-03  0.16642E-02  0.96037E+00 -0.18049E-02 -0.41160E-03  0.89994E+00 -0.16110E-01  0.88456E+00 
   50.00  0.89814E+00 -0.35045E+00  0.78873E-03  0.15958E-02  0.95851E+00 -0.14003E-02 -0.35760E-03  0.89288E+00 -0.12481E-01  0.87736E+00 
   51.00  0.85948E+00 -0.36300E+00  0.77509E-03  0.14891E-02  0.95648E+00 -0.96977E-03 -0.29734E-03  0.88524E+00 -0.88588E-02  0.86957E+00 
   52.00  0.82062E+00 -0.37576E+00  0.75623E-03  0.13483E-02  0.95428E+00 -0.52007E-03 -0.23305E-03  0.87701E+00 -0.52903E-02  0.86117E+00 
   53.00  0.78184E+00 -0.38869E+00  0.73304E-03  0.11792E-02  0.95192E+00 -0.57838E-04 -0.16740E-03  0.86815E+00 -0.18168E-02  0.85211E+00 
   54.00  0.74345E+00 -0.40178E+00  0.70627E-03  0.98861E-03  0.94937E+00  0.41073E-03 -0.10343E-03  0.85865E+00  0.15227E-02  0.84240E+00 
   55.00  0.70576E+00 -0.41500E+00  0.67635E-03  0.78498E-03  0.94665E+00  0.88006E-03 -0.44527E-04  0.84849E+00  0.46905E-02  0.83200E+00 
   56.00  0.66906E+00 -0.42830E+00  0.64326E-03  0.57791E-03  0.94375E+00  0.13453E-02  0.57372E-05  0.83767E+00  0.76493E-02  0.82093E+00 
   57.00  0.63363E+00 -0.44164E+00  0.60636E-03  0.37807E-03  0.94068E+00  0.18025E-02  0.43722E-04  0.82619E+00  0.10360E-01  0.80917E+00 
   58.00  0.59970E+00 -0.45499E+00  0.56432E-03  0.19681E-03  0.93746E+00  0.22482E-02  0.65935E-04  0.81405E+00  0.12783E-01  0.79674E+00 
   59.00  0.56749E+00 -0.46830E+00  0.51508E-03  0.45611E-04  0.93410E+00  0.26797E-02  0.69274E-04  0.80125E+00  0.14873E-01  0.78364E+00 
   60.00  0.53716E+00 -0.48155E+00  0.45594E-03 -0.64636E-04  0.93061E+00  0.30947E-02  0.51307E-04  0.78781E+00  0.16587E-01  0.76990E+00 
   61.00  0.50881E+00 -0.49470E+00  0.38370E-03 -0.12447E-03  0.92703E+00  0.34908E-02  0.10557E-04  0.77374E+00  0.17880E-01  0.75552E+00 
   62.00  0.48252E+00 -0.50774E+00  0.29497E-03 -0.12678E-03  0.92337E+00  0.38654E-02 -0.53211E-04  0.75904E+00  0.18706E-01  0.74053E+00 
   63.00  0.45831E+00 -0.52068E+00  0.18653E-03 -0.67732E-04  0.91966E+00  0.42152E-02 -0.13876E-03  0.74374E+00  0.19030E-01  0.72495E+00 
   64.00  0.43618E+00 -0.53352E+00  0.55789E-04  0.52494E-04  0.91593E+00  0.45363E-02 -0.24326E-03  0.72784E+00  0.18824E-01  0.70878E+00 
   65.00  0.41605E+00 -0.54627E+00 -0.98764E-04  0.22922E-03  0.91221E+00  0.48238E-02 -0.36222E-03  0.71135E+00  0.18073E-01  0.69205E+00 
   66.00  0.39785E+00 -0.55897E+00 -0.27715E-03  0.45318E-03  0.90850E+00  0.50721E-02 -0.48966E-03  0.69428E+00  0.16786E-01  0.67477E+00 
   67.00  0.38146E+00 -0.57163E+00 -0.47760E-03  0.71089E-03  0.90484E+00  0.52752E-02 -0.61837E-03  0.67662E+00  0.14989E-01  0.65693E+00 
   68.00  0.36674E+00 -0.58428E+00 -0.69648E-03  0.98547E-03  0.90124E+00  0.54274E-02 -0.74028E-03  0.65838E+00  0.12736E-01  0.63856E+00 
   69.00  0.35354E+00 -0.59692E+00 -0.92832E-03  0.12578E-02  0.89770E+00  0.55234E-02 -0.84700E-03  0.63956E+00  0.10103E-01  0.61966E+00 
   70.00  0.34169E+00 -0.60954E+00 -0.11661E-02  0.15082E-02  0.89422E+00  0.55595E-02 -0.93030E-03  0.62018E+00  0.71881E-02  0.60025E+00 
   71.00  0.33103E+00 -0.62214E+00 -0.14020E-02  0.17177E-02  0.89080E+00  0.55340E-02 -0.98268E-03  0.60023E+00  0.41059E-02  0.58034E+00 
   72.00  0.32139E+00 -0.63466E+00 -0.16273E-02  0.18695E-02  0.88745E+00  0.54475E-02 -0.99778E-03  0.57975E+00  0.98100E-03  0.55996E+00 
   73.00  0.31260E+00 -0.64706E+00 -0.18338E-02  0.19507E-02  0.88414E+00  0.53036E-02 -0.97077E-03  0.55875E+00 -0.20585E-02  0.53914E+00 
   74.00  0.30452E+00 -0.65926E+00 -0.20138E-02  0.19524E-02  0.88089E+00  0.51084E-02 -0.89854E-03  0.53725E+00 -0.48893E-02  0.51791E+00 
   75.00  0.29699E+00 -0.67120E+00 -0.21611E-02  0.18709E-02  0.87766E+00  0.48710E-02 -0.77991E-03  0.51530E+00 -0.73994E-02  0.49632E+00 
   76.00  0.28989E+00 -0.68277E+00 -0.22708E-02  0.17074E-02  0.87446E+00  0.46028E-02 -0.61557E-03  0.49293E+00 -0.94949E-02  0.47441E+00 
   77.00  0.28312E+00 -0.69388E+00 -0.23402E-02  0.14681E-02  0.87128E+00  0.43172E-02 -0.40812E-03  0.47018E+00 -0.11105E-01  0.45223E+00 
   78.00  0.27656E+00 -0.70446E+00 -0.23682E-02  0.11635E-02  0.86812E+00  0.40287E-02 -0.16192E-03  0.44708E+00 -0.12183E-01  0.42982E+00 
   79.00  0.27015E+00 -0.71440E+00 -0.23559E-02  0.80815E-03  0.86496E+00  0.37529E-02  0.11698E-03  0.42368E+00 -0.12715E-01  0.40723E+00 
   80.00  0.26384E+00 -0.72364E+00 -0.23062E-02  0.41967E-03  0.86180E+00  0.35054E-02  0.42097E-03  0.40002E+00 -0.12710E-01  0.38449E+00 
   81.00  0.25758E+00 -0.73209E+00 -0.22236E-02  0.18102E-04  0.85865E+00  0.33014E-02  0.74105E-03  0.37614E+00 -0.12210E-01  0.36165E+00 
   82.00  0.25137E+00 -0.73970E+00 -0.21143E-02 -0.37491E-03  0.85550E+00  0.31549E-02  0.10669E-02  0.35205E+00 -0.11279E-01  0.33872E+00 
   83.00  0.24519E+00 -0.74643E+00 -0.19854E-02 -0.73692E-03  0.85237E+00  0.30787E-02  0.13872E-02  0.32779E+00 -0.10008E-01  0.31573E+00 
   84.00  0.23906E+00 -0.75225E+00 -0.18452E-02 -0.10455E-02  0.84925E+00  0.30830E-02  0.16896E-02  0.30338E+00 -0.85045E-02  0.29268E+00 
   85.00  0.23302E+00 -0.75714E+00 -0.17023E-02 -0.12793E-02  0.84618E+00  0.31758E-02  0.19611E-02  0.27883E+00 -0.68901E-02  0.26959E+00 
   86.00  0.22709E+00 -0.76112E+00 -0.15661E-02 -0.14185E-02  0.84316E+00  0.33616E-02  0.21886E-02  0.25414E+00 -0.52952E-02  0.24643E+00 
   87.00  0.22132E+00 -0.76420E+00 -0.14458E-02 -0.14463E-02  0.84022E+00  0.36417E-02  0.23591E-02  0.22932E+00 -0.38517E-02  0.22320E+00 
   88.00  0.21576E+00 -0.76643E+00 -0.13504E-02 -0.13497E-02  0.83738E+00  0.40134E-02  0.24603E-02  0.20436E+00 -0.26850E-02  0.19987E+00 
   89.00  0.21046E+00 -0.76784E+00 -0.12881E-02 -0.11201E-02  0.83468E+00  0.44701E-02  0.24815E-02  0.17924E+00 -0.19069E-02  0.17641E+00 
   90.00  0.20545E+00 -0.76852E+00 -0.12663E-02 -0.75446E-03  0.83214E+00  0.50013E-02  0.24137E-02  0.15394E+00 -0.16077E-02  0.15276E+00 
   91.00  0.20079E+00 -0.76851E+00 -0.12911E-02 -0.25566E-03  0.82980E+00  0.55926E-02  0.22512E-02  0.12843E+00 -0.18495E-02  0.12890E+00 
   92.00  0.19649E+00 -0.76791E+00 -0.13667E-02  0.36715E-03  0.82769E+00  0.62265E-02  0.19914E-02  0.10270E+00 -0.26609E-02  0.10477E+00 
   93.00  0.19259E+00 -0.76676E+00 -0.14958E-02  0.10988E-02  0.82584E+00  0.68831E-02  0.16358E-02  0.76707E-01 -0.40338E-02  0.80341E-01 
   94.00  0.18911E+00 -0.76514E+00 -0.16786E-02  0.19186E-02  0.82427E+00  0.75409E-02  0.11898E-02  0.50443E-01 -0.59237E-02  0.55576E-01 
   95.00  0.18603E+00 -0.76307E+00 -0.19135E-02  0.28016E-02  0.82299E+00  0.81782E-02  0.66311E-03  0.23892E-01 -0.82523E-02  0.30457E-01 
   96.00  0.18336E+00 -0.76060E+00 -0.21969E-02  0.37197E-02  0.82200E+00  0.87742E-02  0.68803E-04 -0.29483E-02 -0.10913E-01  0.49812E-02 
   97.00  0.18109E+00 -0.75772E+00 -0.25233E-02  0.46436E-02  0.82131E+00  0.93102E-02 -0.57707E-03 -0.30065E-01 -0.13782E-01 -0.20836E-01 
   98.00  0.17917E+00 -0.75442E+00 -0.28857E-02  0.55443E-02  0.82091E+00  0.97705E-02 -0.12565E-02 -0.57433E-01 -0.16722E-01 -0.46961E-01 
   99.00  0.17759E+00 -0.75066E+00 -0.32760E-02  0.63949E-02  0.82075E+00  0.10143E-01 -0.19506E-02 -0.85010E-01 -0.19599E-01 -0.73341E-01 
  100.00  0.17630E+00 -0.74640E+00 -0.36855E-02  0.71719E-02  0.82083E+00  0.10420E-01 -0.26409E-02 -0.11274E+00 -0.22291E-01 -0.99902E-01 
  101.00  0.17525E+00 -0.74157E+00 -0.41051E-02  0.78561E-02  0.82109E+00  0.10597E-01 -0.33098E-02 -0.14056E+00 -0.24692E-01 -0.12656E+00 
  102.00  0.17441E+00 -0.73612E+00 -0.45257E-02  0.84333E-02  0.82151E+00  0.10674E-01 -0.39420E-02 -0.16838E+00 -0.26721E-01 -0.15322E+00 
  103.00  0.17372E+00 -0.72997E+00 -0.49384E-02  0.88944E-02  0.82204E+00  0.10654E-01 -0.45249E-02 -0.19612E+00 -0.28324E-01 -0.17977E+00 
  104.00  0.17315E+00 -0.72307E+00 -0.53349E-02  0.92351E-02  0.82264E+00  0.10544E-01 -0.50489E-02 -0.22370E+00 -0.29477E-01 -0.20612E+00 
  105.00  0.17265E+00 -0.71537E+00 -0.57076E-02  0.94554E-02  0.82328E+00  0.10350E-01 -0.55073E-02 -0.25102E+00 -0.30182E-01 -0.23214E+00 
  106.00  0.17219E+00 -0.70683E+00 -0.60493E-02  0.95592E-02  0.82391E+00  0.10083E-01 -0.58968E-02 -0.27799E+00 -0.30466E-01 -0.25774E+00 
  107.00  0.17172E+00 -0.69741E+00 -0.63539E-02  0.95534E-02  0.82452E+00  0.97519E-02 -0.62169E-02 -0.30453E+00 -0.30374E-01 -0.28281E+00 
  108.00  0.17124E+00 -0.68712E+00 -0.66158E-02  0.94469E-02  0.82508E+00  0.93674E-02 -0.64694E-02 -0.33055E+00 -0.29970E-01 -0.30728E+00 
  109.00  0.17071E+00 -0.67595E+00 -0.68304E-02  0.92506E-02  0.82556E+00  0.89397E-02 -0.66585E-02 -0.35598E+00 -0.29327E-01 -0.33106E+00 
  110.00  0.17013E+00 -0.66394E+00 -0.69936E-02  0.89758E-02  0.82595E+00  0.84788E-02 -0.67900E-02 -0.38077E+00 -0.28527E-01 -0.35407E+00 
  111.00  0.16949E+00 -0.65111E+00 -0.71024E-02  0.86346E-02  0.82625E+00  0.79938E-02 -0.68712E-02 -0.40485E+00 -0.27649E-01 -0.37628E+00 
  112.00  0.16878E+00 -0.63751E+00 -0.71545E-02  0.82388E-02  0.82646E+00  0.74934E-02 -0.69100E-02 -0.42817E+00 -0.26776E-01 -0.39762E+00 
  113.00  0.16803E+00 -0.62321E+00 -0.71486E-02  0.77999E-02  0.82656E+00  0.69856E-02 -0.69151E-02 -0.45071E+00 -0.25981E-01 -0.41807E+00 
  114.00  0.16722E+00 -0.60828E+00 -0.70844E-02  0.73287E-02  0.82657E+00  0.64773E-02 -0.68950E-02 -0.47243E+00 -0.25330E-01 -0.43760E+00 
  115.00  0.16638E+00 -0.59279E+00 -0.69628E-02  0.68350E-02  0.82650E+00  0.59749E-02 -0.68582E-02 -0.49331E+00 -0.24879E-01 -0.45620E+00 
  116.00  0.16553E+00 -0.57684E+00 -0.67855E-02  0.63277E-02  0.82636E+00  0.54839E-02 -0.68126E-02 -0.51334E+00 -0.24671E-01 -0.47388E+00 
  117.00  0.16467E+00 -0.56051E+00 -0.65557E-02  0.58147E-02  0.82617E+00  0.50091E-02 -0.67652E-02 -0.53253E+00 -0.24734E-01 -0.49065E+00 
  118.00  0.16384E+00 -0.54389E+00 -0.62776E-02  0.53025E-02  0.82594E+00  0.45547E-02 -0.67222E-02 -0.55087E+00 -0.25082E-01 -0.50652E+00 
  119.00  0.16304E+00 -0.52706E+00 -0.59564E-02  0.47964E-02  0.82570E+00  0.41239E-02 -0.66884E-02 -0.56839E+00 -0.25716E-01 -0.52151E+00 
  120.00  0.16231E+00 -0.51013E+00 -0.55984E-02  0.43009E-02  0.82546E+00  0.37194E-02 -0.66671E-02 -0.58509E+00 -0.26621E-01 -0.53567E+00 
  121.00  0.16165E+00 -0.49316E+00 -0.52107E-02  0.38190E-02  0.82525E+00  0.33431E-02 -0.66604E-02 -0.60100E+00 -0.27772E-01 -0.54903E+00 
  122.00  0.16108E+00 -0.47623E+00 -0.48010E-02  0.33530E-02  0.82509E+00  0.29962E-02 -0.66690E-02 -0.61615E+00 -0.29130E-01 -0.56163E+00 
  123.00  0.16062E+00 -0.45940E+00 -0.43775E-02  0.29039E-02  0.82500E+00  0.26795E-02 -0.66920E-02 -0.63057E+00 -0.30651E-01 -0.57353E+00 
  124.00  0.16027E+00 -0.44274E+00 -0.39482E-02  0.24723E-02  0.82499E+00  0.23929E-02 -0.67276E-02 -0.64429E+00 -0.32284E-01 -0.58475E+00 
  125.00  0.16005E+00 -0.42629E+00 -0.35211E-02  0.20580E-02  0.82510E+00  0.21357E-02 -0.67728E-02 -0.65734E+00 -0.33973E-01 -0.59536E+00 
  126.00  0.15996E+00 -0.41008E+00 -0.31037E-02  0.16601E-02  0.82532E+00  0.19070E-02 -0.68238E-02 -0.66974E+00 -0.35664E-01 -0.60539E+00 
  127.00  0.16000E+00 -0.39415E+00 -0.27027E-02  0.12775E-02  0.82567E+00  0.17051E-02 -0.68764E-02 -0.68155E+00 -0.37305E-01 -0.61489E+00 
  128.00  0.16018E+00 -0.37851E+00 -0.23239E-02  0.90899E-03  0.82617E+00  0.15283E-02 -0.69259E-02 -0.69277E+00 -0.38846E-01 -0.62389E+00 
  129.00  0.16050E+00 -0.36317E+00 -0.19719E-02  0.55306E-03  0.82681E+00  0.13743E-02 -0.69680E-02 -0.70344E+00 -0.40247E-01 -0.63244E+00 
  130.00  0.16094E+00 -0.34814E+00 -0.16500E-02  0.20831E-03  0.82760E+00  0.12409E-02 -0.69981E-02 -0.71360E+00 -0.41473E-01 -0.64056E+00 
  131.00  0.16152E+00 -0.33342E+00 -0.13605E-02 -0.12657E-03  0.82853E+00  0.11258E-02 -0.70127E-02 -0.72325E+00 -0.42497E-01 -0.64829E+00 
  132.00  0.16221E+00 -0.31900E+00 -0.11042E-02 -0.45271E-03  0.82961E+00  0.10267E-02 -0.70084E-02 -0.73244E+00 -0.43303E-01 -0.65566E+00 
  133.00  0.16302E+00 -0.30487E+00 -0.88077E-03 -0.77100E-03  0.83083E+00  0.94120E-03 -0.69829E-02 -0.74117E+00 -0.43882E-01 -0.66269E+00 
  134.00  0.16393E+00 -0.29102E+00 -0.68899E-03 -0.10821E-02  0.83217E+00  0.86736E-03 -0.69344E-02 -0.74948E+00 -0.44232E-01 -0.66939E+00 
  135.00  0.16494E+00 -0.27744E+00 -0.52666E-03 -0.13864E-02  0.83363E+00  0.80328E-03 -0.68623E-02 -0.75738E+00 -0.44360E-01 -0.67579E+00 
  136.00  0.16604E+00 -0.26412E+00 -0.39090E-03 -0.16841E-02  0.83520E+00  0.74731E-03 -0.67665E-02 -0.76488E+00 -0.44279E-01 -0.68190E+00 
  137.00  0.16721E+00 -0.25105E+00 -0.27833E-03 -0.19750E-02  0.83686E+00  0.69803E-03 -0.66478E-02 -0.77202E+00 -0.44004E-01 -0.68773E+00 
  138.00  0.16846E+00 -0.23822E+00 -0.18523E-03 -0.22589E-02  0.83860E+00  0.65427E-03 -0.65076E-02 -0.77879E+00 -0.43555E-01 -0.69330E+00 
  139.00  0.16978E+00 -0.22563E+00 -0.10775E-03 -0.25352E-02  0.84040E+00  0.61507E-03 -0.63477E-02 -0.78523E+00 -0.42956E-01 -0.69862E+00 
  140.00  0.17115E+00 -0.21328E+00 -0.42053E-04 -0.28034E-02  0.84224E+00  0.57967E-03 -0.61706E-02 -0.79134E+00 -0.42229E-01 -0.70368E+00 
  141.00  0.17258E+00 -0.20116E+00  0.15534E-04 -0.30627E-02  0.84412E+00  0.54748E-03 -0.59789E-02 -0.79714E+00 -0.41397E-01 -0.70849E+00 
  142.00  0.17405E+00 -0.18927E+00  0.68407E-04 -0.33121E-02  0.84600E+00  0.51803E-03 -0.57752E-02 -0.80263E+00 -0.40482E-01 -0.71307E+00 
  143.00  0.17557E+00 -0.17763E+00  0.11958E-03 -0.35507E-02  0.84788E+00  0.49096E-03 -0.55623E-02 -0.80784E+00 -0.39505E-01 -0.71740E+00 
  144.00  0.17713E+00 -0.16623E+00  0.17161E-03 -0.37776E-02  0.84974E+00  0.46598E-03 -0.53430E-02 -0.81277E+00 -0.38485E-01 -0.72148E+00 
  145.00  0.17873E+00 -0.15508E+00  0.22655E-03 -0.39916E-02  0.85157E+00  0.44282E-03 -0.51197E-02 -0.81743E+00 -0.37438E-01 -0.72532E+00 
  146.00  0.18037E+00 -0.14420E+00  0.28588E-03 -0.41916E-02  0.85333E+00  0.42125E-03 -0.48946E-02 -0.82182E+00 -0.36375E-01 -0.72890E+00 
  147.00  0.18204E+00 -0.13359E+00  0.35055E-03 -0.43764E-02  0.85503E+00  0.40102E-03 -0.46696E-02 -0.82596E+00 -0.35309E-01 -0.73222E+00 
  148.00  0.18375E+00 -0.12328E+00  0.42092E-03 -0.45451E-02  0.85664E+00  0.38190E-03 -0.44464E-02 -0.82984E+00 -0.34246E-01 -0.73527E+00 
  149.00  0.18551E+00 -0.11328E+00  0.49681E-03 -0.46964E-02  0.85816E+00  0.36361E-03 -0.42260E-02 -0.83347E+00 -0.33190E-01 -0.73805E+00 
  150.00  0.18730E+00 -0.10360E+00  0.57754E-03 -0.48293E-02  0.85955E+00  0.34589E-03 -0.40094E-02 -0.83686E+00 -0.32145E-01 -0.74053E+00 
  151.00  0.18914E+00 -0.94265E-01  0.66194E-03 -0.49428E-02  0.86083E+00  0.32849E-03 -0.37969E-02 -0.84000E+00 -0.31110E-01 -0.74271E+00 
  152.00  0.19103E+00 -0.85295E-01  0.74845E-03 -0.50361E-02  0.86196E+00  0.31113E-03 -0.35888E-02 -0.84290E+00 -0.30083E-01 -0.74457E+00 
  153.00  0.19296E+00 -0.76708E-01  0.83517E-03 -0.51084E-02  0.86295E+00  0.29362E-03 -0.33850E-02 -0.84556E+00 -0.29060E-01 -0.74611E+00 
  154.00  0.19495E+00 -0.68523E-01  0.91994E-03 -0.51590E-02  0.86378E+00  0.27578E-03 -0.31851E-02 -0.84797E+00 -0.28036E-01 -0.74731E+00 
  155.00  0.19699E+00 -0.60761E-01  0.10005E-02 -0.51874E-02  0.86444E+00  0.25748E-03 -0.29889E-02 -0.85014E+00 -0.27004E-01 -0.74817E+00 
  156.00  0.19908E+00 -0.53440E-01  0.10743E-02 -0.51935E-02  0.86495E+00  0.23868E-03 -0.27960E-02 -0.85207E+00 -0.25959E-01 -0.74867E+00 
  157.00  0.20123E+00 -0.46577E-01  0.11393E-02 -0.51771E-02  0.86528E+00  0.21940E-03 -0.26059E-02 -0.85376E+00 -0.24894E-01 -0.74881E+00 
  158.00  0.20343E+00 -0.40188E-01  0.11930E-02 -0.51384E-02  0.86545E+00  0.19975E-03 -0.24185E-02 -0.85521E+00 -0.23801E-01 -0.74858E+00 
  159.00  0.20569E+00 -0.34287E-01  0.12337E-02 -0.50778E-02  0.86545E+00  0.17989E-03 -0.22336E-02 -0.85642E+00 -0.22675E-01 -0.74799E+00 
  160.00  0.20800E+00 -0.28883E-01  0.12597E-02 -0.49959E-02  0.86529E+00  0.16004E-03 -0.20513E-02 -0.85741E+00 -0.21510E-01 -0.74705E+00 
  161.00  0.21036E+00 -0.23982E-01  0.12698E-02 -0.48935E-02  0.86498E+00  0.14047E-03 -0.18721E-02 -0.85818E+00 -0.20304E-01 -0.74575E+00 
  162.00  0.21276E+00 -0.19588E-01  0.12633E-02 -0.47720E-02  0.86453E+00  0.12146E-03 -0.16963E-02 -0.85872E+00 -0.19053E-01 -0.74412E+00 
  163.00  0.21520E+00 -0.15697E-01  0.12400E-02 -0.46328E-02  0.86396E+00  0.10331E-03 -0.15248E-02 -0.85906E+00 -0.17759E-01 -0.74218E+00 
  164.00  0.21766E+00 -0.12300E-01  0.12001E-02 -0.44777E-02  0.86327E+00  0.86297E-04 -0.13585E-02 -0.85921E+00 -0.16424E-01 -0.73995E+00 
  165.00  0.22013E+00 -0.93839E-02  0.11447E-02 -0.43088E-02  0.86248E+00  0.70652E-04 -0.11984E-02 -0.85917E+00 -0.15052E-01 -0.73746E+00 
  166.00  0.22261E+00 -0.69273E-02  0.10750E-02 -0.41285E-02  0.86161E+00  0.56570E-04 -0.10455E-02 -0.85898E+00 -0.13654E-01 -0.73476E+00 
  167.00  0.22506E+00 -0.49044E-02  0.99295E-03 -0.39395E-02  0.86069E+00  0.44180E-04 -0.90097E-03 -0.85863E+00 -0.12238E-01 -0.73189E+00 
  168.00  0.22748E+00 -0.32831E-02  0.90079E-03 -0.37449E-02  0.85973E+00  0.33546E-04 -0.76567E-03 -0.85817E+00 -0.10818E-01 -0.72890E+00 
  169.00  0.22983E+00 -0.20265E-02  0.80111E-03 -0.35478E-02  0.85875E+00  0.24664E-04 -0.64049E-03 -0.85760E+00 -0.94095E-02 -0.72584E+00 
  170.00  0.23210E+00 -0.10934E-02  0.69673E-03 -0.33516E-02  0.85778E+00  0.17468E-04 -0.52611E-03 -0.85696E+00 -0.80306E-02 -0.72278E+00 
  171.00  0.23427E+00 -0.43946E-03  0.59062E-03 -0.31599E-02  0.85683E+00  0.11835E-04 -0.42301E-03 -0.85628E+00 -0.67001E-02 -0.71976E+00 
  172.00  0.23630E+00 -0.18498E-04  0.48578E-03 -0.29763E-02  0.85593E+00  0.75995E-05 -0.33145E-03 -0.85557E+00 -0.54380E-02 -0.71686E+00 
  173.00  0.23816E+00  0.21617E-03  0.38516E-03 -0.28042E-02  0.85508E+00  0.45646E-05 -0.25153E-03 -0.85487E+00 -0.42645E-02 -0.71414E+00 
  174.00  0.23984E+00  0.31021E-03  0.29158E-03 -0.26472E-02  0.85432E+00  0.25155E-05 -0.18316E-03 -0.85420E+00 -0.31996E-02 -0.71164E+00 
  175.00  0.24131E+00  0.30683E-03  0.20763E-03 -0.25082E-02  0.85364E+00  0.12342E-05 -0.12611E-03 -0.85358E+00 -0.22621E-02 -0.70943E+00 
  176.00  0.24255E+00  0.24532E-03  0.13562E-03 -0.23903E-02  0.85307E+00  0.51260E-06 -0.80089E-04 -0.85305E+00 -0.14692E-02 -0.70755E+00 
  177.00  0.24353E+00  0.15979E-03  0.77494E-04 -0.22959E-02  0.85262E+00  0.16393E-06 -0.44759E-04 -0.85261E+00 -0.83603E-03 -0.70604E+00 
  178.00  0.24425E+00  0.78031E-04  0.34828E-04 -0.22270E-02  0.85229E+00  0.32626E-07 -0.19795E-04 -0.85229E+00 -0.37465E-03 -0.70494E+00 
  179.00  0.24468E+00  0.20569E-04  0.87653E-05 -0.21850E-02  0.85209E+00  0.20483E-08 -0.49338E-05 -0.85209E+00 -0.94129E-04 -0.70427E+00 
  180.00  0.24483E+00  0.51859E-15  0.21772E-15 -0.21709E-02  0.85202E+00  0.12600E-29 -0.12215E-15 -0.85202E+00 -0.23368E-14 -0.70405E+00 
 scattering matrix expansion coefficients
    w  a11         a22         a33         a23         a32         a44         a12         a34         a13         a24         a14
    0  0.1000E+01  0.0000E+00  0.0000E+00  0.0000E+00  0.0000E+00  0.8123E+00  0.0000E+00  0.0000E+00  0.0000E+00  0.0000E+00  0.4611E-03
    1  0.2204E+01  0.0000E+00  0.0000E+00  0.0000E+00  0.0000E+00  0.2345E+01  0.0000E+00  0.0000E+00  0.0000E+00  0.0000E+00  0.7228E-03
    2  0.3037E+01  0.2009E+00  0.3891E+01  0.1918E-05 -0.3477E-03  0.3014E+01 -0.3351E+00 -0.9794E-02 -0.7342E-03 -0.7943E-03  0.1603E-04
    3  0.3391E+01  0.3479E-01  0.3874E+01 -0.1736E-05 -0.2627E-02  0.3417E+01 -0.2148E+00 -0.6817E-02  0.8850E-03  0.9182E-03  0.2016E-02
    4  0.3630E+01  0.3208E-01  0.3949E+01  0.2445E-05  0.1612E-02  0.3623E+01 -0.1589E+00 -0.2654E-01  0.7569E-03 -0.1154E-02  0.1426E-02
    5  0.3719E+01  0.6853E-02  0.3969E+01 -0.1292E-05  0.2228E-02  0.3735E+01 -0.1167E+00 -0.2698E-01 -0.6001E-04 -0.1863E-03  0.1485E-02
    6  0.3735E+01  0.1546E-01  0.3929E+01  0.1198E-06  0.2599E-02  0.3724E+01 -0.6784E-01 -0.2785E-01  0.5160E-03  0.3156E-03  0.3677E-02
    7  0.3600E+01  0.7230E-03  0.3788E+01 -0.8119E-07  0.2401E-02  0.3605E+01 -0.4659E-01 -0.1257E-01 -0.3186E-03  0.7763E-04  0.3857E-02
    8  0.3337E+01  0.1295E-02  0.3512E+01  0.1869E-06 -0.7619E-04  0.3341E+01 -0.4625E-01  0.2047E-02 -0.5826E-03 -0.4619E-03  0.3087E-02
    9  0.2959E+01  0.3813E-02  0.3116E+01 -0.2281E-07 -0.1699E-02  0.2954E+01 -0.5839E-01  0.1336E-01  0.1916E-03  0.7683E-04  0.2930E-02
   10  0.2517E+01  0.6064E-04  0.2653E+01  0.8743E-06 -0.7325E-03  0.2517E+01 -0.7623E-01  0.1425E-01  0.4898E-03  0.5877E-03  0.2855E-02
   11  0.2070E+01 -0.4886E-02  0.2185E+01 -0.3746E-07  0.7173E-04  0.2084E+01 -0.9263E-01  0.5417E-02 -0.1771E-03 -0.8598E-04  0.1005E-02
   12  0.1686E+01  0.2505E-02  0.1768E+01  0.6209E-07  0.1981E-04  0.1687E+01 -0.7768E-01 -0.4255E-02  0.2164E-05 -0.6562E-03 -0.4112E-03
   13  0.1354E+01  0.3661E-02  0.1413E+01  0.5405E-06  0.5786E-04  0.1348E+01 -0.5599E-01 -0.3200E-02  0.1359E-03 -0.2795E-03 -0.2488E-03
   14  0.1058E+01  0.1183E-03  0.1106E+01  0.4631E-06  0.2520E-03  0.1057E+01 -0.4774E-01 -0.1399E-02  0.1373E-03 -0.9123E-05  0.3810E-03
   15  0.7973E+00 -0.1078E-02  0.8369E+00  0.3022E-06  0.1198E-03  0.7999E+00 -0.4519E-01 -0.1741E-02  0.1023E-04 -0.3940E-04  0.4367E-03
   16  0.5801E+00  0.2812E-03  0.6090E+00  0.2173E-06 -0.1492E-03  0.5807E+00 -0.3763E-01 -0.9310E-03 -0.7610E-04 -0.2577E-04  0.2568E-03
   17  0.4048E+00  0.5491E-03  0.4254E+00  0.1970E-06 -0.2510E-03  0.4045E+00 -0.2930E-01  0.1353E-02 -0.6396E-04 -0.1634E-04  0.1464E-03
   18  0.2697E+00  0.4256E-03  0.2840E+00  0.1023E-06 -0.1278E-03  0.2695E+00 -0.2269E-01  0.2403E-02  0.1307E-04 -0.1989E-04  0.1271E-03
   19  0.1709E+00  0.3519E-03  0.1803E+00  0.5550E-07  0.3505E-04  0.1708E+00 -0.1730E-01  0.2119E-02  0.4674E-04 -0.2826E-04  0.1093E-03
   20  0.1027E+00  0.3539E-03  0.1086E+00  0.2153E-07  0.1152E-03  0.1026E+00 -0.1247E-01  0.1399E-02  0.3317E-04 -0.1653E-04  0.8536E-04
   21  0.5815E-01  0.2536E-03  0.6168E-01  0.1586E-07  0.1142E-03  0.5813E-01 -0.8599E-02  0.8702E-03  0.1108E-04 -0.7520E-05  0.5436E-04
   22  0.3073E-01  0.1767E-03  0.3270E-01  0.8651E-08  0.7758E-04  0.3070E-01 -0.5657E-02  0.5218E-03 -0.1318E-05 -0.1537E-05  0.3034E-04
   23  0.1498E-01  0.1290E-03  0.1597E-01  0.4056E-08  0.4166E-04  0.1492E-01 -0.3486E-02  0.2950E-03 -0.4018E-05 -0.4356E-06  0.1318E-04
   24  0.6678E-02  0.9968E-04  0.7118E-02  0.6698E-09  0.1851E-04  0.6592E-02 -0.1941E-02  0.1450E-03 -0.2959E-05  0.7208E-07  0.5099E-05
   25  0.2707E-02  0.6682E-04  0.2873E-02 -0.3720E-09  0.7162E-05  0.2630E-02 -0.9593E-03  0.6263E-04 -0.1496E-05 -0.4001E-07  0.1579E-05
   26  0.9958E-03  0.3790E-04  0.1048E-02 -0.4359E-09  0.2383E-05  0.9459E-03 -0.4171E-03  0.2356E-04 -0.6110E-06 -0.1347E-07  0.4587E-06
   27  0.3325E-03  0.1792E-04  0.3461E-03 -0.2085E-09  0.7055E-06  0.3069E-03 -0.1602E-03  0.7783E-05 -0.2035E-06 -0.1665E-07  0.1070E-06
   28  0.1008E-03  0.7272E-05  0.1034E-03 -0.6292E-10  0.1836E-06  0.8988E-04 -0.5451E-04  0.2205E-05 -0.6058E-07 -0.2749E-08  0.2094E-07
   29  0.2771E-04  0.2539E-05  0.2796E-04 -0.1439E-10  0.4320E-07  0.2375E-04 -0.1651E-04  0.5529E-06 -0.1533E-07 -0.1608E-08  0.4051E-08
   30  0.6897E-05  0.7737E-06  0.6831E-05 -0.2159E-11  0.8718E-08  0.5658E-05 -0.4451E-05  0.1189E-06 -0.3390E-08 -0.2925E-09  0.7507E-09
   31  0.1546E-05  0.2055E-06  0.1501E-05 -0.3394E-12  0.1578E-08  0.1210E-05 -0.1068E-05  0.2267E-07 -0.6163E-09 -0.7176E-10  0.1083E-09
   32  0.3119E-06  0.4761E-07  0.2969E-06 -0.6554E-13  0.2451E-09  0.2327E-06 -0.2274E-06  0.4012E-08 -0.1047E-09 -0.2481E-10  0.4015E-10
   33  0.5608E-07  0.9672E-08  0.5228E-07 -0.2413E-13  0.3583E-10  0.3975E-07 -0.4292E-07  0.5620E-09 -0.1374E-10 -0.2629E-11  0.3457E-11
   34  0.9183E-08  0.1730E-08  0.8412E-08 -0.4795E-14  0.3778E-11  0.6226E-08 -0.7271E-08  0.1003E-09 -0.1803E-11 -0.8705E-12  0.1327E-11
   35  0.1266E-08  0.2616E-09  0.1134E-08 -0.1026E-14  0.5068E-12  0.8148E-09 -0.1039E-08  0.9216E-11 -0.1708E-12 -0.1043E-12  0.1427E-12
   36  0.1881E-09  0.4074E-10  0.1668E-09 -0.3850E-15  0.1646E-14  0.1171E-09 -0.1570E-09  0.1756E-11 -0.7115E-14 -0.1405E-13  0.2585E-13
   37  0.1616E-10  0.3797E-11  0.1395E-10 -0.7138E-16  0.3030E-14  0.9545E-11 -0.1391E-10  0.1056E-12 -0.3307E-15 -0.2808E-14  0.4032E-14
   38  0.3294E-11  0.7837E-12  0.2836E-11  0.2374E-17 -0.1682E-14  0.1907E-11 -0.2839E-11  0.1537E-13  0.6821E-15 -0.2193E-15  0.4309E-15
   39  0.8584E-13  0.2192E-13  0.7052E-13 -0.2771E-19 -0.4057E-18  0.4850E-13 -0.7546E-13  0.5890E-15  0.9548E-17 -0.4122E-16  0.6013E-16
   40  0.5998E-13  0.1593E-13  0.5085E-13  0.1379E-18 -0.5443E-16  0.3219E-13 -0.5367E-13  0.5492E-17  0.2727E-16 -0.6679E-17  0.9870E-17
