 input file is 
mstm19_512_3360_168_000438.inp
 input file comments follow:
***********************************************************
  This is the default mstm input file for v.3.0.
  The run is for a 7-sphere cluster of identical spheres.   The positions
  are embedded in the input file.

  The run makes use of the new_run and multiple_run options.

  14 April 2013
***********************************************************
 number of processors:
   1
 input parameters for run number 
    1
 number of spheres, volume size parameter:
  512  0.26880E+01
 position file:
position/n512/a19.out                                       
 output file:
output/512/x3360/168/000438/mt_19_512_3360_168_000438.dat   
 length, ref. indx. scale factors:
   0.336   1.680   0.004
 chiral factors:
  0.00000E+00  0.00000E+00
 scattering matrix directions based on incident frame
 automatic scattering angle calculation
 thetamin, thetamax:
      0.0    180.0
 number scattering angles:
      181
 epsmie, epssoln, max number iterations:
  0.1000E-05  0.1000E-07 5000
 medium refractive index:
  1.0000  0.0000
 target euler rotation angles:
    0.0000    0.0000    0.0000
 far field kr, iterations/correction:
  0.1000E-07   20
 plane wave incidence
 random orientation calculations
 t matrix calculated, stored in file 
tmatrixfiles/tmf_19_512_3360_168_000438                     
 t matrix convergence epsilon:
  0.1000E-06
 all spheres excited (total T matrix) 
 calculation results for run 
    1
 total ext, abs, scat efficiencies, w.r.t. xv, and asym. parm
  0.78885E+00  0.27040E-01  0.76181E+00  0.72420E+00
 scattering matrix elements (normalized w/ S11)
   theta      11           12           13           14           22           23           24           33           34           44     
    0.00  0.49116E+02  0.00000E+00  0.00000E+00 -0.68096E-05  0.99990E+00 -0.32880E-04  0.00000E+00  0.99990E+00  0.00000E+00  0.99981E+00
    1.00  0.48680E+02 -0.14890E-03  0.12387E-07 -0.58123E-05  0.99990E+00 -0.33697E-04 -0.15240E-07  0.99990E+00  0.86881E-05  0.99981E+00
    2.00  0.47400E+02 -0.59603E-03  0.49602E-07 -0.28868E-05  0.99990E+00 -0.36150E-04 -0.62486E-07  0.99990E+00  0.34338E-04  0.99980E+00
    3.00  0.45355E+02 -0.13427E-02  0.11177E-06  0.17591E-05  0.99990E+00 -0.40244E-04 -0.14608E-06  0.99990E+00  0.75663E-04  0.99980E+00
    4.00  0.42671E+02 -0.23910E-02  0.19892E-06  0.77518E-05  0.99989E+00 -0.45975E-04 -0.27244E-06  0.99989E+00  0.13038E-03  0.99978E+00
    5.00  0.39503E+02 -0.37443E-02  0.31074E-06  0.14513E-04  0.99989E+00 -0.53311E-04 -0.44862E-06  0.99988E+00  0.19504E-03  0.99977E+00
    6.00  0.36026E+02 -0.54067E-02  0.44622E-06  0.21214E-04  0.99988E+00 -0.62157E-04 -0.67997E-06  0.99986E+00  0.26480E-03  0.99974E+00
    7.00  0.32416E+02 -0.73835E-02  0.60324E-06  0.26725E-04  0.99986E+00 -0.72315E-04 -0.96662E-06  0.99984E+00  0.33331E-03  0.99971E+00
    8.00  0.28834E+02 -0.96802E-02  0.77811E-06  0.29608E-04  0.99985E+00 -0.83430E-04 -0.12987E-05  0.99980E+00  0.39281E-03  0.99965E+00
    9.00  0.25419E+02 -0.12303E-01  0.96551E-06  0.28153E-04  0.99983E+00 -0.94932E-04 -0.16508E-05  0.99975E+00  0.43469E-03  0.99959E+00
   10.00  0.22272E+02 -0.15255E-01  0.11588E-05  0.20550E-04  0.99980E+00 -0.10600E-03 -0.19772E-05  0.99969E+00  0.45073E-03  0.99949E+00
   11.00  0.19460E+02 -0.18539E-01  0.13517E-05  0.52015E-05  0.99977E+00 -0.11560E-03 -0.22106E-05  0.99960E+00  0.43522E-03  0.99938E+00
   12.00  0.17010E+02 -0.22148E-01  0.15405E-05 -0.18816E-04  0.99973E+00 -0.12254E-03 -0.22680E-05  0.99949E+00  0.38774E-03  0.99923E+00
   13.00  0.14917E+02 -0.26074E-01  0.17284E-05 -0.51261E-04  0.99969E+00 -0.12573E-03 -0.20669E-05  0.99935E+00  0.31566E-03  0.99906E+00
   14.00  0.13149E+02 -0.30296E-01  0.19285E-05 -0.90422E-04  0.99965E+00 -0.12440E-03 -0.15489E-05  0.99919E+00  0.23520E-03  0.99885E+00
   15.00  0.11659E+02 -0.34792E-01  0.21661E-05 -0.13320E-03  0.99960E+00 -0.11838E-03 -0.70514E-06  0.99899E+00  0.16979E-03  0.99861E+00
   16.00  0.10391E+02 -0.39538E-01  0.24771E-05 -0.17566E-03  0.99955E+00 -0.10813E-03  0.40842E-06  0.99876E+00  0.14585E-03  0.99833E+00
   17.00  0.92891E+01 -0.44512E-01  0.29046E-05 -0.21382E-03  0.99950E+00 -0.94616E-04  0.16726E-05  0.99849E+00  0.18745E-03  0.99802E+00
   18.00  0.83059E+01 -0.49698E-01  0.34930E-05 -0.24442E-03  0.99944E+00 -0.79100E-04  0.29214E-05  0.99818E+00  0.31171E-03  0.99766E+00
   19.00  0.74049E+01 -0.55087E-01  0.42822E-05 -0.26532E-03  0.99938E+00 -0.62819E-04  0.39660E-05  0.99783E+00  0.52617E-03  0.99726E+00
   20.00  0.65628E+01 -0.60677E-01  0.53028E-05 -0.27564E-03  0.99930E+00 -0.46797E-04  0.46189E-05  0.99743E+00  0.82766E-03  0.99679E+00
   21.00  0.57691E+01 -0.66474E-01  0.65683E-05 -0.27560E-03  0.99922E+00 -0.31741E-04  0.47166E-05  0.99696E+00  0.12017E-02  0.99625E+00
   22.00  0.50239E+01 -0.72496E-01  0.80651E-05 -0.26650E-03  0.99911E+00 -0.18024E-04  0.41463E-05  0.99642E+00  0.16208E-02  0.99562E+00
   23.00  0.43342E+01 -0.78780E-01  0.97361E-05 -0.25064E-03  0.99897E+00 -0.56988E-05  0.28857E-05  0.99579E+00  0.20413E-02  0.99487E+00
   24.00  0.37102E+01 -0.85391E-01  0.11458E-04 -0.23150E-03  0.99879E+00  0.54862E-05  0.10647E-05  0.99505E+00  0.23995E-02  0.99399E+00
   25.00  0.31622E+01 -0.92439E-01  0.13016E-04 -0.21391E-03  0.99858E+00  0.16071E-04 -0.95330E-06  0.99418E+00  0.26089E-02  0.99294E+00
   26.00  0.26972E+01 -0.10008E+00  0.14096E-04 -0.20402E-03  0.99832E+00  0.26847E-04 -0.24952E-05  0.99314E+00  0.25652E-02  0.99169E+00
   27.00  0.23177E+01 -0.10852E+00  0.14311E-04 -0.20850E-03  0.99803E+00  0.38751E-04 -0.25769E-05  0.99191E+00  0.21651E-02  0.99021E+00
   28.00  0.20205E+01 -0.11795E+00  0.13305E-04 -0.23276E-03  0.99771E+00  0.52614E-04 -0.74249E-07  0.99046E+00  0.13428E-02  0.98850E+00
   29.00  0.17980E+01 -0.12849E+00  0.10910E-04 -0.27854E-03  0.99739E+00  0.68820E-04  0.58914E-05  0.98877E+00  0.11310E-03  0.98656E+00
   30.00  0.16384E+01 -0.14014E+00  0.72903E-05 -0.34217E-03  0.99711E+00  0.87048E-04  0.15496E-04  0.98684E+00 -0.14093E-02  0.98441E+00
   31.00  0.15279E+01 -0.15270E+00  0.29385E-05 -0.41529E-03  0.99687E+00  0.10630E-03  0.27993E-04  0.98469E+00 -0.30388E-02  0.98210E+00
   32.00  0.14523E+01 -0.16593E+00 -0.14846E-05 -0.48792E-03  0.99669E+00  0.12528E-03  0.41927E-04  0.98235E+00 -0.45856E-02  0.97963E+00
   33.00  0.13984E+01 -0.17954E+00 -0.53708E-05 -0.55185E-03  0.99656E+00  0.14279E-03  0.55626E-04  0.97982E+00 -0.59162E-02  0.97703E+00
   34.00  0.13555E+01 -0.19335E+00 -0.83096E-05 -0.60242E-03  0.99645E+00  0.15801E-03  0.67640E-04  0.97710E+00 -0.69760E-02  0.97426E+00
   35.00  0.13158E+01 -0.20724E+00 -0.10122E-04 -0.63836E-03  0.99635E+00  0.17046E-03  0.76944E-04  0.97420E+00 -0.77758E-02  0.97132E+00
   36.00  0.12744E+01 -0.22117E+00 -0.10825E-04 -0.66070E-03  0.99625E+00  0.17985E-03  0.82952E-04  0.97108E+00 -0.83659E-02  0.96816E+00
   37.00  0.12297E+01 -0.23514E+00 -0.10590E-04 -0.67162E-03  0.99613E+00  0.18594E-03  0.85460E-04  0.96774E+00 -0.88119E-02  0.96477E+00
   38.00  0.11818E+01 -0.24914E+00 -0.97105E-05 -0.67358E-03  0.99599E+00  0.18843E-03  0.84614E-04  0.96416E+00 -0.91790E-02  0.96112E+00
   39.00  0.11329E+01 -0.26319E+00 -0.85824E-05 -0.66883E-03  0.99583E+00  0.18694E-03  0.80922E-04  0.96034E+00 -0.95223E-02  0.95721E+00
   40.00  0.10854E+01 -0.27731E+00 -0.76790E-05 -0.65911E-03  0.99564E+00  0.18103E-03  0.75260E-04  0.95625E+00 -0.98793E-02  0.95303E+00
   41.00  0.10419E+01 -0.29150E+00 -0.75012E-05 -0.64545E-03  0.99545E+00  0.17035E-03  0.68844E-04  0.95191E+00 -0.10266E-01  0.94858E+00
   42.00  0.10044E+01 -0.30580E+00 -0.84979E-05 -0.62813E-03  0.99525E+00  0.15473E-03  0.63082E-04  0.94729E+00 -0.10675E-01  0.94386E+00
   43.00  0.97407E+00 -0.32024E+00 -0.10970E-04 -0.60679E-03  0.99506E+00  0.13436E-03  0.59330E-04  0.94238E+00 -0.11077E-01  0.93886E+00
   44.00  0.95093E+00 -0.33489E+00 -0.14994E-04 -0.58060E-03  0.99489E+00  0.10977E-03  0.58594E-04  0.93716E+00 -0.11429E-01  0.93356E+00
   45.00  0.93423E+00 -0.34981E+00 -0.20398E-04 -0.54867E-03  0.99475E+00  0.81776E-04  0.61292E-04  0.93159E+00 -0.11683E-01  0.92794E+00
   46.00  0.92245E+00 -0.36504E+00 -0.26801E-04 -0.51036E-03  0.99463E+00  0.51382E-04  0.67178E-04  0.92563E+00 -0.11801E-01  0.92195E+00
   47.00  0.91368E+00 -0.38062E+00 -0.33701E-04 -0.46554E-03  0.99453E+00  0.19562E-04  0.75437E-04  0.91924E+00 -0.11760E-01  0.91556E+00
   48.00  0.90587E+00 -0.39657E+00 -0.40566E-04 -0.41469E-03  0.99444E+00 -0.12838E-04  0.84899E-04  0.91237E+00 -0.11553E-01  0.90870E+00
   49.00  0.89709E+00 -0.41290E+00 -0.46917E-04 -0.35887E-03  0.99436E+00 -0.45166E-04  0.94286E-04  0.90499E+00 -0.11189E-01  0.90134E+00
   50.00  0.88580E+00 -0.42958E+00 -0.52363E-04 -0.29964E-03  0.99428E+00 -0.76962E-04  0.10241E-03  0.89706E+00 -0.10687E-01  0.89345E+00
   51.00  0.87088E+00 -0.44658E+00 -0.56616E-04 -0.23897E-03  0.99419E+00 -0.10793E-03  0.10831E-03  0.88857E+00 -0.10075E-01  0.88498E+00
   52.00  0.85177E+00 -0.46388E+00 -0.59490E-04 -0.17910E-03  0.99408E+00 -0.13791E-03  0.11137E-03  0.87947E+00 -0.93830E-02  0.87591E+00
   53.00  0.82837E+00 -0.48144E+00 -0.60886E-04 -0.12249E-03  0.99395E+00 -0.16684E-03  0.11133E-03  0.86976E+00 -0.86435E-02  0.86621E+00
   54.00  0.80103E+00 -0.49922E+00 -0.60780E-04 -0.71704E-04  0.99380E+00 -0.19472E-03  0.10831E-03  0.85941E+00 -0.78880E-02  0.85586E+00
   55.00  0.77039E+00 -0.51719E+00 -0.59220E-04 -0.29291E-04  0.99360E+00 -0.22167E-03  0.10285E-03  0.84840E+00 -0.71464E-02  0.84484E+00
   56.00  0.73730E+00 -0.53532E+00 -0.56316E-04  0.23643E-05  0.99337E+00 -0.24785E-03  0.95838E-04  0.83671E+00 -0.64461E-02  0.83311E+00
   57.00  0.70272E+00 -0.55359E+00 -0.52238E-04  0.21234E-04  0.99310E+00 -0.27348E-03  0.88500E-04  0.82431E+00 -0.58105E-02  0.82065E+00
   58.00  0.66759E+00 -0.57199E+00 -0.47218E-04  0.25869E-04  0.99279E+00 -0.29880E-03  0.82264E-04  0.81118E+00 -0.52573E-02  0.80744E+00
   59.00  0.63277E+00 -0.59050E+00 -0.41545E-04  0.15625E-04  0.99243E+00 -0.32401E-03  0.78627E-04  0.79729E+00 -0.47972E-02  0.79345E+00
   60.00  0.59900E+00 -0.60911E+00 -0.35563E-04 -0.91368E-05  0.99203E+00 -0.34918E-03  0.78962E-04  0.78260E+00 -0.44327E-02  0.77863E+00
   61.00  0.56687E+00 -0.62779E+00 -0.29669E-04 -0.46919E-04  0.99158E+00 -0.37415E-03  0.84300E-04  0.76708E+00 -0.41569E-02  0.76297E+00
   62.00  0.53681E+00 -0.64654E+00 -0.24303E-04 -0.95070E-04  0.99110E+00 -0.39845E-03  0.95124E-04  0.75070E+00 -0.39539E-02  0.74644E+00
   63.00  0.50911E+00 -0.66532E+00 -0.19939E-04 -0.14991E-03  0.99059E+00 -0.42118E-03  0.11121E-03  0.73343E+00 -0.37998E-02  0.72901E+00
   64.00  0.48390E+00 -0.68409E+00 -0.17065E-04 -0.20703E-03  0.99007E+00 -0.44106E-03  0.13157E-03  0.71526E+00 -0.36649E-02  0.71069E+00
   65.00  0.46121E+00 -0.70280E+00 -0.16166E-04 -0.26166E-03  0.98953E+00 -0.45643E-03  0.15450E-03  0.69619E+00 -0.35167E-02  0.69149E+00
   66.00  0.44098E+00 -0.72137E+00 -0.17688E-04 -0.30924E-03  0.98900E+00 -0.46545E-03  0.17778E-03  0.67623E+00 -0.33243E-02  0.67141E+00
   67.00  0.42305E+00 -0.73974E+00 -0.22007E-04 -0.34587E-03  0.98849E+00 -0.46627E-03  0.19896E-03  0.65541E+00 -0.30613E-02  0.65050E+00
   68.00  0.40722E+00 -0.75781E+00 -0.29392E-04 -0.36879E-03  0.98800E+00 -0.45734E-03  0.21569E-03  0.63377E+00 -0.27097E-02  0.62879E+00
   69.00  0.39325E+00 -0.77550E+00 -0.39963E-04 -0.37665E-03  0.98754E+00 -0.43763E-03  0.22612E-03  0.61134E+00 -0.22614E-02  0.60634E+00
   70.00  0.38088E+00 -0.79273E+00 -0.53663E-04 -0.36961E-03  0.98712E+00 -0.40682E-03  0.22914E-03  0.58818E+00 -0.17192E-02  0.58319E+00
   71.00  0.36982E+00 -0.80944E+00 -0.70239E-04 -0.34926E-03  0.98674E+00 -0.36545E-03  0.22453E-03  0.56433E+00 -0.10962E-02  0.55939E+00
   72.00  0.35981E+00 -0.82556E+00 -0.89230E-04 -0.31840E-03  0.98640E+00 -0.31490E-03  0.21300E-03  0.53984E+00 -0.41339E-03  0.53496E+00
   73.00  0.35060E+00 -0.84105E+00 -0.10998E-03 -0.28061E-03  0.98609E+00 -0.25728E-03  0.19612E-03  0.51471E+00  0.30219E-03  0.50993E+00
   74.00  0.34194E+00 -0.85587E+00 -0.13166E-03 -0.23991E-03  0.98581E+00 -0.19528E-03  0.17606E-03  0.48898E+00  0.10209E-02  0.48430E+00
   75.00  0.33365E+00 -0.86999E+00 -0.15328E-03 -0.20033E-03  0.98554E+00 -0.13191E-03  0.15542E-03  0.46264E+00  0.17131E-02  0.45808E+00
   76.00  0.32556E+00 -0.88339E+00 -0.17377E-03 -0.16560E-03  0.98527E+00 -0.70272E-04  0.13688E-03  0.43570E+00  0.23519E-02  0.43126E+00
   77.00  0.31755E+00 -0.89604E+00 -0.19200E-03 -0.13881E-03  0.98501E+00 -0.13329E-04  0.12305E-03  0.40814E+00  0.29151E-02  0.40383E+00
   78.00  0.30955E+00 -0.90791E+00 -0.20684E-03 -0.12228E-03  0.98473E+00  0.36320E-04  0.11618E-03  0.37995E+00  0.33870E-02  0.37577E+00
   79.00  0.30153E+00 -0.91899E+00 -0.21725E-03 -0.11737E-03  0.98443E+00  0.76608E-04  0.11801E-03  0.35113E+00  0.37594E-02  0.34706E+00
   80.00  0.29347E+00 -0.92924E+00 -0.22229E-03 -0.12446E-03  0.98411E+00  0.10614E-03  0.12965E-03  0.32166E+00  0.40327E-02  0.31772E+00
   81.00  0.28541E+00 -0.93862E+00 -0.22127E-03 -0.14287E-03  0.98375E+00  0.12431E-03  0.15152E-03  0.29156E+00  0.42157E-02  0.28774E+00
   82.00  0.27740E+00 -0.94711E+00 -0.21376E-03 -0.17099E-03  0.98336E+00  0.13129E-03  0.18325E-03  0.26083E+00  0.43253E-02  0.25713E+00
   83.00  0.26949E+00 -0.95466E+00 -0.19968E-03 -0.20629E-03  0.98294E+00  0.12810E-03  0.22378E-03  0.22949E+00  0.43858E-02  0.22592E+00
   84.00  0.26176E+00 -0.96122E+00 -0.17933E-03 -0.24550E-03  0.98248E+00  0.11651E-03  0.27134E-03  0.19758E+00  0.44274E-02  0.19414E+00
   85.00  0.25428E+00 -0.96676E+00 -0.15346E-03 -0.28484E-03  0.98200E+00  0.98922E-04  0.32361E-03  0.16514E+00  0.44836E-02  0.16185E+00
   86.00  0.24710E+00 -0.97124E+00 -0.12318E-03 -0.32022E-03  0.98148E+00  0.78221E-04  0.37788E-03  0.13223E+00  0.45888E-02  0.12910E+00
   87.00  0.24027E+00 -0.97463E+00 -0.90011E-04 -0.34757E-03  0.98094E+00  0.57529E-04  0.43121E-03  0.98897E-01  0.47751E-02  0.95954E-01
   88.00  0.23382E+00 -0.97688E+00 -0.55718E-04 -0.36312E-03  0.98039E+00  0.39964E-04  0.48067E-03  0.65228E-01  0.50694E-02  0.62497E-01
   89.00  0.22777E+00 -0.97799E+00 -0.22234E-04 -0.36366E-03  0.97984E+00  0.28384E-04  0.52355E-03  0.31300E-01  0.54903E-02  0.28806E-01
   90.00  0.22214E+00 -0.97793E+00  0.84947E-05 -0.34684E-03  0.97928E+00  0.25146E-04  0.55758E-03 -0.28051E-02  0.60467E-02 -0.50328E-02
   91.00  0.21690E+00 -0.97668E+00  0.34657E-04 -0.31128E-03  0.97874E+00  0.31923E-04  0.58105E-03 -0.36999E-01  0.67360E-02 -0.38932E-01
   92.00  0.21204E+00 -0.97426E+00  0.54719E-04 -0.25671E-03  0.97820E+00  0.49577E-04  0.59297E-03 -0.71194E-01  0.75447E-02 -0.72802E-01
   93.00  0.20754E+00 -0.97065E+00  0.67547E-04 -0.18394E-03  0.97769E+00  0.78122E-04  0.59307E-03 -0.10530E+00  0.84495E-02 -0.10656E+00
   94.00  0.20337E+00 -0.96588E+00  0.72483E-04 -0.94803E-04  0.97721E+00  0.11676E-03  0.58182E-03 -0.13923E+00  0.94190E-02 -0.14011E+00
   95.00  0.19949E+00 -0.95995E+00  0.69397E-04  0.80285E-05  0.97675E+00  0.16397E-03  0.56035E-03 -0.17291E+00  0.10417E-01 -0.17338E+00
   96.00  0.19589E+00 -0.95290E+00  0.58684E-04  0.12122E-03  0.97632E+00  0.21768E-03  0.53034E-03 -0.20624E+00  0.11403E-01 -0.20628E+00
   97.00  0.19252E+00 -0.94476E+00  0.41228E-04  0.24100E-03  0.97593E+00  0.27546E-03  0.49390E-03 -0.23914E+00  0.12341E-01 -0.23875E+00
   98.00  0.18938E+00 -0.93557E+00  0.18339E-04  0.36341E-03  0.97557E+00  0.33466E-03  0.45345E-03 -0.27156E+00  0.13195E-01 -0.27070E+00
   99.00  0.18644E+00 -0.92536E+00 -0.83430E-05  0.48450E-03  0.97524E+00  0.39265E-03  0.41155E-03 -0.30341E+00  0.13936E-01 -0.30207E+00
  100.00  0.18369E+00 -0.91420E+00 -0.36951E-04  0.60053E-03  0.97494E+00  0.44698E-03  0.37076E-03 -0.33462E+00  0.14542E-01 -0.33280E+00
  101.00  0.18112E+00 -0.90213E+00 -0.65508E-04  0.70816E-03  0.97468E+00  0.49547E-03  0.33354E-03 -0.36515E+00  0.14999E-01 -0.36283E+00
  102.00  0.17873E+00 -0.88921E+00 -0.92041E-04  0.80452E-03  0.97444E+00  0.53636E-03  0.30214E-03 -0.39493E+00  0.15300E-01 -0.39211E+00
  103.00  0.17652E+00 -0.87550E+00 -0.11469E-03  0.88737E-03  0.97423E+00  0.56833E-03  0.27845E-03 -0.42392E+00  0.15449E-01 -0.42059E+00
  104.00  0.17449E+00 -0.86107E+00 -0.13181E-03  0.95510E-03  0.97405E+00  0.59057E-03  0.26398E-03 -0.45208E+00  0.15454E-01 -0.44824E+00
  105.00  0.17263E+00 -0.84597E+00 -0.14206E-03  0.10068E-02  0.97389E+00  0.60270E-03  0.25976E-03 -0.47937E+00  0.15330E-01 -0.47503E+00
  106.00  0.17095E+00 -0.83028E+00 -0.14443E-03  0.10422E-02  0.97376E+00  0.60482E-03  0.26631E-03 -0.50577E+00  0.15097E-01 -0.50094E+00
  107.00  0.16945E+00 -0.81404E+00 -0.13834E-03  0.10616E-02  0.97365E+00  0.59740E-03  0.28364E-03 -0.53128E+00  0.14778E-01 -0.52595E+00
  108.00  0.16812E+00 -0.79732E+00 -0.12360E-03  0.10659E-02  0.97357E+00  0.58121E-03  0.31125E-03 -0.55587E+00  0.14394E-01 -0.55005E+00
  109.00  0.16697E+00 -0.78018E+00 -0.10041E-03  0.10565E-02  0.97350E+00  0.55727E-03  0.34815E-03 -0.57955E+00  0.13968E-01 -0.57325E+00
  110.00  0.16598E+00 -0.76265E+00 -0.69355E-04  0.10350E-02  0.97346E+00  0.52676E-03  0.39295E-03 -0.60232E+00  0.13521E-01 -0.59555E+00
  111.00  0.16516E+00 -0.74481E+00 -0.31351E-04  0.10036E-02  0.97343E+00  0.49094E-03  0.44392E-03 -0.62419E+00  0.13068E-01 -0.61696E+00
  112.00  0.16449E+00 -0.72668E+00  0.12433E-04  0.96437E-03  0.97342E+00  0.45110E-03  0.49909E-03 -0.64517E+00  0.12623E-01 -0.63750E+00
  113.00  0.16398E+00 -0.70831E+00  0.60620E-04  0.91950E-03  0.97342E+00  0.40850E-03  0.55631E-03 -0.66527E+00  0.12195E-01 -0.65717E+00
  114.00  0.16361E+00 -0.68975E+00  0.11170E-03  0.87120E-03  0.97345E+00  0.36432E-03  0.61342E-03 -0.68452E+00  0.11788E-01 -0.67599E+00
  115.00  0.16338E+00 -0.67103E+00  0.16408E-03  0.82152E-03  0.97348E+00  0.31964E-03  0.66825E-03 -0.70292E+00  0.11403E-01 -0.69398E+00
  116.00  0.16328E+00 -0.65219E+00  0.21618E-03  0.77230E-03  0.97353E+00  0.27540E-03  0.71878E-03 -0.72049E+00  0.11037E-01 -0.71116E+00
  117.00  0.16331E+00 -0.63327E+00  0.26645E-03  0.72512E-03  0.97359E+00  0.23241E-03  0.76321E-03 -0.73725E+00  0.10688E-01 -0.72753E+00
  118.00  0.16346E+00 -0.61431E+00  0.31342E-03  0.68122E-03  0.97367E+00  0.19133E-03  0.79998E-03 -0.75322E+00  0.10347E-01 -0.74312E+00
  119.00  0.16373E+00 -0.59535E+00  0.35580E-03  0.64156E-03  0.97375E+00  0.15267E-03  0.82784E-03 -0.76840E+00  0.10008E-01 -0.75794E+00
  120.00  0.16411E+00 -0.57642E+00  0.39245E-03  0.60674E-03  0.97385E+00  0.11681E-03  0.84590E-03 -0.78283E+00  0.96637E-02 -0.77200E+00
  121.00  0.16461E+00 -0.55757E+00  0.42243E-03  0.57706E-03  0.97395E+00  0.83995E-04  0.85362E-03 -0.79651E+00  0.93087E-02 -0.78533E+00
  122.00  0.16522E+00 -0.53882E+00  0.44504E-03  0.55256E-03  0.97407E+00  0.54381E-04  0.85082E-03 -0.80946E+00  0.89379E-02 -0.79794E+00
  123.00  0.16593E+00 -0.52022E+00  0.45982E-03  0.53306E-03  0.97420E+00  0.28021E-04  0.83767E-03 -0.82171E+00  0.85478E-02 -0.80986E+00
  124.00  0.16676E+00 -0.50178E+00  0.46656E-03  0.51822E-03  0.97433E+00  0.49014E-05  0.81465E-03 -0.83327E+00  0.81367E-02 -0.82109E+00
  125.00  0.16768E+00 -0.48355E+00  0.46528E-03  0.50760E-03  0.97447E+00 -0.15044E-04  0.78252E-03 -0.84417E+00  0.77048E-02 -0.83167E+00
  126.00  0.16871E+00 -0.46554E+00  0.45624E-03  0.50071E-03  0.97461E+00 -0.31922E-04  0.74226E-03 -0.85442E+00  0.72537E-02 -0.84161E+00
  127.00  0.16984E+00 -0.44779E+00  0.43991E-03  0.49706E-03  0.97476E+00 -0.45871E-04  0.69502E-03 -0.86406E+00  0.67863E-02 -0.85094E+00
  128.00  0.17106E+00 -0.43031E+00  0.41692E-03  0.49619E-03  0.97492E+00 -0.57053E-04  0.64206E-03 -0.87310E+00  0.63065E-02 -0.85968E+00
  129.00  0.17238E+00 -0.41314E+00  0.38807E-03  0.49770E-03  0.97507E+00 -0.65651E-04  0.58469E-03 -0.88157E+00  0.58190E-02 -0.86786E+00
  130.00  0.17378E+00 -0.39627E+00  0.35424E-03  0.50122E-03  0.97523E+00 -0.71871E-04  0.52422E-03 -0.88950E+00  0.53289E-02 -0.87549E+00
  131.00  0.17526E+00 -0.37974E+00  0.31639E-03  0.50646E-03  0.97539E+00 -0.75938E-04  0.46192E-03 -0.89689E+00  0.48413E-02 -0.88260E+00
  132.00  0.17681E+00 -0.36355E+00  0.27551E-03  0.51314E-03  0.97555E+00 -0.78097E-04  0.39896E-03 -0.90379E+00  0.43613E-02 -0.88921E+00
  133.00  0.17842E+00 -0.34771E+00  0.23257E-03  0.52104E-03  0.97570E+00 -0.78612E-04  0.33641E-03 -0.91020E+00  0.38937E-02 -0.89536E+00
  134.00  0.18009E+00 -0.33224E+00  0.18850E-03  0.52992E-03  0.97585E+00 -0.77755E-04  0.27521E-03 -0.91617E+00  0.34429E-02 -0.90105E+00
  135.00  0.18181E+00 -0.31714E+00  0.14419E-03  0.53954E-03  0.97600E+00 -0.75804E-04  0.21616E-03 -0.92170E+00  0.30126E-02 -0.90632E+00
  136.00  0.18357E+00 -0.30241E+00  0.10040E-03  0.54962E-03  0.97614E+00 -0.73032E-04  0.15993E-03 -0.92683E+00  0.26063E-02 -0.91119E+00
  137.00  0.18537E+00 -0.28806E+00  0.57835E-04  0.55989E-03  0.97628E+00 -0.69692E-04  0.10709E-03 -0.93157E+00  0.22265E-02 -0.91567E+00
  138.00  0.18718E+00 -0.27409E+00  0.17049E-04  0.57001E-03  0.97642E+00 -0.66012E-04  0.58059E-04 -0.93595E+00  0.18753E-02 -0.91980E+00
  139.00  0.18901E+00 -0.26050E+00 -0.21501E-04  0.57966E-03  0.97654E+00 -0.62187E-04  0.13185E-04 -0.93998E+00  0.15541E-02 -0.92359E+00
  140.00  0.19084E+00 -0.24728E+00 -0.57479E-04  0.58847E-03  0.97666E+00 -0.58370E-04 -0.27278E-04 -0.94370E+00  0.12636E-02 -0.92707E+00
  141.00  0.19268E+00 -0.23444E+00 -0.90661E-04  0.59610E-03  0.97678E+00 -0.54671E-04 -0.63149E-04 -0.94712E+00  0.10038E-02 -0.93025E+00
  142.00  0.19450E+00 -0.22197E+00 -0.12093E-03  0.60221E-03  0.97688E+00 -0.51160E-04 -0.94310E-04 -0.95026E+00  0.77439E-03 -0.93316E+00
  143.00  0.19632E+00 -0.20986E+00 -0.14825E-03  0.60651E-03  0.97698E+00 -0.47869E-04 -0.12070E-03 -0.95313E+00  0.57420E-03 -0.93581E+00
  144.00  0.19810E+00 -0.19813E+00 -0.17267E-03  0.60874E-03  0.97707E+00 -0.44801E-04 -0.14231E-03 -0.95576E+00  0.40175E-03 -0.93822E+00
  145.00  0.19987E+00 -0.18675E+00 -0.19430E-03  0.60871E-03  0.97715E+00 -0.41935E-04 -0.15918E-03 -0.95817E+00  0.25511E-03 -0.94040E+00
  146.00  0.20160E+00 -0.17573E+00 -0.21329E-03  0.60627E-03  0.97723E+00 -0.39239E-04 -0.17140E-03 -0.96036E+00  0.13212E-03 -0.94237E+00
  147.00  0.20330E+00 -0.16507E+00 -0.22980E-03  0.60138E-03  0.97730E+00 -0.36675E-04 -0.17913E-03 -0.96235E+00  0.30428E-04 -0.94415E+00
  148.00  0.20496E+00 -0.15475E+00 -0.24401E-03  0.59406E-03  0.97736E+00 -0.34205E-04 -0.18255E-03 -0.96415E+00 -0.52387E-04 -0.94575E+00
  149.00  0.20657E+00 -0.14479E+00 -0.25607E-03  0.58437E-03  0.97741E+00 -0.31799E-04 -0.18193E-03 -0.96579E+00 -0.11869E-03 -0.94717E+00
  150.00  0.20815E+00 -0.13517E+00 -0.26612E-03  0.57248E-03  0.97745E+00 -0.29439E-04 -0.17755E-03 -0.96726E+00 -0.17074E-03 -0.94844E+00
  151.00  0.20968E+00 -0.12589E+00 -0.27428E-03  0.55859E-03  0.97749E+00 -0.27115E-04 -0.16978E-03 -0.96859E+00 -0.21061E-03 -0.94955E+00
  152.00  0.21117E+00 -0.11696E+00 -0.28060E-03  0.54296E-03  0.97751E+00 -0.24829E-04 -0.15902E-03 -0.96978E+00 -0.24018E-03 -0.95053E+00
  153.00  0.21261E+00 -0.10837E+00 -0.28514E-03  0.52588E-03  0.97753E+00 -0.22592E-04 -0.14570E-03 -0.97083E+00 -0.26111E-03 -0.95139E+00
  154.00  0.21400E+00 -0.10011E+00 -0.28791E-03  0.50770E-03  0.97754E+00 -0.20421E-04 -0.13029E-03 -0.97177E+00 -0.27485E-03 -0.95212E+00
  155.00  0.21535E+00 -0.92195E-01 -0.28890E-03  0.48875E-03  0.97754E+00 -0.18337E-04 -0.11328E-03 -0.97260E+00 -0.28270E-03 -0.95274E+00
  156.00  0.21665E+00 -0.84615E-01 -0.28810E-03  0.46940E-03  0.97754E+00 -0.16359E-04 -0.95176E-04 -0.97333E+00 -0.28578E-03 -0.95326E+00
  157.00  0.21791E+00 -0.77371E-01 -0.28549E-03  0.45003E-03  0.97752E+00 -0.14506E-04 -0.76494E-04 -0.97396E+00 -0.28509E-03 -0.95369E+00
  158.00  0.21912E+00 -0.70464E-01 -0.28108E-03  0.43099E-03  0.97750E+00 -0.12791E-04 -0.57730E-04 -0.97450E+00 -0.28153E-03 -0.95403E+00
  159.00  0.22029E+00 -0.63894E-01 -0.27487E-03  0.41264E-03  0.97747E+00 -0.11220E-04 -0.39367E-04 -0.97496E+00 -0.27589E-03 -0.95429E+00
  160.00  0.22142E+00 -0.57659E-01 -0.26691E-03  0.39531E-03  0.97744E+00 -0.97950E-05 -0.21857E-04 -0.97536E+00 -0.26884E-03 -0.95448E+00
  161.00  0.22250E+00 -0.51760E-01 -0.25726E-03  0.37930E-03  0.97739E+00 -0.85098E-05 -0.56125E-05 -0.97568E+00 -0.26091E-03 -0.95461E+00
  162.00  0.22353E+00 -0.46197E-01 -0.24600E-03  0.36487E-03  0.97735E+00 -0.73549E-05  0.90062E-05 -0.97595E+00 -0.25250E-03 -0.95468E+00
  163.00  0.22453E+00 -0.40967E-01 -0.23325E-03  0.35223E-03  0.97729E+00 -0.63172E-05  0.21698E-04 -0.97617E+00 -0.24380E-03 -0.95469E+00
  164.00  0.22548E+00 -0.36071E-01 -0.21914E-03  0.34156E-03  0.97723E+00 -0.53828E-05  0.32230E-04 -0.97633E+00 -0.23484E-03 -0.95466E+00
  165.00  0.22638E+00 -0.31507E-01 -0.20383E-03  0.33293E-03  0.97717E+00 -0.45388E-05  0.40445E-04 -0.97646E+00 -0.22547E-03 -0.95460E+00
  166.00  0.22724E+00 -0.27271E-01 -0.18748E-03  0.32639E-03  0.97709E+00 -0.37745E-05  0.46270E-04 -0.97655E+00 -0.21541E-03 -0.95449E+00
  167.00  0.22806E+00 -0.23362E-01 -0.17030E-03  0.32189E-03  0.97702E+00 -0.30829E-05  0.49713E-04 -0.97660E+00 -0.20428E-03 -0.95436E+00
  168.00  0.22883E+00 -0.19776E-01 -0.15251E-03  0.31933E-03  0.97694E+00 -0.24609E-05  0.50869E-04 -0.97663E+00 -0.19169E-03 -0.95420E+00
  169.00  0.22955E+00 -0.16509E-01 -0.13434E-03  0.31853E-03  0.97686E+00 -0.19085E-05  0.49915E-04 -0.97663E+00 -0.17731E-03 -0.95402E+00
  170.00  0.23022E+00 -0.13556E-01 -0.11606E-03  0.31928E-03  0.97677E+00 -0.14278E-05  0.47105E-04 -0.97661E+00 -0.16094E-03 -0.95383E+00
  171.00  0.23084E+00 -0.10911E-01 -0.97987E-04  0.32129E-03  0.97669E+00 -0.10217E-05  0.42761E-04 -0.97658E+00 -0.14261E-03 -0.95363E+00
  172.00  0.23141E+00 -0.85689E-02 -0.80430E-04  0.32427E-03  0.97660E+00 -0.69167E-06  0.37256E-04 -0.97654E+00 -0.12257E-03 -0.95343E+00
  173.00  0.23192E+00 -0.65233E-02 -0.63745E-04  0.32789E-03  0.97652E+00 -0.43659E-06  0.31004E-04 -0.97648E+00 -0.10137E-03 -0.95323E+00
  174.00  0.23237E+00 -0.47677E-02 -0.48292E-04  0.33184E-03  0.97645E+00 -0.25174E-06  0.24437E-04 -0.97643E+00 -0.79793E-04 -0.95304E+00
  175.00  0.23275E+00 -0.32956E-02 -0.34438E-04  0.33579E-03  0.97638E+00 -0.12854E-06  0.17987E-04 -0.97637E+00 -0.58826E-04 -0.95286E+00
  176.00  0.23307E+00 -0.21008E-02 -0.22533E-04  0.33946E-03  0.97632E+00 -0.55213E-07  0.12063E-04 -0.97632E+00 -0.39573E-04 -0.95271E+00
  177.00  0.23333E+00 -0.11779E-02 -0.12898E-04  0.34259E-03  0.97627E+00 -0.18137E-07  0.70335E-05 -0.97627E+00 -0.23153E-04 -0.95259E+00
  178.00  0.23351E+00 -0.52231E-03 -0.58052E-05  0.34498E-03  0.97624E+00 -0.36809E-08  0.32064E-05 -0.97624E+00 -0.10587E-04 -0.95250E+00
  179.00  0.23362E+00 -0.13039E-03 -0.14624E-05  0.34648E-03  0.97622E+00 -0.23384E-09  0.81382E-06 -0.97622E+00 -0.26924E-05 -0.95244E+00
  180.00  0.23365E+00 -0.32300E-14 -0.36337E-16  0.34699E-03  0.97621E+00 -0.14442E-30  0.20271E-16 -0.97621E+00 -0.67112E-16 -0.95242E+00
 scattering matrix expansion coefficients
    w  a11         a22         a33         a23         a32         a44         a12         a34         a13         a24         a14
    0  0.1000E+01  0.0000E+00  0.0000E+00  0.0000E+00  0.0000E+00  0.7840E+00  0.0000E+00  0.0000E+00  0.0000E+00  0.0000E+00 -0.1010E-03
    1  0.2173E+01  0.0000E+00  0.0000E+00  0.0000E+00  0.0000E+00  0.2371E+01  0.0000E+00  0.0000E+00  0.0000E+00  0.0000E+00 -0.4228E-03
    2  0.2999E+01  0.2606E+00  0.3878E+01 -0.5872E-08 -0.2294E-03  0.2998E+01 -0.4374E+00 -0.2651E-03 -0.1874E-04  0.1534E-03 -0.3213E-03
    3  0.3374E+01  0.6981E-01  0.3839E+01 -0.2228E-06 -0.2324E-03  0.3411E+01 -0.2800E+00 -0.6407E-02 -0.4987E-04 -0.2553E-05 -0.1323E-03
    4  0.3690E+01  0.5430E-01  0.3963E+01  0.1071E-07 -0.1883E-03  0.3672E+01 -0.1593E+00 -0.6425E-02  0.1459E-04  0.2486E-04 -0.6622E-04
    5  0.3861E+01  0.1766E-01  0.4083E+01 -0.2736E-06 -0.4447E-03  0.3850E+01 -0.7926E-01 -0.2015E-02  0.4486E-04  0.5477E-04  0.6322E-04
    6  0.3869E+01  0.3587E-02  0.4082E+01 -0.1347E-06 -0.5965E-03  0.3871E+01 -0.6065E-01  0.1043E-02 -0.4102E-04 -0.4057E-04  0.2653E-03
    7  0.3714E+01  0.5072E-02  0.3912E+01 -0.1001E-06 -0.4454E-03  0.3707E+01 -0.6067E-01  0.4363E-02  0.6972E-04  0.3459E-04  0.3207E-03
    8  0.3400E+01  0.6051E-03  0.3586E+01 -0.1272E-06 -0.3185E-03  0.3397E+01 -0.7554E-01  0.6340E-02 -0.1784E-04 -0.4109E-04  0.1363E-03
    9  0.2988E+01 -0.1872E-02  0.3152E+01  0.1547E-08 -0.1619E-03  0.2990E+01 -0.1033E+00  0.5769E-02  0.3136E-04 -0.4479E-04  0.1281E-03
   10  0.2557E+01 -0.2019E-02  0.2690E+01  0.1372E-07 -0.4803E-04  0.2564E+01 -0.1223E+00  0.3573E-02  0.4181E-04  0.5574E-04  0.2268E-03
   11  0.2180E+01 -0.6819E-03  0.2278E+01  0.3949E-07 -0.8609E-04  0.2188E+01 -0.1161E+00  0.1546E-02 -0.3816E-04 -0.4437E-04  0.2262E-03
   12  0.1888E+01  0.3588E-02  0.1955E+01  0.3280E-07 -0.9508E-04  0.1889E+01 -0.8623E-01  0.3775E-03 -0.3078E-04 -0.4053E-04  0.3261E-03
   13  0.1658E+01  0.5078E-02  0.1705E+01  0.2686E-07  0.1786E-04  0.1652E+01 -0.5599E-01 -0.8250E-03  0.4707E-04  0.3448E-04  0.4656E-03
   14  0.1457E+01  0.2783E-02  0.1495E+01  0.4363E-07  0.8978E-04  0.1452E+01 -0.4373E-01 -0.1481E-02  0.2509E-04  0.3349E-04  0.4309E-03
   15  0.1276E+01 -0.9541E-03  0.1309E+01  0.3264E-07  0.7645E-04  0.1277E+01 -0.4657E-01 -0.8117E-03 -0.1662E-04 -0.2751E-04  0.2104E-03
   16  0.1128E+01 -0.2004E-02  0.1155E+01  0.1207E-07  0.8497E-04  0.1134E+01 -0.4640E-01 -0.2377E-03 -0.2219E-04 -0.1846E-04  0.3476E-04
   17  0.1026E+01  0.3018E-03  0.1044E+01  0.4600E-08  0.1458E-03  0.1029E+01 -0.3218E-01 -0.4077E-03 -0.7137E-05  0.1879E-04 -0.3604E-04
   18  0.9534E+00  0.2508E-02  0.9652E+00  0.3165E-08  0.1817E-03  0.9514E+00 -0.1067E-01 -0.1912E-03 -0.2168E-06  0.2120E-04 -0.9578E-04
   19  0.8823E+00  0.2404E-02  0.8931E+00  0.2376E-08  0.1597E-03  0.8788E+00  0.4663E-02  0.1057E-02  0.1216E-05 -0.1518E-04 -0.1930E-03
   20  0.7912E+00  0.1195E-02  0.8037E+00 -0.2842E-08  0.1233E-03  0.7885E+00  0.8347E-02  0.2586E-02  0.6869E-05 -0.4802E-04 -0.2967E-03
   21  0.6739E+00  0.1571E-03  0.6881E+00 -0.5797E-08  0.1036E-03  0.6724E+00  0.3085E-02  0.3563E-02  0.1268E-04 -0.4761E-04 -0.3569E-03
   22  0.5377E+00 -0.5278E-03  0.5524E+00 -0.5525E-08  0.9079E-04  0.5376E+00 -0.6212E-02  0.3746E-02  0.1101E-04 -0.2234E-04 -0.3518E-03
   23  0.3982E+00 -0.8815E-03  0.4118E+00 -0.4414E-08  0.7179E-04  0.3991E+00 -0.1508E-01  0.3292E-02  0.5661E-05  0.2227E-05 -0.2972E-03
   24  0.2721E+00 -0.7860E-03  0.2832E+00 -0.3498E-08  0.4671E-04  0.2734E+00 -0.2012E-01  0.2473E-02  0.6577E-06  0.1409E-04 -0.2190E-03
   25  0.1711E+00 -0.3799E-03  0.1790E+00 -0.1767E-08  0.2495E-04  0.1721E+00 -0.2020E-01  0.1598E-02 -0.1341E-05  0.1448E-04 -0.1405E-03
   26  0.9913E-01  0.4008E-04  0.1040E+00 -0.5776E-09  0.1067E-04  0.9943E-01 -0.1661E-01  0.8831E-03 -0.1715E-05  0.1018E-04 -0.7856E-04
   27  0.5296E-01  0.2700E-03  0.5560E-01 -0.4249E-09  0.3385E-05  0.5281E-01 -0.1164E-01  0.4216E-03 -0.1001E-05  0.5842E-05 -0.3786E-04
   28  0.2617E-01  0.3063E-03  0.2743E-01 -0.3393E-09  0.7228E-06  0.2584E-01 -0.7138E-02  0.1757E-03 -0.4314E-06  0.2865E-05 -0.1531E-04
   29  0.1198E-01  0.2404E-03  0.1251E-01 -0.4463E-09  0.5669E-07  0.1168E-01 -0.3903E-02  0.6410E-04 -0.1131E-06  0.1261E-05 -0.5046E-05
   30  0.5095E-02  0.1532E-03  0.5286E-02 -0.6260E-09 -0.8732E-07  0.4882E-02 -0.1925E-02  0.2051E-04  0.1671E-07  0.5462E-06 -0.1369E-05
   31  0.2014E-02  0.8347E-04  0.2073E-02 -0.4315E-09 -0.3202E-07  0.1891E-02 -0.8630E-03  0.5804E-05  0.2916E-07  0.2301E-06 -0.2520E-06
   32  0.7405E-03  0.4008E-04  0.7549E-03 -0.7870E-10  0.1480E-07  0.6794E-03 -0.3535E-03  0.1434E-05  0.1065E-07  0.7971E-07  0.3952E-07
   33  0.2535E-03  0.1725E-04  0.2555E-03  0.5397E-10  0.1919E-07  0.2264E-03 -0.1329E-03  0.2920E-06  0.2797E-08  0.2116E-07  0.6247E-07
   34  0.8059E-04  0.6712E-05  0.8019E-04 -0.5055E-12  0.9934E-08  0.6981E-04 -0.4593E-04  0.4897E-07  0.6892E-09  0.5413E-08  0.2792E-07
   35  0.2371E-04  0.2362E-05  0.2325E-04 -0.5898E-10  0.4044E-08  0.1984E-04 -0.1455E-04  0.1233E-07 -0.8658E-10  0.1943E-08  0.6967E-08
   36  0.6420E-05  0.7515E-06  0.6197E-05 -0.5988E-10  0.1079E-08  0.5169E-05 -0.4207E-05  0.3783E-08  0.7925E-11  0.6286E-09  0.5817E-09
   37  0.1594E-05  0.2148E-06  0.1512E-05 -0.3470E-10  0.2367E-09  0.1231E-05 -0.1107E-05  0.1185E-08  0.1918E-10  0.1138E-09 -0.4372E-09
   38  0.3667E-06  0.5434E-07  0.3425E-06 -0.1391E-10  0.6612E-10  0.2737E-06 -0.2652E-06  0.7843E-09 -0.1585E-10 -0.5463E-10 -0.2550E-09
   39  0.8296E-07  0.1197E-07  0.7717E-07 -0.3845E-11  0.1495E-10  0.6239E-07 -0.6040E-07  0.6780E-09 -0.1309E-10 -0.7071E-10 -0.7330E-10
   40  0.2442E-07  0.2575E-08  0.2317E-07 -0.5664E-12  0.1317E-11  0.2001E-07 -0.1636E-07  0.4118E-09 -0.5221E-11 -0.4507E-10 -0.5986E-12
   41  0.1140E-07  0.4154E-09  0.1125E-07  0.1475E-13 -0.1275E-11  0.1073E-07 -0.6674E-08  0.3745E-09 -0.4686E-12 -0.2014E-10  0.6167E-11
   42  0.8670E-08  0.2831E-10  0.8857E-08  0.2186E-13 -0.2109E-11  0.8691E-08 -0.4147E-08  0.3031E-09  0.1456E-11 -0.4903E-11 -0.2680E-11
   43  0.4780E-08 -0.7659E-11  0.4809E-08  0.2593E-13 -0.9376E-12  0.4907E-08 -0.2896E-08  0.2081E-09  0.1148E-11  0.1905E-12 -0.4900E-11
   44  0.5795E-08  0.1751E-09  0.5914E-08  0.1374E-13  0.1511E-12  0.5554E-08 -0.2995E-08  0.1175E-09  0.4557E-12  0.1110E-11 -0.4482E-11
   45  0.1035E-08  0.2355E-10  0.1013E-08 -0.4133E-15 -0.1622E-12  0.1041E-08 -0.6983E-09  0.4428E-10  0.2835E-12  0.1188E-11 -0.2484E-11
   46  0.1891E-08  0.1756E-09  0.1833E-08 -0.2256E-14  0.2700E-12  0.1596E-08 -0.1186E-08  0.1784E-10  0.1201E-13  0.4291E-12 -0.1347E-11
   47  0.9703E-10  0.5487E-11  0.9046E-10 -0.1069E-14 -0.1439E-13  0.9436E-10 -0.7032E-10  0.3818E-11  0.2711E-13  0.1817E-12 -0.2891E-12
   48  0.2917E-09  0.4198E-10  0.2702E-09 -0.3429E-15  0.5400E-13  0.2190E-09 -0.2079E-09  0.1297E-11 -0.1021E-13  0.7275E-13 -0.1914E-12
   49  0.3930E-11  0.3363E-12  0.3460E-11 -0.9542E-16 -0.5807E-15  0.3757E-11 -0.2960E-11  0.1423E-12  0.1171E-14  0.9595E-14 -0.1224E-13
   50  0.2361E-10  0.4190E-11  0.2085E-10 -0.2718E-16  0.4822E-14  0.1609E-10 -0.1810E-10  0.5217E-13 -0.1423E-14  0.5809E-14 -0.1342E-13
   51  0.6506E-13  0.5491E-14  0.4438E-13 -0.7697E-17 -0.1383E-16  0.7695E-13 -0.4247E-13  0.2181E-14  0.3513E-16  0.2269E-15 -0.1218E-15
   52  0.1350E-11  0.2947E-12  0.1183E-11 -0.8688E-18  0.2947E-15  0.8432E-12 -0.1116E-11  0.1606E-14 -0.1090E-15  0.3891E-15 -0.7409E-15
