 input file is 
mstm6_128_4799_145_00226.inp  
 input file comments follow:
***********************************************************
  This is the default mstm input file for v.3.0.
  The run is for a 7-sphere cluster of identical spheres.   The positions
  are embedded in the input file.

  The run makes use of the new_run and multiple_run options.

  14 April 2013
***********************************************************
 number of processors:
   1
 input parameters for run number 
    1
 number of spheres, volume size parameter:
  128  0.24185E+01
 position file:
position/n128/a6.out                                        
 output file:
output/128/x4799/145/00226/mt_6_128_4799_145_00226.dat      
 length, ref. indx. scale factors:
   0.480   1.450   0.023
 chiral factors:
  0.00000E+00  0.00000E+00
 scattering matrix directions based on incident frame
 automatic scattering angle calculation
 thetamin, thetamax:
      0.0    180.0
 number scattering angles:
      181
 epsmie, epssoln, max number iterations:
  0.1000E-05  0.1000E-07 5000
 medium refractive index:
  1.0000  0.0000
 target euler rotation angles:
    0.0000    0.0000    0.0000
 far field kr, iterations/correction:
 -0.1000E+01   20
 plane wave incidence
 random orientation calculations
 t matrix calculated, stored in file 
tmatrixfiles/6128479914500226                               
 t matrix convergence epsilon:
  0.1000E-06
 all spheres excited (total T matrix) 
 calculation results for run 
    1
 total ext, abs, scat efficiencies, w.r.t. xv, and asym. parm
  0.60305E+00  0.14162E+00  0.46143E+00  0.68135E+00
 scattering matrix elements (normalized w/ S11)
   theta      11           12           13           14           22           23           24           33           34           44      
    0.00  0.25970E+02  0.00000E+00  0.00000E+00 -0.13180E-04  0.99991E+00  0.18419E-04  0.00000E+00  0.99991E+00  0.00000E+00  0.99982E+00 
    1.00  0.25885E+02 -0.13798E-03  0.12305E-07 -0.13218E-04  0.99991E+00  0.18250E-04 -0.23435E-07  0.99991E+00  0.92094E-05  0.99982E+00 
    2.00  0.25632E+02 -0.55201E-03  0.49478E-07 -0.13328E-04  0.99991E+00  0.17741E-04 -0.94101E-07  0.99991E+00  0.36826E-04  0.99982E+00 
    3.00  0.25215E+02 -0.12423E-02  0.11230E-06 -0.13490E-04  0.99991E+00  0.16893E-04 -0.21310E-06  0.99991E+00  0.82813E-04  0.99981E+00 
    4.00  0.24643E+02 -0.22092E-02  0.20204E-06 -0.13675E-04  0.99990E+00  0.15708E-04 -0.38227E-06  0.99990E+00  0.14710E-03  0.99981E+00 
    5.00  0.23927E+02 -0.34532E-02  0.32047E-06 -0.13838E-04  0.99990E+00  0.14186E-04 -0.60429E-06  0.99989E+00  0.22957E-03  0.99980E+00 
    6.00  0.23081E+02 -0.49750E-02  0.46978E-06 -0.13921E-04  0.99990E+00  0.12333E-04 -0.88269E-06  0.99988E+00  0.33004E-03  0.99978E+00 
    7.00  0.22120E+02 -0.67755E-02  0.65259E-06 -0.13850E-04  0.99989E+00  0.10153E-04 -0.12219E-05  0.99987E+00  0.44823E-03  0.99976E+00 
    8.00  0.21063E+02 -0.88557E-02  0.87178E-06 -0.13530E-04  0.99988E+00  0.76560E-05 -0.16276E-05  0.99985E+00  0.58375E-03  0.99973E+00 
    9.00  0.19928E+02 -0.11217E-01  0.11304E-05 -0.12848E-04  0.99988E+00  0.48577E-05 -0.21063E-05  0.99981E+00  0.73603E-03  0.99969E+00 
   10.00  0.18735E+02 -0.13861E-01  0.14317E-05 -0.11667E-04  0.99987E+00  0.17801E-05 -0.26662E-05  0.99977E+00  0.90426E-03  0.99964E+00 
   11.00  0.17502E+02 -0.16789E-01  0.17784E-05 -0.98215E-05  0.99985E+00 -0.15440E-05 -0.33166E-05  0.99971E+00  0.10874E-02  0.99957E+00 
   12.00  0.16251E+02 -0.20005E-01  0.21730E-05 -0.71193E-05  0.99984E+00 -0.50687E-05 -0.40688E-05  0.99964E+00  0.12838E-02  0.99949E+00 
   13.00  0.14998E+02 -0.23510E-01  0.26167E-05 -0.33340E-05  0.99982E+00 -0.87301E-05 -0.49355E-05  0.99955E+00  0.14917E-02  0.99938E+00 
   14.00  0.13760E+02 -0.27308E-01  0.31095E-05  0.17948E-05  0.99980E+00 -0.12441E-04 -0.59315E-05  0.99943E+00  0.17085E-02  0.99924E+00 
   15.00  0.12554E+02 -0.31404E-01  0.36488E-05  0.85633E-05  0.99977E+00 -0.16085E-04 -0.70736E-05  0.99928E+00  0.19308E-02  0.99907E+00 
   16.00  0.11393E+02 -0.35804E-01  0.42288E-05  0.17302E-04  0.99974E+00 -0.19507E-04 -0.83804E-05  0.99910E+00  0.21544E-02  0.99886E+00 
   17.00  0.10288E+02 -0.40512E-01  0.48396E-05  0.28371E-04  0.99971E+00 -0.22509E-04 -0.98724E-05  0.99888E+00  0.23742E-02  0.99861E+00 
   18.00  0.92484E+01 -0.45539E-01  0.54651E-05  0.42149E-04  0.99966E+00 -0.24837E-04 -0.11572E-04  0.99862E+00  0.25838E-02  0.99831E+00 
   19.00  0.82808E+01 -0.50893E-01  0.60826E-05  0.59018E-04  0.99961E+00 -0.26175E-04 -0.13501E-04  0.99831E+00  0.27756E-02  0.99796E+00 
   20.00  0.73900E+01 -0.56587E-01  0.66604E-05  0.79330E-04  0.99954E+00 -0.26136E-04 -0.15682E-04  0.99794E+00  0.29407E-02  0.99753E+00 
   21.00  0.65786E+01 -0.62634E-01  0.71575E-05  0.10337E-03  0.99947E+00 -0.24267E-04 -0.18135E-04  0.99751E+00  0.30693E-02  0.99703E+00 
   22.00  0.58469E+01 -0.69052E-01  0.75226E-05  0.13132E-03  0.99938E+00 -0.20049E-04 -0.20878E-04  0.99700E+00  0.31508E-02  0.99645E+00 
   23.00  0.51938E+01 -0.75858E-01  0.76956E-05  0.16314E-03  0.99928E+00 -0.12918E-04 -0.23918E-04  0.99640E+00  0.31750E-02  0.99577E+00 
   24.00  0.46164E+01 -0.83073E-01  0.76099E-05  0.19859E-03  0.99917E+00 -0.23005E-05 -0.27257E-04  0.99571E+00  0.31323E-02  0.99498E+00 
   25.00  0.41107E+01 -0.90717E-01  0.71978E-05  0.23706E-03  0.99904E+00  0.12334E-04 -0.30883E-04  0.99491E+00  0.30160E-02  0.99407E+00 
   26.00  0.36717E+01 -0.98809E-01  0.63985E-05  0.27762E-03  0.99890E+00  0.31408E-04 -0.34771E-04  0.99399E+00  0.28232E-02  0.99303E+00 
   27.00  0.32936E+01 -0.10737E+00  0.51681E-05  0.31895E-03  0.99874E+00  0.55155E-04 -0.38882E-04  0.99294E+00  0.25564E-02  0.99186E+00 
   28.00  0.29703E+01 -0.11640E+00  0.34906E-05  0.35946E-03  0.99857E+00  0.83551E-04 -0.43167E-04  0.99175E+00  0.22248E-02  0.99053E+00 
   29.00  0.26954E+01 -0.12591E+00  0.13879E-05  0.39738E-03  0.99840E+00  0.11626E-03 -0.47572E-04  0.99041E+00  0.18444E-02  0.98905E+00 
   30.00  0.24626E+01 -0.13589E+00 -0.10748E-05  0.43095E-03  0.99822E+00  0.15263E-03 -0.52044E-04  0.98890E+00  0.14369E-02  0.98740E+00 
   31.00  0.22658E+01 -0.14634E+00 -0.37887E-05  0.45863E-03  0.99804E+00  0.19173E-03 -0.56541E-04  0.98722E+00  0.10281E-02  0.98557E+00 
   32.00  0.20991E+01 -0.15725E+00 -0.66075E-05  0.47930E-03  0.99786E+00  0.23243E-03 -0.61038E-04  0.98535E+00  0.64480E-03  0.98357E+00 
   33.00  0.19574E+01 -0.16858E+00 -0.93589E-05  0.49238E-03  0.99769E+00  0.27352E-03 -0.65533E-04  0.98329E+00  0.31201E-03  0.98137E+00 
   34.00  0.18360E+01 -0.18031E+00 -0.11859E-04  0.49784E-03  0.99752E+00  0.31381E-03 -0.70044E-04  0.98103E+00  0.50253E-04  0.97898E+00 
   35.00  0.17306E+01 -0.19244E+00 -0.13924E-04  0.49619E-03  0.99736E+00  0.35222E-03 -0.74614E-04  0.97854E+00 -0.12604E-03  0.97637E+00 
   36.00  0.16378E+01 -0.20495E+00 -0.15384E-04  0.48840E-03  0.99721E+00  0.38783E-03 -0.79297E-04  0.97582E+00 -0.20924E-03  0.97355E+00 
   37.00  0.15548E+01 -0.21782E+00 -0.16086E-04  0.47569E-03  0.99706E+00  0.41993E-03 -0.84155E-04  0.97286E+00 -0.19826E-03  0.97047E+00 
   38.00  0.14792E+01 -0.23104E+00 -0.15898E-04  0.45947E-03  0.99691E+00  0.44793E-03 -0.89255E-04  0.96963E+00 -0.97646E-04  0.96714E+00 
   39.00  0.14092E+01 -0.24462E+00 -0.14712E-04  0.44120E-03  0.99676E+00  0.47140E-03 -0.94658E-04  0.96612E+00  0.83557E-04  0.96353E+00 
   40.00  0.13434E+01 -0.25855E+00 -0.12439E-04  0.42229E-03  0.99661E+00  0.48998E-03 -0.10041E-03  0.96230E+00  0.33303E-03  0.95961E+00 
   41.00  0.12811E+01 -0.27283E+00 -0.90113E-05  0.40408E-03  0.99645E+00  0.50338E-03 -0.10657E-03  0.95816E+00  0.63625E-03  0.95536E+00 
   42.00  0.12214E+01 -0.28747E+00 -0.43826E-05  0.38778E-03  0.99628E+00  0.51132E-03 -0.11314E-03  0.95367E+00  0.97735E-03  0.95077E+00 
   43.00  0.11642E+01 -0.30246E+00  0.14720E-05  0.37442E-03  0.99611E+00  0.51352E-03 -0.12014E-03  0.94881E+00  0.13398E-02  0.94580E+00 
   44.00  0.11092E+01 -0.31780E+00  0.85524E-05  0.36489E-03  0.99592E+00  0.50971E-03 -0.12757E-03  0.94355E+00  0.17071E-02  0.94042E+00 
   45.00  0.10565E+01 -0.33349E+00  0.16829E-04  0.35990E-03  0.99572E+00  0.49964E-03 -0.13539E-03  0.93787E+00  0.20629E-02  0.93463E+00 
   46.00  0.10060E+01 -0.34952E+00  0.26240E-04  0.35992E-03  0.99551E+00  0.48308E-03 -0.14358E-03  0.93174E+00  0.23921E-02  0.92838E+00 
   47.00  0.95786E+00 -0.36588E+00  0.36686E-04  0.36524E-03  0.99528E+00  0.45989E-03 -0.15209E-03  0.92515E+00  0.26808E-02  0.92166E+00 
   48.00  0.91218E+00 -0.38257E+00  0.48026E-04  0.37590E-03  0.99503E+00  0.43000E-03 -0.16086E-03  0.91808E+00  0.29168E-02  0.91445E+00 
   49.00  0.86904E+00 -0.39957E+00  0.60080E-04  0.39171E-03  0.99477E+00  0.39348E-03 -0.16984E-03  0.91048E+00  0.30905E-02  0.90673E+00 
   50.00  0.82849E+00 -0.41687E+00  0.72626E-04  0.41224E-03  0.99450E+00  0.35055E-03 -0.17897E-03  0.90236E+00  0.31947E-02  0.89846E+00 
   51.00  0.79051E+00 -0.43444E+00  0.85406E-04  0.43682E-03  0.99421E+00  0.30164E-03 -0.18821E-03  0.89368E+00  0.32255E-02  0.88964E+00 
   52.00  0.75507E+00 -0.45227E+00  0.98134E-04  0.46458E-03  0.99391E+00  0.24733E-03 -0.19753E-03  0.88442E+00  0.31822E-02  0.88025E+00 
   53.00  0.72209E+00 -0.47034E+00  0.11050E-03  0.49451E-03  0.99359E+00  0.18842E-03 -0.20695E-03  0.87457E+00  0.30670E-02  0.87026E+00 
   54.00  0.69142E+00 -0.48863E+00  0.12220E-03  0.52547E-03  0.99327E+00  0.12585E-03 -0.21648E-03  0.86410E+00  0.28853E-02  0.85965E+00 
   55.00  0.66291E+00 -0.50712E+00  0.13290E-03  0.55629E-03  0.99294E+00  0.60717E-04 -0.22618E-03  0.85298E+00  0.26448E-02  0.84841E+00 
   56.00  0.63638E+00 -0.52578E+00  0.14231E-03  0.58580E-03  0.99260E+00 -0.58001E-05 -0.23613E-03  0.84121E+00  0.23551E-02  0.83651E+00 
   57.00  0.61165E+00 -0.54461E+00  0.15014E-03  0.61292E-03  0.99226E+00 -0.72464E-04 -0.24644E-03  0.82874E+00  0.20267E-02  0.82392E+00 
   58.00  0.58851E+00 -0.56356E+00  0.15613E-03  0.63668E-03  0.99192E+00 -0.13803E-03 -0.25723E-03  0.81557E+00  0.16709E-02  0.81063E+00 
   59.00  0.56678E+00 -0.58262E+00  0.16005E-03  0.65628E-03  0.99157E+00 -0.20130E-03 -0.26864E-03  0.80166E+00  0.12983E-02  0.79661E+00 
   60.00  0.54628E+00 -0.60177E+00  0.16169E-03  0.67109E-03  0.99123E+00 -0.26112E-03 -0.28080E-03  0.78698E+00  0.91912E-03  0.78183E+00 
   61.00  0.52685E+00 -0.62096E+00  0.16087E-03  0.68067E-03  0.99088E+00 -0.31646E-03 -0.29383E-03  0.77152E+00  0.54206E-03  0.76626E+00 
   62.00  0.50835E+00 -0.64018E+00  0.15744E-03  0.68477E-03  0.99053E+00 -0.36639E-03 -0.30785E-03  0.75524E+00  0.17443E-03  0.74989E+00 
   63.00  0.49067E+00 -0.65938E+00  0.15126E-03  0.68332E-03  0.99019E+00 -0.41010E-03 -0.32291E-03  0.73812E+00 -0.17804E-03  0.73268E+00 
   64.00  0.47371E+00 -0.67853E+00  0.14222E-03  0.67638E-03  0.98985E+00 -0.44693E-03 -0.33907E-03  0.72015E+00 -0.51122E-03  0.71462E+00 
   65.00  0.45740E+00 -0.69757E+00  0.13024E-03  0.66415E-03  0.98950E+00 -0.47633E-03 -0.35630E-03  0.70130E+00 -0.82237E-03  0.69568E+00 
   66.00  0.44168E+00 -0.71647E+00  0.11522E-03  0.64693E-03  0.98916E+00 -0.49790E-03 -0.37455E-03  0.68155E+00 -0.11100E-02  0.67586E+00 
   67.00  0.42653E+00 -0.73518E+00  0.97105E-04  0.62507E-03  0.98882E+00 -0.51139E-03 -0.39369E-03  0.66090E+00 -0.13735E-02  0.65513E+00 
   68.00  0.41191E+00 -0.75362E+00  0.75868E-04  0.59899E-03  0.98848E+00 -0.51668E-03 -0.41354E-03  0.63934E+00 -0.16131E-02  0.63349E+00 
   69.00  0.39783E+00 -0.77176E+00  0.51497E-04  0.56911E-03  0.98815E+00 -0.51377E-03 -0.43385E-03  0.61687E+00 -0.18294E-02  0.61094E+00 
   70.00  0.38427E+00 -0.78953E+00  0.24018E-04  0.53586E-03  0.98781E+00 -0.50283E-03 -0.45433E-03  0.59348E+00 -0.20229E-02  0.58748E+00 
   71.00  0.37125E+00 -0.80686E+00 -0.65082E-05  0.49964E-03  0.98748E+00 -0.48417E-03 -0.47462E-03  0.56919E+00 -0.21945E-02  0.56312E+00 
   72.00  0.35878E+00 -0.82369E+00 -0.39974E-04  0.46079E-03  0.98714E+00 -0.45821E-03 -0.49433E-03  0.54402E+00 -0.23446E-02  0.53788E+00 
   73.00  0.34685E+00 -0.83996E+00 -0.76225E-04  0.41961E-03  0.98681E+00 -0.42555E-03 -0.51303E-03  0.51798E+00 -0.24733E-02  0.51177E+00 
   74.00  0.33549E+00 -0.85561E+00 -0.11506E-03  0.37634E-03  0.98647E+00 -0.38687E-03 -0.53027E-03  0.49110E+00 -0.25804E-02  0.48483E+00 
   75.00  0.32468E+00 -0.87057E+00 -0.15621E-03  0.33113E-03  0.98613E+00 -0.34300E-03 -0.54561E-03  0.46340E+00 -0.26654E-02  0.45709E+00 
   76.00  0.31444E+00 -0.88478E+00 -0.19938E-03  0.28407E-03  0.98579E+00 -0.29484E-03 -0.55862E-03  0.43493E+00 -0.27275E-02  0.42857E+00 
   77.00  0.30475E+00 -0.89819E+00 -0.24421E-03  0.23515E-03  0.98545E+00 -0.24336E-03 -0.56890E-03  0.40572E+00 -0.27657E-02  0.39932E+00 
   78.00  0.29562E+00 -0.91074E+00 -0.29031E-03  0.18433E-03  0.98510E+00 -0.18960E-03 -0.57613E-03  0.37581E+00 -0.27793E-02  0.36939E+00 
   79.00  0.28703E+00 -0.92238E+00 -0.33725E-03  0.13149E-03  0.98474E+00 -0.13457E-03 -0.58003E-03  0.34524E+00 -0.27676E-02  0.33881E+00 
   80.00  0.27897E+00 -0.93307E+00 -0.38460E-03  0.76499E-04  0.98438E+00 -0.79284E-04 -0.58043E-03  0.31407E+00 -0.27305E-02  0.30763E+00 
   81.00  0.27142E+00 -0.94276E+00 -0.43190E-03  0.19194E-04  0.98401E+00 -0.24711E-04 -0.57724E-03  0.28234E+00 -0.26687E-02  0.27591E+00 
   82.00  0.26436E+00 -0.95140E+00 -0.47871E-03 -0.40570E-04  0.98364E+00  0.28270E-04 -0.57047E-03  0.25009E+00 -0.25834E-02  0.24370E+00 
   83.00  0.25778E+00 -0.95898E+00 -0.52461E-03 -0.10291E-03  0.98325E+00  0.78877E-04 -0.56024E-03  0.21739E+00 -0.24773E-02  0.21105E+00 
   84.00  0.25165E+00 -0.96545E+00 -0.56921E-03 -0.16788E-03  0.98286E+00  0.12645E-03 -0.54676E-03  0.18428E+00 -0.23539E-02  0.17801E+00 
   85.00  0.24595E+00 -0.97080E+00 -0.61215E-03 -0.23548E-03  0.98246E+00  0.17046E-03 -0.53035E-03  0.15083E+00 -0.22180E-02  0.14464E+00 
   86.00  0.24066E+00 -0.97499E+00 -0.65313E-03 -0.30558E-03  0.98205E+00  0.21051E-03 -0.51140E-03  0.11708E+00 -0.20752E-02  0.11100E+00 
   87.00  0.23576E+00 -0.97801E+00 -0.69192E-03 -0.37798E-03  0.98164E+00  0.24636E-03 -0.49036E-03  0.83100E-01 -0.19325E-02  0.77159E-01 
   88.00  0.23124E+00 -0.97985E+00 -0.72832E-03 -0.45232E-03  0.98123E+00  0.27790E-03 -0.46773E-03  0.48952E-01 -0.17974E-02  0.43169E-01 
   89.00  0.22708E+00 -0.98049E+00 -0.76221E-03 -0.52816E-03  0.98081E+00  0.30512E-03 -0.44406E-03  0.14701E-01 -0.16782E-02  0.91014E-02 
   90.00  0.22326E+00 -0.97994E+00 -0.79352E-03 -0.60491E-03  0.98040E+00  0.32816E-03 -0.41989E-03 -0.19585E-01 -0.15835E-02 -0.24977E-01 
   91.00  0.21977E+00 -0.97819E+00 -0.82225E-03 -0.68187E-03  0.97999E+00  0.34722E-03 -0.39579E-03 -0.53836E-01 -0.15217E-02 -0.58995E-01 
   92.00  0.21660E+00 -0.97526E+00 -0.84843E-03 -0.75824E-03  0.97959E+00  0.36259E-03 -0.37229E-03 -0.87980E-01 -0.15012E-02 -0.92880E-01 
   93.00  0.21374E+00 -0.97116E+00 -0.87215E-03 -0.83315E-03  0.97921E+00  0.37460E-03 -0.34987E-03 -0.12194E+00 -0.15295E-02 -0.12656E+00 
   94.00  0.21118E+00 -0.96590E+00 -0.89351E-03 -0.90566E-03  0.97884E+00  0.38362E-03 -0.32898E-03 -0.15565E+00 -0.16132E-02 -0.15996E+00 
   95.00  0.20891E+00 -0.95951E+00 -0.91264E-03 -0.97480E-03  0.97849E+00  0.39005E-03 -0.31000E-03 -0.18902E+00 -0.17577E-02 -0.19301E+00 
   96.00  0.20692E+00 -0.95204E+00 -0.92971E-03 -0.10396E-02  0.97817E+00  0.39427E-03 -0.29326E-03 -0.22199E+00 -0.19667E-02 -0.22563E+00 
   97.00  0.20522E+00 -0.94351E+00 -0.94485E-03 -0.10991E-02  0.97787E+00  0.39664E-03 -0.27898E-03 -0.25449E+00 -0.22424E-02 -0.25775E+00 
   98.00  0.20379E+00 -0.93398E+00 -0.95821E-03 -0.11525E-02  0.97761E+00  0.39752E-03 -0.26733E-03 -0.28643E+00 -0.25851E-02 -0.28931E+00 
   99.00  0.20262E+00 -0.92348E+00 -0.96991E-03 -0.11988E-02  0.97739E+00  0.39719E-03 -0.25839E-03 -0.31777E+00 -0.29930E-02 -0.32025E+00 
  100.00  0.20172E+00 -0.91209E+00 -0.98005E-03 -0.12376E-02  0.97720E+00  0.39592E-03 -0.25216E-03 -0.34844E+00 -0.34627E-02 -0.35051E+00 
  101.00  0.20107E+00 -0.89984E+00 -0.98871E-03 -0.12681E-02  0.97705E+00  0.39392E-03 -0.24858E-03 -0.37838E+00 -0.39888E-02 -0.38003E+00 
  102.00  0.20066E+00 -0.88682E+00 -0.99593E-03 -0.12901E-02  0.97694E+00  0.39135E-03 -0.24752E-03 -0.40756E+00 -0.45645E-02 -0.40877E+00 
  103.00  0.20049E+00 -0.87308E+00 -0.10017E-02 -0.13033E-02  0.97687E+00  0.38832E-03 -0.24880E-03 -0.43592E+00 -0.51815E-02 -0.43670E+00 
  104.00  0.20055E+00 -0.85868E+00 -0.10060E-02 -0.13077E-02  0.97684E+00  0.38493E-03 -0.25219E-03 -0.46343E+00 -0.58303E-02 -0.46378E+00 
  105.00  0.20083E+00 -0.84368E+00 -0.10087E-02 -0.13033E-02  0.97686E+00  0.38119E-03 -0.25744E-03 -0.49008E+00 -0.65010E-02 -0.48999E+00 
  106.00  0.20132E+00 -0.82816E+00 -0.10099E-02 -0.12905E-02  0.97691E+00  0.37711E-03 -0.26428E-03 -0.51583E+00 -0.71828E-02 -0.51532E+00 
  107.00  0.20201E+00 -0.81216E+00 -0.10092E-02 -0.12698E-02  0.97700E+00  0.37269E-03 -0.27240E-03 -0.54069E+00 -0.78651E-02 -0.53974E+00 
  108.00  0.20289E+00 -0.79576E+00 -0.10067E-02 -0.12416E-02  0.97713E+00  0.36789E-03 -0.28153E-03 -0.56463E+00 -0.85374E-02 -0.56327E+00 
  109.00  0.20394E+00 -0.77900E+00 -0.10021E-02 -0.12068E-02  0.97729E+00  0.36266E-03 -0.29139E-03 -0.58767E+00 -0.91897E-02 -0.58589E+00 
  110.00  0.20515E+00 -0.76193E+00 -0.99530E-03 -0.11659E-02  0.97747E+00  0.35696E-03 -0.30170E-03 -0.60980E+00 -0.98125E-02 -0.60763E+00 
  111.00  0.20651E+00 -0.74461E+00 -0.98618E-03 -0.11201E-02  0.97768E+00  0.35074E-03 -0.31223E-03 -0.63104E+00 -0.10398E-01 -0.62847E+00 
  112.00  0.20801E+00 -0.72709E+00 -0.97456E-03 -0.10700E-02  0.97792E+00  0.34398E-03 -0.32274E-03 -0.65140E+00 -0.10938E-01 -0.64845E+00 
  113.00  0.20962E+00 -0.70939E+00 -0.96034E-03 -0.10167E-02  0.97817E+00  0.33664E-03 -0.33305E-03 -0.67090E+00 -0.11427E-01 -0.66758E+00 
  114.00  0.21135E+00 -0.69157E+00 -0.94341E-03 -0.96104E-03  0.97844E+00  0.32871E-03 -0.34299E-03 -0.68954E+00 -0.11859E-01 -0.68587E+00 
  115.00  0.21316E+00 -0.67365E+00 -0.92370E-03 -0.90402E-03  0.97872E+00  0.32019E-03 -0.35241E-03 -0.70736E+00 -0.12232E-01 -0.70334E+00 
  116.00  0.21506E+00 -0.65568E+00 -0.90116E-03 -0.84648E-03  0.97900E+00  0.31109E-03 -0.36120E-03 -0.72438E+00 -0.12543E-01 -0.72002E+00 
  117.00  0.21702E+00 -0.63767E+00 -0.87579E-03 -0.78928E-03  0.97930E+00  0.30145E-03 -0.36927E-03 -0.74061E+00 -0.12789E-01 -0.73593E+00 
  118.00  0.21904E+00 -0.61967E+00 -0.84760E-03 -0.73322E-03  0.97959E+00  0.29130E-03 -0.37656E-03 -0.75607E+00 -0.12972E-01 -0.75109E+00 
  119.00  0.22110E+00 -0.60169E+00 -0.81666E-03 -0.67902E-03  0.97989E+00  0.28068E-03 -0.38301E-03 -0.77080E+00 -0.13092E-01 -0.76552E+00 
  120.00  0.22319E+00 -0.58375E+00 -0.78307E-03 -0.62735E-03  0.98018E+00  0.26968E-03 -0.38859E-03 -0.78482E+00 -0.13150E-01 -0.77924E+00 
  121.00  0.22531E+00 -0.56589E+00 -0.74694E-03 -0.57880E-03  0.98047E+00  0.25834E-03 -0.39329E-03 -0.79814E+00 -0.13148E-01 -0.79229E+00 
  122.00  0.22743E+00 -0.54811E+00 -0.70844E-03 -0.53389E-03  0.98075E+00  0.24674E-03 -0.39709E-03 -0.81079E+00 -0.13090E-01 -0.80466E+00 
  123.00  0.22955E+00 -0.53045E+00 -0.66775E-03 -0.49306E-03  0.98103E+00  0.23497E-03 -0.40000E-03 -0.82279E+00 -0.12979E-01 -0.81640E+00 
  124.00  0.23166E+00 -0.51292E+00 -0.62510E-03 -0.45668E-03  0.98130E+00  0.22309E-03 -0.40203E-03 -0.83417E+00 -0.12819E-01 -0.82752E+00 
  125.00  0.23376E+00 -0.49553E+00 -0.58071E-03 -0.42505E-03  0.98155E+00  0.21119E-03 -0.40318E-03 -0.84494E+00 -0.12613E-01 -0.83804E+00 
  126.00  0.23584E+00 -0.47830E+00 -0.53486E-03 -0.39841E-03  0.98180E+00  0.19934E-03 -0.40349E-03 -0.85512E+00 -0.12366E-01 -0.84797E+00 
  127.00  0.23788E+00 -0.46126E+00 -0.48782E-03 -0.37691E-03  0.98204E+00  0.18761E-03 -0.40297E-03 -0.86474E+00 -0.12083E-01 -0.85735E+00 
  128.00  0.23990E+00 -0.44440E+00 -0.43987E-03 -0.36067E-03  0.98226E+00  0.17607E-03 -0.40163E-03 -0.87382E+00 -0.11768E-01 -0.86619E+00 
  129.00  0.24187E+00 -0.42776E+00 -0.39133E-03 -0.34972E-03  0.98247E+00  0.16478E-03 -0.39951E-03 -0.88237E+00 -0.11425E-01 -0.87451E+00 
  130.00  0.24381E+00 -0.41134E+00 -0.34248E-03 -0.34406E-03  0.98267E+00  0.15379E-03 -0.39663E-03 -0.89042E+00 -0.11060E-01 -0.88233E+00 
  131.00  0.24570E+00 -0.39515E+00 -0.29366E-03 -0.34363E-03  0.98286E+00  0.14316E-03 -0.39300E-03 -0.89798E+00 -0.10675E-01 -0.88966E+00 
  132.00  0.24754E+00 -0.37921E+00 -0.24515E-03 -0.34833E-03  0.98303E+00  0.13292E-03 -0.38867E-03 -0.90508E+00 -0.10275E-01 -0.89653E+00 
  133.00  0.24933E+00 -0.36352E+00 -0.19726E-03 -0.35801E-03  0.98319E+00  0.12311E-03 -0.38364E-03 -0.91173E+00 -0.98638E-02 -0.90296E+00 
  134.00  0.25108E+00 -0.34811E+00 -0.15028E-03 -0.37251E-03  0.98334E+00  0.11375E-03 -0.37794E-03 -0.91795E+00 -0.94453E-02 -0.90895E+00 
  135.00  0.25277E+00 -0.33298E+00 -0.10450E-03 -0.39161E-03  0.98348E+00  0.10486E-03 -0.37160E-03 -0.92376E+00 -0.90226E-02 -0.91454E+00 
  136.00  0.25441E+00 -0.31813E+00 -0.60187E-04 -0.41507E-03  0.98361E+00  0.96448E-04 -0.36465E-03 -0.92917E+00 -0.85987E-02 -0.91974E+00 
  137.00  0.25600E+00 -0.30358E+00 -0.17584E-04 -0.44264E-03  0.98372E+00  0.88528E-04 -0.35711E-03 -0.93421E+00 -0.81766E-02 -0.92455E+00 
  138.00  0.25754E+00 -0.28934E+00  0.23073E-04 -0.47403E-03  0.98382E+00  0.81095E-04 -0.34901E-03 -0.93889E+00 -0.77587E-02 -0.92902E+00 
  139.00  0.25903E+00 -0.27542E+00  0.61573E-04 -0.50896E-03  0.98392E+00  0.74144E-04 -0.34039E-03 -0.94323E+00 -0.73472E-02 -0.93314E+00 
  140.00  0.26047E+00 -0.26181E+00  0.97728E-04 -0.54710E-03  0.98400E+00  0.67664E-04 -0.33126E-03 -0.94725E+00 -0.69441E-02 -0.93693E+00 
  141.00  0.26186E+00 -0.24853E+00  0.13137E-03 -0.58815E-03  0.98407E+00  0.61639E-04 -0.32167E-03 -0.95096E+00 -0.65511E-02 -0.94042E+00 
  142.00  0.26321E+00 -0.23558E+00  0.16236E-03 -0.63178E-03  0.98413E+00  0.56053E-04 -0.31165E-03 -0.95437E+00 -0.61695E-02 -0.94362E+00 
  143.00  0.26451E+00 -0.22297E+00  0.19059E-03 -0.67766E-03  0.98418E+00  0.50885E-04 -0.30124E-03 -0.95751E+00 -0.58006E-02 -0.94654E+00 
  144.00  0.26577E+00 -0.21070E+00  0.21595E-03 -0.72548E-03  0.98422E+00  0.46113E-04 -0.29047E-03 -0.96039E+00 -0.54451E-02 -0.94919E+00 
  145.00  0.26699E+00 -0.19878E+00  0.23840E-03 -0.77489E-03  0.98425E+00  0.41714E-04 -0.27939E-03 -0.96302E+00 -0.51037E-02 -0.95160E+00 
  146.00  0.26816E+00 -0.18721E+00  0.25789E-03 -0.82559E-03  0.98428E+00  0.37664E-04 -0.26804E-03 -0.96542E+00 -0.47769E-02 -0.95378E+00 
  147.00  0.26930E+00 -0.17598E+00  0.27441E-03 -0.87726E-03  0.98429E+00  0.33938E-04 -0.25646E-03 -0.96760E+00 -0.44649E-02 -0.95574E+00 
  148.00  0.27039E+00 -0.16511E+00  0.28796E-03 -0.92959E-03  0.98430E+00  0.30514E-04 -0.24470E-03 -0.96957E+00 -0.41677E-02 -0.95749E+00 
  149.00  0.27145E+00 -0.15460E+00  0.29859E-03 -0.98229E-03  0.98429E+00  0.27369E-04 -0.23280E-03 -0.97135E+00 -0.38852E-02 -0.95905E+00 
  150.00  0.27248E+00 -0.14444E+00  0.30635E-03 -0.10351E-02  0.98428E+00  0.24482E-04 -0.22080E-03 -0.97296E+00 -0.36171E-02 -0.96043E+00 
  151.00  0.27347E+00 -0.13464E+00  0.31131E-03 -0.10877E-02  0.98426E+00  0.21832E-04 -0.20877E-03 -0.97440E+00 -0.33630E-02 -0.96164E+00 
  152.00  0.27443E+00 -0.12520E+00  0.31358E-03 -0.11399E-02  0.98423E+00  0.19402E-04 -0.19674E-03 -0.97568E+00 -0.31225E-02 -0.96270E+00 
  153.00  0.27536E+00 -0.11612E+00  0.31328E-03 -0.11914E-02  0.98420E+00  0.17175E-04 -0.18475E-03 -0.97681E+00 -0.28949E-02 -0.96361E+00 
  154.00  0.27626E+00 -0.10739E+00  0.31052E-03 -0.12420E-02  0.98415E+00  0.15136E-04 -0.17287E-03 -0.97782E+00 -0.26796E-02 -0.96438E+00 
  155.00  0.27712E+00 -0.99023E-01  0.30548E-03 -0.12915E-02  0.98410E+00  0.13272E-04 -0.16113E-03 -0.97869E+00 -0.24760E-02 -0.96503E+00 
  156.00  0.27796E+00 -0.91012E-01  0.29830E-03 -0.13398E-02  0.98404E+00  0.11572E-04 -0.14957E-03 -0.97946E+00 -0.22833E-02 -0.96557E+00 
  157.00  0.27876E+00 -0.83356E-01  0.28916E-03 -0.13866E-02  0.98398E+00  0.10025E-04 -0.13825E-03 -0.98012E+00 -0.21008E-02 -0.96600E+00 
  158.00  0.27954E+00 -0.76055E-01  0.27825E-03 -0.14318E-02  0.98391E+00  0.86221E-05 -0.12719E-03 -0.98068E+00 -0.19279E-02 -0.96634E+00 
  159.00  0.28029E+00 -0.69106E-01  0.26577E-03 -0.14753E-02  0.98384E+00  0.73558E-05 -0.11645E-03 -0.98116E+00 -0.17640E-02 -0.96659E+00 
  160.00  0.28101E+00 -0.62507E-01  0.25191E-03 -0.15170E-02  0.98376E+00  0.62185E-05 -0.10605E-03 -0.98155E+00 -0.16084E-02 -0.96676E+00 
  161.00  0.28170E+00 -0.56257E-01  0.23690E-03 -0.15567E-02  0.98367E+00  0.52036E-05 -0.96027E-04 -0.98188E+00 -0.14606E-02 -0.96687E+00 
  162.00  0.28237E+00 -0.50353E-01  0.22094E-03 -0.15945E-02  0.98359E+00  0.43046E-05 -0.86413E-04 -0.98214E+00 -0.13203E-02 -0.96691E+00 
  163.00  0.28300E+00 -0.44793E-01  0.20425E-03 -0.16302E-02  0.98350E+00  0.35152E-05 -0.77235E-04 -0.98235E+00 -0.11869E-02 -0.96690E+00 
  164.00  0.28360E+00 -0.39573E-01  0.18705E-03 -0.16637E-02  0.98340E+00  0.28289E-05 -0.68517E-04 -0.98250E+00 -0.10603E-02 -0.96685E+00 
  165.00  0.28418E+00 -0.34691E-01  0.16955E-03 -0.16952E-02  0.98331E+00  0.22394E-05 -0.60277E-04 -0.98262E+00 -0.94032E-03 -0.96676E+00 
  166.00  0.28472E+00 -0.30144E-01  0.15198E-03 -0.17245E-02  0.98322E+00  0.17396E-05 -0.52534E-04 -0.98269E+00 -0.82675E-03 -0.96664E+00 
  167.00  0.28523E+00 -0.25929E-01  0.13454E-03 -0.17516E-02  0.98313E+00  0.13225E-05 -0.45302E-04 -0.98274E+00 -0.71962E-03 -0.96649E+00 
  168.00  0.28571E+00 -0.22042E-01  0.11744E-03 -0.17766E-02  0.98304E+00  0.98060E-06 -0.38591E-04 -0.98275E+00 -0.61900E-03 -0.96633E+00 
  169.00  0.28615E+00 -0.18481E-01  0.10088E-03 -0.17995E-02  0.98295E+00  0.70615E-06 -0.32411E-04 -0.98275E+00 -0.52501E-03 -0.96615E+00 
  170.00  0.28656E+00 -0.15242E-01  0.85058E-04 -0.18202E-02  0.98287E+00  0.49120E-06 -0.26766E-04 -0.98273E+00 -0.43784E-03 -0.96597E+00 
  171.00  0.28693E+00 -0.12323E-01  0.70148E-04 -0.18388E-02  0.98279E+00  0.32772E-06 -0.21662E-04 -0.98270E+00 -0.35773E-03 -0.96579E+00 
  172.00  0.28727E+00 -0.97196E-02  0.56320E-04 -0.18554E-02  0.98271E+00  0.20772E-06 -0.17099E-04 -0.98266E+00 -0.28494E-03 -0.96561E+00 
  173.00  0.28757E+00 -0.74299E-02  0.43731E-04 -0.18699E-02  0.98265E+00  0.12342E-06 -0.13078E-04 -0.98261E+00 -0.21979E-03 -0.96545E+00 
  174.00  0.28783E+00 -0.54511E-02  0.32521E-04 -0.18824E-02  0.98259E+00  0.67409E-07 -0.95990E-05 -0.98257E+00 -0.16256E-03 -0.96529E+00 
  175.00  0.28805E+00 -0.37810E-02  0.22816E-04 -0.18930E-02  0.98254E+00  0.32837E-07 -0.66598E-05 -0.98253E+00 -0.11354E-03 -0.96516E+00 
  176.00  0.28824E+00 -0.24175E-02  0.14725E-04 -0.19015E-02  0.98249E+00  0.13562E-07 -0.42588E-05 -0.98249E+00 -0.73022E-04 -0.96504E+00 
  177.00  0.28838E+00 -0.13588E-02  0.83367E-05 -0.19082E-02  0.98246E+00  0.43188E-08 -0.23940E-05 -0.98246E+00 -0.41233E-04 -0.96495E+00 
  178.00  0.28848E+00 -0.60355E-03  0.37223E-05 -0.19129E-02  0.98243E+00  0.85706E-09 -0.10635E-05 -0.98243E+00 -0.18377E-04 -0.96488E+00 
  179.00  0.28854E+00 -0.15084E-03  0.93316E-06 -0.19157E-02  0.98242E+00  0.53715E-10 -0.26578E-06 -0.98242E+00 -0.46020E-05 -0.96484E+00 
  180.00  0.28856E+00 -0.37379E-14  0.23149E-16 -0.19167E-02  0.98241E+00  0.33025E-31 -0.65863E-17 -0.98241E+00 -0.11412E-15 -0.96483E+00 
 scattering matrix expansion coefficients
    w  a11         a22         a33         a23         a32         a44         a12         a34         a13         a24         a14
    0  0.1000E+01  0.0000E+00  0.0000E+00  0.0000E+00  0.0000E+00  0.7422E+00  0.0000E+00  0.0000E+00  0.0000E+00  0.0000E+00  0.5047E-04
    1  0.2044E+01  0.0000E+00  0.0000E+00  0.0000E+00  0.0000E+00  0.2329E+01  0.0000E+00  0.0000E+00  0.0000E+00  0.0000E+00  0.5052E-03
    2  0.2823E+01  0.3347E+00  0.3739E+01 -0.4704E-06  0.2099E-03  0.2780E+01 -0.4540E+00 -0.1274E-02 -0.1815E-03 -0.2265E-03  0.1901E-03
    3  0.3004E+01  0.5784E-01  0.3524E+01 -0.3260E-06  0.1010E-03  0.3013E+01 -0.2466E+00  0.4075E-02  0.1538E-03 -0.9005E-04 -0.2474E-04
    4  0.3011E+01  0.2735E-01  0.3385E+01  0.2960E-06  0.3321E-04  0.3030E+01 -0.1925E+00  0.1802E-02  0.1400E-03 -0.1087E-03 -0.3347E-03
    5  0.2900E+01  0.2848E-01  0.3167E+01 -0.1898E-06 -0.3548E-03  0.2880E+01 -0.1265E+00  0.4137E-02 -0.1458E-03  0.2934E-04 -0.3277E-04
    6  0.2639E+01  0.5145E-02  0.2868E+01 -0.9290E-06 -0.3831E-03  0.2637E+01 -0.1010E+00  0.5296E-02 -0.9955E-06 -0.2465E-04 -0.2202E-03
    7  0.2286E+01 -0.2048E-03  0.2481E+01 -0.3335E-06 -0.1155E-03  0.2293E+01 -0.1047E+00  0.4221E-02 -0.5089E-04 -0.7085E-04 -0.3527E-03
    8  0.1894E+01  0.4562E-02  0.2047E+01  0.1884E-06  0.1899E-03  0.1893E+01 -0.9642E-01  0.5852E-02  0.5394E-04 -0.2734E-04 -0.2646E-03
    9  0.1490E+01  0.2712E-02  0.1610E+01  0.2573E-06  0.3020E-03  0.1489E+01 -0.8630E-01  0.7990E-02  0.6965E-04  0.5775E-05 -0.2075E-03
   10  0.1106E+01  0.1343E-02  0.1199E+01 -0.1980E-07  0.2212E-03  0.1106E+01 -0.7948E-01  0.8222E-02  0.2647E-04 -0.7232E-05 -0.9371E-04
   11  0.7664E+00  0.1243E-02  0.8343E+00 -0.1388E-06  0.1135E-03  0.7664E+00 -0.7242E-01  0.7552E-02  0.9754E-05 -0.2427E-04  0.5150E-04
   12  0.4870E+00  0.6582E-03  0.5344E+00 -0.8667E-07  0.6591E-04  0.4881E+00 -0.6467E-01  0.6155E-02  0.5564E-05 -0.1560E-04  0.1299E-03
   13  0.2785E+00  0.5792E-03  0.3087E+00 -0.2722E-07  0.4611E-04  0.2801E+00 -0.5409E-01  0.4218E-02 -0.2000E-05 -0.1842E-05  0.1228E-03
   14  0.1416E+00  0.1194E-02  0.1580E+00 -0.5234E-08  0.2905E-04  0.1419E+00 -0.3927E-01  0.2350E-02 -0.4878E-05  0.2567E-05  0.7853E-04
   15  0.6356E-01  0.1472E-02  0.7088E-01  0.4661E-10  0.1422E-04  0.6267E-01 -0.2375E-01  0.1071E-02 -0.3821E-05  0.1110E-05  0.3823E-04
   16  0.2514E-01  0.1158E-02  0.2774E-01  0.5526E-09  0.5408E-05  0.2399E-01 -0.1187E-01  0.4032E-03 -0.1825E-05 -0.2722E-06  0.1508E-04
   17  0.8757E-02  0.6553E-03  0.9488E-02  0.2105E-09  0.1649E-05  0.7980E-02 -0.4945E-02  0.1277E-03 -0.6429E-06 -0.5231E-06  0.5032E-05
   18  0.2693E-02  0.2873E-03  0.2847E-02 -0.1034E-10  0.4109E-06  0.2317E-02 -0.1742E-02  0.3458E-04 -0.1728E-06 -0.3078E-06  0.1434E-05
   19  0.7340E-03  0.1022E-03  0.7540E-03 -0.2745E-10  0.8615E-07  0.5915E-03 -0.5262E-03  0.8121E-05 -0.3935E-07 -0.1158E-06  0.3464E-06
   20  0.1779E-03  0.3046E-04  0.1772E-03 -0.1098E-10  0.1463E-07  0.1335E-03 -0.1380E-03  0.1644E-05 -0.6020E-08 -0.3542E-07  0.7761E-07
   21  0.3847E-04  0.7769E-05  0.3710E-04 -0.2653E-11  0.2377E-08  0.2676E-04 -0.3170E-04  0.2838E-06 -0.4801E-09 -0.1042E-07  0.1842E-07
   22  0.7412E-05  0.1713E-05  0.6919E-05 -0.5677E-12  0.5158E-09  0.4758E-05 -0.6404E-05  0.4156E-07 -0.5022E-10 -0.2927E-08  0.4461E-08
   23  0.1267E-05  0.3273E-06  0.1145E-05 -0.1118E-12  0.1335E-09  0.7481E-06 -0.1136E-05  0.5184E-08 -0.2501E-10 -0.7676E-09  0.1130E-08
   24  0.1905E-06  0.5398E-07  0.1669E-06 -0.2359E-13  0.2803E-10  0.1033E-06 -0.1760E-06  0.5335E-09 -0.8258E-11 -0.1671E-09  0.2348E-09
   25  0.2480E-07  0.7581E-08  0.2108E-07 -0.4769E-14  0.4611E-11  0.1235E-07 -0.2346E-07  0.5118E-10 -0.1803E-11 -0.2927E-10  0.4064E-10
   26  0.2793E-08  0.9085E-09  0.2311E-08 -0.5520E-15  0.5978E-12  0.1278E-08 -0.2692E-08  0.3697E-11 -0.2700E-12 -0.4089E-11  0.5483E-11
   27  0.2519E-09  0.8630E-10  0.2030E-09 -0.8946E-16  0.5829E-13  0.1061E-09 -0.2465E-09  0.2864E-12 -0.3102E-13 -0.4290E-12  0.5689E-12
   28  0.2015E-10  0.7203E-11  0.1587E-10 -0.1339E-16  0.4432E-14  0.7815E-11 -0.1995E-10  0.1257E-13 -0.2357E-14 -0.3452E-13  0.4430E-13
   29  0.9120E-12  0.3380E-12  0.7030E-12 -0.1137E-17  0.2571E-15  0.3269E-12 -0.9120E-12  0.7860E-15 -0.1671E-15 -0.1780E-14  0.2273E-14
   30  0.6147E-13  0.2379E-13  0.4676E-13 -0.4957E-19  0.5518E-17  0.2055E-13 -0.6217E-13  0.5853E-18 -0.3662E-17 -0.4075E-16  0.5218E-16
