 input file is 
mstm8_128_6398_13_009.inp     
 input file comments follow:
***********************************************************
  This is the default mstm input file for v.3.0.
  The run is for a 7-sphere cluster of identical spheres.   The positions
  are embedded in the input file.

  The run makes use of the new_run and multiple_run options.

  14 April 2013
***********************************************************
 number of processors:
   1
 input parameters for run number 
    1
 number of spheres, volume size parameter:
  128  0.32244E+01
 position file:
position/n128/a8.out                                        
 output file:
output/128/x6398/13/009/mt_8_128_6398_13_009.dat            
 length, ref. indx. scale factors:
   0.640   1.300   0.090
 chiral factors:
  0.00000E+00  0.00000E+00
 scattering matrix directions based on incident frame
 automatic scattering angle calculation
 thetamin, thetamax:
      0.0    180.0
 number scattering angles:
      181
 epsmie, epssoln, max number iterations:
  0.1000E-05  0.1000E-07 5000
 medium refractive index:
  1.0000  0.0000
 target euler rotation angles:
    0.0000    0.0000    0.0000
 far field kr, iterations/correction:
  0.1000E-07   20
 plane wave incidence
 random orientation calculations
 t matrix calculated, stored in file 
tmatrixfiles/tmf_8_128_6398_13_009                          
 t matrix convergence epsilon:
  0.1000E-06
 all spheres excited (total T matrix) 
 calculation results for run 
    1
 total ext, abs, scat efficiencies, w.r.t. xv, and asym. parm
  0.11444E+01  0.73374E+00  0.41069E+00  0.72767E+00
 scattering matrix elements (normalized w/ S11)
   theta      11           12           13           14           22           23           24           33           34           44     
    0.00  0.43092E+02  0.00000E+00  0.00000E+00  0.68048E-04  0.99993E+00  0.23283E-04  0.00000E+00  0.99993E+00  0.00000E+00  0.99986E+00
    1.00  0.42849E+02 -0.15214E-03 -0.30378E-08  0.67920E-04  0.99993E+00  0.23465E-04 -0.17263E-08  0.99993E+00  0.32075E-05  0.99986E+00
    2.00  0.42128E+02 -0.60868E-03 -0.12436E-07  0.67534E-04  0.99993E+00  0.23998E-04 -0.68742E-08  0.99993E+00  0.12737E-04  0.99986E+00
    3.00  0.40954E+02 -0.13700E-02 -0.29002E-07  0.66884E-04  0.99993E+00  0.24846E-04 -0.15345E-07  0.99993E+00  0.28300E-04  0.99986E+00
    4.00  0.39368E+02 -0.24369E-02 -0.53907E-07  0.65962E-04  0.99993E+00  0.25945E-04 -0.26952E-07  0.99992E+00  0.49386E-04  0.99985E+00
    5.00  0.37421E+02 -0.38103E-02 -0.88416E-07  0.64757E-04  0.99992E+00  0.27203E-04 -0.41391E-07  0.99991E+00  0.75211E-04  0.99984E+00
    6.00  0.35178E+02 -0.54915E-02 -0.13344E-06  0.63254E-04  0.99992E+00  0.28491E-04 -0.58189E-07  0.99990E+00  0.10465E-03  0.99982E+00
    7.00  0.32706E+02 -0.74825E-02 -0.18890E-06  0.61434E-04  0.99991E+00  0.29641E-04 -0.76641E-07  0.99988E+00  0.13612E-03  0.99980E+00
    8.00  0.30080E+02 -0.97854E-02 -0.25279E-06  0.59279E-04  0.99990E+00  0.30436E-04 -0.95735E-07  0.99986E+00  0.16748E-03  0.99976E+00
    9.00  0.27371E+02 -0.12403E-01 -0.31990E-06  0.56770E-04  0.99989E+00  0.30603E-04 -0.11405E-06  0.99982E+00  0.19582E-03  0.99972E+00
   10.00  0.24650E+02 -0.15340E-01 -0.38006E-06  0.53887E-04  0.99988E+00  0.29803E-04 -0.12964E-06  0.99977E+00  0.21728E-03  0.99965E+00
   11.00  0.21978E+02 -0.18601E-01 -0.41584E-06  0.50619E-04  0.99987E+00  0.27621E-04 -0.13995E-06  0.99970E+00  0.22679E-03  0.99957E+00
   12.00  0.19410E+02 -0.22191E-01 -0.39957E-06  0.46964E-04  0.99985E+00  0.23562E-04 -0.14171E-06  0.99961E+00  0.21775E-03  0.99947E+00
   13.00  0.16990E+02 -0.26118E-01 -0.28983E-06  0.42940E-04  0.99983E+00  0.17051E-04 -0.13090E-06  0.99949E+00  0.18179E-03  0.99933E+00
   14.00  0.14753E+02 -0.30393E-01 -0.27368E-07  0.38592E-04  0.99980E+00  0.74351E-05 -0.10288E-06  0.99934E+00  0.10846E-03  0.99916E+00
   15.00  0.12720E+02 -0.35027E-01  0.46880E-06  0.34012E-04  0.99977E+00 -0.59839E-05 -0.52649E-07  0.99916E+00 -0.14906E-04  0.99895E+00
   16.00  0.10904E+02 -0.40035E-01  0.13043E-05  0.29351E-04  0.99974E+00 -0.23905E-04  0.24500E-07  0.99893E+00 -0.20308E-03  0.99869E+00
   17.00  0.93079E+01 -0.45434E-01  0.26096E-05  0.24841E-04  0.99969E+00 -0.46943E-04  0.13193E-06  0.99866E+00 -0.47241E-03  0.99838E+00
   18.00  0.79263E+01 -0.51244E-01  0.45351E-05  0.20810E-04  0.99964E+00 -0.75516E-04  0.27005E-06  0.99832E+00 -0.83961E-03  0.99799E+00
   19.00  0.67476E+01 -0.57485E-01  0.72382E-05  0.17690E-04  0.99957E+00 -0.10969E-03  0.43430E-06  0.99792E+00 -0.13198E-02  0.99753E+00
   20.00  0.57556E+01 -0.64178E-01  0.10861E-04  0.16005E-04  0.99950E+00 -0.14903E-03  0.61294E-06  0.99743E+00 -0.19236E-02  0.99698E+00
   21.00  0.49308E+01 -0.71337E-01  0.15496E-04  0.16328E-04  0.99941E+00 -0.19249E-03  0.78528E-06  0.99685E+00 -0.26540E-02  0.99633E+00
   22.00  0.42523E+01 -0.78973E-01  0.21152E-04  0.19215E-04  0.99932E+00 -0.23834E-03  0.92145E-06  0.99618E+00 -0.35031E-02  0.99557E+00
   23.00  0.36992E+01 -0.87086E-01  0.27720E-04  0.25099E-04  0.99921E+00 -0.28437E-03  0.98438E-06  0.99539E+00 -0.44504E-02  0.99469E+00
   24.00  0.32512E+01 -0.95662E-01  0.34957E-04  0.34184E-04  0.99910E+00 -0.32818E-03  0.93466E-06  0.99448E+00 -0.54641E-02  0.99369E+00
   25.00  0.28897E+01 -0.10468E+00  0.42507E-04  0.46370E-04  0.99898E+00 -0.36755E-03  0.73731E-06  0.99344E+00 -0.65047E-02  0.99256E+00
   26.00  0.25982E+01 -0.11411E+00  0.49942E-04  0.61225E-04  0.99885E+00 -0.40097E-03  0.36897E-06  0.99227E+00 -0.75310E-02  0.99129E+00
   27.00  0.23625E+01 -0.12392E+00  0.56828E-04  0.78022E-04  0.99873E+00 -0.42783E-03 -0.17689E-06  0.99096E+00 -0.85065E-02  0.98988E+00
   28.00  0.21706E+01 -0.13409E+00  0.62794E-04  0.95836E-04  0.99860E+00 -0.44858E-03 -0.88844E-06  0.98950E+00 -0.94048E-02  0.98833E+00
   29.00  0.20130E+01 -0.14459E+00  0.67583E-04  0.11366E-03  0.99848E+00 -0.46449E-03 -0.17379E-05  0.98789E+00 -0.10211E-01  0.98663E+00
   30.00  0.18818E+01 -0.15540E+00  0.71080E-04  0.13050E-03  0.99836E+00 -0.47740E-03 -0.26872E-05  0.98612E+00 -0.10923E-01  0.98477E+00
   31.00  0.17711E+01 -0.16652E+00  0.73316E-04  0.14548E-03  0.99824E+00 -0.48930E-03 -0.36959E-05  0.98417E+00 -0.11547E-01  0.98274E+00
   32.00  0.16763E+01 -0.17795E+00  0.74453E-04  0.15788E-03  0.99812E+00 -0.50204E-03 -0.47290E-05  0.98205E+00 -0.12094E-01  0.98054E+00
   33.00  0.15938E+01 -0.18970E+00  0.74753E-04  0.16717E-03  0.99801E+00 -0.51706E-03 -0.57646E-05  0.97972E+00 -0.12578E-01  0.97814E+00
   34.00  0.15209E+01 -0.20175E+00  0.74550E-04  0.17301E-03  0.99790E+00 -0.53523E-03 -0.68003E-05  0.97719E+00 -0.13012E-01  0.97553E+00
   35.00  0.14556E+01 -0.21413E+00  0.74214E-04  0.17524E-03  0.99779E+00 -0.55683E-03 -0.78570E-05  0.97443E+00 -0.13405E-01  0.97271E+00
   36.00  0.13961E+01 -0.22683E+00  0.74114E-04  0.17390E-03  0.99768E+00 -0.58156E-03 -0.89808E-05  0.97143E+00 -0.13764E-01  0.96965E+00
   37.00  0.13413E+01 -0.23985E+00  0.74589E-04  0.16917E-03  0.99757E+00 -0.60863E-03 -0.10242E-04  0.96817E+00 -0.14090E-01  0.96633E+00
   38.00  0.12901E+01 -0.25318E+00  0.75927E-04  0.16133E-03  0.99745E+00 -0.63685E-03 -0.11733E-04  0.96465E+00 -0.14377E-01  0.96274E+00
   39.00  0.12418E+01 -0.26682E+00  0.78340E-04  0.15078E-03  0.99734E+00 -0.66482E-03 -0.13559E-04  0.96084E+00 -0.14617E-01  0.95888E+00
   40.00  0.11957E+01 -0.28075E+00  0.81957E-04  0.13796E-03  0.99722E+00 -0.69101E-03 -0.15836E-04  0.95673E+00 -0.14797E-01  0.95471E+00
   41.00  0.11513E+01 -0.29495E+00  0.86819E-04  0.12335E-03  0.99710E+00 -0.71393E-03 -0.18675E-04  0.95231E+00 -0.14903E-01  0.95023E+00
   42.00  0.11084E+01 -0.30939E+00  0.92879E-04  0.10743E-03  0.99698E+00 -0.73219E-03 -0.22180E-04  0.94757E+00 -0.14917E-01  0.94543E+00
   43.00  0.10667E+01 -0.32406E+00  0.10001E-03  0.90664E-04  0.99685E+00 -0.74461E-03 -0.26432E-04  0.94250E+00 -0.14823E-01  0.94030E+00
   44.00  0.10260E+01 -0.33893E+00  0.10801E-03  0.73505E-04  0.99671E+00 -0.75030E-03 -0.31486E-04  0.93709E+00 -0.14607E-01  0.93483E+00
   45.00  0.98632E+00 -0.35398E+00  0.11664E-03  0.56372E-04  0.99656E+00 -0.74865E-03 -0.37358E-04  0.93133E+00 -0.14256E-01  0.92902E+00
   46.00  0.94762E+00 -0.36919E+00  0.12560E-03  0.39659E-04  0.99641E+00 -0.73937E-03 -0.44029E-04  0.92522E+00 -0.13762E-01  0.92284E+00
   47.00  0.90988E+00 -0.38455E+00  0.13458E-03  0.23735E-04  0.99625E+00 -0.72254E-03 -0.51437E-04  0.91875E+00 -0.13123E-01  0.91630E+00
   48.00  0.87310E+00 -0.40006E+00  0.14328E-03  0.89538E-05  0.99608E+00 -0.69852E-03 -0.59483E-04  0.91189E+00 -0.12343E-01  0.90937E+00
   49.00  0.83727E+00 -0.41572E+00  0.15141E-03 -0.43444E-05  0.99590E+00 -0.66796E-03 -0.68037E-04  0.90464E+00 -0.11433E-01  0.90205E+00
   50.00  0.80236E+00 -0.43154E+00  0.15871E-03 -0.15827E-04  0.99571E+00 -0.63177E-03 -0.76950E-04  0.89696E+00 -0.10408E-01  0.89430E+00
   51.00  0.76833E+00 -0.44753E+00  0.16498E-03 -0.25163E-04  0.99551E+00 -0.59101E-03 -0.86066E-04  0.88885E+00 -0.92930E-02  0.88610E+00
   52.00  0.73512E+00 -0.46374E+00  0.17008E-03 -0.32026E-04  0.99530E+00 -0.54687E-03 -0.95235E-04  0.88025E+00 -0.81142E-02  0.87742E+00
   53.00  0.70266E+00 -0.48017E+00  0.17393E-03 -0.36090E-04  0.99507E+00 -0.50057E-03 -0.10433E-03  0.87112E+00 -0.69031E-02  0.86821E+00
   54.00  0.67091E+00 -0.49686E+00  0.17650E-03 -0.37032E-04  0.99483E+00 -0.45334E-03 -0.11325E-03  0.86143E+00 -0.56929E-02  0.85843E+00
   55.00  0.63982E+00 -0.51383E+00  0.17784E-03 -0.34546E-04  0.99458E+00 -0.40635E-03 -0.12195E-03  0.85113E+00 -0.45177E-02  0.84802E+00
   56.00  0.60938E+00 -0.53110E+00  0.17804E-03 -0.28347E-04  0.99430E+00 -0.36066E-03 -0.13042E-03  0.84015E+00 -0.34110E-02  0.83694E+00
   57.00  0.57960E+00 -0.54868E+00  0.17725E-03 -0.18191E-04  0.99401E+00 -0.31726E-03 -0.13870E-03  0.82844E+00 -0.24046E-02  0.82513E+00
   58.00  0.55053E+00 -0.56658E+00  0.17564E-03 -0.38960E-05  0.99370E+00 -0.27702E-03 -0.14689E-03  0.81595E+00 -0.15280E-02  0.81253E+00
   59.00  0.52226E+00 -0.58478E+00  0.17343E-03  0.14634E-04  0.99338E+00 -0.24071E-03 -0.15511E-03  0.80263E+00 -0.80745E-03  0.79909E+00
   60.00  0.49489E+00 -0.60326E+00  0.17087E-03  0.37375E-04  0.99303E+00 -0.20904E-03 -0.16350E-03  0.78842E+00 -0.26568E-03  0.78476E+00
   61.00  0.46857E+00 -0.62199E+00  0.16824E-03  0.64147E-04  0.99266E+00 -0.18264E-03 -0.17222E-03  0.77327E+00  0.78952E-04  0.76950E+00
   62.00  0.44343E+00 -0.64093E+00  0.16586E-03  0.94578E-04  0.99228E+00 -0.16210E-03 -0.18141E-03  0.75716E+00  0.21303E-03  0.75328E+00
   63.00  0.41964E+00 -0.66001E+00  0.16409E-03  0.12807E-03  0.99189E+00 -0.14795E-03 -0.19116E-03  0.74006E+00  0.12894E-03  0.73606E+00
   64.00  0.39734E+00 -0.67918E+00  0.16330E-03  0.16378E-03  0.99150E+00 -0.14068E-03 -0.20150E-03  0.72194E+00 -0.17413E-03  0.71785E+00
   65.00  0.37666E+00 -0.69834E+00  0.16394E-03  0.20060E-03  0.99110E+00 -0.14070E-03 -0.21239E-03  0.70280E+00 -0.68917E-03  0.69864E+00
   66.00  0.35771E+00 -0.71743E+00  0.16645E-03  0.23720E-03  0.99070E+00 -0.14831E-03 -0.22364E-03  0.68267E+00 -0.14004E-02  0.67844E+00
   67.00  0.34056E+00 -0.73634E+00  0.17132E-03  0.27206E-03  0.99032E+00 -0.16366E-03 -0.23499E-03  0.66156E+00 -0.22828E-02  0.65730E+00
   68.00  0.32527E+00 -0.75499E+00  0.17902E-03  0.30358E-03  0.98996E+00 -0.18669E-03 -0.24602E-03  0.63952E+00 -0.33022E-02  0.63525E+00
   69.00  0.31182E+00 -0.77328E+00  0.19000E-03  0.33017E-03  0.98963E+00 -0.21712E-03 -0.25623E-03  0.61659E+00 -0.44161E-02  0.61234E+00
   70.00  0.30019E+00 -0.79113E+00  0.20467E-03  0.35045E-03  0.98933E+00 -0.25439E-03 -0.26506E-03  0.59283E+00 -0.55761E-02  0.58864E+00
   71.00  0.29031E+00 -0.80847E+00  0.22332E-03  0.36330E-03  0.98908E+00 -0.29772E-03 -0.27191E-03  0.56831E+00 -0.67305E-02  0.56420E+00
   72.00  0.28207E+00 -0.82524E+00  0.24616E-03  0.36807E-03  0.98886E+00 -0.34609E-03 -0.27623E-03  0.54306E+00 -0.78280E-02  0.53907E+00
   73.00  0.27535E+00 -0.84137E+00  0.27327E-03  0.36456E-03  0.98868E+00 -0.39835E-03 -0.27757E-03  0.51715E+00 -0.88211E-02  0.51331E+00
   74.00  0.26999E+00 -0.85682E+00  0.30461E-03  0.35310E-03  0.98855E+00 -0.45327E-03 -0.27559E-03  0.49061E+00 -0.96696E-02  0.48693E+00
   75.00  0.26585E+00 -0.87156E+00  0.34000E-03  0.33446E-03  0.98845E+00 -0.50962E-03 -0.27012E-03  0.46347E+00 -0.10343E-01  0.45998E+00
   76.00  0.26273E+00 -0.88556E+00  0.37920E-03  0.30977E-03  0.98837E+00 -0.56627E-03 -0.26115E-03  0.43574E+00 -0.10819E-01  0.43245E+00
   77.00  0.26047E+00 -0.89880E+00  0.42186E-03  0.28040E-03  0.98833E+00 -0.62224E-03 -0.24881E-03  0.40743E+00 -0.11088E-01  0.40436E+00
   78.00  0.25889E+00 -0.91123E+00  0.46760E-03  0.24784E-03  0.98829E+00 -0.67670E-03 -0.23337E-03  0.37855E+00 -0.11150E-01  0.37569E+00
   79.00  0.25783E+00 -0.92284E+00  0.51600E-03  0.21357E-03  0.98827E+00 -0.72904E-03 -0.21518E-03  0.34911E+00 -0.11008E-01  0.34647E+00
   80.00  0.25712E+00 -0.93358E+00  0.56664E-03  0.17901E-03  0.98825E+00 -0.77879E-03 -0.19465E-03  0.31910E+00 -0.10676E-01  0.31668E+00
   81.00  0.25662E+00 -0.94344E+00  0.61910E-03  0.14544E-03  0.98824E+00 -0.82565E-03 -0.17222E-03  0.28854E+00 -0.10169E-01  0.28634E+00
   82.00  0.25621E+00 -0.95236E+00  0.67296E-03  0.11396E-03  0.98821E+00 -0.86942E-03 -0.14834E-03  0.25745E+00 -0.95051E-02  0.25546E+00
   83.00  0.25577E+00 -0.96032E+00  0.72781E-03  0.85495E-04  0.98818E+00 -0.91002E-03 -0.12346E-03  0.22585E+00 -0.87023E-02  0.22406E+00
   84.00  0.25522E+00 -0.96727E+00  0.78324E-03  0.60823E-04  0.98814E+00 -0.94739E-03 -0.97993E-04  0.19378E+00 -0.77803E-02  0.19219E+00
   85.00  0.25446E+00 -0.97319E+00  0.83886E-03  0.40552E-04  0.98808E+00 -0.98153E-03 -0.72375E-04  0.16127E+00 -0.67578E-02  0.15987E+00
   86.00  0.25345E+00 -0.97803E+00  0.89425E-03  0.25169E-04  0.98802E+00 -0.10124E-02 -0.47010E-04  0.12837E+00 -0.56535E-02  0.12716E+00
   87.00  0.25215E+00 -0.98176E+00  0.94899E-03  0.15055E-04  0.98793E+00 -0.10401E-02 -0.22307E-04  0.95137E-01 -0.44849E-02  0.94102E-01
   88.00  0.25052E+00 -0.98436E+00  0.10026E-02  0.10503E-04  0.98783E+00 -0.10644E-02  0.13167E-05  0.61626E-01 -0.32694E-02  0.60766E-01
   89.00  0.24855E+00 -0.98581E+00  0.10547E-02  0.11732E-04  0.98772E+00 -0.10854E-02  0.23428E-04  0.27903E-01 -0.20236E-02  0.27213E-01
   90.00  0.24626E+00 -0.98609E+00  0.11048E-02  0.18897E-04  0.98760E+00 -0.11029E-02  0.43569E-04 -0.59661E-02 -0.76394E-03 -0.64891E-02
   91.00  0.24364E+00 -0.98518E+00  0.11522E-02  0.32096E-04  0.98745E+00 -0.11169E-02  0.61253E-04 -0.39909E-01  0.49371E-03 -0.40270E-01
   92.00  0.24072E+00 -0.98309E+00  0.11964E-02  0.51362E-04  0.98730E+00 -0.11272E-02  0.75960E-04 -0.73855E-01  0.17336E-02 -0.74056E-01
   93.00  0.23753E+00 -0.97980E+00  0.12368E-02  0.76662E-04  0.98713E+00 -0.11336E-02  0.87142E-04 -0.10773E+00  0.29403E-02 -0.10777E+00
   94.00  0.23411E+00 -0.97534E+00  0.12727E-02  0.10789E-03  0.98695E+00 -0.11358E-02  0.94228E-04 -0.14145E+00  0.40988E-02 -0.14134E+00
   95.00  0.23049E+00 -0.96971E+00  0.13033E-02  0.14483E-03  0.98676E+00 -0.11337E-02  0.96636E-04 -0.17495E+00  0.51946E-02 -0.17469E+00
   96.00  0.22673E+00 -0.96294E+00  0.13278E-02  0.18720E-03  0.98656E+00 -0.11270E-02  0.93793E-04 -0.20816E+00  0.62138E-02 -0.20774E+00
   97.00  0.22286E+00 -0.95505E+00  0.13455E-02  0.23455E-03  0.98635E+00 -0.11155E-02  0.85157E-04 -0.24099E+00  0.71437E-02 -0.24042E+00
   98.00  0.21893E+00 -0.94607E+00  0.13555E-02  0.28634E-03  0.98614E+00 -0.10990E-02  0.70246E-04 -0.27338E+00  0.79727E-02 -0.27265E+00
   99.00  0.21499E+00 -0.93604E+00  0.13569E-02  0.34187E-03  0.98592E+00 -0.10773E-02  0.48670E-04 -0.30525E+00  0.86909E-02 -0.30436E+00
  100.00  0.21108E+00 -0.92502E+00  0.13488E-02  0.40029E-03  0.98570E+00 -0.10503E-02  0.20164E-04 -0.33654E+00  0.92902E-02 -0.33549E+00
  101.00  0.20725E+00 -0.91305E+00  0.13305E-02  0.46062E-03  0.98548E+00 -0.10180E-02 -0.15375E-04 -0.36719E+00  0.97649E-02 -0.36598E+00
  102.00  0.20353E+00 -0.90019E+00  0.13012E-02  0.52176E-03  0.98526E+00 -0.98033E-03 -0.57858E-04 -0.39714E+00  0.10112E-01 -0.39576E+00
  103.00  0.19995E+00 -0.88650E+00  0.12604E-02  0.58247E-03  0.98505E+00 -0.93748E-03 -0.10698E-03 -0.42634E+00  0.10331E-01 -0.42478E+00
  104.00  0.19655E+00 -0.87204E+00  0.12075E-02  0.64146E-03  0.98484E+00 -0.88969E-03 -0.16219E-03 -0.45473E+00  0.10424E-01 -0.45299E+00
  105.00  0.19336E+00 -0.85687E+00  0.11424E-02  0.69737E-03  0.98465E+00 -0.83734E-03 -0.22269E-03 -0.48229E+00  0.10397E-01 -0.48035E+00
  106.00  0.19039E+00 -0.84108E+00  0.10650E-02  0.74886E-03  0.98446E+00 -0.78090E-03 -0.28747E-03 -0.50896E+00  0.10259E-01 -0.50683E+00
  107.00  0.18767E+00 -0.82472E+00  0.97557E-03  0.79462E-03  0.98430E+00 -0.72101E-03 -0.35528E-03 -0.53474E+00  0.10020E-01 -0.53240E+00
  108.00  0.18520E+00 -0.80786E+00  0.87461E-03  0.83344E-03  0.98415E+00 -0.65838E-03 -0.42467E-03 -0.55959E+00  0.96931E-02 -0.55704E+00
  109.00  0.18299E+00 -0.79058E+00  0.76296E-03  0.86427E-03  0.98402E+00 -0.59383E-03 -0.49409E-03 -0.58351E+00  0.92942E-02 -0.58074E+00
  110.00  0.18105E+00 -0.77293E+00  0.64174E-03  0.88624E-03  0.98391E+00 -0.52823E-03 -0.56189E-03 -0.60649E+00  0.88391E-02 -0.60349E+00
  111.00  0.17938E+00 -0.75497E+00  0.51233E-03  0.89867E-03  0.98382E+00 -0.46251E-03 -0.62640E-03 -0.62853E+00  0.83445E-02 -0.62530E+00
  112.00  0.17797E+00 -0.73676E+00  0.37634E-03  0.90115E-03  0.98375E+00 -0.39760E-03 -0.68603E-03 -0.64964E+00  0.78270E-02 -0.64617E+00
  113.00  0.17681E+00 -0.71836E+00  0.23561E-03  0.89353E-03  0.98371E+00 -0.33439E-03 -0.73929E-03 -0.66983E+00  0.73025E-02 -0.66611E+00
  114.00  0.17590E+00 -0.69981E+00  0.92082E-04  0.87587E-03  0.98368E+00 -0.27373E-03 -0.78486E-03 -0.68912E+00  0.67855E-02 -0.68514E+00
  115.00  0.17522E+00 -0.68115E+00 -0.52198E-04  0.84849E-03  0.98368E+00 -0.21637E-03 -0.82167E-03 -0.70752E+00  0.62887E-02 -0.70329E+00
  116.00  0.17476E+00 -0.66243E+00 -0.19517E-03  0.81191E-03  0.98369E+00 -0.16296E-03 -0.84890E-03 -0.72506E+00  0.58228E-02 -0.72057E+00
  117.00  0.17451E+00 -0.64368E+00 -0.33481E-03  0.76682E-03  0.98371E+00 -0.11403E-03 -0.86602E-03 -0.74176E+00  0.53961E-02 -0.73701E+00
  118.00  0.17444E+00 -0.62492E+00 -0.46920E-03  0.71408E-03  0.98375E+00 -0.69947E-04 -0.87278E-03 -0.75765E+00  0.50144E-02 -0.75264E+00
  119.00  0.17454E+00 -0.60620E+00 -0.59656E-03  0.65460E-03  0.98380E+00 -0.30959E-04 -0.86923E-03 -0.77275E+00  0.46811E-02 -0.76748E+00
  120.00  0.17480E+00 -0.58753E+00 -0.71531E-03  0.58939E-03  0.98386E+00  0.28338E-05 -0.85567E-03 -0.78709E+00  0.43974E-02 -0.78155E+00
  121.00  0.17519E+00 -0.56894E+00 -0.82408E-03  0.51948E-03  0.98392E+00  0.31462E-04 -0.83265E-03 -0.80069E+00  0.41624E-02 -0.79489E+00
  122.00  0.17571E+00 -0.55046E+00 -0.92174E-03  0.44588E-03  0.98399E+00  0.55073E-04 -0.80094E-03 -0.81358E+00  0.39734E-02 -0.80752E+00
  123.00  0.17632E+00 -0.53209E+00 -0.10074E-02  0.36959E-03  0.98407E+00  0.73920E-04 -0.76146E-03 -0.82579E+00  0.38262E-02 -0.81946E+00
  124.00  0.17703E+00 -0.51386E+00 -0.10805E-02  0.29154E-03  0.98414E+00  0.88338E-04 -0.71526E-03 -0.83733E+00  0.37157E-02 -0.83073E+00
  125.00  0.17781E+00 -0.49580E+00 -0.11407E-02  0.21262E-03  0.98421E+00  0.98727E-04 -0.66349E-03 -0.84824E+00  0.36357E-02 -0.84137E+00
  126.00  0.17866E+00 -0.47792E+00 -0.11877E-02  0.13361E-03  0.98429E+00  0.10553E-03 -0.60734E-03 -0.85852E+00  0.35798E-02 -0.85140E+00
  127.00  0.17956E+00 -0.46023E+00 -0.12218E-02  0.55241E-04  0.98435E+00  0.10923E-03 -0.54802E-03 -0.86822E+00  0.35412E-02 -0.86083E+00
  128.00  0.18049E+00 -0.44276E+00 -0.12432E-02 -0.21854E-04  0.98442E+00  0.11031E-03 -0.48674E-03 -0.87734E+00  0.35132E-02 -0.86968E+00
  129.00  0.18146E+00 -0.42552E+00 -0.12525E-02 -0.97122E-04  0.98448E+00  0.10924E-03 -0.42465E-03 -0.88590E+00  0.34895E-02 -0.87799E+00
  130.00  0.18245E+00 -0.40854E+00 -0.12502E-02 -0.17009E-03  0.98453E+00  0.10649E-03 -0.36284E-03 -0.89394E+00  0.34641E-02 -0.88577E+00
  131.00  0.18346E+00 -0.39181E+00 -0.12372E-02 -0.24034E-03  0.98458E+00  0.10247E-03 -0.30233E-03 -0.90146E+00  0.34318E-02 -0.89304E+00
  132.00  0.18448E+00 -0.37536E+00 -0.12143E-02 -0.30757E-03  0.98462E+00  0.97589E-04 -0.24404E-03 -0.90850E+00  0.33878E-02 -0.89982E+00
  133.00  0.18551E+00 -0.35921E+00 -0.11824E-02 -0.37149E-03  0.98466E+00  0.92184E-04 -0.18877E-03 -0.91507E+00  0.33283E-02 -0.90613E+00
  134.00  0.18653E+00 -0.34336E+00 -0.11426E-02 -0.43191E-03  0.98469E+00  0.86550E-04 -0.13721E-03 -0.92119E+00  0.32504E-02 -0.91200E+00
  135.00  0.18756E+00 -0.32783E+00 -0.10960E-02 -0.48867E-03  0.98471E+00  0.80930E-04 -0.89929E-04 -0.92688E+00  0.31516E-02 -0.91744E+00
  136.00  0.18859E+00 -0.31263E+00 -0.10435E-02 -0.54169E-03  0.98473E+00  0.75517E-04 -0.47386E-04 -0.93216E+00  0.30308E-02 -0.92248E+00
  137.00  0.18960E+00 -0.29778E+00 -0.98619E-03 -0.59092E-03  0.98474E+00  0.70449E-04 -0.99052E-05 -0.93706E+00  0.28873E-02 -0.92713E+00
  138.00  0.19062E+00 -0.28327E+00 -0.92512E-03 -0.63634E-03  0.98475E+00  0.65822E-04  0.22305E-04 -0.94158E+00  0.27213E-02 -0.93141E+00
  139.00  0.19162E+00 -0.26912E+00 -0.86125E-03 -0.67802E-03  0.98475E+00  0.61685E-04  0.49152E-04 -0.94576E+00  0.25335E-02 -0.93535E+00
  140.00  0.19262E+00 -0.25533E+00 -0.79550E-03 -0.71602E-03  0.98474E+00  0.58052E-04  0.70652E-04 -0.94961E+00  0.23256E-02 -0.93895E+00
  141.00  0.19362E+00 -0.24191E+00 -0.72873E-03 -0.75045E-03  0.98473E+00  0.54902E-04  0.86920E-04 -0.95314E+00  0.20996E-02 -0.94225E+00
  142.00  0.19460E+00 -0.22887E+00 -0.66175E-03 -0.78148E-03  0.98472E+00  0.52191E-04  0.98168E-04 -0.95638E+00  0.18579E-02 -0.94526E+00
  143.00  0.19558E+00 -0.21621E+00 -0.59529E-03 -0.80927E-03  0.98470E+00  0.49856E-04  0.10469E-03 -0.95935E+00  0.16035E-02 -0.94799E+00
  144.00  0.19655E+00 -0.20393E+00 -0.53000E-03 -0.83402E-03  0.98468E+00  0.47823E-04  0.10685E-03 -0.96205E+00  0.13395E-02 -0.95047E+00
  145.00  0.19751E+00 -0.19203E+00 -0.46646E-03 -0.85595E-03  0.98465E+00  0.46008E-04  0.10506E-03 -0.96451E+00  0.10694E-02 -0.95270E+00
  146.00  0.19846E+00 -0.18051E+00 -0.40519E-03 -0.87529E-03  0.98462E+00  0.44331E-04  0.99816E-04 -0.96675E+00  0.79671E-03 -0.95471E+00
  147.00  0.19941E+00 -0.16938E+00 -0.34662E-03 -0.89230E-03  0.98458E+00  0.42715E-04  0.91609E-04 -0.96877E+00  0.52498E-03 -0.95651E+00
  148.00  0.20035E+00 -0.15864E+00 -0.29113E-03 -0.90722E-03  0.98454E+00  0.41092E-04  0.80973E-04 -0.97059E+00  0.25774E-03 -0.95811E+00
  149.00  0.20128E+00 -0.14827E+00 -0.23900E-03 -0.92030E-03  0.98449E+00  0.39407E-04  0.68448E-04 -0.97223E+00 -0.15554E-05 -0.95953E+00
  150.00  0.20220E+00 -0.13829E+00 -0.19049E-03 -0.93179E-03  0.98444E+00  0.37616E-04  0.54572E-04 -0.97370E+00 -0.24967E-03 -0.96078E+00
  151.00  0.20311E+00 -0.12869E+00 -0.14578E-03 -0.94192E-03  0.98439E+00  0.35695E-04  0.39866E-04 -0.97501E+00 -0.48356E-03 -0.96187E+00
  152.00  0.20401E+00 -0.11946E+00 -0.10499E-03 -0.95092E-03  0.98433E+00  0.33631E-04  0.24829E-04 -0.97618E+00 -0.70048E-03 -0.96282E+00
  153.00  0.20491E+00 -0.11061E+00 -0.68202E-04 -0.95900E-03  0.98426E+00  0.31428E-04  0.99224E-05 -0.97721E+00 -0.89801E-03 -0.96363E+00
  154.00  0.20579E+00 -0.10213E+00 -0.35447E-04 -0.96633E-03  0.98419E+00  0.29102E-04 -0.44366E-05 -0.97812E+00 -0.10741E-02 -0.96432E+00
  155.00  0.20665E+00 -0.94011E-01 -0.67104E-05 -0.97309E-03  0.98411E+00  0.26679E-04 -0.17882E-04 -0.97891E+00 -0.12270E-02 -0.96489E+00
  156.00  0.20751E+00 -0.86260E-01  0.18065E-04 -0.97940E-03  0.98403E+00  0.24195E-04 -0.30105E-04 -0.97960E+00 -0.13555E-02 -0.96536E+00
  157.00  0.20835E+00 -0.78869E-01  0.38972E-04 -0.98538E-03  0.98394E+00  0.21689E-04 -0.40858E-04 -0.98019E+00 -0.14586E-02 -0.96573E+00
  158.00  0.20917E+00 -0.71836E-01  0.56142E-04 -0.99110E-03  0.98385E+00  0.19204E-04 -0.49958E-04 -0.98069E+00 -0.15360E-02 -0.96601E+00
  159.00  0.20998E+00 -0.65157E-01  0.69740E-04 -0.99663E-03  0.98375E+00  0.16783E-04 -0.57285E-04 -0.98111E+00 -0.15876E-02 -0.96620E+00
  160.00  0.21076E+00 -0.58829E-01  0.79960E-04 -0.10020E-02  0.98364E+00  0.14464E-04 -0.62782E-04 -0.98145E+00 -0.16137E-02 -0.96632E+00
  161.00  0.21153E+00 -0.52848E-01  0.87028E-04 -0.10072E-02  0.98353E+00  0.12282E-04 -0.66450E-04 -0.98173E+00 -0.16152E-02 -0.96638E+00
  162.00  0.21228E+00 -0.47211E-01  0.91192E-04 -0.10122E-02  0.98341E+00  0.10266E-04 -0.68347E-04 -0.98195E+00 -0.15933E-02 -0.96637E+00
  163.00  0.21300E+00 -0.41915E-01  0.92724E-04 -0.10171E-02  0.98328E+00  0.84376E-05 -0.68577E-04 -0.98211E+00 -0.15494E-02 -0.96631E+00
  164.00  0.21369E+00 -0.36955E-01  0.91913E-04 -0.10218E-02  0.98315E+00  0.68094E-05 -0.67285E-04 -0.98223E+00 -0.14855E-02 -0.96619E+00
  165.00  0.21436E+00 -0.32329E-01  0.89064E-04 -0.10261E-02  0.98302E+00  0.53876E-05 -0.64651E-04 -0.98230E+00 -0.14038E-02 -0.96604E+00
  166.00  0.21500E+00 -0.28033E-01  0.84489E-04 -0.10302E-02  0.98289E+00  0.41712E-05 -0.60876E-04 -0.98233E+00 -0.13068E-02 -0.96585E+00
  167.00  0.21561E+00 -0.24061E-01  0.78509E-04 -0.10340E-02  0.98275E+00  0.31526E-05 -0.56180E-04 -0.98234E+00 -0.11973E-02 -0.96563E+00
  168.00  0.21619E+00 -0.20411E-01  0.71441E-04 -0.10374E-02  0.98262E+00  0.23191E-05 -0.50789E-04 -0.98231E+00 -0.10782E-02 -0.96539E+00
  169.00  0.21673E+00 -0.17077E-01  0.63602E-04 -0.10405E-02  0.98248E+00  0.16542E-05 -0.44929E-04 -0.98226E+00 -0.95266E-03 -0.96514E+00
  170.00  0.21724E+00 -0.14055E-01  0.55296E-04 -0.10431E-02  0.98235E+00  0.11384E-05 -0.38819E-04 -0.98220E+00 -0.82382E-03 -0.96488E+00
  171.00  0.21770E+00 -0.11340E-01  0.46816E-04 -0.10454E-02  0.98222E+00  0.75086E-06 -0.32669E-04 -0.98212E+00 -0.69495E-03 -0.96462E+00
  172.00  0.21812E+00 -0.89273E-02  0.38437E-04 -0.10473E-02  0.98210E+00  0.47035E-06 -0.26667E-04 -0.98204E+00 -0.56924E-03 -0.96436E+00
  173.00  0.21850E+00 -0.68120E-02  0.30414E-04 -0.10488E-02  0.98199E+00  0.27623E-06 -0.20986E-04 -0.98196E+00 -0.44980E-03 -0.96411E+00
  174.00  0.21884E+00 -0.49897E-02  0.22977E-04 -0.10501E-02  0.98189E+00  0.14921E-06 -0.15775E-04 -0.98187E+00 -0.33958E-03 -0.96389E+00
  175.00  0.21912E+00 -0.34560E-02  0.16330E-04 -0.10510E-02  0.98181E+00  0.71953E-07 -0.11161E-04 -0.98180E+00 -0.24128E-03 -0.96369E+00
  176.00  0.21936E+00 -0.22070E-02  0.10647E-04 -0.10518E-02  0.98173E+00  0.29456E-07 -0.72494E-05 -0.98173E+00 -0.15733E-03 -0.96351E+00
  177.00  0.21954E+00 -0.12392E-02  0.60753E-05 -0.10523E-02  0.98167E+00  0.93133E-08 -0.41237E-05 -0.98167E+00 -0.89790E-04 -0.96337E+00
  178.00  0.21968E+00 -0.55007E-03  0.27275E-05 -0.10526E-02  0.98163E+00  0.18384E-08 -0.18472E-05 -0.98163E+00 -0.40321E-04 -0.96327E+00
  179.00  0.21976E+00 -0.13741E-03  0.68600E-06 -0.10528E-02  0.98160E+00  0.11484E-09 -0.46393E-06 -0.98160E+00 -0.10143E-04 -0.96321E+00
  180.00  0.21978E+00 -0.34047E-14  0.17036E-16 -0.10529E-02  0.98159E+00  0.70527E-31 -0.11516E-16 -0.98159E+00 -0.25189E-15 -0.96319E+00
 scattering matrix expansion coefficients
    w  a11         a22         a33         a23         a32         a44         a12         a34         a13         a24         a14
    0  0.1000E+01  0.0000E+00  0.0000E+00  0.0000E+00  0.0000E+00  0.7823E+00  0.0000E+00  0.0000E+00  0.0000E+00  0.0000E+00  0.6059E-04
    1  0.2183E+01  0.0000E+00  0.0000E+00  0.0000E+00  0.0000E+00  0.2395E+01  0.0000E+00  0.0000E+00  0.0000E+00  0.0000E+00  0.1829E-03
    2  0.3059E+01  0.2675E+00  0.3902E+01  0.3853E-06 -0.6413E-03  0.3069E+01 -0.4225E+00 -0.3110E-02  0.2029E-03 -0.1047E-03  0.2533E-04
    3  0.3502E+01  0.8052E-01  0.3940E+01  0.8615E-07 -0.1068E-04  0.3496E+01 -0.2338E+00 -0.9103E-02  0.1703E-03  0.1101E-04  0.2991E-03
    4  0.3772E+01  0.3289E-01  0.4081E+01  0.5644E-07  0.1039E-04  0.3752E+01 -0.1567E+00 -0.1020E-01 -0.2195E-03 -0.5392E-04  0.1587E-03
    5  0.3862E+01  0.2007E-02  0.4128E+01  0.4783E-07  0.2915E-03  0.3880E+01 -0.1464E+00 -0.9435E-02  0.1799E-03 -0.1266E-04  0.1185E-03
    6  0.3856E+01  0.6662E-02  0.4075E+01  0.9899E-07  0.6128E-03  0.3877E+01 -0.1221E+00 -0.9707E-02  0.1927E-03  0.1257E-03  0.2572E-03
    7  0.3766E+01  0.2122E-01  0.3939E+01  0.8367E-07  0.3885E-03  0.3745E+01 -0.6225E-01 -0.6461E-02 -0.1738E-03 -0.3163E-04  0.1389E-03
    8  0.3514E+01  0.9339E-02  0.3681E+01  0.4957E-07  0.1455E-03  0.3491E+01 -0.4500E-01 -0.4810E-04  0.9897E-05 -0.6664E-04  0.9981E-04
    9  0.3104E+01 -0.9399E-02  0.3277E+01  0.2995E-07  0.1362E-03  0.3116E+01 -0.8865E-01  0.4756E-02  0.5062E-04  0.6684E-04  0.2693E-03
   10  0.2647E+01 -0.4919E-02  0.2793E+01  0.8069E-07  0.1691E-03  0.2661E+01 -0.1157E+00  0.3387E-02  0.4108E-05 -0.1499E-04  0.3290E-03
   11  0.2210E+01  0.4811E-02  0.2319E+01  0.3703E-07  0.1813E-03  0.2208E+01 -0.9897E-01  0.1373E-02  0.1654E-05 -0.2573E-04  0.2719E-03
   12  0.1799E+01  0.4174E-02  0.1885E+01  0.1190E-07  0.1786E-03  0.1795E+01 -0.7790E-01  0.1132E-02 -0.1769E-04  0.8826E-05  0.2065E-03
   13  0.1414E+01  0.5065E-03  0.1486E+01  0.4664E-07  0.1058E-03  0.1415E+01 -0.7218E-01  0.1855E-02 -0.3431E-04  0.7434E-05  0.1566E-03
   14  0.1070E+01 -0.2596E-04  0.1127E+01  0.2582E-07  0.1144E-04  0.1073E+01 -0.6950E-01  0.2636E-02 -0.2641E-04  0.2631E-05  0.1177E-03
   15  0.7828E+00  0.8621E-03  0.8238E+00  0.9588E-08 -0.6621E-04  0.7837E+00 -0.6065E-01  0.3014E-02 -0.1974E-04  0.2390E-06  0.8620E-04
   16  0.5560E+00  0.1328E-02  0.5843E+00  0.3541E-08 -0.1134E-03  0.5555E+00 -0.4778E-01  0.2711E-02 -0.1105E-04 -0.3907E-05  0.6002E-04
   17  0.3834E+00  0.1132E-02  0.4028E+00 -0.2123E-08 -0.1221E-03  0.3826E+00 -0.3589E-01  0.1957E-02  0.7074E-07 -0.7021E-05  0.3504E-04
   18  0.2548E+00  0.7032E-03  0.2681E+00 -0.4072E-08 -0.1043E-03  0.2544E+00 -0.2715E-01  0.1170E-02  0.5833E-05 -0.3466E-05  0.1927E-04
   19  0.1610E+00  0.3904E-03  0.1700E+00 -0.2142E-08 -0.7542E-04  0.1610E+00 -0.2096E-01  0.6084E-03  0.6749E-05  0.1576E-06  0.1272E-04
   20  0.9544E-01  0.2972E-03  0.1012E+00  0.7153E-10 -0.4755E-04  0.9548E-01 -0.1587E-01  0.2926E-03  0.5415E-05  0.1376E-05  0.1007E-04
   21  0.5248E-01  0.3103E-03  0.5581E-01  0.4301E-09 -0.2627E-04  0.5237E-01 -0.1123E-01  0.1404E-03  0.3666E-05  0.9544E-06  0.7511E-05
   22  0.2656E-01  0.3088E-03  0.2826E-01  0.1529E-09 -0.1285E-04  0.2632E-01 -0.7181E-02  0.6978E-04  0.2104E-05  0.4093E-06  0.4861E-05
   23  0.1232E-01  0.2534E-03  0.1308E-01 -0.5756E-10 -0.5614E-05  0.1205E-01 -0.4092E-02  0.3546E-04  0.1065E-05  0.6911E-07  0.2636E-05
   24  0.5230E-02  0.1710E-03  0.5516E-02 -0.7941E-10 -0.2196E-05  0.5019E-02 -0.2071E-02  0.1743E-04  0.4735E-06 -0.2936E-07  0.1208E-05
   25  0.2030E-02  0.9686E-04  0.2120E-02 -0.4123E-10 -0.7712E-06  0.1899E-02 -0.9326E-03  0.7864E-05  0.1875E-06 -0.3312E-07  0.4768E-06
   26  0.7205E-03  0.4694E-04  0.7431E-03 -0.1298E-10 -0.2445E-06  0.6532E-03 -0.3751E-03  0.3171E-05  0.6566E-07 -0.1776E-07  0.1649E-06
   27  0.2341E-03  0.1974E-04  0.2378E-03 -0.2680E-11 -0.7188E-07  0.2046E-03 -0.1353E-03  0.1145E-05  0.2133E-07 -0.7699E-08  0.5235E-07
   28  0.6976E-04  0.7283E-05  0.6961E-04 -0.1996E-12 -0.1971E-07  0.5853E-04 -0.4398E-04  0.3706E-06  0.6703E-08 -0.2916E-08  0.1497E-07
   29  0.1910E-04  0.2385E-05  0.1870E-04  0.3316E-13 -0.4874E-08  0.1533E-04 -0.1294E-04  0.1080E-06  0.1829E-08 -0.1005E-08  0.3930E-08
   30  0.4819E-05  0.7000E-06  0.4624E-05  0.6813E-14 -0.1069E-08  0.3691E-05 -0.3467E-05  0.2819E-07  0.4374E-09 -0.3258E-09  0.9647E-09
   31  0.1121E-05  0.1856E-06  0.1054E-05 -0.6844E-14 -0.2013E-09  0.8172E-06 -0.8482E-06  0.6635E-08  0.8509E-10 -0.1005E-09  0.2360E-09
   32  0.2404E-06  0.4462E-07  0.2212E-06 -0.4134E-14 -0.3095E-10  0.1663E-06 -0.1898E-06  0.1380E-08  0.1385E-10 -0.2899E-10  0.6029E-10
   33  0.4713E-07  0.9675E-08  0.4242E-07 -0.1228E-14 -0.3150E-11  0.3085E-07 -0.3858E-07  0.2660E-09  0.1471E-11 -0.7351E-11  0.1397E-10
   34  0.8457E-08  0.1893E-08  0.7453E-08 -0.3791E-15  0.4817E-13  0.5233E-08 -0.7139E-08  0.4510E-10  0.1674E-13 -0.1693E-11  0.3234E-11
   35  0.1329E-08  0.3216E-09  0.1146E-08 -0.1072E-15  0.1202E-12  0.7752E-09 -0.1153E-08  0.7157E-11 -0.4178E-13 -0.3374E-12  0.6152E-12
   36  0.1923E-09  0.4962E-10  0.1626E-09 -0.2203E-16  0.3639E-13  0.1059E-09 -0.1705E-09  0.1000E-11 -0.1707E-13 -0.5674E-13  0.1018E-12
   37  0.2129E-10  0.5835E-11  0.1765E-10 -0.3514E-17  0.6042E-14  0.1104E-10 -0.1928E-10  0.1166E-12 -0.2925E-14 -0.7802E-14  0.1360E-13
   38  0.2435E-11  0.6981E-12  0.1983E-11 -0.6695E-18  0.6905E-15  0.1196E-11 -0.2238E-11  0.1263E-13 -0.3608E-15 -0.8213E-15  0.1405E-14
   39  0.1333E-12  0.4021E-13  0.1067E-12 -0.7415E-19  0.5061E-16  0.6155E-13 -0.1247E-12  0.7679E-15 -0.2706E-16 -0.5539E-16  0.9266E-16
   40  0.1765E-13  0.5606E-14  0.1410E-13 -0.7895E-20  0.2181E-17  0.7901E-14 -0.1676E-13  0.7605E-16 -0.1258E-17 -0.2836E-17  0.4420E-17
