 input file is 
mstm23_128_6398_20_009.inp    
 input file comments follow:
***********************************************************
  This is the default mstm input file for v.3.0.
  The run is for a 7-sphere cluster of identical spheres.   The positions
  are embedded in the input file.

  The run makes use of the new_run and multiple_run options.

  14 April 2013
***********************************************************
 number of processors:
   1
 input parameters for run number 
    1
 number of spheres, volume size parameter:
  128  0.32244E+01
 position file:
position/n128/a23.out                                       
 output file:
output/128/x6398/20/009/mt_23_128_6398_20_009.dat           
 length, ref. indx. scale factors:
   0.640   2.000   0.090
 chiral factors:
  0.00000E+00  0.00000E+00
 scattering matrix directions based on incident frame
 automatic scattering angle calculation
 thetamin, thetamax:
      0.0    180.0
 number scattering angles:
      181
 epsmie, epssoln, max number iterations:
  0.1000E-05  0.1000E-07 5000
 medium refractive index:
  1.0000  0.0000
 target euler rotation angles:
    0.0000    0.0000    0.0000
 far field kr, iterations/correction:
  0.1000E-07   20
 plane wave incidence
 random orientation calculations
 t matrix calculated, stored in file 
tmatrixfiles/tmf_23_128_6398_20_009                         
 t matrix convergence epsilon:
  0.1000E-06
 all spheres excited (total T matrix) 
 calculation results for run 
    1
 total ext, abs, scat efficiencies, w.r.t. xv, and asym. parm
  0.45113E+01  0.75783E+00  0.37534E+01  0.70998E+00
 scattering matrix elements (normalized w/ S11)
   theta      11           12           13           14           22           23           24           33           34           44     
    0.00  0.40871E+02  0.00000E+00  0.00000E+00 -0.43530E-03  0.99852E+00 -0.40462E-03  0.00000E+00  0.99852E+00  0.00000E+00  0.99714E+00
    1.00  0.40463E+02 -0.26605E-03  0.35829E-06 -0.43949E-03  0.99850E+00 -0.40902E-03  0.14844E-06  0.99850E+00 -0.13495E-03  0.99711E+00
    2.00  0.39270E+02 -0.10632E-02  0.14159E-05 -0.45197E-03  0.99846E+00 -0.42176E-03  0.59531E-06  0.99846E+00 -0.54511E-03  0.99703E+00
    3.00  0.37380E+02 -0.23877E-02  0.31183E-05 -0.47251E-03  0.99839E+00 -0.44146E-03  0.13440E-05  0.99839E+00 -0.12460E-02  0.99690E+00
    4.00  0.34931E+02 -0.42308E-02  0.53664E-05 -0.50062E-03  0.99828E+00 -0.46554E-03  0.23959E-05  0.99828E+00 -0.22614E-02  0.99670E+00
    5.00  0.32090E+02 -0.65751E-02  0.80054E-05 -0.53548E-03  0.99814E+00 -0.48999E-03  0.37436E-05  0.99813E+00 -0.36201E-02  0.99643E+00
    6.00  0.29040E+02 -0.93890E-02  0.10813E-04 -0.57584E-03  0.99797E+00 -0.50897E-03  0.53617E-05  0.99794E+00 -0.53489E-02  0.99609E+00
    7.00  0.25954E+02 -0.12621E-01  0.13493E-04 -0.61983E-03  0.99776E+00 -0.51465E-03  0.71961E-05  0.99771E+00 -0.74620E-02  0.99567E+00
    8.00  0.22985E+02 -0.16193E-01  0.15691E-04 -0.66503E-03  0.99751E+00 -0.49735E-03  0.91555E-05  0.99742E+00 -0.99452E-02  0.99518E+00
    9.00  0.20250E+02 -0.20004E-01  0.17031E-04 -0.70859E-03  0.99723E+00 -0.44656E-03  0.11113E-04  0.99709E+00 -0.12738E-01  0.99462E+00
   10.00  0.17825E+02 -0.23934E-01  0.17211E-04 -0.74773E-03  0.99694E+00 -0.35307E-03  0.12926E-04  0.99671E+00 -0.15720E-01  0.99401E+00
   11.00  0.15742E+02 -0.27873E-01  0.16120E-04 -0.78061E-03  0.99664E+00 -0.21202E-03  0.14487E-04  0.99630E+00 -0.18708E-01  0.99337E+00
   12.00  0.13996E+02 -0.31749E-01  0.13957E-04 -0.80721E-03  0.99635E+00 -0.26134E-04  0.15786E-04  0.99586E+00 -0.21484E-01  0.99274E+00
   13.00  0.12551E+02 -0.35560E-01  0.11277E-04 -0.82998E-03  0.99609E+00  0.19280E-03  0.16985E-04  0.99542E+00 -0.23845E-01  0.99212E+00
   14.00  0.11357E+02 -0.39385E-01  0.89053E-05 -0.85360E-03  0.99585E+00  0.42537E-03  0.18439E-04  0.99497E+00 -0.25652E-01  0.99154E+00
   15.00  0.10353E+02 -0.43366E-01  0.77547E-05 -0.88389E-03  0.99564E+00  0.64876E-03  0.20668E-04  0.99450E+00 -0.26875E-01  0.99097E+00
   16.00  0.94836E+01 -0.47666E-01  0.86068E-05 -0.92627E-03  0.99542E+00  0.84181E-03  0.24281E-04  0.99399E+00 -0.27584E-01  0.99038E+00
   17.00  0.87018E+01 -0.52431E-01  0.11948E-04 -0.98441E-03  0.99519E+00  0.98877E-03  0.29887E-04  0.99343E+00 -0.27921E-01  0.98973E+00
   18.00  0.79757E+01 -0.57757E-01  0.17888E-04 -0.10594E-02  0.99491E+00  0.10809E-02  0.38015E-04  0.99278E+00 -0.28054E-01  0.98896E+00
   19.00  0.72876E+01 -0.63676E-01  0.26129E-04 -0.11491E-02  0.99456E+00  0.11166E-02  0.49056E-04  0.99202E+00 -0.28137E-01  0.98803E+00
   20.00  0.66328E+01 -0.70158E-01  0.35953E-04 -0.12485E-02  0.99411E+00  0.11007E-02  0.63201E-04  0.99112E+00 -0.28289E-01  0.98692E+00
   21.00  0.60155E+01 -0.77109E-01  0.46208E-04 -0.13490E-02  0.99356E+00  0.10445E-02  0.80386E-04  0.99009E+00 -0.28574E-01  0.98559E+00
   22.00  0.54442E+01 -0.84387E-01  0.55325E-04 -0.14397E-02  0.99291E+00  0.96538E-03  0.10024E-03  0.98890E+00 -0.29002E-01  0.98405E+00
   23.00  0.49281E+01 -0.91823E-01  0.61417E-04 -0.15075E-02  0.99217E+00  0.88646E-03  0.12209E-03  0.98758E+00 -0.29526E-01  0.98234E+00
   24.00  0.44731E+01 -0.99246E-01  0.62531E-04 -0.15401E-02  0.99136E+00  0.83398E-03  0.14505E-03  0.98614E+00 -0.30050E-01  0.98048E+00
   25.00  0.40808E+01 -0.10653E+00  0.57053E-04 -0.15280E-02  0.99052E+00  0.83285E-03  0.16828E-03  0.98460E+00 -0.30462E-01  0.97854E+00
   26.00  0.37477E+01 -0.11364E+00  0.44166E-04 -0.14678E-02  0.98969E+00  0.90045E-03  0.19125E-03  0.98299E+00 -0.30656E-01  0.97657E+00
   27.00  0.34661E+01 -0.12063E+00  0.24205E-04 -0.13631E-02  0.98889E+00  0.10409E-02  0.21410E-03  0.98130E+00 -0.30574E-01  0.97458E+00
   28.00  0.32259E+01 -0.12764E+00 -0.12702E-05 -0.12238E-02  0.98814E+00  0.12422E-02  0.23767E-03  0.97952E+00 -0.30224E-01  0.97257E+00
   29.00  0.30166E+01 -0.13487E+00 -0.29668E-04 -0.10633E-02  0.98741E+00  0.14771E-02  0.26339E-03  0.97761E+00 -0.29677E-01  0.97048E+00
   30.00  0.28286E+01 -0.14251E+00 -0.57719E-04 -0.89535E-03  0.98668E+00  0.17074E-02  0.29289E-03  0.97551E+00 -0.29049E-01  0.96825E+00
   31.00  0.26549E+01 -0.15072E+00 -0.81804E-04 -0.73119E-03  0.98591E+00  0.18892E-02  0.32750E-03  0.97319E+00 -0.28473E-01  0.96579E+00
   32.00  0.24912E+01 -0.15957E+00 -0.98214E-04 -0.57876E-03  0.98506E+00  0.19771E-02  0.36777E-03  0.97059E+00 -0.28066E-01  0.96303E+00
   33.00  0.23359E+01 -0.16911E+00 -0.10335E-03 -0.44255E-03  0.98411E+00  0.19295E-02  0.41302E-03  0.96770E+00 -0.27912E-01  0.95992E+00
   34.00  0.21897E+01 -0.17928E+00 -0.94019E-04 -0.32451E-03  0.98303E+00  0.17129E-02  0.46105E-03  0.96450E+00 -0.28038E-01  0.95645E+00
   35.00  0.20539E+01 -0.19000E+00 -0.67857E-04 -0.22514E-03  0.98183E+00  0.13076E-02  0.50814E-03  0.96103E+00 -0.28411E-01  0.95263E+00
   36.00  0.19304E+01 -0.20114E+00 -0.23917E-04 -0.14454E-03  0.98054E+00  0.71369E-03  0.54931E-03  0.95733E+00 -0.28934E-01  0.94851E+00
   37.00  0.18202E+01 -0.21257E+00  0.36795E-04 -0.83261E-04  0.97917E+00 -0.45732E-04  0.57916E-03  0.95344E+00 -0.29461E-01  0.94415E+00
   38.00  0.17230E+01 -0.22418E+00  0.11105E-03 -0.42751E-04  0.97777E+00 -0.92504E-03  0.59296E-03  0.94940E+00 -0.29828E-01  0.93963E+00
   39.00  0.16375E+01 -0.23590E+00  0.19366E-03 -0.25356E-04  0.97637E+00 -0.18627E-02  0.58780E-03  0.94524E+00 -0.29889E-01  0.93499E+00
   40.00  0.15612E+01 -0.24770E+00  0.27815E-03 -0.34049E-04  0.97497E+00 -0.27923E-02  0.56334E-03  0.94093E+00 -0.29549E-01  0.93022E+00
   41.00  0.14910E+01 -0.25959E+00  0.35779E-03 -0.71968E-04  0.97357E+00 -0.36536E-02  0.52190E-03  0.93642E+00 -0.28792E-01  0.92528E+00
   42.00  0.14241E+01 -0.27160E+00  0.42646E-03 -0.14199E-03  0.97212E+00 -0.44011E-02  0.46792E-03  0.93164E+00 -0.27679E-01  0.92008E+00
   43.00  0.13577E+01 -0.28378E+00  0.47923E-03 -0.24640E-03  0.97058E+00 -0.50068E-02  0.40715E-03  0.92649E+00 -0.26339E-01  0.91451E+00
   44.00  0.12904E+01 -0.29619E+00  0.51251E-03 -0.38663E-03  0.96890E+00 -0.54588E-02  0.34571E-03  0.92088E+00 -0.24946E-01  0.90847E+00
   45.00  0.12214E+01 -0.30885E+00  0.52413E-03 -0.56287E-03  0.96702E+00 -0.57573E-02  0.28938E-03  0.91471E+00 -0.23697E-01  0.90184E+00
   46.00  0.11514E+01 -0.32178E+00  0.51320E-03 -0.77362E-03  0.96493E+00 -0.59099E-02  0.24300E-03  0.90794E+00 -0.22796E-01  0.89457E+00
   47.00  0.10816E+01 -0.33499E+00  0.48026E-03 -0.10149E-02  0.96260E+00 -0.59289E-02  0.21000E-03  0.90052E+00 -0.22424E-01  0.88660E+00
   48.00  0.10137E+01 -0.34849E+00  0.42737E-03 -0.12793E-02  0.96006E+00 -0.58284E-02  0.19183E-03  0.89245E+00 -0.22714E-01  0.87797E+00
   49.00  0.94971E+00 -0.36229E+00  0.35833E-03 -0.15554E-02  0.95736E+00 -0.56239E-02  0.18757E-03  0.88379E+00 -0.23725E-01  0.86873E+00
   50.00  0.89125E+00 -0.37638E+00  0.27868E-03 -0.18275E-02  0.95459E+00 -0.53323E-02  0.19354E-03  0.87460E+00 -0.25410E-01  0.85900E+00
   51.00  0.83948E+00 -0.39078E+00  0.19533E-03 -0.20766E-02  0.95184E+00 -0.49716E-02  0.20350E-03  0.86497E+00 -0.27598E-01  0.84892E+00
   52.00  0.79491E+00 -0.40549E+00  0.11563E-03 -0.22821E-02  0.94923E+00 -0.45607E-02  0.20938E-03  0.85501E+00 -0.30006E-01  0.83863E+00
   53.00  0.75734E+00 -0.42050E+00  0.46176E-04 -0.24255E-02  0.94684E+00 -0.41185E-02  0.20274E-03  0.84481E+00 -0.32279E-01  0.82823E+00
   54.00  0.72601E+00 -0.43578E+00 -0.84623E-05 -0.24923E-02  0.94470E+00 -0.36621E-02  0.17640E-03  0.83438E+00 -0.34054E-01  0.81778E+00
   55.00  0.69968E+00 -0.45126E+00 -0.46456E-04 -0.24746E-02  0.94279E+00 -0.32057E-02  0.12589E-03  0.82372E+00 -0.35029E-01  0.80724E+00
   56.00  0.67691E+00 -0.46687E+00 -0.68701E-04 -0.23708E-02  0.94106E+00 -0.27600E-02  0.50154E-04  0.81277E+00 -0.35017E-01  0.79653E+00
   57.00  0.65618E+00 -0.48252E+00 -0.78123E-04 -0.21848E-02  0.93940E+00 -0.23328E-02 -0.48643E-04  0.80143E+00 -0.33958E-01  0.78550E+00
   58.00  0.63617E+00 -0.49810E+00 -0.78636E-04 -0.19236E-02  0.93769E+00 -0.19299E-02 -0.16584E-03  0.78958E+00 -0.31912E-01  0.77401E+00
   59.00  0.61582E+00 -0.51353E+00 -0.74106E-04 -0.15964E-02  0.93583E+00 -0.15566E-02 -0.29527E-03  0.77712E+00 -0.29026E-01  0.76189E+00
   60.00  0.59443E+00 -0.52873E+00 -0.67563E-04 -0.12131E-02  0.93371E+00 -0.12191E-02 -0.43017E-03  0.76395E+00 -0.25502E-01  0.74901E+00
   61.00  0.57169E+00 -0.54364E+00 -0.60735E-04 -0.78421E-03  0.93126E+00 -0.92434E-03 -0.56390E-03  0.74998E+00 -0.21566E-01  0.73526E+00
   62.00  0.54762E+00 -0.55822E+00 -0.53887E-04 -0.32142E-03  0.92843E+00 -0.68100E-03 -0.69048E-03  0.73515E+00 -0.17446E-01  0.72056E+00
   63.00  0.52252E+00 -0.57246E+00 -0.45919E-04  0.16238E-03  0.92519E+00 -0.49817E-03 -0.80497E-03  0.71940E+00 -0.13355E-01  0.70483E+00
   64.00  0.49687E+00 -0.58634E+00 -0.34705E-04  0.65260E-03  0.92153E+00 -0.38447E-03 -0.90391E-03  0.70271E+00 -0.94764E-02  0.68805E+00
   65.00  0.47124E+00 -0.59990E+00 -0.17631E-04  0.11332E-02  0.91746E+00 -0.34628E-03 -0.98565E-03  0.68507E+00 -0.59551E-02  0.67018E+00
   66.00  0.44620E+00 -0.61314E+00  0.76734E-05  0.15876E-02  0.91304E+00 -0.38591E-03 -0.10507E-02  0.66646E+00 -0.28854E-02  0.65123E+00
   67.00  0.42227E+00 -0.62609E+00  0.42491E-04  0.20000E-02  0.90832E+00 -0.49988E-03 -0.11021E-02  0.64694E+00 -0.30414E-03  0.63122E+00
   68.00  0.39983E+00 -0.63876E+00  0.86191E-04  0.23577E-02  0.90338E+00 -0.67784E-03 -0.11451E-02  0.62653E+00  0.18111E-02  0.61021E+00
   69.00  0.37915E+00 -0.65114E+00  0.13561E-03  0.26530E-02  0.89828E+00 -0.90261E-03 -0.11872E-02  0.60533E+00  0.35374E-02  0.58829E+00
   70.00  0.36035E+00 -0.66320E+00  0.18482E-03  0.28852E-02  0.89313E+00 -0.11516E-02 -0.12368E-02  0.58341E+00  0.49925E-02  0.56555E+00
   71.00  0.34340E+00 -0.67489E+00  0.22547E-03  0.30606E-02  0.88798E+00 -0.13997E-02 -0.13028E-02  0.56087E+00  0.63133E-02  0.54210E+00
   72.00  0.32821E+00 -0.68614E+00  0.24767E-03  0.31919E-02  0.88290E+00 -0.16225E-02 -0.13927E-02  0.53780E+00  0.76307E-02  0.51807E+00
   73.00  0.31457E+00 -0.69686E+00  0.24124E-03  0.32963E-02  0.87793E+00 -0.18002E-02 -0.15116E-02  0.51427E+00  0.90452E-02  0.49356E+00
   74.00  0.30226E+00 -0.70699E+00  0.19721E-03  0.33917E-02  0.87309E+00 -0.19207E-02 -0.16613E-02  0.49034E+00  0.10610E-01  0.46865E+00
   75.00  0.29104E+00 -0.71644E+00  0.10914E-03  0.34934E-02  0.86839E+00 -0.19806E-02 -0.18396E-02  0.46601E+00  0.12320E-01  0.44339E+00
   76.00  0.28069E+00 -0.72518E+00 -0.25773E-04  0.36115E-02  0.86382E+00 -0.19863E-02 -0.20401E-02  0.44127E+00  0.14118E-01  0.41781E+00
   77.00  0.27100E+00 -0.73317E+00 -0.20612E-03  0.37482E-02  0.85937E+00 -0.19519E-02 -0.22525E-02  0.41607E+00  0.15898E-01  0.39187E+00
   78.00  0.26185E+00 -0.74040E+00 -0.42601E-03  0.38970E-02  0.85504E+00 -0.18979E-02 -0.24629E-02  0.39034E+00  0.17526E-01  0.36556E+00
   79.00  0.25312E+00 -0.74689E+00 -0.67526E-03  0.40430E-02  0.85082E+00 -0.18482E-02 -0.26548E-02  0.36401E+00  0.18853E-01  0.33882E+00
   80.00  0.24477E+00 -0.75264E+00 -0.93989E-03  0.41638E-02  0.84671E+00 -0.18274E-02 -0.28095E-02  0.33701E+00  0.19732E-01  0.31161E+00
   81.00  0.23678E+00 -0.75768E+00 -0.12029E-02  0.42321E-02  0.84273E+00 -0.18584E-02 -0.29078E-02  0.30930E+00  0.20038E-01  0.28390E+00
   82.00  0.22918E+00 -0.76202E+00 -0.14455E-02  0.42177E-02  0.83891E+00 -0.19596E-02 -0.29308E-02  0.28086E+00  0.19675E-01  0.25567E+00
   83.00  0.22201E+00 -0.76570E+00 -0.16480E-02  0.40913E-02  0.83526E+00 -0.21433E-02 -0.28616E-02  0.25173E+00  0.18591E-01  0.22696E+00
   84.00  0.21531E+00 -0.76871E+00 -0.17919E-02  0.38278E-02  0.83182E+00 -0.24143E-02 -0.26867E-02  0.22201E+00  0.16777E-01  0.19785E+00
   85.00  0.20913E+00 -0.77108E+00 -0.18611E-02  0.34094E-02  0.82862E+00 -0.27692E-02 -0.23978E-02  0.19184E+00  0.14278E-01  0.16846E+00
   86.00  0.20352E+00 -0.77283E+00 -0.18432E-02  0.28279E-02  0.82570E+00 -0.31967E-02 -0.19930E-02  0.16141E+00  0.11179E-01  0.13895E+00
   87.00  0.19851E+00 -0.77397E+00 -0.17314E-02  0.20867E-02  0.82309E+00 -0.36787E-02 -0.14774E-02  0.13095E+00  0.76029E-02  0.10952E+00
   88.00  0.19410E+00 -0.77452E+00 -0.15247E-02  0.12006E-02  0.82082E+00 -0.41926E-02 -0.86346E-03  0.10068E+00  0.36970E-02  0.80358E-01
   89.00  0.19030E+00 -0.77452E+00 -0.12278E-02  0.19449E-03  0.81888E+00 -0.47131E-02 -0.16977E-03  0.70843E-01 -0.38335E-03  0.51671E-01
   90.00  0.18706E+00 -0.77401E+00 -0.85143E-03 -0.89876E-03  0.81730E+00 -0.52155E-02  0.58012E-03  0.41622E-01 -0.44878E-02  0.23625E-01
   91.00  0.18437E+00 -0.77302E+00 -0.41033E-03 -0.20418E-02  0.81605E+00 -0.56773E-02  0.13599E-02  0.13163E-01 -0.84847E-02 -0.36559E-02
   92.00  0.18217E+00 -0.77160E+00  0.77655E-04 -0.31961E-02  0.81514E+00 -0.60808E-02  0.21429E-02 -0.14452E-01 -0.12270E-01 -0.30097E-01
   93.00  0.18040E+00 -0.76977E+00  0.59335E-03 -0.43253E-02  0.81455E+00 -0.64134E-02  0.29040E-02 -0.41205E-01 -0.15771E-01 -0.55680E-01
   94.00  0.17901E+00 -0.76756E+00  0.11177E-02 -0.53975E-02  0.81424E+00 -0.66680E-02  0.36218E-02 -0.67138E-01 -0.18949E-01 -0.80438E-01
   95.00  0.17795E+00 -0.76497E+00  0.16331E-02 -0.63870E-02  0.81421E+00 -0.68430E-02  0.42794E-02 -0.92340E-01 -0.21792E-01 -0.10445E+00
   96.00  0.17716E+00 -0.76200E+00  0.21240E-02 -0.72745E-02  0.81441E+00 -0.69408E-02  0.48654E-02 -0.11693E+00 -0.24313E-01 -0.12781E+00
   97.00  0.17660E+00 -0.75861E+00  0.25777E-02 -0.80476E-02  0.81484E+00 -0.69667E-02  0.53738E-02 -0.14105E+00 -0.26539E-01 -0.15065E+00
   98.00  0.17622E+00 -0.75478E+00  0.29845E-02 -0.86992E-02  0.81545E+00 -0.69281E-02  0.58032E-02 -0.16485E+00 -0.28507E-01 -0.17309E+00
   99.00  0.17599E+00 -0.75044E+00  0.33373E-02 -0.92273E-02  0.81623E+00 -0.68331E-02  0.61565E-02 -0.18844E+00 -0.30256E-01 -0.19525E+00
  100.00  0.17590E+00 -0.74554E+00  0.36320E-02 -0.96333E-02  0.81716E+00 -0.66898E-02  0.64392E-02 -0.21194E+00 -0.31823E-01 -0.21723E+00
  101.00  0.17591E+00 -0.74002E+00  0.38664E-02 -0.99213E-02  0.81821E+00 -0.65058E-02  0.66592E-02 -0.23543E+00 -0.33238E-01 -0.23910E+00
  102.00  0.17600E+00 -0.73381E+00  0.40405E-02 -0.10097E-01  0.81935E+00 -0.62876E-02  0.68247E-02 -0.25895E+00 -0.34526E-01 -0.26090E+00
  103.00  0.17617E+00 -0.72688E+00  0.41558E-02 -0.10167E-01  0.82056E+00 -0.60411E-02  0.69442E-02 -0.28251E+00 -0.35701E-01 -0.28266E+00
  104.00  0.17641E+00 -0.71916E+00  0.42151E-02 -0.10139E-01  0.82182E+00 -0.57712E-02  0.70253E-02 -0.30610E+00 -0.36772E-01 -0.30436E+00
  105.00  0.17669E+00 -0.71064E+00  0.42221E-02 -0.10020E-01  0.82311E+00 -0.54819E-02  0.70742E-02 -0.32967E+00 -0.37740E-01 -0.32597E+00
  106.00  0.17702E+00 -0.70129E+00  0.41812E-02 -0.98179E-02  0.82439E+00 -0.51771E-02  0.70957E-02 -0.35316E+00 -0.38602E-01 -0.34743E+00
  107.00  0.17738E+00 -0.69113E+00  0.40971E-02 -0.95413E-02  0.82565E+00 -0.48604E-02  0.70927E-02 -0.37648E+00 -0.39353E-01 -0.36869E+00
  108.00  0.17777E+00 -0.68016E+00  0.39751E-02 -0.91981E-02  0.82686E+00 -0.45351E-02  0.70669E-02 -0.39955E+00 -0.39985E-01 -0.38965E+00
  109.00  0.17817E+00 -0.66842E+00  0.38204E-02 -0.87968E-02  0.82801E+00 -0.42051E-02  0.70188E-02 -0.42226E+00 -0.40491E-01 -0.41023E+00
  110.00  0.17859E+00 -0.65595E+00  0.36381E-02 -0.83462E-02  0.82908E+00 -0.38739E-02  0.69482E-02 -0.44452E+00 -0.40866E-01 -0.43035E+00
  111.00  0.17900E+00 -0.64280E+00  0.34334E-02 -0.78551E-02  0.83006E+00 -0.35456E-02  0.68547E-02 -0.46624E+00 -0.41107E-01 -0.44993E+00
  112.00  0.17942E+00 -0.62904E+00  0.32116E-02 -0.73325E-02  0.83095E+00 -0.32242E-02  0.67380E-02 -0.48736E+00 -0.41214E-01 -0.46890E+00
  113.00  0.17983E+00 -0.61472E+00  0.29774E-02 -0.67876E-02  0.83174E+00 -0.29136E-02  0.65982E-02 -0.50779E+00 -0.41189E-01 -0.48718E+00
  114.00  0.18024E+00 -0.59992E+00  0.27359E-02 -0.62290E-02  0.83242E+00 -0.26178E-02  0.64366E-02 -0.52748E+00 -0.41041E-01 -0.50473E+00
  115.00  0.18064E+00 -0.58470E+00  0.24919E-02 -0.56654E-02  0.83302E+00 -0.23402E-02  0.62553E-02 -0.54640E+00 -0.40778E-01 -0.52151E+00
  116.00  0.18105E+00 -0.56913E+00  0.22500E-02 -0.51045E-02  0.83353E+00 -0.20840E-02  0.60573E-02 -0.56451E+00 -0.40414E-01 -0.53748E+00
  117.00  0.18146E+00 -0.55328E+00  0.20148E-02 -0.45537E-02  0.83396E+00 -0.18518E-02  0.58469E-02 -0.58181E+00 -0.39966E-01 -0.55264E+00
  118.00  0.18189E+00 -0.53719E+00  0.17911E-02 -0.40191E-02  0.83434E+00 -0.16455E-02  0.56289E-02 -0.59829E+00 -0.39451E-01 -0.56697E+00
  119.00  0.18234E+00 -0.52094E+00  0.15831E-02 -0.35057E-02  0.83466E+00 -0.14663E-02  0.54088E-02 -0.61396E+00 -0.38889E-01 -0.58049E+00
  120.00  0.18282E+00 -0.50457E+00  0.13952E-02 -0.30176E-02  0.83496E+00 -0.13146E-02  0.51921E-02 -0.62884E+00 -0.38304E-01 -0.59321E+00
  121.00  0.18334E+00 -0.48812E+00  0.12312E-02 -0.25572E-02  0.83524E+00 -0.11900E-02  0.49841E-02 -0.64295E+00 -0.37716E-01 -0.60516E+00
  122.00  0.18390E+00 -0.47166E+00  0.10948E-02 -0.21258E-02  0.83553E+00 -0.10915E-02  0.47898E-02 -0.65634E+00 -0.37148E-01 -0.61638E+00
  123.00  0.18453E+00 -0.45520E+00  0.98905E-03 -0.17234E-02  0.83582E+00 -0.10170E-02  0.46130E-02 -0.66903E+00 -0.36619E-01 -0.62690E+00
  124.00  0.18522E+00 -0.43879E+00  0.91631E-03 -0.13486E-02  0.83615E+00 -0.96419E-03  0.44567E-02 -0.68107E+00 -0.36149E-01 -0.63677E+00
  125.00  0.18598E+00 -0.42248E+00  0.87829E-03 -0.99919E-03  0.83651E+00 -0.93006E-03  0.43226E-02 -0.69249E+00 -0.35753E-01 -0.64602E+00
  126.00  0.18681E+00 -0.40628E+00  0.87579E-03 -0.67191E-03  0.83691E+00 -0.91129E-03  0.42110E-02 -0.70333E+00 -0.35441E-01 -0.65470E+00
  127.00  0.18773E+00 -0.39023E+00  0.90873E-03 -0.36295E-03  0.83737E+00 -0.90434E-03  0.41210E-02 -0.71362E+00 -0.35219E-01 -0.66286E+00
  128.00  0.18872E+00 -0.37436E+00  0.97610E-03 -0.68134E-04  0.83788E+00 -0.90564E-03  0.40509E-02 -0.72340E+00 -0.35091E-01 -0.67052E+00
  129.00  0.18980E+00 -0.35871E+00  0.10760E-02  0.21685E-03  0.83845E+00 -0.91177E-03  0.39976E-02 -0.73269E+00 -0.35051E-01 -0.67771E+00
  130.00  0.19097E+00 -0.34331E+00  0.12057E-02  0.49610E-03  0.83908E+00 -0.91960E-03  0.39579E-02 -0.74151E+00 -0.35092E-01 -0.68447E+00
  131.00  0.19221E+00 -0.32818E+00  0.13618E-02  0.77334E-03  0.83977E+00 -0.92645E-03  0.39281E-02 -0.74989E+00 -0.35199E-01 -0.69082E+00
  132.00  0.19353E+00 -0.31335E+00  0.15404E-02  0.10516E-02  0.84051E+00 -0.93023E-03  0.39044E-02 -0.75785E+00 -0.35356E-01 -0.69677E+00
  133.00  0.19493E+00 -0.29886E+00  0.17370E-02  0.13332E-02  0.84131E+00 -0.92947E-03  0.38836E-02 -0.76539E+00 -0.35542E-01 -0.70236E+00
  134.00  0.19639E+00 -0.28471E+00  0.19473E-02  0.16194E-02  0.84216E+00 -0.92345E-03  0.38629E-02 -0.77253E+00 -0.35735E-01 -0.70759E+00
  135.00  0.19792E+00 -0.27095E+00  0.21668E-02  0.19107E-02  0.84305E+00 -0.91209E-03  0.38402E-02 -0.77929E+00 -0.35912E-01 -0.71247E+00
  136.00  0.19950E+00 -0.25757E+00  0.23910E-02  0.22064E-02  0.84398E+00 -0.89601E-03  0.38146E-02 -0.78569E+00 -0.36050E-01 -0.71703E+00
  137.00  0.20113E+00 -0.24459E+00  0.26160E-02  0.25052E-02  0.84494E+00 -0.87636E-03  0.37857E-02 -0.79172E+00 -0.36127E-01 -0.72127E+00
  138.00  0.20280E+00 -0.23202E+00  0.28380E-02  0.28049E-02  0.84593E+00 -0.85471E-03  0.37542E-02 -0.79741E+00 -0.36124E-01 -0.72520E+00
  139.00  0.20451E+00 -0.21986E+00  0.30538E-02  0.31029E-02  0.84694E+00 -0.83290E-03  0.37217E-02 -0.80276E+00 -0.36023E-01 -0.72884E+00
  140.00  0.20624E+00 -0.20811E+00  0.32604E-02  0.33961E-02  0.84795E+00 -0.81281E-03  0.36901E-02 -0.80780E+00 -0.35811E-01 -0.73218E+00
  141.00  0.20799E+00 -0.19676E+00  0.34551E-02  0.36816E-02  0.84896E+00 -0.79625E-03  0.36619E-02 -0.81254E+00 -0.35476E-01 -0.73524E+00
  142.00  0.20976E+00 -0.18581E+00  0.36354E-02  0.39564E-02  0.84997E+00 -0.78473E-03  0.36396E-02 -0.81698E+00 -0.35014E-01 -0.73802E+00
  143.00  0.21154E+00 -0.17525E+00  0.37991E-02  0.42181E-02  0.85096E+00 -0.77932E-03  0.36257E-02 -0.82113E+00 -0.34420E-01 -0.74052E+00
  144.00  0.21332E+00 -0.16506E+00  0.39438E-02  0.44646E-02  0.85192E+00 -0.78056E-03  0.36224E-02 -0.82501E+00 -0.33697E-01 -0.74275E+00
  145.00  0.21511E+00 -0.15522E+00  0.40670E-02  0.46948E-02  0.85285E+00 -0.78834E-03  0.36310E-02 -0.82863E+00 -0.32851E-01 -0.74471E+00
  146.00  0.21689E+00 -0.14573E+00  0.41662E-02  0.49084E-02  0.85374E+00 -0.80198E-03  0.36526E-02 -0.83199E+00 -0.31890E-01 -0.74641E+00
  147.00  0.21868E+00 -0.13657E+00  0.42390E-02  0.51056E-02  0.85459E+00 -0.82017E-03  0.36869E-02 -0.83509E+00 -0.30826E-01 -0.74784E+00
  148.00  0.22046E+00 -0.12771E+00  0.42827E-02  0.52876E-02  0.85538E+00 -0.84113E-03  0.37332E-02 -0.83796E+00 -0.29675E-01 -0.74900E+00
  149.00  0.22224E+00 -0.11916E+00  0.42949E-02  0.54564E-02  0.85611E+00 -0.86272E-03  0.37897E-02 -0.84060E+00 -0.28453E-01 -0.74991E+00
  150.00  0.22401E+00 -0.11088E+00  0.42735E-02  0.56143E-02  0.85679E+00 -0.88259E-03  0.38538E-02 -0.84301E+00 -0.27178E-01 -0.75057E+00
  151.00  0.22579E+00 -0.10288E+00  0.42170E-02  0.57639E-02  0.85740E+00 -0.89840E-03  0.39221E-02 -0.84520E+00 -0.25871E-01 -0.75097E+00
  152.00  0.22756E+00 -0.95143E-01  0.41245E-02  0.59079E-02  0.85795E+00 -0.90797E-03  0.39910E-02 -0.84718E+00 -0.24547E-01 -0.75115E+00
  153.00  0.22933E+00 -0.87666E-01  0.39959E-02  0.60489E-02  0.85843E+00 -0.90944E-03  0.40563E-02 -0.84897E+00 -0.23225E-01 -0.75109E+00
  154.00  0.23111E+00 -0.80447E-01  0.38323E-02  0.61891E-02  0.85885E+00 -0.90144E-03  0.41137E-02 -0.85057E+00 -0.21919E-01 -0.75081E+00
  155.00  0.23289E+00 -0.73490E-01  0.36358E-02  0.63301E-02  0.85922E+00 -0.88315E-03  0.41590E-02 -0.85199E+00 -0.20640E-01 -0.75033E+00
  156.00  0.23468E+00 -0.66798E-01  0.34094E-02  0.64731E-02  0.85952E+00 -0.85434E-03  0.41881E-02 -0.85324E+00 -0.19398E-01 -0.74965E+00
  157.00  0.23648E+00 -0.60379E-01  0.31573E-02  0.66183E-02  0.85977E+00 -0.81539E-03  0.41973E-02 -0.85433E+00 -0.18198E-01 -0.74880E+00
  158.00  0.23829E+00 -0.54242E-01  0.28846E-02  0.67655E-02  0.85998E+00 -0.76724E-03  0.41835E-02 -0.85528E+00 -0.17042E-01 -0.74779E+00
  159.00  0.24012E+00 -0.48398E-01  0.25968E-02  0.69138E-02  0.86014E+00 -0.71126E-03  0.41441E-02 -0.85610E+00 -0.15929E-01 -0.74664E+00
  160.00  0.24196E+00 -0.42859E-01  0.23002E-02  0.70619E-02  0.86027E+00 -0.64918E-03  0.40770E-02 -0.85679E+00 -0.14857E-01 -0.74537E+00
  161.00  0.24381E+00 -0.37635E-01  0.20010E-02  0.72083E-02  0.86036E+00 -0.58296E-03  0.39811E-02 -0.85738E+00 -0.13820E-01 -0.74400E+00
  162.00  0.24568E+00 -0.32739E-01  0.17057E-02  0.73512E-02  0.86042E+00 -0.51460E-03  0.38556E-02 -0.85787E+00 -0.12813E-01 -0.74255E+00
  163.00  0.24756E+00 -0.28181E-01  0.14203E-02  0.74892E-02  0.86046E+00 -0.44611E-03  0.37006E-02 -0.85829E+00 -0.11830E-01 -0.74104E+00
  164.00  0.24944E+00 -0.23972E-01  0.11505E-02  0.76209E-02  0.86048E+00 -0.37932E-03  0.35170E-02 -0.85865E+00 -0.10866E-01 -0.73949E+00
  165.00  0.25134E+00 -0.20121E-01  0.90127E-03  0.77453E-02  0.86049E+00 -0.31587E-03  0.33063E-02 -0.85895E+00 -0.99148E-02 -0.73791E+00
  166.00  0.25323E+00 -0.16635E-01  0.67695E-03  0.78617E-02  0.86048E+00 -0.25709E-03  0.30708E-02 -0.85920E+00 -0.89747E-02 -0.73631E+00
  167.00  0.25511E+00 -0.13521E-01  0.48079E-03  0.79697E-02  0.86046E+00 -0.20403E-03  0.28135E-02 -0.85942E+00 -0.80440E-02 -0.73471E+00
  168.00  0.25697E+00 -0.10778E-01  0.31497E-03  0.80695E-02  0.86043E+00 -0.15738E-03  0.25385E-02 -0.85960E+00 -0.71237E-02 -0.73311E+00
  169.00  0.25880E+00 -0.84050E-02  0.18049E-03  0.81613E-02  0.86040E+00 -0.11752E-03  0.22502E-02 -0.85976E+00 -0.62173E-02 -0.73152E+00
  170.00  0.26058E+00 -0.63920E-02  0.77103E-04  0.82453E-02  0.86036E+00 -0.84502E-04  0.19542E-02 -0.85988E+00 -0.53306E-02 -0.72995E+00
  171.00  0.26231E+00 -0.47236E-02  0.32728E-05  0.83220E-02  0.86031E+00 -0.58099E-04  0.16566E-02 -0.85997E+00 -0.44717E-02 -0.72841E+00
  172.00  0.26394E+00 -0.33769E-02 -0.43738E-04  0.83915E-02  0.86027E+00 -0.37834E-04  0.13641E-02 -0.86003E+00 -0.36511E-02 -0.72693E+00
  173.00  0.26547E+00 -0.23223E-02 -0.67733E-04  0.84539E-02  0.86022E+00 -0.23026E-04  0.10835E-02 -0.86007E+00 -0.28809E-02 -0.72551E+00
  174.00  0.26687E+00 -0.15244E-02 -0.73351E-04  0.85093E-02  0.86017E+00 -0.12842E-04  0.82210E-03 -0.86009E+00 -0.21747E-02 -0.72420E+00
  175.00  0.26812E+00 -0.94404E-03 -0.65762E-04  0.85573E-02  0.86013E+00 -0.63684E-05  0.58681E-03 -0.86008E+00 -0.15462E-02 -0.72301E+00
  176.00  0.26917E+00 -0.54055E-03 -0.50296E-04  0.85975E-02  0.86009E+00 -0.26691E-05  0.38416E-03 -0.86007E+00 -0.10093E-02 -0.72198E+00
  177.00  0.27003E+00 -0.27487E-03 -0.32046E-04  0.86294E-02  0.86005E+00 -0.85980E-06  0.21995E-03 -0.86005E+00 -0.57670E-03 -0.72115E+00
  178.00  0.27065E+00 -0.11256E-03 -0.15475E-04  0.86527E-02  0.86003E+00 -0.17203E-06  0.99002E-04 -0.86003E+00 -0.25924E-03 -0.72053E+00
  179.00  0.27103E+00 -0.26666E-04 -0.40578E-05  0.86668E-02  0.86001E+00 -0.10836E-07  0.24940E-04 -0.86001E+00 -0.65256E-04 -0.72015E+00
  180.00  0.27116E+00 -0.64855E-15 -0.10215E-15  0.86716E-02  0.86001E+00 -0.66728E-29  0.61968E-15 -0.86001E+00 -0.16210E-14 -0.72002E+00
 scattering matrix expansion coefficients
    w  a11         a22         a33         a23         a32         a44         a12         a34         a13         a24         a14
    0  0.1000E+01  0.0000E+00  0.0000E+00  0.0000E+00  0.0000E+00  0.7826E+00  0.0000E+00  0.0000E+00  0.0000E+00  0.0000E+00 -0.7112E-03
    1  0.2130E+01  0.0000E+00  0.0000E+00  0.0000E+00  0.0000E+00  0.2293E+01  0.0000E+00  0.0000E+00  0.0000E+00  0.0000E+00 -0.2039E-02
    2  0.2878E+01  0.2344E+00  0.3783E+01  0.9893E-07 -0.1168E-02  0.2828E+01 -0.3674E+00 -0.1820E-01  0.4295E-03  0.7397E-03 -0.1583E-02
    3  0.3012E+01  0.3339E-01  0.3585E+01  0.3486E-07  0.2032E-02  0.3032E+01 -0.2710E+00 -0.2296E-01 -0.4851E-03 -0.1123E-02 -0.4138E-02
    4  0.3003E+01  0.3345E-01  0.3383E+01  0.1467E-07  0.1503E-02  0.3007E+01 -0.2477E+00 -0.5368E-01  0.5490E-03  0.9717E-03 -0.1950E-02
    5  0.2909E+01  0.2235E-01  0.3161E+01  0.4425E-09  0.1777E-02  0.2908E+01 -0.1864E+00 -0.5947E-01  0.1030E-03  0.1075E-02 -0.7795E-03
    6  0.2788E+01  0.2099E-01  0.2965E+01  0.6211E-07 -0.3262E-04  0.2767E+01 -0.1243E+00 -0.5979E-01  0.2809E-03  0.5955E-03 -0.2243E-02
    7  0.2593E+01  0.3985E-02  0.2746E+01  0.1606E-07 -0.3372E-02  0.2588E+01 -0.1152E+00 -0.5698E-01 -0.7332E-03 -0.7164E-03 -0.2932E-02
    8  0.2370E+01  0.1443E-02  0.2494E+01 -0.1184E-07 -0.5534E-02  0.2371E+01 -0.1226E+00 -0.6587E-01  0.3250E-03  0.4210E-03 -0.8624E-03
    9  0.2152E+01  0.4502E-02  0.2245E+01  0.4471E-08 -0.4834E-02  0.2148E+01 -0.1077E+00 -0.7150E-01  0.1760E-03  0.7246E-04  0.7590E-03
   10  0.1948E+01  0.5730E-02  0.2020E+01 -0.4692E-07 -0.3514E-02  0.1941E+01 -0.8608E-01 -0.6910E-01 -0.4118E-03 -0.1143E-03  0.7392E-03
   11  0.1742E+01  0.2117E-02  0.1805E+01 -0.1036E-07 -0.1507E-02  0.1743E+01 -0.7740E-01 -0.6330E-01  0.1592E-03 -0.4712E-03  0.4056E-03
   12  0.1550E+01  0.3747E-02  0.1599E+01 -0.3686E-08  0.6238E-06  0.1546E+01 -0.7164E-01 -0.5682E-01  0.4505E-03  0.1125E-03  0.1747E-03
   13  0.1370E+01  0.6383E-03  0.1410E+01 -0.1559E-08  0.2482E-03  0.1370E+01 -0.6872E-01 -0.5215E-01  0.4473E-03  0.7166E-04 -0.6507E-03
   14  0.1218E+01 -0.3409E-03  0.1249E+01  0.1001E-07 -0.1058E-02  0.1219E+01 -0.6506E-01 -0.4950E-01 -0.7060E-04  0.4269E-04 -0.1208E-02
   15  0.1101E+01  0.5682E-03  0.1125E+01  0.1751E-07 -0.2295E-02  0.1103E+01 -0.5612E-01 -0.4582E-01 -0.1733E-03 -0.9382E-04 -0.1010E-02
   16  0.1019E+01  0.2346E-02  0.1035E+01  0.1162E-07 -0.2851E-02  0.1018E+01 -0.3810E-01 -0.4196E-01 -0.1865E-03  0.1168E-03 -0.5241E-03
   17  0.9473E+00  0.2746E-02  0.9606E+00  0.8475E-09 -0.2400E-02  0.9446E+00 -0.2221E-01 -0.3509E-01 -0.9940E-04  0.2555E-03 -0.2491E-03
   18  0.8641E+00  0.2409E-02  0.8774E+00  0.3325E-09 -0.1526E-02  0.8605E+00 -0.1862E-01 -0.2594E-01 -0.1466E-03  0.4445E-04 -0.4019E-03
   19  0.7639E+00  0.5494E-03  0.7786E+00  0.1731E-08 -0.4760E-03  0.7637E+00 -0.2713E-01 -0.1824E-01 -0.3569E-04 -0.1780E-03 -0.4837E-03
   20  0.6644E+00 -0.7526E-03  0.6784E+00  0.2743E-08  0.6902E-03  0.6677E+00 -0.3590E-01 -0.1518E-01  0.1357E-03 -0.1366E-03 -0.2192E-03
   21  0.5827E+00 -0.4867E-03  0.5937E+00  0.1455E-08  0.1629E-02  0.5862E+00 -0.3549E-01 -0.1531E-01  0.2321E-03 -0.1624E-04  0.1077E-03
   22  0.5193E+00  0.7218E-03  0.5270E+00  0.1962E-10  0.1987E-02  0.5202E+00 -0.2658E-01 -0.1486E-01  0.1938E-03  0.9061E-04  0.2774E-03
   23  0.4599E+00  0.1132E-02  0.4664E+00 -0.8872E-09  0.1732E-02  0.4591E+00 -0.1749E-01 -0.1178E-01  0.9990E-04  0.1234E-03  0.2976E-03
   24  0.3918E+00  0.5847E-03  0.3988E+00 -0.9031E-09  0.1182E-02  0.3911E+00 -0.1386E-01 -0.7059E-02  0.3313E-04  0.1063E-03  0.3112E-03
   25  0.3125E+00 -0.2632E-03  0.3202E+00 -0.4846E-09  0.6694E-03  0.3129E+00 -0.1536E-01 -0.2799E-02  0.2220E-04  0.5373E-04  0.3245E-03
   26  0.2300E+00 -0.6572E-03  0.2373E+00 -0.1638E-09  0.3264E-03  0.2309E+00 -0.1793E-01 -0.2127E-03  0.2590E-04  0.7121E-05  0.2998E-03
   27  0.1549E+00 -0.5522E-03  0.1608E+00 -0.2747E-10  0.1446E-03  0.1556E+00 -0.1835E-01  0.7684E-03  0.3065E-04 -0.1742E-04  0.2274E-03
   28  0.9525E-01 -0.1908E-03  0.9919E-01 -0.1007E-10  0.6046E-04  0.9540E-01 -0.1585E-01  0.8058E-03  0.2393E-04 -0.2071E-04  0.1421E-03
   29  0.5341E-01  0.9845E-04  0.5568E-01 -0.6003E-10  0.2572E-04  0.5314E-01 -0.1170E-01  0.5379E-03  0.1621E-04 -0.1486E-04  0.7429E-04
   30  0.2734E-01  0.2254E-03  0.2846E-01 -0.9751E-10  0.1136E-04  0.2691E-01 -0.7478E-02  0.2774E-03  0.8374E-05 -0.7934E-05  0.3319E-04
   31  0.1280E-01  0.2138E-03  0.1327E-01 -0.8928E-10  0.5400E-05  0.1242E-01 -0.4200E-02  0.1197E-03  0.3944E-05 -0.3496E-05  0.1285E-04
   32  0.5488E-02  0.1492E-03  0.5657E-02 -0.6305E-10  0.2523E-05  0.5229E-02 -0.2094E-02  0.4359E-04  0.1459E-05 -0.1267E-05  0.4356E-05
   33  0.2161E-02  0.8442E-04  0.2210E-02 -0.3232E-10  0.1150E-05  0.2016E-02 -0.9354E-03  0.1394E-04  0.4789E-06 -0.3892E-06  0.1300E-05
   34  0.7837E-03  0.4089E-04  0.7941E-03 -0.1499E-10  0.4819E-06  0.7138E-03 -0.3771E-03  0.3855E-05  0.1157E-06 -0.9693E-07  0.3420E-06
   35  0.2624E-03  0.1732E-04  0.2630E-03 -0.5646E-11  0.1850E-06  0.2328E-03 -0.1382E-03  0.9360E-06  0.2160E-07 -0.1945E-07  0.7757E-07
   36  0.8132E-04  0.6546E-05  0.8053E-04 -0.2801E-11  0.6421E-07  0.7010E-04 -0.4623E-04  0.1669E-06 -0.2332E-09 -0.1942E-08  0.1369E-07
   37  0.2333E-04  0.2228E-05  0.2280E-04 -0.2245E-11  0.2037E-07  0.1950E-04 -0.1418E-04  0.1729E-08 -0.1865E-08  0.3478E-09  0.1859E-08
   38  0.6187E-05  0.6884E-06  0.5963E-05 -0.1976E-11  0.6018E-08  0.4997E-05 -0.3988E-05 -0.1713E-07 -0.1062E-08  0.2968E-09 -0.2612E-10
   39  0.1509E-05  0.1927E-06  0.1432E-05 -0.1242E-11  0.1700E-08  0.1174E-05 -0.1025E-05 -0.8750E-08 -0.4320E-09  0.7304E-10 -0.1791E-10
   40  0.3367E-06  0.4860E-07  0.3143E-06 -0.5789E-12  0.4504E-09  0.2517E-06 -0.2397E-06 -0.2571E-08 -0.1461E-09  0.3020E-11  0.1557E-10
   41  0.6863E-07  0.1098E-07  0.6305E-07 -0.3122E-12  0.1095E-09  0.4932E-07 -0.5084E-07 -0.5548E-09 -0.4193E-10 -0.1599E-11  0.9465E-11
   42  0.1301E-07  0.2225E-08  0.1179E-07 -0.3156E-12  0.2476E-10  0.9070E-08 -0.9909E-08 -0.5899E-10 -0.9893E-11 -0.1583E-11  0.4519E-11
   43  0.2505E-08  0.3979E-09  0.2275E-08 -0.3393E-12  0.6202E-11  0.1797E-08 -0.1883E-08  0.3998E-10 -0.2379E-11 -0.8825E-12  0.2159E-11
   44  0.7073E-09  0.6668E-10  0.6722E-09 -0.2800E-12  0.1782E-11  0.5919E-09 -0.4686E-09  0.3976E-10 -0.2451E-12 -0.3452E-12  0.7574E-12
   45  0.3278E-09  0.1532E-10  0.3191E-09 -0.1767E-12  0.8277E-12  0.3022E-09 -0.2069E-09  0.2871E-10 -0.2111E-12 -0.1042E-12 -0.3057E-12
   46  0.2716E-09  0.1546E-10  0.2678E-09 -0.8830E-13  0.7167E-12  0.2463E-09 -0.1621E-09  0.7054E-11 -0.1268E-12 -0.2939E-12  0.6727E-12
   47  0.8119E-10  0.5249E-11  0.7719E-10 -0.3572E-13  0.1462E-12  0.7298E-10 -0.5501E-10  0.5980E-11 -0.5615E-13  0.4364E-13 -0.2229E-12
   48  0.9619E-10  0.1066E-10  0.9096E-10 -0.1183E-13  0.2423E-12  0.7752E-10 -0.6472E-10 -0.1450E-11 -0.8433E-13 -0.9873E-13  0.2029E-12
   49  0.9772E-11  0.9613E-12  0.8921E-11 -0.3236E-14  0.1469E-13  0.8291E-11 -0.7143E-11  0.5746E-12 -0.8473E-14  0.7816E-14 -0.2854E-13
   50  0.1715E-10  0.2626E-11  0.1557E-10 -0.7294E-15  0.3824E-13  0.1245E-10 -0.1262E-10 -0.4573E-12 -0.1627E-13 -0.1373E-13  0.2624E-13
   51  0.5560E-12  0.6858E-13  0.4857E-12 -0.1263E-15  0.7009E-15  0.4561E-12 -0.4250E-12  0.2849E-13 -0.6027E-15  0.4862E-15 -0.1609E-14
   52  0.1668E-11  0.3095E-12  0.1467E-11 -0.1395E-16  0.3173E-14  0.1110E-11 -0.1306E-11 -0.4649E-13 -0.1487E-14 -0.1006E-14  0.1834E-14
   53  0.1468E-13  0.2022E-14  0.1219E-13 -0.3885E-18  0.1278E-16  0.1211E-13 -0.1141E-13  0.7266E-15 -0.2296E-16  0.1288E-16 -0.4599E-16
   54  0.9486E-13  0.1968E-13  0.8062E-13  0.3679E-18  0.1501E-15  0.5877E-13 -0.7721E-13 -0.2441E-14 -0.7508E-16 -0.4351E-16  0.7719E-16
   55  0.1447E-15  0.1433E-16  0.9336E-16  0.3142E-18 -0.2765E-18  0.1612E-15 -0.9411E-16  0.9258E-17 -0.7334E-18  0.7442E-19 -0.6542E-18
   56  0.4029E-14  0.9537E-15  0.3417E-14  0.1015E-18  0.5433E-17  0.2338E-14 -0.3441E-14 -0.9205E-16 -0.2903E-17 -0.1501E-17  0.2537E-17
