 input file is 
mstm2_1024_3360_13_000438.inp 
 input file comments follow:
***********************************************************
  This is the default mstm input file for v.3.0.
  The run is for a 7-sphere cluster of identical spheres.   The positions
  are embedded in the input file.

  The run makes use of the new_run and multiple_run options.

  14 April 2013
***********************************************************
 number of processors:
   1
 input parameters for run number 
    1
 number of spheres, volume size parameter:
 1024  0.33867E+01
 position file:
position/n1024/a2.out                                       
 output file:
output/1024/x3360/13/000438/mt_2_1024_3360_13_000438.dat    
 length, ref. indx. scale factors:
   0.336   1.300   0.004
 chiral factors:
  0.00000E+00  0.00000E+00
 scattering matrix directions based on incident frame
 automatic scattering angle calculation
 thetamin, thetamax:
      0.0    180.0
 number scattering angles:
      181
 epsmie, epssoln, max number iterations:
  0.1000E-05  0.1000E-07 5000
 medium refractive index:
  1.0000  0.0000
 target euler rotation angles:
    0.0000    0.0000    0.0000
 far field kr, iterations/correction:
  0.1000E-07   20
 plane wave incidence
 random orientation calculations
 t matrix calculated, stored in file 
tmatrixfiles/tmf_2_1024_3360_13_000438                      
 t matrix convergence epsilon:
  0.1000E-06
 all spheres excited (total T matrix) 
 calculation results for run 
    1
 total ext, abs, scat efficiencies, w.r.t. xv, and asym. parm
  0.26769E+00  0.37942E-01  0.22974E+00  0.73976E+00
 scattering matrix elements (normalized w/ S11)
   theta      11           12           13           14           22           23           24           33           34           44     
    0.00  0.88271E+02  0.00000E+00  0.00000E+00  0.30988E-05  0.99998E+00  0.79793E-06  0.00000E+00  0.99998E+00  0.00000E+00  0.99996E+00
    1.00  0.86507E+02 -0.15094E-03  0.10619E-08  0.35769E-05  0.99998E+00  0.10336E-05  0.10437E-08  0.99998E+00 -0.30708E-05  0.99996E+00
    2.00  0.81460E+02 -0.60610E-03  0.35967E-08  0.50035E-05  0.99998E+00  0.17100E-05  0.44458E-08  0.99998E+00 -0.13571E-04  0.99996E+00
    3.00  0.73813E+02 -0.13726E-02  0.57666E-08  0.73439E-05  0.99998E+00  0.27251E-05  0.10982E-07  0.99998E+00 -0.35402E-04  0.99995E+00
    4.00  0.64538E+02 -0.24624E-02  0.49965E-08  0.10501E-04  0.99998E+00  0.38752E-05  0.21770E-07  0.99997E+00 -0.75070E-04  0.99995E+00
    5.00  0.54699E+02 -0.38919E-02 -0.93227E-09  0.14250E-04  0.99997E+00  0.48123E-05  0.37826E-07  0.99997E+00 -0.14120E-03  0.99994E+00
    6.00  0.45247E+02 -0.56791E-02 -0.11740E-07  0.18159E-04  0.99997E+00  0.50101E-05  0.59124E-07  0.99996E+00 -0.24277E-03  0.99993E+00
    7.00  0.36872E+02 -0.78376E-02 -0.21453E-07  0.21520E-04  0.99997E+00  0.37999E-05  0.83051E-07  0.99994E+00 -0.38510E-03  0.99991E+00
    8.00  0.29935E+02 -0.10366E-01 -0.15669E-07  0.23420E-04  0.99996E+00  0.56322E-06  0.10283E-06  0.99991E+00 -0.56377E-03  0.99988E+00
    9.00  0.24475E+02 -0.13240E-01  0.26829E-07  0.23045E-04  0.99996E+00 -0.48893E-05  0.10767E-06  0.99988E+00 -0.76002E-03  0.99984E+00
   10.00  0.20301E+02 -0.16416E-01  0.12447E-06  0.20156E-04  0.99995E+00 -0.11943E-04  0.86620E-07  0.99982E+00 -0.94443E-03  0.99978E+00
   11.00  0.17103E+02 -0.19857E-01  0.27832E-06  0.15402E-04  0.99994E+00 -0.19179E-04  0.35251E-07  0.99976E+00 -0.10913E-02  0.99970E+00
   12.00  0.14567E+02 -0.23559E-01  0.46284E-06  0.10103E-04  0.99993E+00 -0.24851E-04 -0.39446E-07  0.99967E+00 -0.11949E-02  0.99960E+00
   13.00  0.12449E+02 -0.27558E-01  0.62808E-06  0.56956E-05  0.99992E+00 -0.27476E-04 -0.11962E-06  0.99955E+00 -0.12742E-02  0.99948E+00
   14.00  0.10611E+02 -0.31921E-01  0.70956E-06  0.32782E-05  0.99991E+00 -0.26122E-04 -0.18144E-06  0.99941E+00 -0.13655E-02  0.99932E+00
   15.00  0.90066E+01 -0.36718E-01  0.64176E-06  0.34430E-05  0.99989E+00 -0.20467E-04 -0.20256E-06  0.99923E+00 -0.15088E-02  0.99913E+00
   16.00  0.76426E+01 -0.41990E-01  0.37967E-06  0.62429E-05  0.99987E+00 -0.10917E-04 -0.17313E-06  0.99900E+00 -0.17320E-02  0.99888E+00
   17.00  0.65380E+01 -0.47710E-01 -0.68277E-07  0.11154E-04  0.99985E+00  0.11641E-05 -0.11029E-06  0.99872E+00 -0.20331E-02  0.99858E+00
   18.00  0.56910E+01 -0.53774E-01 -0.61252E-06  0.17123E-04  0.99982E+00  0.13443E-04 -0.66519E-07  0.99839E+00 -0.23695E-02  0.99823E+00
   19.00  0.50678E+01 -0.60028E-01 -0.10992E-05  0.22911E-04  0.99980E+00  0.23320E-04 -0.11396E-06  0.99801E+00 -0.26706E-02  0.99783E+00
   20.00  0.46106E+01 -0.66366E-01 -0.13855E-05  0.27649E-04  0.99978E+00  0.29131E-04 -0.30296E-06  0.99759E+00 -0.28762E-02  0.99740E+00
   21.00  0.42555E+01 -0.72787E-01 -0.14197E-05  0.31164E-04  0.99977E+00  0.30848E-04 -0.62349E-06  0.99712E+00 -0.29705E-02  0.99692E+00
   22.00  0.39514E+01 -0.79390E-01 -0.12618E-05  0.33805E-04  0.99975E+00  0.29724E-04 -0.99729E-06  0.99660E+00 -0.29842E-02  0.99638E+00
   23.00  0.36703E+01 -0.86318E-01 -0.10492E-05  0.36028E-04  0.99974E+00  0.27443E-04 -0.12968E-05  0.99600E+00 -0.29713E-02  0.99578E+00
   24.00  0.34075E+01 -0.93693E-01 -0.94299E-06  0.38084E-04  0.99973E+00  0.25452E-04 -0.13785E-05  0.99531E+00 -0.29824E-02  0.99508E+00
   25.00  0.31720E+01 -0.10157E+00 -0.10727E-05  0.39932E-04  0.99971E+00  0.24629E-04 -0.11301E-05  0.99451E+00 -0.30439E-02  0.99427E+00
   26.00  0.29748E+01 -0.10993E+00 -0.14816E-05  0.41342E-04  0.99970E+00  0.25155E-04 -0.53027E-06  0.99360E+00 -0.31477E-02  0.99334E+00
   27.00  0.28190E+01 -0.11866E+00 -0.20930E-05  0.42104E-04  0.99968E+00  0.26559E-04  0.31499E-06  0.99257E+00 -0.32552E-02  0.99231E+00
   28.00  0.26956E+01 -0.12762E+00 -0.27326E-05  0.42176E-04  0.99966E+00  0.27978E-04  0.12038E-05  0.99145E+00 -0.33183E-02  0.99117E+00
   29.00  0.25871E+01 -0.13675E+00 -0.32017E-05  0.41637E-04  0.99964E+00  0.28520E-04  0.19345E-05  0.99022E+00 -0.33050E-02  0.98993E+00
   30.00  0.24743E+01 -0.14604E+00 -0.33488E-05  0.40481E-04  0.99962E+00  0.27512E-04  0.24033E-05  0.98887E+00 -0.32125E-02  0.98856E+00
   31.00  0.23434E+01 -0.15559E+00 -0.30965E-05  0.38381E-04  0.99959E+00  0.24520E-04  0.26493E-05  0.98739E+00 -0.30639E-02  0.98706E+00
   32.00  0.21908E+01 -0.16551E+00 -0.24312E-05  0.34560E-04  0.99955E+00  0.19235E-04  0.28536E-05  0.98573E+00 -0.28956E-02  0.98538E+00
   33.00  0.20232E+01 -0.17597E+00 -0.13826E-05  0.27815E-04  0.99950E+00  0.11410E-04  0.33098E-05  0.98386E+00 -0.27460E-02  0.98348E+00
   34.00  0.18536E+01 -0.18707E+00 -0.97530E-08  0.16774E-04  0.99945E+00  0.91403E-06  0.43647E-05  0.98174E+00 -0.26443E-02  0.98133E+00
   35.00  0.16956E+01 -0.19888E+00  0.16096E-05  0.43653E-06  0.99939E+00 -0.12101E-04  0.63069E-05  0.97934E+00 -0.26007E-02  0.97888E+00
   36.00  0.15588E+01 -0.21135E+00  0.33969E-05 -0.21132E-04  0.99933E+00 -0.27040E-04  0.92117E-05  0.97664E+00 -0.26000E-02  0.97614E+00
   37.00  0.14457E+01 -0.22432E+00  0.52982E-05 -0.46383E-04  0.99926E+00 -0.42890E-04  0.12826E-04  0.97366E+00 -0.26067E-02  0.97312E+00
   38.00  0.13526E+01 -0.23761E+00  0.72998E-05 -0.72586E-04  0.99920E+00 -0.58494E-04  0.16600E-04  0.97042E+00 -0.25812E-02  0.96985E+00
   39.00  0.12725E+01 -0.25106E+00  0.94090E-05 -0.96730E-04  0.99914E+00 -0.72858E-04  0.19873E-04  0.96696E+00 -0.25006E-02  0.96636E+00
   40.00  0.11982E+01 -0.26463E+00  0.11599E-04 -0.11632E-03  0.99907E+00 -0.85229E-04  0.22081E-04  0.96327E+00 -0.23680E-02  0.96262E+00
   41.00  0.11257E+01 -0.27840E+00  0.13740E-04 -0.12961E-03  0.99900E+00 -0.94906E-04  0.22876E-04  0.95931E+00 -0.22090E-02  0.95863E+00
   42.00  0.10548E+01 -0.29249E+00  0.15550E-04 -0.13549E-03  0.99893E+00 -0.10098E-03  0.22152E-04  0.95503E+00 -0.20590E-02  0.95431E+00
   43.00  0.98843E+00 -0.30706E+00  0.16599E-04 -0.13334E-03  0.99885E+00 -0.10227E-03  0.20051E-04  0.95036E+00 -0.19484E-02  0.94960E+00
   44.00  0.93074E+00 -0.32223E+00  0.16409E-04 -0.12322E-03  0.99877E+00 -0.97651E-04  0.16951E-04  0.94524E+00 -0.18895E-02  0.94444E+00
   45.00  0.88475E+00 -0.33805E+00  0.14647E-04 -0.10622E-03  0.99870E+00 -0.86700E-04  0.13403E-04  0.93963E+00 -0.18698E-02  0.93880E+00
   46.00  0.85091E+00 -0.35445E+00  0.11328E-04 -0.84611E-04  0.99864E+00 -0.70228E-04  0.99710E-05  0.93351E+00 -0.18573E-02  0.93265E+00
   47.00  0.82685E+00 -0.37129E+00  0.68644E-05 -0.61329E-04  0.99859E+00 -0.50252E-04  0.70552E-05  0.92690E+00 -0.18195E-02  0.92602E+00
   48.00  0.80826E+00 -0.38845E+00  0.19048E-05 -0.39231E-04  0.99855E+00 -0.29294E-04  0.48044E-05  0.91982E+00 -0.17416E-02  0.91892E+00
   49.00  0.79045E+00 -0.40583E+00 -0.29156E-05 -0.20530E-04  0.99851E+00 -0.95530E-05  0.31972E-05  0.91226E+00 -0.16345E-02  0.91135E+00
   50.00  0.76982E+00 -0.42341E+00 -0.71558E-05 -0.67540E-05  0.99846E+00  0.75535E-05  0.22163E-05  0.90422E+00 -0.15284E-02  0.90328E+00
   51.00  0.74482E+00 -0.44118E+00 -0.10626E-04  0.97830E-06  0.99842E+00  0.21393E-04  0.20074E-05  0.89564E+00 -0.14591E-02  0.89469E+00
   52.00  0.71603E+00 -0.45918E+00 -0.13361E-04  0.17554E-05  0.99837E+00  0.31897E-04  0.29499E-05  0.88650E+00 -0.14525E-02  0.88554E+00
   53.00  0.68548E+00 -0.47740E+00 -0.15554E-04 -0.50540E-05  0.99832E+00  0.39320E-04  0.56047E-05  0.87678E+00 -0.15104E-02  0.87581E+00
   54.00  0.65562E+00 -0.49580E+00 -0.17470E-04 -0.19442E-04  0.99827E+00  0.44041E-04  0.10529E-04  0.86645E+00 -0.16027E-02  0.86549E+00
   55.00  0.62830E+00 -0.51432E+00 -0.19329E-04 -0.40349E-04  0.99823E+00  0.46391E-04  0.18001E-04  0.85555E+00 -0.16700E-02  0.85458E+00
   56.00  0.60416E+00 -0.53289E+00 -0.21190E-04 -0.65542E-04  0.99819E+00  0.46519E-04  0.27784E-04  0.84407E+00 -0.16393E-02  0.84311E+00
   57.00  0.58258E+00 -0.55145E+00 -0.22876E-04 -0.91984E-04  0.99815E+00  0.44291E-04  0.39061E-04  0.83203E+00 -0.14488E-02  0.83107E+00
   58.00  0.56203E+00 -0.56997E+00 -0.23980E-04 -0.11656E-03  0.99810E+00  0.39292E-04  0.50607E-04  0.81941E+00 -0.10681E-02  0.81844E+00
   59.00  0.54078E+00 -0.58848E+00 -0.23949E-04 -0.13673E-03  0.99803E+00  0.30931E-04  0.61072E-04  0.80616E+00 -0.50486E-03  0.80518E+00
   60.00  0.51753E+00 -0.60701E+00 -0.22196E-04 -0.15091E-03  0.99794E+00  0.18626E-04  0.69248E-04  0.79222E+00  0.20115E-03  0.79120E+00
   61.00  0.49184E+00 -0.62560E+00 -0.18234E-04 -0.15848E-03  0.99783E+00  0.20462E-05  0.74248E-04  0.77751E+00  0.98980E-03  0.77644E+00
   62.00  0.46420E+00 -0.64428E+00 -0.11800E-04 -0.15973E-03  0.99768E+00 -0.18617E-04  0.75623E-04  0.76194E+00  0.17915E-02  0.76081E+00
   63.00  0.43582E+00 -0.66306E+00 -0.29924E-05 -0.15573E-03  0.99752E+00 -0.42390E-04  0.73465E-04  0.74544E+00  0.25361E-02  0.74425E+00
   64.00  0.40819E+00 -0.68194E+00  0.76192E-05 -0.14830E-03  0.99734E+00 -0.67375E-04  0.68501E-04  0.72796E+00  0.31603E-02  0.72671E+00
   65.00  0.38269E+00 -0.70086E+00  0.18990E-04 -0.13972E-03  0.99717E+00 -0.90893E-04  0.62073E-04  0.70947E+00  0.36162E-02  0.70818E+00
   66.00  0.36022E+00 -0.71976E+00  0.29772E-04 -0.13238E-03  0.99700E+00 -0.11002E-03  0.55932E-04  0.68999E+00  0.38781E-02  0.68868E+00
   67.00  0.34113E+00 -0.73853E+00  0.38674E-04 -0.12806E-03  0.99684E+00 -0.12242E-03  0.51797E-04  0.66955E+00  0.39441E-02  0.66823E+00
   68.00  0.32519E+00 -0.75708E+00  0.44878E-04 -0.12740E-03  0.99671E+00 -0.12711E-03  0.50839E-04  0.64819E+00  0.38319E-02  0.64688E+00
   69.00  0.31185E+00 -0.77534E+00  0.48319E-04 -0.12963E-03  0.99660E+00 -0.12481E-03  0.53296E-04  0.62595E+00  0.35688E-02  0.62466E+00
   70.00  0.30045E+00 -0.79323E+00  0.49691E-04 -0.13284E-03  0.99649E+00 -0.11764E-03  0.58422E-04  0.60283E+00  0.31826E-02  0.60157E+00
   71.00  0.29040E+00 -0.81071E+00  0.50214E-04 -0.13451E-03  0.99640E+00 -0.10844E-03  0.64727E-04  0.57882E+00  0.26994E-02  0.57760E+00
   72.00  0.28134E+00 -0.82775E+00  0.51271E-04 -0.13222E-03  0.99631E+00 -0.10001E-03  0.70395E-04  0.55389E+00  0.21464E-02  0.55272E+00
   73.00  0.27313E+00 -0.84430E+00  0.54044E-04 -0.12433E-03  0.99622E+00 -0.94431E-04  0.73739E-04  0.52803E+00  0.15590E-02  0.52689E+00
   74.00  0.26578E+00 -0.86034E+00  0.59236E-04 -0.11034E-03  0.99613E+00 -0.92720E-04  0.73604E-04  0.50121E+00  0.98413E-03  0.50012E+00
   75.00  0.25935E+00 -0.87578E+00  0.66902E-04 -0.91093E-04  0.99605E+00 -0.94733E-04  0.69643E-04  0.47345E+00  0.47845E-03  0.47240E+00
   76.00  0.25387E+00 -0.89057E+00  0.76467E-04 -0.68602E-04  0.99598E+00 -0.99365E-04  0.62407E-04  0.44478E+00  0.98414E-04  0.44377E+00
   77.00  0.24925E+00 -0.90463E+00  0.86895E-04 -0.45538E-04  0.99592E+00 -0.10498E-03  0.53192E-04  0.41527E+00 -0.11324E-03  0.41430E+00
   78.00  0.24528E+00 -0.91786E+00  0.96983E-04 -0.24585E-04  0.99587E+00 -0.10995E-03  0.43698E-04  0.38497E+00 -0.13932E-03  0.38405E+00
   79.00  0.24168E+00 -0.93020E+00  0.10565E-03 -0.78486E-05  0.99582E+00 -0.11308E-03  0.35591E-04  0.35399E+00  0.69956E-05  0.35310E+00
   80.00  0.23816E+00 -0.94157E+00  0.11218E-03  0.35117E-05  0.99577E+00 -0.11383E-03  0.30123E-04  0.32238E+00  0.28599E-03  0.32153E+00
   81.00  0.23446E+00 -0.95192E+00  0.11624E-03  0.93583E-05  0.99571E+00 -0.11238E-03  0.27893E-04  0.29023E+00  0.64149E-03  0.28941E+00
   82.00  0.23046E+00 -0.96120E+00  0.11792E-03  0.10440E-04  0.99564E+00 -0.10936E-03  0.28767E-04  0.25763E+00  0.10135E-02  0.25682E+00
   83.00  0.22611E+00 -0.96936E+00  0.11755E-03  0.81436E-05  0.99556E+00 -0.10565E-03  0.31938E-04  0.22464E+00  0.13500E-02  0.22385E+00
   84.00  0.22150E+00 -0.97639E+00  0.11559E-03  0.42236E-05  0.99547E+00 -0.10204E-03  0.36076E-04  0.19135E+00  0.16155E-02  0.19058E+00
   85.00  0.21677E+00 -0.98226E+00  0.11250E-03  0.53884E-06  0.99537E+00 -0.99065E-04  0.39553E-04  0.15785E+00  0.17959E-02  0.15710E+00
   86.00  0.21209E+00 -0.98698E+00  0.10861E-03 -0.11830E-05  0.99528E+00 -0.96810E-04  0.40713E-04  0.12421E+00  0.18984E-02  0.12347E+00
   87.00  0.20762E+00 -0.99054E+00  0.10410E-03  0.44768E-06  0.99519E+00 -0.94941E-04  0.38155E-04  0.90492E-01  0.19472E-02  0.89777E-01
   88.00  0.20346E+00 -0.99294E+00  0.98980E-04  0.63259E-05  0.99510E+00 -0.92790E-04  0.30987E-04  0.56734E-01  0.19757E-02  0.56050E-01
   89.00  0.19964E+00 -0.99420E+00  0.93147E-04  0.16770E-04  0.99503E+00 -0.89566E-04  0.18991E-04  0.22962E-01  0.20167E-02  0.22318E-01
   90.00  0.19616E+00 -0.99433E+00  0.86497E-04  0.31530E-04  0.99497E+00 -0.84594E-04  0.26618E-05 -0.10817E-01  0.20941E-02 -0.11411E-01
   91.00  0.19300E+00 -0.99332E+00  0.79002E-04  0.49889E-04  0.99492E+00 -0.77517E-04 -0.16879E-04 -0.44599E-01  0.22179E-02 -0.45135E-01
   92.00  0.19012E+00 -0.99117E+00  0.70793E-04  0.70814E-04  0.99487E+00 -0.68423E-04 -0.38072E-04 -0.78379E-01  0.23826E-02 -0.78849E-01
   93.00  0.18750E+00 -0.98788E+00  0.62192E-04  0.93134E-04  0.99482E+00 -0.57846E-04 -0.59152E-04 -0.11214E+00  0.25711E-02 -0.11253E+00
   94.00  0.18514E+00 -0.98343E+00  0.53695E-04  0.11570E-03  0.99478E+00 -0.46677E-04 -0.78408E-04 -0.14583E+00  0.27597E-02 -0.14615E+00
   95.00  0.18309E+00 -0.97784E+00  0.45906E-04  0.13752E-03  0.99473E+00 -0.35982E-04 -0.94406E-04 -0.17941E+00  0.29250E-02 -0.17964E+00
   96.00  0.18140E+00 -0.97110E+00  0.39429E-04  0.15781E-03  0.99470E+00 -0.26790E-04 -0.10618E-03 -0.21278E+00  0.30496E-02 -0.21292E+00
   97.00  0.18014E+00 -0.96325E+00  0.34749E-04  0.17604E-03  0.99466E+00 -0.19888E-04 -0.11336E-03 -0.24584E+00  0.31265E-02 -0.24590E+00
   98.00  0.17935E+00 -0.95433E+00  0.32120E-04  0.19191E-03  0.99464E+00 -0.15665E-04 -0.11619E-03 -0.27849E+00  0.31597E-02 -0.27845E+00
   99.00  0.17904E+00 -0.94437E+00  0.31491E-04  0.20534E-03  0.99462E+00 -0.14055E-04 -0.11544E-03 -0.31061E+00  0.31634E-02 -0.31048E+00
  100.00  0.17918E+00 -0.93345E+00  0.32498E-04  0.21636E-03  0.99462E+00 -0.14583E-04 -0.11227E-03 -0.34210E+00  0.31580E-02 -0.34187E+00
  101.00  0.17969E+00 -0.92162E+00  0.34519E-04  0.22512E-03  0.99463E+00 -0.16497E-04 -0.10791E-03 -0.37286E+00  0.31652E-02 -0.37254E+00
  102.00  0.18048E+00 -0.90895E+00  0.36786E-04  0.23180E-03  0.99465E+00 -0.18948E-04 -0.10346E-03 -0.40284E+00  0.32037E-02 -0.40242E+00
  103.00  0.18141E+00 -0.89551E+00  0.38517E-04  0.23661E-03  0.99467E+00 -0.21165E-04 -0.99708E-04 -0.43199E+00  0.32861E-02 -0.43147E+00
  104.00  0.18234E+00 -0.88135E+00  0.39034E-04  0.23976E-03  0.99471E+00 -0.22581E-04 -0.96957E-04 -0.46028E+00  0.34178E-02 -0.45967E+00
  105.00  0.18317E+00 -0.86651E+00  0.37859E-04  0.24143E-03  0.99474E+00 -0.22896E-04 -0.95075E-04 -0.48770E+00  0.35968E-02 -0.48701E+00
  106.00  0.18380E+00 -0.85106E+00  0.34764E-04  0.24176E-03  0.99478E+00 -0.22074E-04 -0.93546E-04 -0.51425E+00  0.38158E-02 -0.51348E+00
  107.00  0.18416E+00 -0.83503E+00  0.29783E-04  0.24080E-03  0.99481E+00 -0.20301E-04 -0.91600E-04 -0.53995E+00  0.40638E-02 -0.53909E+00
  108.00  0.18424E+00 -0.81846E+00  0.23195E-04  0.23854E-03  0.99484E+00 -0.17917E-04 -0.88370E-04 -0.56479E+00  0.43280E-02 -0.56385E+00
  109.00  0.18406E+00 -0.80140E+00  0.15476E-04  0.23490E-03  0.99487E+00 -0.15339E-04 -0.83050E-04 -0.58880E+00  0.45959E-02 -0.58777E+00
  110.00  0.18366E+00 -0.78388E+00  0.72428E-05  0.22972E-03  0.99489E+00 -0.12987E-04 -0.75032E-04 -0.61196E+00  0.48557E-02 -0.61086E+00
  111.00  0.18310E+00 -0.76595E+00 -0.81888E-06  0.22282E-03  0.99491E+00 -0.11226E-04 -0.64022E-04 -0.63429E+00  0.50979E-02 -0.63310E+00
  112.00  0.18247E+00 -0.74765E+00 -0.80301E-05  0.21409E-03  0.99493E+00 -0.10317E-04 -0.50094E-04 -0.65577E+00  0.53152E-02 -0.65451E+00
  113.00  0.18182E+00 -0.72905E+00 -0.13791E-04  0.20350E-03  0.99494E+00 -0.10391E-04 -0.33706E-04 -0.67641E+00  0.55025E-02 -0.67507E+00
  114.00  0.18122E+00 -0.71020E+00 -0.17643E-04  0.19117E-03  0.99495E+00 -0.11441E-04 -0.15652E-04 -0.69621E+00  0.56568E-02 -0.69479E+00
  115.00  0.18070E+00 -0.69114E+00 -0.19314E-04  0.17739E-03  0.99496E+00 -0.13331E-04  0.30309E-05 -0.71515E+00  0.57765E-02 -0.71365E+00
  116.00  0.18028E+00 -0.67195E+00 -0.18738E-04  0.16260E-03  0.99498E+00 -0.15827E-04  0.21190E-04 -0.73323E+00  0.58612E-02 -0.73166E+00
  117.00  0.17995E+00 -0.65268E+00 -0.16050E-04  0.14737E-03  0.99499E+00 -0.18636E-04  0.37692E-04 -0.75047E+00  0.59109E-02 -0.74881E+00
  118.00  0.17971E+00 -0.63337E+00 -0.11563E-04  0.13232E-03  0.99500E+00 -0.21449E-04  0.51550E-04 -0.76685E+00  0.59258E-02 -0.76512E+00
  119.00  0.17951E+00 -0.61409E+00 -0.57218E-05  0.11807E-03  0.99501E+00 -0.23984E-04  0.62018E-04 -0.78241E+00  0.59057E-02 -0.78060E+00
  120.00  0.17934E+00 -0.59486E+00  0.94678E-06  0.10515E-03  0.99502E+00 -0.26018E-04  0.68644E-04 -0.79714E+00  0.58504E-02 -0.79526E+00
  121.00  0.17915E+00 -0.57574E+00  0.78869E-05  0.94045E-04  0.99504E+00 -0.27399E-04  0.71285E-04 -0.81108E+00  0.57596E-02 -0.80912E+00
  122.00  0.17894E+00 -0.55675E+00  0.14562E-04  0.85090E-04  0.99505E+00 -0.28057E-04  0.70083E-04 -0.82426E+00  0.56332E-02 -0.82222E+00
  123.00  0.17867E+00 -0.53792E+00  0.20495E-04  0.78526E-04  0.99506E+00 -0.27990E-04  0.65422E-04 -0.83669E+00  0.54714E-02 -0.83458E+00
  124.00  0.17835E+00 -0.51927E+00  0.25298E-04  0.74481E-04  0.99507E+00 -0.27251E-04  0.57858E-04 -0.84840E+00  0.52753E-02 -0.84622E+00
  125.00  0.17799E+00 -0.50083E+00  0.28691E-04  0.72977E-04  0.99508E+00 -0.25929E-04  0.48059E-04 -0.85944E+00  0.50469E-02 -0.85718E+00
  126.00  0.17761E+00 -0.48260E+00  0.30511E-04  0.73934E-04  0.99510E+00 -0.24127E-04  0.36736E-04 -0.86982E+00  0.47894E-02 -0.86749E+00
  127.00  0.17723E+00 -0.46460E+00  0.30713E-04  0.77169E-04  0.99511E+00 -0.21956E-04  0.24588E-04 -0.87958E+00  0.45073E-02 -0.87718E+00
  128.00  0.17688E+00 -0.44686E+00  0.29357E-04  0.82400E-04  0.99512E+00 -0.19518E-04  0.12258E-04 -0.88874E+00  0.42060E-02 -0.88627E+00
  129.00  0.17660E+00 -0.42937E+00  0.26598E-04  0.89261E-04  0.99513E+00 -0.16906E-04  0.30077E-06 -0.89734E+00  0.38920E-02 -0.89479E+00
  130.00  0.17641E+00 -0.41216E+00  0.22661E-04  0.97316E-04  0.99514E+00 -0.14205E-04 -0.10838E-04 -0.90539E+00  0.35723E-02 -0.90277E+00
  131.00  0.17633E+00 -0.39525E+00  0.17827E-04  0.10609E-03  0.99515E+00 -0.11488E-04 -0.20828E-04 -0.91292E+00  0.32542E-02 -0.91023E+00
  132.00  0.17639E+00 -0.37865E+00  0.12406E-04  0.11512E-03  0.99517E+00 -0.88192E-05 -0.29449E-04 -0.91995E+00  0.29447E-02 -0.91719E+00
  133.00  0.17659E+00 -0.36236E+00  0.67222E-05  0.12397E-03  0.99518E+00 -0.62514E-05 -0.36588E-04 -0.92650E+00  0.26504E-02 -0.92367E+00
  134.00  0.17694E+00 -0.34642E+00  0.10944E-05  0.13225E-03  0.99519E+00 -0.38233E-05 -0.42217E-04 -0.93260E+00  0.23767E-02 -0.92970E+00
  135.00  0.17744E+00 -0.33083E+00 -0.41778E-05  0.13966E-03  0.99521E+00 -0.15576E-05 -0.46379E-04 -0.93827E+00  0.21283E-02 -0.93530E+00
  136.00  0.17807E+00 -0.31560E+00 -0.88271E-05  0.14597E-03  0.99522E+00  0.53973E-06 -0.49166E-04 -0.94352E+00  0.19083E-02 -0.94049E+00
  137.00  0.17883E+00 -0.30073E+00 -0.12629E-04  0.15104E-03  0.99524E+00  0.24779E-05 -0.50706E-04 -0.94839E+00  0.17184E-02 -0.94529E+00
  138.00  0.17968E+00 -0.28624E+00 -0.15412E-04  0.15478E-03  0.99525E+00  0.42766E-05 -0.51141E-04 -0.95288E+00  0.15592E-02 -0.94972E+00
  139.00  0.18062E+00 -0.27212E+00 -0.17059E-04  0.15717E-03  0.99526E+00  0.59598E-05 -0.50620E-04 -0.95703E+00  0.14299E-02 -0.95381E+00
  140.00  0.18161E+00 -0.25839E+00 -0.17512E-04  0.15823E-03  0.99527E+00  0.75486E-05 -0.49290E-04 -0.96085E+00  0.13289E-02 -0.95756E+00
  141.00  0.18265E+00 -0.24503E+00 -0.16766E-04  0.15804E-03  0.99528E+00  0.90557E-05 -0.47284E-04 -0.96437E+00  0.12533E-02 -0.96102E+00
  142.00  0.18371E+00 -0.23205E+00 -0.14861E-04  0.15672E-03  0.99529E+00  0.10482E-04 -0.44726E-04 -0.96759E+00  0.11999E-02 -0.96418E+00
  143.00  0.18477E+00 -0.21945E+00 -0.11872E-04  0.15444E-03  0.99530E+00  0.11817E-04 -0.41719E-04 -0.97054E+00  0.11648E-02 -0.96707E+00
  144.00  0.18583E+00 -0.20723E+00 -0.78945E-05  0.15138E-03  0.99530E+00  0.13040E-04 -0.38350E-04 -0.97324E+00  0.11440E-02 -0.96971E+00
  145.00  0.18687E+00 -0.19538E+00 -0.30362E-05  0.14774E-03  0.99531E+00  0.14125E-04 -0.34687E-04 -0.97570E+00  0.11332E-02 -0.97211E+00
  146.00  0.18788E+00 -0.18391E+00  0.25935E-05  0.14371E-03  0.99531E+00  0.15042E-04 -0.30781E-04 -0.97794E+00  0.11284E-02 -0.97429E+00
  147.00  0.18887E+00 -0.17280E+00  0.88869E-05  0.13946E-03  0.99532E+00  0.15767E-04 -0.26669E-04 -0.97998E+00  0.11256E-02 -0.97627E+00
  148.00  0.18982E+00 -0.16207E+00  0.15739E-04  0.13511E-03  0.99532E+00  0.16278E-04 -0.22376E-04 -0.98182E+00  0.11213E-02 -0.97806E+00
  149.00  0.19075E+00 -0.15170E+00  0.23044E-04  0.13072E-03  0.99532E+00  0.16560E-04 -0.17928E-04 -0.98348E+00  0.11122E-02 -0.97966E+00
  150.00  0.19164E+00 -0.14169E+00  0.30696E-04  0.12635E-03  0.99532E+00  0.16606E-04 -0.13358E-04 -0.98498E+00  0.10954E-02 -0.98111E+00
  151.00  0.19251E+00 -0.13204E+00  0.38576E-04  0.12199E-03  0.99532E+00  0.16415E-04 -0.87140E-05 -0.98632E+00  0.10688E-02 -0.98240E+00
  152.00  0.19335E+00 -0.12274E+00  0.46557E-04  0.11763E-03  0.99532E+00  0.15993E-04 -0.40664E-05 -0.98753E+00  0.10305E-02 -0.98356E+00
  153.00  0.19418E+00 -0.11380E+00  0.54497E-04  0.11327E-03  0.99532E+00  0.15356E-04  0.48819E-06 -0.98860E+00  0.97932E-03 -0.98458E+00
  154.00  0.19498E+00 -0.10522E+00  0.62239E-04  0.10892E-03  0.99532E+00  0.14525E-04  0.48289E-05 -0.98956E+00  0.91480E-03 -0.98549E+00
  155.00  0.19577E+00 -0.96985E-01  0.69613E-04  0.10462E-03  0.99532E+00  0.13531E-04  0.88170E-05 -0.99040E+00  0.83707E-03 -0.98629E+00
  156.00  0.19655E+00 -0.89103E-01  0.76438E-04  0.10046E-03  0.99531E+00  0.12410E-04  0.12307E-04 -0.99114E+00  0.74706E-03 -0.98698E+00
  157.00  0.19732E+00 -0.81573E-01  0.82527E-04  0.96512E-04  0.99531E+00  0.11200E-04  0.15160E-04 -0.99179E+00  0.64640E-03 -0.98759E+00
  158.00  0.19807E+00 -0.74394E-01  0.87696E-04  0.92889E-04  0.99531E+00  0.99434E-05  0.17261E-04 -0.99236E+00  0.53743E-03 -0.98811E+00
  159.00  0.19881E+00 -0.67564E-01  0.91774E-04  0.89674E-04  0.99530E+00  0.86793E-05  0.18531E-04 -0.99285E+00  0.42311E-03 -0.98856E+00
  160.00  0.19954E+00 -0.61082E-01  0.94613E-04  0.86918E-04  0.99529E+00  0.74430E-05  0.18937E-04 -0.99327E+00  0.30684E-03 -0.98893E+00
  161.00  0.20026E+00 -0.54944E-01  0.96103E-04  0.84634E-04  0.99528E+00  0.62648E-05  0.18501E-04 -0.99363E+00  0.19229E-03 -0.98925E+00
  162.00  0.20097E+00 -0.49149E-01  0.96177E-04  0.82784E-04  0.99527E+00  0.51685E-05  0.17295E-04 -0.99393E+00  0.83206E-04 -0.98950E+00
  163.00  0.20165E+00 -0.43692E-01  0.94821E-04  0.81292E-04  0.99526E+00  0.41724E-05  0.15443E-04 -0.99418E+00 -0.16891E-04 -0.98971E+00
  164.00  0.20232E+00 -0.38571E-01  0.92070E-04  0.80053E-04  0.99524E+00  0.32892E-05  0.13102E-04 -0.99439E+00 -0.10487E-03 -0.98987E+00
  165.00  0.20297E+00 -0.33781E-01  0.88011E-04  0.78948E-04  0.99522E+00  0.25259E-05  0.10458E-04 -0.99455E+00 -0.17822E-03 -0.98999E+00
  166.00  0.20360E+00 -0.29320E-01  0.82774E-04  0.77863E-04  0.99520E+00  0.18849E-05  0.77039E-05 -0.99469E+00 -0.23518E-03 -0.99008E+00
  167.00  0.20420E+00 -0.25184E-01  0.76523E-04  0.76704E-04  0.99518E+00  0.13632E-05  0.50294E-05 -0.99479E+00 -0.27485E-03 -0.99013E+00
  168.00  0.20477E+00 -0.21372E-01  0.69451E-04  0.75404E-04  0.99515E+00  0.95304E-06  0.26009E-05 -0.99486E+00 -0.29720E-03 -0.99016E+00
  169.00  0.20531E+00 -0.17880E-01  0.61769E-04  0.73930E-04  0.99513E+00  0.64248E-06  0.55134E-06 -0.99491E+00 -0.30309E-03 -0.99016E+00
  170.00  0.20582E+00 -0.14709E-01  0.53707E-04  0.72281E-04  0.99510E+00  0.41658E-06 -0.10303E-05 -0.99494E+00 -0.29412E-03 -0.99014E+00
  171.00  0.20629E+00 -0.11856E-01  0.45499E-04  0.70485E-04  0.99506E+00  0.25896E-06 -0.21044E-05 -0.99496E+00 -0.27255E-03 -0.99010E+00
  172.00  0.20672E+00 -0.93195E-02  0.37385E-04  0.68595E-04  0.99503E+00  0.15360E-06 -0.26810E-05 -0.99496E+00 -0.24117E-03 -0.99005E+00
  173.00  0.20710E+00 -0.70977E-02  0.29601E-04  0.66678E-04  0.99499E+00  0.86172E-07 -0.28143E-05 -0.99495E+00 -0.20305E-03 -0.98999E+00
  174.00  0.20744E+00 -0.51874E-02  0.22371E-04  0.64815E-04  0.99495E+00  0.45011E-07 -0.25934E-05 -0.99493E+00 -0.16146E-03 -0.98992E+00
  175.00  0.20774E+00 -0.35843E-02  0.15900E-04  0.63083E-04  0.99492E+00  0.21272E-07 -0.21300E-05 -0.99491E+00 -0.11963E-03 -0.98985E+00
  176.00  0.20798E+00 -0.22835E-02  0.10364E-04  0.61557E-04  0.99489E+00  0.86391E-08 -0.15437E-05 -0.99488E+00 -0.80624E-04 -0.98978E+00
  177.00  0.20818E+00 -0.12795E-02  0.59109E-05  0.60302E-04  0.99486E+00  0.27336E-08 -0.95004E-06 -0.99486E+00 -0.47175E-04 -0.98972E+00
  178.00  0.20832E+00 -0.56700E-03  0.26525E-05  0.59369E-04  0.99484E+00  0.54234E-09 -0.44878E-06 -0.99484E+00 -0.21557E-04 -0.98968E+00
  179.00  0.20840E+00 -0.14149E-03  0.66687E-06  0.58795E-04  0.99482E+00  0.34052E-10 -0.11623E-06 -0.99482E+00 -0.54789E-05 -0.98965E+00
  180.00  0.20843E+00 -0.35044E-14  0.16559E-16  0.58602E-04  0.99482E+00  0.20955E-31 -0.29142E-17 -0.99482E+00 -0.13653E-15 -0.98964E+00
 scattering matrix expansion coefficients
    w  a11         a22         a33         a23         a32         a44         a12         a34         a13         a24         a14
    0  0.1000E+01  0.0000E+00  0.0000E+00  0.0000E+00  0.0000E+00  0.7951E+00  0.0000E+00  0.0000E+00  0.0000E+00  0.0000E+00  0.1077E-04
    1  0.2219E+01  0.0000E+00  0.0000E+00  0.0000E+00  0.0000E+00  0.2428E+01  0.0000E+00  0.0000E+00  0.0000E+00  0.0000E+00 -0.8234E-05
    2  0.3131E+01  0.2573E+00  0.3954E+01 -0.4423E-07 -0.2244E-04  0.3131E+01 -0.3984E+00  0.2552E-03  0.1547E-04  0.6757E-05  0.4695E-04
    3  0.3598E+01  0.7174E-01  0.4038E+01 -0.7461E-07  0.1974E-04  0.3585E+01 -0.2306E+00 -0.2414E-02  0.2533E-05  0.2341E-04  0.1107E-03
    4  0.3893E+01  0.2233E-01  0.4203E+01 -0.5979E-07  0.5862E-05  0.3898E+01 -0.1753E+00 -0.3157E-02 -0.1064E-04  0.1255E-04  0.1025E-03
    5  0.4093E+01  0.1138E-01  0.4326E+01  0.3967E-07 -0.7707E-05  0.4108E+01 -0.1419E+00 -0.4250E-02 -0.9500E-05 -0.1118E-04  0.5906E-04
    6  0.4245E+01  0.1851E-01  0.4414E+01  0.5819E-08 -0.5876E-05  0.4231E+01 -0.9603E-01 -0.5273E-02  0.1588E-04 -0.1478E-04  0.4300E-04
    7  0.4309E+01  0.5304E-02  0.4456E+01  0.3692E-08 -0.5865E-05  0.4303E+01 -0.7353E-01 -0.4607E-02  0.5867E-05  0.1299E-04  0.5323E-04
    8  0.4299E+01 -0.1650E-02  0.4433E+01 -0.6450E-07 -0.2787E-04  0.4306E+01 -0.7752E-01 -0.3989E-02 -0.1309E-05  0.6905E-05  0.2145E-04
    9  0.4251E+01  0.3704E-02  0.4361E+01 -0.4607E-08 -0.6465E-04  0.4248E+01 -0.7729E-01 -0.4120E-02 -0.2313E-04 -0.1766E-04  0.1006E-04
   10  0.4168E+01 -0.1443E-03  0.4265E+01  0.1580E-07 -0.6006E-04  0.4172E+01 -0.7200E-01 -0.3972E-02 -0.1248E-05  0.4517E-05  0.2650E-04
   11  0.4071E+01 -0.1156E-02  0.4157E+01 -0.1431E-07 -0.2688E-04  0.4080E+01 -0.5726E-01 -0.3800E-02 -0.4167E-05 -0.4488E-05  0.2178E-04
   12  0.3957E+01  0.6281E-02  0.4027E+01 -0.8376E-08  0.2904E-04  0.3950E+01 -0.2958E-01 -0.3227E-02  0.1434E-04 -0.1531E-04  0.5275E-04
   13  0.3780E+01  0.5374E-02  0.3848E+01 -0.2257E-07  0.7929E-04  0.3769E+01 -0.1712E-01 -0.1925E-02  0.9434E-05  0.5418E-05  0.1064E-03
   14  0.3531E+01 -0.9256E-03  0.3602E+01 -0.5019E-08  0.1006E-03  0.3529E+01 -0.3418E-01 -0.1590E-02  0.4740E-05  0.1306E-04  0.1195E-03
   15  0.3243E+01 -0.4682E-02  0.3313E+01  0.1400E-07  0.8736E-04  0.3252E+01 -0.5668E-01 -0.2039E-02  0.6229E-05  0.1067E-04  0.9508E-04
   16  0.2966E+01 -0.1186E-02  0.3024E+01 -0.4988E-08  0.5759E-04  0.2971E+01 -0.5961E-01 -0.2597E-02 -0.3184E-05  0.5407E-05  0.4642E-04
   17  0.2717E+01  0.2842E-02  0.2761E+01 -0.1642E-08  0.3851E-04  0.2713E+01 -0.4888E-01 -0.2491E-02 -0.1149E-04 -0.6724E-05 -0.6678E-06
   18  0.2489E+01  0.4862E-03  0.2527E+01 -0.9571E-08  0.4507E-04  0.2489E+01 -0.4114E-01 -0.1889E-02 -0.8800E-06 -0.1125E-04 -0.2312E-04
   19  0.2286E+01 -0.2044E-03  0.2318E+01 -0.2845E-08  0.6105E-04  0.2287E+01 -0.3627E-01 -0.1405E-02  0.5636E-05 -0.2102E-05 -0.2450E-04
   20  0.2107E+01  0.1245E-02  0.2133E+01 -0.1347E-07  0.6415E-04  0.2105E+01 -0.3066E-01 -0.1416E-02  0.1295E-05 -0.1997E-05 -0.1040E-04
   21  0.1946E+01 -0.1061E-03  0.1969E+01  0.1600E-08  0.5806E-04  0.1946E+01 -0.2621E-01 -0.1701E-02  0.1863E-06  0.3788E-05  0.1349E-04
   22  0.1802E+01 -0.2123E-03  0.1822E+01 -0.8291E-08  0.4845E-04  0.1803E+01 -0.2070E-01 -0.1762E-02  0.3949E-06  0.1247E-04  0.1968E-04
   23  0.1669E+01  0.1209E-02  0.1685E+01 -0.5934E-08  0.3462E-04  0.1667E+01 -0.1448E-01 -0.1375E-02  0.4184E-06  0.4818E-05 -0.4173E-05
   24  0.1536E+01  0.4518E-03  0.1552E+01 -0.1469E-07  0.1960E-04  0.1535E+01 -0.1273E-01 -0.9025E-03  0.1972E-05 -0.9174E-05 -0.3958E-04
   25  0.1404E+01 -0.5160E-03  0.1419E+01 -0.2719E-08  0.2950E-05  0.1405E+01 -0.1427E-01 -0.7378E-03  0.1673E-05 -0.7267E-05 -0.5908E-04
   26  0.1277E+01  0.3430E-04  0.1290E+01  0.1433E-08 -0.1902E-04  0.1277E+01 -0.1440E-01 -0.7586E-03 -0.3026E-05  0.2838E-05 -0.5847E-04
   27  0.1159E+01  0.1595E-03  0.1170E+01 -0.8702E-08 -0.3927E-04  0.1159E+01 -0.1309E-01 -0.7393E-03 -0.5854E-05  0.4611E-05 -0.5286E-04
   28  0.1049E+01 -0.1961E-03  0.1059E+01 -0.3002E-08 -0.4678E-04  0.1049E+01 -0.1119E-01 -0.6995E-03 -0.2627E-05 -0.3187E-06 -0.5295E-04
   29  0.9466E+00  0.2930E-03  0.9553E+00  0.3130E-08 -0.4462E-04  0.9461E+00 -0.8523E-02 -0.6582E-03  0.1352E-05 -0.3397E-05 -0.5591E-04
   30  0.8483E+00  0.7456E-03  0.8558E+00 -0.1310E-08 -0.4439E-04  0.8467E+00 -0.7456E-02 -0.5061E-03  0.9936E-06 -0.1355E-05 -0.5303E-04
   31  0.7526E+00 -0.1665E-04  0.7599E+00 -0.4033E-08 -0.4854E-04  0.7524E+00 -0.1008E-01 -0.2550E-03 -0.2165E-05  0.2915E-05 -0.4400E-04
   32  0.6648E+00 -0.9804E-03  0.6721E+00 -0.5151E-09 -0.5029E-04  0.6667E+00 -0.1296E-01 -0.6567E-04 -0.3758E-05  0.5286E-05 -0.3459E-04
   33  0.5909E+00 -0.7430E-03  0.5969E+00  0.2941E-08 -0.4520E-04  0.5927E+00 -0.1072E-01  0.1006E-04 -0.2423E-05  0.4029E-05 -0.2945E-04
   34  0.5280E+00  0.3561E-03  0.5324E+00  0.3279E-08 -0.3554E-04  0.5278E+00 -0.3502E-02  0.1024E-03  0.4034E-08  0.6845E-06 -0.2809E-04
   35  0.4653E+00  0.1024E-02  0.4689E+00  0.2330E-08 -0.2595E-04  0.4635E+00  0.2956E-02  0.3243E-03  0.1701E-05 -0.2012E-05 -0.2729E-04
   36  0.3930E+00  0.7481E-03  0.3970E+00  0.1248E-08 -0.1876E-04  0.3913E+00  0.3837E-02  0.6159E-03  0.2168E-05 -0.2782E-05 -0.2477E-04
   37  0.3107E+00  0.3782E-04  0.3154E+00  0.3760E-10 -0.1379E-04  0.3102E+00 -0.5228E-03  0.8206E-03  0.1828E-05 -0.2142E-05 -0.1993E-04
   38  0.2267E+00 -0.4404E-03  0.2315E+00 -0.1008E-08 -0.1017E-04  0.2273E+00 -0.6236E-02  0.8425E-03  0.1279E-05 -0.1097E-05 -0.1428E-04
   39  0.1518E+00 -0.4798E-03  0.1559E+00 -0.1299E-08 -0.7204E-05  0.1526E+00 -0.9804E-02  0.7050E-03  0.8369E-06 -0.2768E-06 -0.9362E-05
   40  0.9318E-01 -0.2608E-03  0.9605E-01 -0.1009E-08 -0.4705E-05  0.9376E-01 -0.1019E-01  0.4982E-03  0.5155E-06  0.1469E-06 -0.5557E-05
   41  0.5254E-01 -0.2723E-04  0.5425E-01 -0.5425E-09 -0.2807E-05  0.5272E-01 -0.8343E-02  0.3048E-03  0.3272E-06  0.2235E-06 -0.2898E-05
   42  0.2729E-01  0.1020E-03  0.2817E-01 -0.2149E-09 -0.1530E-05  0.2721E-01 -0.5742E-02  0.1644E-03  0.2054E-06  0.1604E-06 -0.1354E-05
   43  0.1310E-01  0.1289E-03  0.1349E-01 -0.6024E-10 -0.7586E-06  0.1293E-01 -0.3438E-02  0.7931E-04  0.1239E-06  0.9900E-07 -0.6268E-06
   44  0.5833E-02  0.1025E-03  0.5979E-02 -0.8505E-11 -0.3335E-06  0.5683E-02 -0.1829E-02  0.3453E-04  0.6284E-07  0.6727E-07 -0.3158E-06
   45  0.2416E-02  0.6459E-04  0.2461E-02  0.2908E-11 -0.1293E-06  0.2316E-02 -0.8768E-03  0.1364E-04  0.2550E-07  0.4487E-07 -0.1630E-06
   46  0.9327E-03  0.3462E-04  0.9427E-03  0.3115E-11 -0.4571E-07  0.8771E-03 -0.3825E-03  0.4891E-05  0.9032E-08  0.2576E-07 -0.6871E-07
   47  0.3361E-03  0.1631E-04  0.3366E-03  0.1585E-11 -0.1616E-07  0.3092E-03 -0.1528E-03  0.1590E-05  0.3270E-08  0.1078E-07 -0.2077E-07
   48  0.1130E-03  0.6869E-05  0.1120E-03  0.7341E-12 -0.6192E-08  0.1015E-03 -0.5612E-04  0.4681E-06  0.1422E-08  0.3024E-08 -0.1393E-08
   49  0.3538E-04  0.2607E-05  0.3468E-04  0.3011E-12 -0.2567E-08  0.3093E-04 -0.1897E-04  0.1250E-06  0.6864E-09  0.1272E-09  0.2859E-08
   50  0.1030E-04  0.8946E-06  0.9973E-05  0.9107E-13 -0.1033E-08  0.8751E-05 -0.5895E-05  0.3066E-07  0.3243E-09 -0.4257E-09  0.2267E-08
   51  0.2763E-05  0.2772E-06  0.2642E-05  0.3069E-13 -0.3756E-09  0.2278E-05 -0.1677E-05  0.6889E-08  0.1220E-09 -0.2943E-09  0.1090E-08
   52  0.6858E-06  0.7770E-07  0.6478E-06  0.8978E-14 -0.1202E-09  0.5484E-06 -0.4372E-06  0.1475E-08  0.4310E-10 -0.1357E-09  0.4166E-09
   53  0.1517E-06  0.1923E-07  0.1414E-06  0.8762E-15 -0.3250E-10  0.1174E-06 -0.1014E-06  0.2854E-09  0.1179E-10 -0.4433E-10  0.1226E-09
   54  0.3134E-07  0.4338E-08  0.2889E-07 -0.3812E-15 -0.7586E-11  0.2353E-07 -0.2170E-07  0.5480E-10  0.2949E-11 -0.1256E-10  0.3170E-10
   55  0.5151E-08  0.7836E-09  0.4682E-08 -0.2171E-15 -0.1409E-11  0.3728E-08 -0.3715E-08  0.8165E-11  0.5666E-12 -0.2658E-11  0.6325E-11
   56  0.8862E-09  0.1414E-09  0.7987E-09 -0.7201E-16 -0.2212E-12  0.6266E-09 -0.6513E-09  0.1492E-11  0.9274E-13 -0.4824E-12  0.1069E-11
   57  0.7411E-10  0.1301E-10  0.6563E-10 -0.4469E-16 -0.2219E-13  0.5025E-10 -0.5671E-10  0.1042E-12  0.9821E-14 -0.5859E-13  0.1261E-12
   58  0.1896E-10  0.3401E-11  0.1708E-10 -0.1142E-16 -0.2010E-14  0.1295E-10 -0.1453E-10  0.4003E-13  0.8389E-15 -0.3883E-14  0.8069E-14
