 input file is 
mstm19_256_5299_168_00226.inp 
 input file comments follow:
***********************************************************
  This is the default mstm input file for v.3.0.
  The run is for a 7-sphere cluster of identical spheres.   The positions
  are embedded in the input file.

  The run makes use of the new_run and multiple_run options.

  14 April 2013
***********************************************************
 number of processors:
   1
 input parameters for run number 
    1
 number of spheres, volume size parameter:
  256  0.33647E+01
 position file:
position/n256/a19.out                                       
 output file:
output/256/x5299/168/00226/mt_19_256_5299_168_00226.dat     
 length, ref. indx. scale factors:
   0.530   1.680   0.023
 chiral factors:
  0.00000E+00  0.00000E+00
 scattering matrix directions based on incident frame
 automatic scattering angle calculation
 thetamin, thetamax:
      0.0    180.0
 number scattering angles:
      181
 epsmie, epssoln, max number iterations:
  0.1000E-05  0.1000E-07 5000
 medium refractive index:
  1.0000  0.0000
 target euler rotation angles:
    0.0000    0.0000    0.0000
 far field kr, iterations/correction:
 -0.1000E+01   20
 plane wave incidence
 random orientation calculations
 t matrix calculated, stored in file 
tmatrixfiles/19256529916800226                              
 t matrix convergence epsilon:
  0.1000E-06
 all spheres excited (total T matrix) 
 calculation results for run 
    1
 total ext, abs, scat efficiencies, w.r.t. xv, and asym. parm
  0.22242E+01  0.19599E+00  0.20282E+01  0.77750E+00
 scattering matrix elements (normalized w/ S11)
   theta      11           12           13           14           22           23           24           33           34           44      
    0.00  0.47086E+02  0.00000E+00  0.00000E+00 -0.96035E-06  0.99979E+00  0.13662E-03  0.00000E+00  0.99979E+00  0.00000E+00  0.99959E+00 
    1.00  0.46842E+02 -0.14173E-03 -0.26718E-07  0.42963E-06  0.99979E+00  0.13710E-03 -0.59161E-08  0.99979E+00  0.98707E-05  0.99959E+00 
    2.00  0.46119E+02 -0.56704E-03 -0.10762E-06  0.46004E-05  0.99978E+00  0.13852E-03 -0.25205E-07  0.99978E+00  0.39580E-04  0.99958E+00 
    3.00  0.44937E+02 -0.12763E-02 -0.24495E-06  0.11554E-04  0.99978E+00  0.14087E-03 -0.62519E-07  0.99978E+00  0.89415E-04  0.99957E+00 
    4.00  0.43332E+02 -0.22701E-02 -0.44231E-06  0.21295E-04  0.99977E+00  0.14408E-03 -0.12571E-06  0.99977E+00  0.15984E-03  0.99955E+00 
    5.00  0.41353E+02 -0.35492E-02 -0.70455E-06  0.33828E-04  0.99976E+00  0.14808E-03 -0.22601E-06  0.99975E+00  0.25147E-03  0.99952E+00 
    6.00  0.39056E+02 -0.51147E-02 -0.10375E-05  0.49157E-04  0.99974E+00  0.15277E-03 -0.37820E-06  0.99973E+00  0.36502E-03  0.99948E+00 
    7.00  0.36505E+02 -0.69678E-02 -0.14475E-05  0.67289E-04  0.99972E+00  0.15803E-03 -0.60102E-06  0.99970E+00  0.50127E-03  0.99943E+00 
    8.00  0.33768E+02 -0.91099E-02 -0.19409E-05  0.88225E-04  0.99970E+00  0.16367E-03 -0.91750E-06  0.99966E+00  0.66093E-03  0.99937E+00 
    9.00  0.30914E+02 -0.11542E-01 -0.25235E-05  0.11196E-03  0.99967E+00  0.16950E-03 -0.13555E-05  0.99960E+00  0.84453E-03  0.99929E+00 
   10.00  0.28011E+02 -0.14266E-01 -0.31988E-05  0.13848E-03  0.99963E+00  0.17526E-03 -0.19483E-05  0.99953E+00  0.10522E-02  0.99918E+00 
   11.00  0.25124E+02 -0.17284E-01 -0.39669E-05  0.16776E-03  0.99959E+00  0.18061E-03 -0.27353E-05  0.99943E+00  0.12833E-02  0.99905E+00 
   12.00  0.22308E+02 -0.20596E-01 -0.48223E-05  0.19971E-03  0.99953E+00  0.18517E-03 -0.37626E-05  0.99931E+00  0.15363E-02  0.99888E+00 
   13.00  0.19615E+02 -0.24204E-01 -0.57505E-05  0.23423E-03  0.99947E+00  0.18843E-03 -0.50838E-05  0.99916E+00  0.18077E-02  0.99867E+00 
   14.00  0.17085E+02 -0.28108E-01 -0.67239E-05  0.27110E-03  0.99938E+00  0.18980E-03 -0.67598E-05  0.99897E+00  0.20919E-02  0.99841E+00 
   15.00  0.14748E+02 -0.32309E-01 -0.76968E-05  0.30997E-03  0.99929E+00  0.18856E-03 -0.88583E-05  0.99874E+00  0.23797E-02  0.99809E+00 
   16.00  0.12626E+02 -0.36807E-01 -0.85985E-05  0.35029E-03  0.99916E+00  0.18386E-03 -0.11451E-04  0.99845E+00  0.26575E-02  0.99770E+00 
   17.00  0.10730E+02 -0.41600E-01 -0.93257E-05  0.39122E-03  0.99902E+00  0.17472E-03 -0.14608E-04  0.99810E+00  0.29055E-02  0.99722E+00 
   18.00  0.90648E+01 -0.46687E-01 -0.97349E-05  0.43150E-03  0.99883E+00  0.16005E-03 -0.18388E-04  0.99768E+00  0.30972E-02  0.99664E+00 
   19.00  0.76246E+01 -0.52066E-01 -0.96375E-05  0.46931E-03  0.99862E+00  0.13875E-03 -0.22822E-04  0.99717E+00  0.31980E-02  0.99595E+00 
   20.00  0.63992E+01 -0.57737E-01 -0.88019E-05  0.50219E-03  0.99835E+00  0.10987E-03 -0.27886E-04  0.99657E+00  0.31666E-02  0.99513E+00 
   21.00  0.53733E+01 -0.63700E-01 -0.69681E-05  0.52692E-03  0.99804E+00  0.72801E-04 -0.33467E-04  0.99586E+00  0.29576E-02  0.99416E+00 
   22.00  0.45277E+01 -0.69958E-01 -0.38839E-05  0.53971E-03  0.99768E+00  0.27642E-04 -0.39330E-04  0.99504E+00  0.25294E-02  0.99304E+00 
   23.00  0.38415E+01 -0.76522E-01  0.63487E-06  0.53654E-03  0.99728E+00 -0.24445E-04 -0.45090E-04  0.99411E+00  0.18547E-02  0.99178E+00 
   24.00  0.32926E+01 -0.83407E-01  0.66264E-05  0.51383E-03  0.99684E+00 -0.80981E-04 -0.50210E-04  0.99306E+00  0.93487E-03  0.99037E+00 
   25.00  0.28592E+01 -0.90636E-01  0.13909E-04  0.46940E-03  0.99637E+00 -0.13818E-03 -0.54056E-04  0.99191E+00 -0.18868E-03  0.98885E+00 
   26.00  0.25202E+01 -0.98237E-01  0.22046E-04  0.40325E-03  0.99590E+00 -0.19137E-03 -0.55997E-04  0.99066E+00 -0.14309E-02  0.98724E+00 
   27.00  0.22566E+01 -0.10624E+00  0.30382E-04  0.31793E-03  0.99544E+00 -0.23581E-03 -0.55525E-04  0.98933E+00 -0.26733E-02  0.98556E+00 
   28.00  0.20510E+01 -0.11466E+00  0.38145E-04  0.21816E-03  0.99500E+00 -0.26753E-03 -0.52356E-04  0.98792E+00 -0.37854E-02  0.98383E+00 
   29.00  0.18887E+01 -0.12352E+00  0.44568E-04  0.10986E-03  0.99459E+00 -0.28398E-03 -0.46469E-04  0.98642E+00 -0.46504E-02  0.98203E+00 
   30.00  0.17572E+01 -0.13283E+00  0.48998E-04 -0.10035E-05  0.99421E+00 -0.28409E-03 -0.38058E-04  0.98482E+00 -0.51839E-02  0.98016E+00 
   31.00  0.16465E+01 -0.14259E+00  0.50932E-04 -0.10927E-03  0.99383E+00 -0.26797E-03 -0.27461E-04  0.98309E+00 -0.53407E-02  0.97817E+00 
   32.00  0.15491E+01 -0.15278E+00  0.50002E-04 -0.21096E-03  0.99345E+00 -0.23638E-03 -0.15067E-04  0.98120E+00 -0.51121E-02  0.97603E+00 
   33.00  0.14592E+01 -0.16342E+00  0.45926E-04 -0.30323E-03  0.99305E+00 -0.19017E-03 -0.12658E-05  0.97912E+00 -0.45166E-02  0.97369E+00 
   34.00  0.13730E+01 -0.17449E+00  0.38452E-04 -0.38402E-03  0.99262E+00 -0.12998E-03  0.13574E-04  0.97681E+00 -0.35903E-02  0.97110E+00 
   35.00  0.12881E+01 -0.18600E+00  0.27319E-04 -0.45172E-03  0.99212E+00 -0.56071E-04  0.29102E-04  0.97424E+00 -0.23808E-02  0.96820E+00 
   36.00  0.12036E+01 -0.19794E+00  0.12232E-04 -0.50483E-03  0.99155E+00  0.31610E-04  0.44954E-04  0.97137E+00 -0.94306E-03  0.96496E+00 
   37.00  0.11191E+01 -0.21033E+00 -0.71251E-05 -0.54173E-03  0.99088E+00  0.13333E-03  0.60730E-04  0.96816E+00  0.66050E-03  0.96132E+00 
   38.00  0.10353E+01 -0.22318E+00 -0.31064E-04 -0.56061E-03  0.99010E+00  0.24927E-03  0.75952E-04  0.96457E+00  0.23585E-02  0.95723E+00 
   39.00  0.95313E+00 -0.23648E+00 -0.59827E-04 -0.55944E-03  0.98919E+00  0.37925E-03  0.90041E-04  0.96056E+00  0.40676E-02  0.95263E+00 
   40.00  0.87370E+00 -0.25024E+00 -0.93487E-04 -0.53617E-03  0.98814E+00  0.52222E-03  0.10230E-03  0.95610E+00  0.56889E-02  0.94750E+00 
   41.00  0.79831E+00 -0.26446E+00 -0.13182E-03 -0.48898E-03  0.98693E+00  0.67583E-03  0.11190E-03  0.95114E+00  0.71063E-02  0.94177E+00 
   42.00  0.72813E+00 -0.27914E+00 -0.17413E-03 -0.41675E-03  0.98556E+00  0.83586E-03  0.11797E-03  0.94565E+00  0.81867E-02  0.93544E+00 
   43.00  0.66419E+00 -0.29423E+00 -0.21910E-03 -0.31964E-03  0.98404E+00  0.99582E-03  0.11958E-03  0.93963E+00  0.87864E-02  0.92850E+00 
   44.00  0.60727E+00 -0.30969E+00 -0.26461E-03 -0.19979E-03  0.98240E+00  0.11467E-02  0.11599E-03  0.93307E+00  0.87635E-02  0.92098E+00 
   45.00  0.55787E+00 -0.32545E+00 -0.30778E-03 -0.61926E-04  0.98067E+00  0.12773E-02  0.10677E-03  0.92603E+00  0.79999E-02  0.91295E+00 
   46.00  0.51621E+00 -0.34142E+00 -0.34506E-03  0.86392E-04  0.97892E+00  0.13755E-02  0.92026E-04  0.91855E+00  0.64291E-02  0.90453E+00 
   47.00  0.48223E+00 -0.35749E+00 -0.37275E-03  0.23510E-03  0.97723E+00  0.14299E-02  0.72581E-04  0.91072E+00  0.40641E-02  0.89586E+00 
   48.00  0.45561E+00 -0.37357E+00 -0.38761E-03  0.37284E-03  0.97569E+00  0.14323E-02  0.50013E-04  0.90267E+00  0.10156E-02  0.88710E+00 
   49.00  0.43580E+00 -0.38957E+00 -0.38760E-03  0.48875E-03  0.97437E+00  0.13801E-02  0.26496E-04  0.89447E+00 -0.25124E-02  0.87839E+00 
   50.00  0.42210E+00 -0.40545E+00 -0.37239E-03  0.57449E-03  0.97333E+00  0.12770E-02  0.44760E-05  0.88621E+00 -0.62503E-02  0.86983E+00 
   51.00  0.41367E+00 -0.42121E+00 -0.34349E-03  0.62562E-03  0.97258E+00  0.11327E-02 -0.13752E-04  0.87790E+00 -0.99102E-02  0.86144E+00 
   52.00  0.40960E+00 -0.43691E+00 -0.30397E-03  0.64206E-03  0.97211E+00  0.96098E-03 -0.26405E-04  0.86951E+00 -0.13234E-01  0.85318E+00 
   53.00  0.40895E+00 -0.45259E+00 -0.25780E-03  0.62737E-03  0.97189E+00  0.77693E-03 -0.32402E-04  0.86099E+00 -0.16030E-01  0.84494E+00 
   54.00  0.41080E+00 -0.46834E+00 -0.20918E-03  0.58749E-03  0.97187E+00  0.59472E-03 -0.31374E-04  0.85223E+00 -0.18183E-01  0.83658E+00 
   55.00  0.41430E+00 -0.48424E+00 -0.16201E-03  0.52929E-03  0.97197E+00  0.42599E-03 -0.23523E-04  0.84312E+00 -0.19655E-01  0.82796E+00 
   56.00  0.41865E+00 -0.50034E+00 -0.11960E-03  0.45941E-03  0.97216E+00  0.27916E-03 -0.94315E-05  0.83356E+00 -0.20464E-01  0.81891E+00 
   57.00  0.42319E+00 -0.51669E+00 -0.84474E-04  0.38354E-03  0.97238E+00  0.15954E-03  0.10130E-04  0.82344E+00 -0.20666E-01  0.80933E+00 
   58.00  0.42735E+00 -0.53331E+00 -0.58495E-04  0.30612E-03  0.97258E+00  0.69796E-04  0.34341E-04  0.81269E+00 -0.20336E-01  0.79908E+00 
   59.00  0.43068E+00 -0.55021E+00 -0.42893E-04  0.23030E-03  0.97276E+00  0.10516E-04  0.62430E-04  0.80122E+00 -0.19555E-01  0.78809E+00 
   60.00  0.43284E+00 -0.56737E+00 -0.38402E-04  0.15804E-03  0.97288E+00 -0.19186E-04  0.93711E-04  0.78898E+00 -0.18405E-01  0.77628E+00 
   61.00  0.43363E+00 -0.58477E+00 -0.45357E-04  0.90390E-04  0.97294E+00 -0.21232E-04  0.12761E-03  0.77591E+00 -0.16956E-01  0.76360E+00 
   62.00  0.43290E+00 -0.60239E+00 -0.63768E-04  0.27617E-04  0.97292E+00  0.17676E-05  0.16364E-03  0.76197E+00 -0.15273E-01  0.75001E+00 
   63.00  0.43061E+00 -0.62018E+00 -0.93378E-04 -0.30539E-04  0.97282E+00  0.46753E-04  0.20143E-03  0.74714E+00 -0.13412E-01  0.73546E+00 
   64.00  0.42678E+00 -0.63808E+00 -0.13370E-03 -0.84723E-04  0.97265E+00  0.11039E-03  0.24064E-03  0.73138E+00 -0.11417E-01  0.71994E+00 
   65.00  0.42148E+00 -0.65606E+00 -0.18402E-03 -0.13582E-03  0.97240E+00  0.18917E-03  0.28101E-03  0.71468E+00 -0.93285E-02  0.70343E+00 
   66.00  0.41483E+00 -0.67403E+00 -0.24348E-03 -0.18485E-03  0.97207E+00  0.27955E-03  0.32230E-03  0.69702E+00 -0.71772E-02  0.68593E+00 
   67.00  0.40696E+00 -0.69195E+00 -0.31099E-03 -0.23285E-03  0.97166E+00  0.37796E-03  0.36428E-03  0.67841E+00 -0.49899E-02  0.66742E+00 
   68.00  0.39801E+00 -0.70973E+00 -0.38538E-03 -0.28085E-03  0.97118E+00  0.48095E-03  0.40677E-03  0.65883E+00 -0.27890E-02  0.64792E+00 
   69.00  0.38816E+00 -0.72731E+00 -0.46529E-03 -0.32976E-03  0.97064E+00  0.58519E-03  0.44956E-03  0.63829E+00 -0.59349E-03  0.62743E+00 
   70.00  0.37754E+00 -0.74462E+00 -0.54933E-03 -0.38036E-03  0.97002E+00  0.68761E-03  0.49246E-03  0.61680E+00  0.15799E-02  0.60597E+00 
   71.00  0.36633E+00 -0.76156E+00 -0.63599E-03 -0.43326E-03  0.96934E+00  0.78539E-03  0.53531E-03  0.59437E+00  0.37160E-02  0.58355E+00 
   72.00  0.35465E+00 -0.77808E+00 -0.72378E-03 -0.48887E-03  0.96860E+00  0.87606E-03  0.57795E-03  0.57101E+00  0.58000E-02  0.56020E+00 
   73.00  0.34266E+00 -0.79410E+00 -0.81120E-03 -0.54737E-03  0.96779E+00  0.95756E-03  0.62028E-03  0.54676E+00  0.78173E-02  0.53594E+00 
   74.00  0.33047E+00 -0.80953E+00 -0.89679E-03 -0.60872E-03  0.96693E+00  0.10282E-02  0.66225E-03  0.52162E+00  0.97522E-02  0.51081E+00 
   75.00  0.31821E+00 -0.82432E+00 -0.97916E-03 -0.67264E-03  0.96600E+00  0.10868E-02  0.70387E-03  0.49564E+00  0.11588E-01  0.48483E+00 
   76.00  0.30598E+00 -0.83838E+00 -0.10570E-02 -0.73865E-03  0.96501E+00  0.11326E-02  0.74526E-03  0.46883E+00  0.13307E-01  0.45804E+00 
   77.00  0.29389E+00 -0.85167E+00 -0.11292E-02 -0.80600E-03  0.96396E+00  0.11653E-02  0.78668E-03  0.44123E+00  0.14888E-01  0.43049E+00 
   78.00  0.28201E+00 -0.86411E+00 -0.11947E-02 -0.87375E-03  0.96285E+00  0.11850E-02  0.82849E-03  0.41288E+00  0.16309E-01  0.40221E+00 
   79.00  0.27044E+00 -0.87565E+00 -0.12526E-02 -0.94077E-03  0.96169E+00  0.11922E-02  0.87122E-03  0.38382E+00  0.17548E-01  0.37325E+00 
   80.00  0.25923E+00 -0.88624E+00 -0.13021E-02 -0.10057E-02  0.96047E+00  0.11879E-02  0.91557E-03  0.35409E+00  0.18580E-01  0.34364E+00 
   81.00  0.24847E+00 -0.89583E+00 -0.13425E-02 -0.10672E-02  0.95919E+00  0.11731E-02  0.96238E-03  0.32373E+00  0.19382E-01  0.31345E+00 
   82.00  0.23819E+00 -0.90439E+00 -0.13735E-02 -0.11236E-02  0.95786E+00  0.11492E-02  0.10126E-02  0.29279E+00  0.19931E-01  0.28272E+00 
   83.00  0.22844E+00 -0.91189E+00 -0.13945E-02 -0.11733E-02  0.95649E+00  0.11180E-02  0.10674E-02  0.26133E+00  0.20205E-01  0.25151E+00 
   84.00  0.21926E+00 -0.91829E+00 -0.14053E-02 -0.12146E-02  0.95509E+00  0.10809E-02  0.11279E-02  0.22940E+00  0.20190E-01  0.21988E+00 
   85.00  0.21067E+00 -0.92358E+00 -0.14057E-02 -0.12461E-02  0.95365E+00  0.10398E-02  0.11952E-02  0.19706E+00  0.19873E-01  0.18787E+00 
   86.00  0.20268E+00 -0.92776E+00 -0.13956E-02 -0.12662E-02  0.95220E+00  0.99622E-03  0.12704E-02  0.16438E+00  0.19252E-01  0.15557E+00 
   87.00  0.19532E+00 -0.93081E+00 -0.13750E-02 -0.12740E-02  0.95075E+00  0.95156E-03  0.13544E-02  0.13141E+00  0.18329E-01  0.12302E+00 
   88.00  0.18857E+00 -0.93274E+00 -0.13440E-02 -0.12684E-02  0.94930E+00  0.90707E-03  0.14477E-02  0.98240E-01  0.17117E-01  0.90306E-01 
   89.00  0.18242E+00 -0.93356E+00 -0.13026E-02 -0.12489E-02  0.94789E+00  0.86368E-03  0.15507E-02  0.64925E-01  0.15638E-01  0.57490E-01 
   90.00  0.17686E+00 -0.93329E+00 -0.12511E-02 -0.12155E-02  0.94651E+00  0.82199E-03  0.16631E-02  0.31541E-01  0.13921E-01  0.24642E-01 
   91.00  0.17187E+00 -0.93194E+00 -0.11897E-02 -0.11685E-02  0.94519E+00  0.78228E-03  0.17843E-02 -0.18397E-02  0.12003E-01 -0.81666E-02 
   92.00  0.16741E+00 -0.92954E+00 -0.11187E-02 -0.11085E-02  0.94393E+00  0.74451E-03  0.19129E-02 -0.35147E-01  0.99259E-02 -0.40867E-01 
   93.00  0.16345E+00 -0.92611E+00 -0.10386E-02 -0.10366E-02  0.94276E+00  0.70833E-03  0.20474E-02 -0.68312E-01  0.77359E-02 -0.73390E-01 
   94.00  0.15996E+00 -0.92167E+00 -0.94987E-03 -0.95437E-03  0.94168E+00  0.67317E-03  0.21855E-02 -0.10126E+00  0.54803E-02 -0.10567E+00 
   95.00  0.15690E+00 -0.91626E+00 -0.85310E-03 -0.86332E-03  0.94069E+00  0.63831E-03  0.23246E-02 -0.13394E+00  0.32053E-02 -0.13764E+00 
   96.00  0.15422E+00 -0.90991E+00 -0.74901E-03 -0.76530E-03  0.93980E+00  0.60292E-03  0.24620E-02 -0.16628E+00  0.95430E-03 -0.16924E+00 
   97.00  0.15189E+00 -0.90263E+00 -0.63842E-03 -0.66217E-03  0.93902E+00  0.56617E-03  0.25945E-02 -0.19822E+00 -0.12341E-02 -0.20040E+00 
   98.00  0.14987E+00 -0.89445E+00 -0.52225E-03 -0.55580E-03  0.93833E+00  0.52731E-03  0.27190E-02 -0.22971E+00 -0.33272E-02 -0.23108E+00 
   99.00  0.14811E+00 -0.88542E+00 -0.40154E-03 -0.44795E-03  0.93773E+00  0.48570E-03  0.28327E-02 -0.26069E+00 -0.52986E-02 -0.26123E+00 
  100.00  0.14659E+00 -0.87554E+00 -0.27742E-03 -0.34026E-03  0.93722E+00  0.44089E-03  0.29325E-02 -0.29112E+00 -0.71290E-02 -0.29078E+00 
  101.00  0.14527E+00 -0.86485E+00 -0.15113E-03 -0.23418E-03  0.93679E+00  0.39262E-03  0.30160E-02 -0.32094E+00 -0.88054E-02 -0.31969E+00 
  102.00  0.14412E+00 -0.85339E+00 -0.23979E-04 -0.13097E-03  0.93644E+00  0.34087E-03  0.30808E-02 -0.35012E+00 -0.10321E-01 -0.34793E+00 
  103.00  0.14311E+00 -0.84119E+00  0.10263E-03 -0.31680E-04  0.93615E+00  0.28585E-03  0.31252E-02 -0.37862E+00 -0.11674E-01 -0.37546E+00 
  104.00  0.14222E+00 -0.82828E+00  0.22725E-03  0.62836E-04  0.93592E+00  0.22799E-03  0.31478E-02 -0.40640E+00 -0.12867E-01 -0.40223E+00 
  105.00  0.14143E+00 -0.81470E+00  0.34838E-03  0.15193E-03  0.93573E+00  0.16793E-03  0.31476E-02 -0.43343E+00 -0.13905E-01 -0.42823E+00 
  106.00  0.14072E+00 -0.80049E+00  0.46447E-03  0.23514E-03  0.93559E+00  0.10648E-03  0.31241E-02 -0.45968E+00 -0.14797E-01 -0.45342E+00 
  107.00  0.14008E+00 -0.78570E+00  0.57397E-03  0.31218E-03  0.93548E+00  0.44621E-04  0.30776E-02 -0.48513E+00 -0.15552E-01 -0.47777E+00 
  108.00  0.13949E+00 -0.77036E+00  0.67534E-03  0.38294E-03  0.93540E+00 -0.16555E-04  0.30083E-02 -0.50975E+00 -0.16181E-01 -0.50129E+00 
  109.00  0.13896E+00 -0.75454E+00  0.76703E-03  0.44743E-03  0.93535E+00 -0.75874E-04  0.29172E-02 -0.53354E+00 -0.16694E-01 -0.52394E+00 
  110.00  0.13847E+00 -0.73828E+00  0.84755E-03  0.50586E-03  0.93532E+00 -0.13212E-03  0.28055E-02 -0.55647E+00 -0.17100E-01 -0.54573E+00 
  111.00  0.13802E+00 -0.72162E+00  0.91545E-03  0.55856E-03  0.93531E+00 -0.18408E-03  0.26750E-02 -0.57855E+00 -0.17409E-01 -0.56664E+00 
  112.00  0.13762E+00 -0.70463E+00  0.96937E-03  0.60600E-03  0.93531E+00 -0.23057E-03  0.25275E-02 -0.59976E+00 -0.17629E-01 -0.58669E+00 
  113.00  0.13725E+00 -0.68734E+00  0.10081E-02  0.64880E-03  0.93534E+00 -0.27048E-03  0.23651E-02 -0.62011E+00 -0.17767E-01 -0.60586E+00 
  114.00  0.13693E+00 -0.66982E+00  0.10304E-02  0.68772E-03  0.93539E+00 -0.30283E-03  0.21902E-02 -0.63959E+00 -0.17828E-01 -0.62418E+00 
  115.00  0.13666E+00 -0.65210E+00  0.10353E-02  0.72363E-03  0.93546E+00 -0.32678E-03  0.20050E-02 -0.65823E+00 -0.17818E-01 -0.64165E+00 
  116.00  0.13644E+00 -0.63425E+00  0.10220E-02  0.75753E-03  0.93555E+00 -0.34166E-03  0.18121E-02 -0.67602E+00 -0.17740E-01 -0.65829E+00 
  117.00  0.13626E+00 -0.61631E+00  0.98998E-03  0.79051E-03  0.93567E+00 -0.34702E-03  0.16138E-02 -0.69298E+00 -0.17598E-01 -0.67411E+00 
  118.00  0.13614E+00 -0.59832E+00  0.93871E-03  0.82371E-03  0.93580E+00 -0.34263E-03  0.14123E-02 -0.70913E+00 -0.17395E-01 -0.68914E+00 
  119.00  0.13608E+00 -0.58032E+00  0.86805E-03  0.85833E-03  0.93597E+00 -0.32850E-03  0.12097E-02 -0.72449E+00 -0.17132E-01 -0.70339E+00 
  120.00  0.13608E+00 -0.56235E+00  0.77809E-03  0.89557E-03  0.93616E+00 -0.30486E-03  0.10081E-02 -0.73907E+00 -0.16813E-01 -0.71690E+00 
  121.00  0.13614E+00 -0.54446E+00  0.66916E-03  0.93658E-03  0.93637E+00 -0.27220E-03  0.80904E-03 -0.75290E+00 -0.16440E-01 -0.72969E+00 
  122.00  0.13626E+00 -0.52667E+00  0.54188E-03  0.98246E-03  0.93661E+00 -0.23122E-03  0.61400E-03 -0.76601E+00 -0.16016E-01 -0.74177E+00 
  123.00  0.13644E+00 -0.50901E+00  0.39713E-03  0.10342E-02  0.93687E+00 -0.18282E-03  0.42417E-03 -0.77841E+00 -0.15544E-01 -0.75319E+00 
  124.00  0.13668E+00 -0.49151E+00  0.23605E-03  0.10925E-02  0.93716E+00 -0.12806E-03  0.24048E-03 -0.79013E+00 -0.15027E-01 -0.76396E+00 
  125.00  0.13698E+00 -0.47419E+00  0.60035E-04  0.11582E-02  0.93747E+00 -0.68151E-04  0.63659E-04 -0.80120E+00 -0.14472E-01 -0.77411E+00 
  126.00  0.13734E+00 -0.45708E+00 -0.12928E-03  0.12316E-02  0.93780E+00 -0.44099E-05 -0.10581E-03 -0.81164E+00 -0.13881E-01 -0.78367E+00 
  127.00  0.13776E+00 -0.44019E+00 -0.33004E-03  0.13130E-02  0.93814E+00  0.61799E-04 -0.26759E-03 -0.82148E+00 -0.13262E-01 -0.79265E+00 
  128.00  0.13822E+00 -0.42354E+00 -0.54023E-03  0.14022E-02  0.93850E+00  0.12909E-03 -0.42152E-03 -0.83074E+00 -0.12619E-01 -0.80110E+00 
  129.00  0.13873E+00 -0.40713E+00 -0.75767E-03  0.14992E-02  0.93886E+00  0.19610E-03 -0.56752E-03 -0.83945E+00 -0.11959E-01 -0.80902E+00 
  130.00  0.13929E+00 -0.39098E+00 -0.98006E-03  0.16033E-02  0.93923E+00  0.26152E-03 -0.70556E-03 -0.84764E+00 -0.11288E-01 -0.81644E+00 
  131.00  0.13988E+00 -0.37510E+00 -0.12050E-02  0.17139E-02  0.93961E+00  0.32414E-03 -0.83569E-03 -0.85531E+00 -0.10613E-01 -0.82338E+00 
  132.00  0.14051E+00 -0.35950E+00 -0.14302E-02  0.18301E-02  0.93998E+00  0.38287E-03 -0.95794E-03 -0.86251E+00 -0.99396E-02 -0.82985E+00 
  133.00  0.14116E+00 -0.34418E+00 -0.16531E-02  0.19510E-02  0.94035E+00  0.43675E-03 -0.10723E-02 -0.86924E+00 -0.92743E-02 -0.83589E+00 
  134.00  0.14184E+00 -0.32914E+00 -0.18715E-02  0.20754E-02  0.94071E+00  0.48500E-03 -0.11788E-02 -0.87553E+00 -0.86230E-02 -0.84151E+00 
  135.00  0.14254E+00 -0.31439E+00 -0.20830E-02  0.22021E-02  0.94106E+00  0.52699E-03 -0.12774E-02 -0.88140E+00 -0.79911E-02 -0.84672E+00 
  136.00  0.14325E+00 -0.29994E+00 -0.22855E-02  0.23301E-02  0.94140E+00  0.56227E-03 -0.13679E-02 -0.88687E+00 -0.73836E-02 -0.85154E+00 
  137.00  0.14397E+00 -0.28578E+00 -0.24769E-02  0.24580E-02  0.94172E+00  0.59056E-03 -0.14503E-02 -0.89195E+00 -0.68048E-02 -0.85599E+00 
  138.00  0.14469E+00 -0.27193E+00 -0.26555E-02  0.25848E-02  0.94202E+00  0.61175E-03 -0.15244E-02 -0.89667E+00 -0.62587E-02 -0.86008E+00 
  139.00  0.14542E+00 -0.25838E+00 -0.28196E-02  0.27094E-02  0.94231E+00  0.62589E-03 -0.15900E-02 -0.90105E+00 -0.57484E-02 -0.86384E+00 
  140.00  0.14615E+00 -0.24514E+00 -0.29677E-02  0.28308E-02  0.94258E+00  0.63316E-03 -0.16470E-02 -0.90509E+00 -0.52765E-02 -0.86726E+00 
  141.00  0.14687E+00 -0.23221E+00 -0.30986E-02  0.29483E-02  0.94282E+00  0.63387E-03 -0.16952E-02 -0.90882E+00 -0.48449E-02 -0.87038E+00 
  142.00  0.14759E+00 -0.21959E+00 -0.32114E-02  0.30612E-02  0.94305E+00  0.62842E-03 -0.17344E-02 -0.91226E+00 -0.44548E-02 -0.87320E+00 
  143.00  0.14830E+00 -0.20728E+00 -0.33053E-02  0.31690E-02  0.94325E+00  0.61733E-03 -0.17647E-02 -0.91541E+00 -0.41068E-02 -0.87575E+00 
  144.00  0.14899E+00 -0.19530E+00 -0.33797E-02  0.32712E-02  0.94342E+00  0.60117E-03 -0.17860E-02 -0.91830E+00 -0.38009E-02 -0.87802E+00 
  145.00  0.14968E+00 -0.18364E+00 -0.34343E-02  0.33676E-02  0.94358E+00  0.58054E-03 -0.17982E-02 -0.92094E+00 -0.35365E-02 -0.88005E+00 
  146.00  0.15036E+00 -0.17231E+00 -0.34692E-02  0.34582E-02  0.94371E+00  0.55611E-03 -0.18017E-02 -0.92335E+00 -0.33124E-02 -0.88184E+00 
  147.00  0.15102E+00 -0.16131E+00 -0.34843E-02  0.35429E-02  0.94381E+00  0.52852E-03 -0.17964E-02 -0.92553E+00 -0.31267E-02 -0.88340E+00 
  148.00  0.15167E+00 -0.15065E+00 -0.34801E-02  0.36219E-02  0.94389E+00  0.49843E-03 -0.17828E-02 -0.92751E+00 -0.29773E-02 -0.88475E+00 
  149.00  0.15232E+00 -0.14032E+00 -0.34569E-02  0.36953E-02  0.94395E+00  0.46647E-03 -0.17611E-02 -0.92930E+00 -0.28614E-02 -0.88590E+00 
  150.00  0.15295E+00 -0.13034E+00 -0.34156E-02  0.37634E-02  0.94397E+00  0.43326E-03 -0.17316E-02 -0.93090E+00 -0.27757E-02 -0.88685E+00 
  151.00  0.15357E+00 -0.12071E+00 -0.33568E-02  0.38264E-02  0.94397E+00  0.39935E-03 -0.16949E-02 -0.93234E+00 -0.27167E-02 -0.88763E+00 
  152.00  0.15419E+00 -0.11144E+00 -0.32816E-02  0.38847E-02  0.94393E+00  0.36528E-03 -0.16514E-02 -0.93361E+00 -0.26803E-02 -0.88824E+00 
  153.00  0.15480E+00 -0.10253E+00 -0.31909E-02  0.39387E-02  0.94387E+00  0.33152E-03 -0.16015E-02 -0.93474E+00 -0.26622E-02 -0.88868E+00 
  154.00  0.15540E+00 -0.93989E-01 -0.30860E-02  0.39885E-02  0.94377E+00  0.29847E-03 -0.15460E-02 -0.93572E+00 -0.26580E-02 -0.88896E+00 
  155.00  0.15600E+00 -0.85822E-01 -0.29682E-02  0.40346E-02  0.94364E+00  0.26650E-03 -0.14852E-02 -0.93658E+00 -0.26629E-02 -0.88910E+00 
  156.00  0.15660E+00 -0.78035E-01 -0.28389E-02  0.40771E-02  0.94348E+00  0.23592E-03 -0.14199E-02 -0.93731E+00 -0.26722E-02 -0.88909E+00 
  157.00  0.15720E+00 -0.70635E-01 -0.26994E-02  0.41164E-02  0.94327E+00  0.20697E-03 -0.13505E-02 -0.93792E+00 -0.26811E-02 -0.88893E+00 
  158.00  0.15779E+00 -0.63627E-01 -0.25513E-02  0.41526E-02  0.94304E+00  0.17985E-03 -0.12776E-02 -0.93841E+00 -0.26850E-02 -0.88865E+00 
  159.00  0.15840E+00 -0.57016E-01 -0.23961E-02  0.41860E-02  0.94276E+00  0.15471E-03 -0.12019E-02 -0.93880E+00 -0.26797E-02 -0.88823E+00 
  160.00  0.15900E+00 -0.50805E-01 -0.22354E-02  0.42166E-02  0.94245E+00  0.13165E-03 -0.11239E-02 -0.93908E+00 -0.26612E-02 -0.88769E+00 
  161.00  0.15960E+00 -0.44996E-01 -0.20708E-02  0.42447E-02  0.94211E+00  0.11071E-03 -0.10442E-02 -0.93927E+00 -0.26261E-02 -0.88703E+00 
  162.00  0.16021E+00 -0.39590E-01 -0.19040E-02  0.42703E-02  0.94173E+00  0.91921E-04 -0.96351E-03 -0.93937E+00 -0.25717E-02 -0.88625E+00 
  163.00  0.16082E+00 -0.34586E-01 -0.17365E-02  0.42936E-02  0.94132E+00  0.75258E-04 -0.88230E-03 -0.93938E+00 -0.24960E-02 -0.88538E+00 
  164.00  0.16142E+00 -0.29979E-01 -0.15699E-02  0.43146E-02  0.94089E+00  0.60668E-04 -0.80124E-03 -0.93931E+00 -0.23979E-02 -0.88442E+00 
  165.00  0.16203E+00 -0.25763E-01 -0.14057E-02  0.43334E-02  0.94043E+00  0.48069E-04 -0.72094E-03 -0.93917E+00 -0.22771E-02 -0.88337E+00 
  166.00  0.16263E+00 -0.21931E-01 -0.12453E-02  0.43502E-02  0.93995E+00  0.37353E-04 -0.64203E-03 -0.93897E+00 -0.21345E-02 -0.88226E+00 
  167.00  0.16322E+00 -0.18471E-01 -0.10903E-02  0.43650E-02  0.93947E+00  0.28392E-04 -0.56513E-03 -0.93871E+00 -0.19719E-02 -0.88111E+00 
  168.00  0.16379E+00 -0.15371E-01 -0.94182E-03  0.43780E-02  0.93897E+00  0.21041E-04 -0.49087E-03 -0.93841E+00 -0.17920E-02 -0.87992E+00 
  169.00  0.16435E+00 -0.12615E-01 -0.80112E-03  0.43892E-02  0.93848E+00  0.15140E-04 -0.41984E-03 -0.93808E+00 -0.15983E-02 -0.87872E+00 
  170.00  0.16489E+00 -0.10186E-01 -0.66927E-03  0.43988E-02  0.93800E+00  0.10521E-04 -0.35266E-03 -0.93772E+00 -0.13952E-02 -0.87753E+00 
  171.00  0.16540E+00 -0.80668E-02 -0.54727E-03  0.44068E-02  0.93754E+00  0.70115E-05 -0.28990E-03 -0.93734E+00 -0.11877E-02 -0.87636E+00 
  172.00  0.16587E+00 -0.62381E-02 -0.43599E-03  0.44136E-02  0.93709E+00  0.44389E-05 -0.23211E-03 -0.93697E+00 -0.98126E-03 -0.87525E+00 
  173.00  0.16631E+00 -0.46809E-02 -0.33616E-03  0.44191E-02  0.93668E+00  0.26344E-05 -0.17980E-03 -0.93661E+00 -0.78153E-03 -0.87421E+00 
  174.00  0.16670E+00 -0.33764E-02 -0.24845E-03  0.44236E-02  0.93631E+00  0.14373E-05 -0.13345E-03 -0.93627E+00 -0.59421E-03 -0.87326E+00 
  175.00  0.16704E+00 -0.23069E-02 -0.17339E-03  0.44271E-02  0.93598E+00  0.69943E-06 -0.93474E-04 -0.93596E+00 -0.42481E-03 -0.87242E+00 
  176.00  0.16732E+00 -0.14561E-02 -0.11140E-03  0.44297E-02  0.93571E+00  0.28862E-06 -0.60247E-04 -0.93570E+00 -0.27842E-03 -0.87171E+00 
  177.00  0.16755E+00 -0.81002E-03 -0.62853E-04  0.44317E-02  0.93549E+00  0.91848E-07 -0.34075E-04 -0.93548E+00 -0.15954E-03 -0.87114E+00 
  178.00  0.16771E+00 -0.35709E-03 -0.27994E-04  0.44330E-02  0.93533E+00  0.18218E-07 -0.15204E-04 -0.93533E+00 -0.71852E-04 -0.87073E+00 
  179.00  0.16781E+00 -0.88832E-04 -0.70072E-05  0.44338E-02  0.93523E+00  0.11414E-08 -0.38100E-05 -0.93523E+00 -0.18106E-04 -0.87048E+00 
  180.00  0.16785E+00 -0.21979E-14 -0.17374E-15  0.44341E-02  0.93520E+00  0.70167E-30 -0.94500E-16 -0.93520E+00 -0.44993E-15 -0.87039E+00 
 scattering matrix expansion coefficients
    w  a11         a22         a33         a23         a32         a44         a12         a34         a13         a24         a14
    0  0.1000E+01  0.0000E+00  0.0000E+00  0.0000E+00  0.0000E+00  0.8314E+00  0.0000E+00  0.0000E+00  0.0000E+00  0.0000E+00  0.2015E-03
    1  0.2332E+01  0.0000E+00  0.0000E+00  0.0000E+00  0.0000E+00  0.2474E+01  0.0000E+00  0.0000E+00  0.0000E+00  0.0000E+00  0.1386E-03
    2  0.3343E+01  0.1937E+00  0.4083E+01  0.3050E-05  0.7411E-03  0.3358E+01 -0.3346E+00 -0.8247E-03 -0.2512E-03  0.3697E-03  0.1009E-02
    3  0.3974E+01  0.6099E-01  0.4381E+01  0.8992E-06  0.3937E-03  0.3987E+01 -0.1942E+00  0.6875E-03 -0.3205E-04 -0.2703E-05  0.6856E-03
    4  0.4430E+01  0.3392E-01  0.4728E+01  0.3190E-05  0.5571E-03  0.4414E+01 -0.9051E-01 -0.3168E-02 -0.1351E-03 -0.3903E-03  0.7581E-03
    5  0.4621E+01  0.1179E-01  0.4908E+01 -0.8808E-06  0.8015E-03  0.4598E+01 -0.5158E-01  0.4328E-03  0.4672E-03  0.2766E-03  0.7764E-03
    6  0.4510E+01 -0.4370E-02  0.4805E+01 -0.1483E-05  0.8650E-03  0.4506E+01 -0.9083E-01  0.7965E-02 -0.3984E-03 -0.1182E-03  0.8209E-03
    7  0.4184E+01 -0.8536E-02  0.4455E+01 -0.1427E-05  0.8108E-03  0.4202E+01 -0.1469E+00  0.7561E-02  0.7206E-04 -0.7818E-04  0.6185E-03
    8  0.3789E+01  0.5429E-03  0.4006E+01  0.1234E-05  0.1124E-02  0.3805E+01 -0.1484E+00  0.1890E-02  0.9650E-04 -0.1744E-05  0.2662E-04
    9  0.3391E+01  0.1006E-01  0.3555E+01  0.2185E-05  0.1009E-02  0.3387E+01 -0.1036E+00  0.9395E-03  0.6294E-04 -0.7381E-04 -0.4135E-03
   10  0.2966E+01  0.9071E-02  0.3101E+01  0.8464E-06  0.7660E-03  0.2953E+01 -0.6594E-01  0.5687E-02  0.3442E-05 -0.1659E-03 -0.6705E-03
   11  0.2478E+01  0.4903E-03  0.2605E+01  0.8374E-06  0.2759E-03  0.2476E+01 -0.6783E-01  0.1224E-01 -0.1367E-03 -0.5817E-04 -0.8326E-03
   12  0.1955E+01 -0.1814E-02  0.2069E+01  0.3953E-06 -0.1464E-03  0.1959E+01 -0.8592E-01  0.1507E-01 -0.1544E-03  0.4430E-04 -0.7742E-03
   13  0.1449E+01 -0.5568E-03  0.1540E+01  0.7396E-07 -0.2218E-03  0.1453E+01 -0.9601E-01  0.1407E-01 -0.7240E-04  0.3597E-04 -0.5997E-03
   14  0.1009E+01  0.3309E-03  0.1076E+01 -0.1468E-06 -0.1118E-03  0.1011E+01 -0.9275E-01  0.1040E-01  0.5938E-05  0.2119E-04 -0.4199E-03
   15  0.6621E+00  0.7921E-03  0.7078E+00  0.1766E-07 -0.2594E-04  0.6638E+00 -0.7944E-01  0.5962E-02  0.3038E-04  0.2391E-04 -0.2924E-03
   16  0.4148E+00  0.1488E-02  0.4430E+00  0.8542E-07 -0.2308E-04  0.4151E+00 -0.5987E-01  0.2295E-02  0.1312E-04  0.8281E-05 -0.2449E-03
   17  0.2514E+00  0.1725E-02  0.2676E+00  0.5167E-07 -0.6452E-04  0.2505E+00 -0.3996E-01  0.3063E-03 -0.4319E-05 -0.2265E-05 -0.2288E-03
   18  0.1488E+00  0.1406E-02  0.1577E+00  0.2180E-07 -0.9226E-04  0.1475E+00 -0.2437E-01 -0.3083E-03 -0.6496E-05 -0.3503E-05 -0.2041E-03
   19  0.8555E-01  0.8573E-03  0.9058E-01  0.2998E-08 -0.8952E-04  0.8466E-01 -0.1442E-01 -0.2465E-03 -0.3050E-05 -0.3682E-06 -0.1630E-03
   20  0.4714E-01  0.4453E-03  0.5001E-01 -0.3226E-08 -0.6714E-04  0.4669E-01 -0.8672E-02 -0.6361E-04  0.9846E-06  0.3304E-05 -0.1126E-03
   21  0.2444E-01  0.2354E-03  0.2601E-01 -0.2024E-08 -0.4130E-04  0.2423E-01 -0.5277E-02  0.3788E-04  0.2722E-05  0.4620E-05 -0.6664E-04
   22  0.1174E-01  0.1490E-03  0.1252E-01  0.5942E-09 -0.2143E-04  0.1160E-01 -0.3095E-02  0.5430E-04  0.2574E-05  0.3935E-05 -0.3396E-04
   23  0.5170E-02  0.1019E-03  0.5509E-02  0.3973E-09 -0.9519E-05  0.5062E-02 -0.1670E-02  0.3772E-04  0.1684E-05  0.2507E-05 -0.1503E-04
   24  0.2077E-02  0.6433E-04  0.2202E-02 -0.4978E-10 -0.3652E-05  0.1998E-02 -0.8060E-03  0.1926E-04  0.8468E-06  0.1297E-05 -0.5878E-05
   25  0.7588E-03  0.3494E-04  0.7971E-03 -0.1042E-09 -0.1219E-05  0.7123E-03 -0.3452E-03  0.7928E-05  0.3471E-06  0.5619E-06 -0.2031E-05
   26  0.2521E-03  0.1622E-04  0.2613E-03 -0.5478E-10 -0.3634E-06  0.2290E-03 -0.1311E-03  0.2678E-05  0.1225E-06  0.2093E-06 -0.6274E-06
   27  0.7610E-04  0.6459E-05  0.7757E-04 -0.1566E-10 -0.9737E-07  0.6646E-04 -0.4420E-04  0.7772E-06  0.3719E-07  0.6882E-07 -0.1748E-06
   28  0.2086E-04  0.2225E-05  0.2086E-04 -0.2787E-11 -0.2409E-07  0.1742E-04 -0.1327E-04  0.1946E-06  0.1035E-07  0.1997E-07 -0.4363E-07
   29  0.5192E-05  0.6682E-06  0.5086E-05 -0.4644E-12 -0.5443E-08  0.4132E-05 -0.3558E-05  0.4413E-07  0.2587E-08  0.5160E-08 -0.9871E-08
   30  0.1174E-05  0.1763E-06  0.1126E-05 -0.8687E-13 -0.1036E-08  0.8885E-06 -0.8542E-06  0.9095E-08  0.5181E-09  0.1145E-08 -0.1983E-08
   31  0.2410E-06  0.4111E-07  0.2261E-06  0.4041E-13 -0.1793E-09  0.1732E-06 -0.1840E-06  0.1655E-08  0.9587E-10  0.2156E-09 -0.3345E-09
   32  0.4515E-07  0.8543E-08  0.4152E-07  0.2742E-13 -0.2667E-10  0.3084E-07 -0.3580E-07  0.3071E-09  0.1465E-10  0.3142E-10 -0.4520E-10
   33  0.7458E-08  0.1545E-08  0.6719E-08  0.7028E-14 -0.3077E-11  0.4840E-08 -0.6115E-08  0.4618E-10  0.1847E-11  0.3296E-11 -0.4289E-11
   34  0.1158E-08  0.2575E-09  0.1025E-08  0.1542E-14 -0.2705E-12  0.7160E-09 -0.9737E-09  0.7578E-11  0.1639E-12  0.2091E-12 -0.2637E-12
   35  0.1362E-09  0.3248E-10  0.1182E-09  0.4726E-15 -0.7624E-14  0.7980E-10 -0.1175E-09  0.8588E-12  0.8048E-14 -0.2301E-13  0.3889E-13
   36  0.1767E-10  0.4431E-11  0.1509E-10  0.9723E-16  0.4002E-15  0.9887E-11 -0.1551E-10  0.1056E-12 -0.9732E-16 -0.2719E-14  0.2870E-14
   37  0.9630E-12  0.2564E-12  0.8079E-12  0.1049E-16  0.2440E-15  0.5101E-12 -0.8650E-12  0.6186E-14 -0.1285E-15 -0.6149E-15  0.8585E-15
   38  0.1746E-12  0.5001E-13  0.1461E-12  0.1615E-17 -0.1729E-16  0.8890E-13 -0.1602E-12  0.8183E-15  0.6781E-17  0.4985E-16 -0.8427E-16
