 input file is 
mstm22_256_6398_13_03.inp     
 input file comments follow:
***********************************************************
  This is the default mstm input file for v.3.0.
  The run is for a 7-sphere cluster of identical spheres.   The positions
  are embedded in the input file.

  The run makes use of the new_run and multiple_run options.

  14 April 2013
***********************************************************
 number of processors:
   1
 input parameters for run number 
    1
 number of spheres, volume size parameter:
  256  0.40625E+01
 position file:
position/n256/a22.out                                       
 output file:
output/256/x6398/13/03/mt_22_256_6398_13_03.dat             
 length, ref. indx. scale factors:
   0.640   1.300   0.300
 chiral factors:
  0.00000E+00  0.00000E+00
 scattering matrix directions based on incident frame
 automatic scattering angle calculation
 thetamin, thetamax:
      0.0    180.0
 number scattering angles:
      181
 epsmie, epssoln, max number iterations:
  0.1000E-05  0.1000E-07 5000
 medium refractive index:
  1.0000  0.0000
 target euler rotation angles:
    0.0000    0.0000    0.0000
 far field kr, iterations/correction:
 -0.1000E+01   20
 plane wave incidence
 random orientation calculations
 t matrix calculated, stored in file 
tmatrixfiles/2225663981303                                  
 t matrix convergence epsilon:
  0.1000E-06
 all spheres excited (total T matrix) 
 calculation results for run 
    1
 total ext, abs, scat efficiencies, w.r.t. xv, and asym. parm
  0.32542E+01  0.25003E+01  0.75386E+00  0.74865E+00
 scattering matrix elements (normalized w/ S11)
   theta      11           12           13           14           22           23           24           33           34           44      
    0.00  0.87391E+02  0.00000E+00  0.00000E+00 -0.13439E-04  0.99991E+00 -0.58947E-04  0.00000E+00  0.99991E+00  0.00000E+00  0.99982E+00 
    1.00  0.85519E+02 -0.14956E-03  0.11961E-07 -0.14383E-04  0.99991E+00 -0.56811E-04  0.18714E-07  0.99991E+00 -0.53558E-04  0.99982E+00 
    2.00  0.80191E+02 -0.60110E-03  0.44562E-07 -0.17096E-04  0.99990E+00 -0.50485E-04  0.74517E-07  0.99990E+00 -0.21610E-03  0.99981E+00 
    3.00  0.72196E+02 -0.13633E-02  0.88058E-07 -0.21216E-04  0.99990E+00 -0.40237E-04  0.16588E-06  0.99990E+00 -0.49155E-03  0.99980E+00 
    4.00  0.62636E+02 -0.24505E-02  0.12683E-06 -0.26153E-04  0.99989E+00 -0.26586E-04  0.28861E-06  0.99989E+00 -0.88041E-03  0.99978E+00 
    5.00  0.52666E+02 -0.38818E-02  0.14135E-06 -0.31142E-04  0.99988E+00 -0.10382E-04  0.43394E-06  0.99987E+00 -0.13696E-02  0.99976E+00 
    6.00  0.43266E+02 -0.56768E-02  0.11272E-06 -0.35437E-04  0.99987E+00  0.72017E-05  0.58718E-06  0.99985E+00 -0.19185E-02  0.99972E+00 
    7.00  0.35084E+02 -0.78458E-02  0.29812E-07 -0.38647E-04  0.99985E+00  0.24877E-04  0.72918E-06  0.99981E+00 -0.24479E-02  0.99967E+00 
    8.00  0.28391E+02 -0.10378E-01 -0.10436E-06 -0.41129E-04  0.99982E+00  0.41744E-04  0.84133E-06  0.99976E+00 -0.28468E-02  0.99959E+00 
    9.00  0.23148E+02 -0.13231E-01 -0.27467E-06 -0.44047E-04  0.99979E+00  0.57851E-04  0.91041E-06  0.99969E+00 -0.30114E-02  0.99949E+00 
   10.00  0.19121E+02 -0.16343E-01 -0.46855E-06 -0.48721E-04  0.99974E+00  0.74210E-04  0.92252E-06  0.99960E+00 -0.29047E-02  0.99936E+00 
   11.00  0.16011E+02 -0.19656E-01 -0.69163E-06 -0.55525E-04  0.99968E+00  0.91814E-04  0.84014E-06  0.99949E+00 -0.25904E-02  0.99919E+00 
   12.00  0.13559E+02 -0.23142E-01 -0.96123E-06 -0.63267E-04  0.99961E+00  0.11021E-03  0.57597E-06  0.99935E+00 -0.22049E-02  0.99898E+00 
   13.00  0.11582E+02 -0.26816E-01 -0.12672E-05 -0.69826E-04  0.99951E+00  0.12678E-03 -0.40300E-08  0.99918E+00 -0.18879E-02  0.99872E+00 
   14.00  0.99752E+01 -0.30726E-01 -0.15166E-05 -0.73884E-04  0.99940E+00  0.13760E-03 -0.10171E-05  0.99897E+00 -0.17191E-02  0.99841E+00 
   15.00  0.86791E+01 -0.34945E-01 -0.15028E-05 -0.76816E-04  0.99926E+00  0.13977E-03 -0.24351E-05  0.99872E+00 -0.16958E-02  0.99803E+00 
   16.00  0.76473E+01 -0.39553E-01 -0.94776E-06 -0.83305E-04  0.99912E+00  0.13415E-03 -0.39452E-05  0.99842E+00 -0.17625E-02  0.99760E+00 
   17.00  0.68276E+01 -0.44615E-01  0.37209E-06 -0.99439E-04  0.99897E+00  0.12624E-03 -0.49196E-05  0.99806E+00 -0.18828E-02  0.99711E+00 
   18.00  0.61620E+01 -0.50174E-01  0.24802E-05 -0.12882E-03  0.99883E+00  0.12378E-03 -0.45724E-05  0.99765E+00 -0.21077E-02  0.99657E+00 
   19.00  0.55977E+01 -0.56243E-01  0.51322E-05 -0.16915E-03  0.99869E+00  0.13207E-03 -0.22408E-05  0.99717E+00 -0.25862E-02  0.99597E+00 
   20.00  0.50991E+01 -0.62811E-01  0.78538E-05 -0.21146E-03  0.99857E+00  0.15012E-03  0.23489E-05  0.99662E+00 -0.35031E-02  0.99532E+00 
   21.00  0.46522E+01 -0.69841E-01  0.10046E-04 -0.24234E-03  0.99845E+00  0.16982E-03  0.89047E-05  0.99601E+00 -0.49700E-02  0.99462E+00 
   22.00  0.42588E+01 -0.77261E-01  0.11135E-04 -0.24852E-03  0.99835E+00  0.17842E-03  0.16510E-04  0.99533E+00 -0.69175E-02  0.99387E+00 
   23.00  0.39251E+01 -0.84964E-01  0.10753E-04 -0.22301E-03  0.99826E+00  0.16419E-03  0.23777E-04  0.99461E+00 -0.90464E-02  0.99308E+00 
   24.00  0.36509E+01 -0.92834E-01  0.89052E-05 -0.16991E-03  0.99818E+00  0.12322E-03  0.29313E-04  0.99384E+00 -0.10905E-01  0.99226E+00 
   25.00  0.34246E+01 -0.10079E+00  0.59820E-05 -0.10391E-03  0.99811E+00  0.63150E-04  0.32324E-04  0.99301E+00 -0.12087E-01  0.99140E+00 
   26.00  0.32263E+01 -0.10881E+00  0.25656E-05 -0.43576E-04  0.99803E+00  0.39907E-06  0.32962E-04  0.99211E+00 -0.12431E-01  0.99046E+00 
   27.00  0.30350E+01 -0.11696E+00 -0.83124E-06 -0.29731E-05  0.99794E+00 -0.47182E-04  0.32151E-04  0.99109E+00 -0.12075E-01  0.98938E+00 
   28.00  0.28361E+01 -0.12534E+00 -0.39191E-05  0.12971E-04  0.99781E+00 -0.67179E-04  0.31095E-04  0.98992E+00 -0.11366E-01  0.98814E+00 
   29.00  0.26259E+01 -0.13405E+00 -0.66255E-05  0.81612E-05  0.99765E+00 -0.56036E-04  0.30812E-04  0.98857E+00 -0.10715E-01  0.98668E+00 
   30.00  0.24104E+01 -0.14322E+00 -0.90010E-05 -0.78812E-05  0.99745E+00 -0.19445E-04  0.31868E-04  0.98703E+00 -0.10471E-01  0.98500E+00 
   31.00  0.22017E+01 -0.15292E+00 -0.11126E-04 -0.24262E-04  0.99721E+00  0.29360E-04  0.34293E-04  0.98527E+00 -0.10835E-01  0.98309E+00 
   32.00  0.20118E+01 -0.16321E+00 -0.13073E-04 -0.32946E-04  0.99696E+00  0.73580E-04  0.37637E-04  0.98331E+00 -0.11822E-01  0.98095E+00 
   33.00  0.18496E+01 -0.17410E+00 -0.14940E-04 -0.31712E-04  0.99670E+00  0.99162E-04  0.41139E-04  0.98115E+00 -0.13276E-01  0.97862E+00 
   34.00  0.17189E+01 -0.18558E+00 -0.16927E-04 -0.24064E-04  0.99646E+00  0.10136E-03  0.43941E-04  0.97879E+00 -0.14953E-01  0.97612E+00 
   35.00  0.16193E+01 -0.19758E+00 -0.19382E-04 -0.15545E-04  0.99627E+00  0.87491E-04  0.45225E-04  0.97623E+00 -0.16630E-01  0.97346E+00 
   36.00  0.15480E+01 -0.21003E+00 -0.22744E-04 -0.87251E-05  0.99614E+00  0.73295E-04  0.44220E-04  0.97348E+00 -0.18174E-01  0.97066E+00 
   37.00  0.15008E+01 -0.22284E+00 -0.27388E-04 -0.65895E-06  0.99608E+00  0.74630E-04  0.40176E-04  0.97053E+00 -0.19526E-01  0.96772E+00 
   38.00  0.14723E+01 -0.23595E+00 -0.33466E-04  0.15160E-04  0.99607E+00  0.99675E-04  0.32487E-04  0.96737E+00 -0.20638E-01  0.96459E+00 
   39.00  0.14555E+01 -0.24931E+00 -0.40857E-04  0.43973E-04  0.99609E+00  0.14609E-03  0.20965E-04  0.96398E+00 -0.21435E-01  0.96127E+00 
   40.00  0.14422E+01 -0.26292E+00 -0.49270E-04  0.85767E-04  0.99610E+00  0.20390E-03  0.61069E-05  0.96034E+00 -0.21825E-01  0.95767E+00 
   41.00  0.14236E+01 -0.27681E+00 -0.58419E-04  0.13464E-03  0.99606E+00  0.26120E-03 -0.10850E-04  0.95640E+00 -0.21750E-01  0.95375E+00 
   42.00  0.13921E+01 -0.29103E+00 -0.68139E-04  0.18111E-03  0.99596E+00  0.30873E-03 -0.28074E-04  0.95211E+00 -0.21224E-01  0.94943E+00 
   43.00  0.13436E+01 -0.30563E+00 -0.78371E-04  0.21536E-03  0.99578E+00  0.34164E-03 -0.43365E-04  0.94741E+00 -0.20334E-01  0.94464E+00 
   44.00  0.12782E+01 -0.32065E+00 -0.89014E-04  0.22971E-03  0.99552E+00  0.35895E-03 -0.54365E-04  0.94224E+00 -0.19224E-01  0.93935E+00 
   45.00  0.12007E+01 -0.33612E+00 -0.99698E-04  0.22026E-03  0.99519E+00  0.36214E-03 -0.58850E-04  0.93658E+00 -0.18060E-01  0.93352E+00 
   46.00  0.11189E+01 -0.35202E+00 -0.10958E-03  0.18778E-03  0.99482E+00  0.35412E-03 -0.55201E-04  0.93040E+00 -0.16985E-01  0.92718E+00 
   47.00  0.10408E+01 -0.36828E+00 -0.11729E-03  0.13783E-03  0.99444E+00  0.33872E-03 -0.43134E-04  0.92373E+00 -0.16074E-01  0.92036E+00 
   48.00  0.97264E+00 -0.38481E+00 -0.12134E-03  0.79507E-04  0.99410E+00  0.32071E-03 -0.24325E-04  0.91661E+00 -0.15305E-01  0.91313E+00 
   49.00  0.91700E+00 -0.40153E+00 -0.12072E-03  0.22241E-04  0.99381E+00  0.30571E-03 -0.23230E-05  0.90909E+00 -0.14560E-01  0.90556E+00 
   50.00  0.87273E+00 -0.41839E+00 -0.11571E-03 -0.28064E-04  0.99358E+00  0.29954E-03  0.18648E-04  0.90118E+00 -0.13694E-01  0.89762E+00 
   51.00  0.83585E+00 -0.43542E+00 -0.10799E-03 -0.71074E-04  0.99336E+00  0.30719E-03  0.35414E-04  0.89283E+00 -0.12613E-01  0.88926E+00 
   52.00  0.80139E+00 -0.45269E+00 -0.10018E-03 -0.11094E-03  0.99311E+00  0.33195E-03  0.46976E-04  0.88394E+00 -0.11324E-01  0.88033E+00 
   53.00  0.76512E+00 -0.47027E+00 -0.95112E-04 -0.15335E-03  0.99279E+00  0.37496E-03  0.54501E-04  0.87439E+00 -0.99328E-02  0.87070E+00 
   54.00  0.72474E+00 -0.48821E+00 -0.95188E-04 -0.20277E-03  0.99238E+00  0.43488E-03  0.60546E-04  0.86408E+00 -0.85915E-02  0.86026E+00 
   55.00  0.68030E+00 -0.50652E+00 -0.10191E-03 -0.26108E-03  0.99187E+00  0.50746E-03  0.68141E-04  0.85293E+00 -0.74521E-02  0.84892E+00 
   56.00  0.63367E+00 -0.52513E+00 -0.11546E-03 -0.32720E-03  0.99126E+00  0.58495E-03  0.79988E-04  0.84091E+00 -0.66176E-02  0.83669E+00 
   57.00  0.58767E+00 -0.54396E+00 -0.13430E-03 -0.39757E-03  0.99059E+00  0.65604E-03  0.97774E-04  0.82806E+00 -0.61070E-02  0.82360E+00 
   58.00  0.54501E+00 -0.56286E+00 -0.15498E-03 -0.46691E-03  0.98989E+00  0.70707E-03  0.12161E-03  0.81444E+00 -0.58376E-02  0.80977E+00 
   59.00  0.50759E+00 -0.58172E+00 -0.17246E-03 -0.52931E-03  0.98921E+00  0.72489E-03  0.14980E-03  0.80016E+00 -0.56396E-02  0.79532E+00 
   60.00  0.47614E+00 -0.60045E+00 -0.18133E-03 -0.57926E-03  0.98858E+00  0.70060E-03  0.17914E-03  0.78528E+00 -0.53101E-02  0.78033E+00 
   61.00  0.45036E+00 -0.61902E+00 -0.17730E-03 -0.61242E-03  0.98802E+00  0.63228E-03  0.20584E-03  0.76984E+00 -0.46883E-02  0.76483E+00 
   62.00  0.42923E+00 -0.63749E+00 -0.15847E-03 -0.62587E-03  0.98753E+00  0.52517E-03  0.22663E-03  0.75379E+00 -0.37136E-02  0.74876E+00 
   63.00  0.41148E+00 -0.65592E+00 -0.12565E-03 -0.61831E-03  0.98709E+00  0.38928E-03  0.23952E-03  0.73700E+00 -0.24377E-02  0.73199E+00 
   64.00  0.39590E+00 -0.67437E+00 -0.81795E-04 -0.59039E-03  0.98668E+00  0.23633E-03  0.24406E-03  0.71936E+00 -0.99306E-03  0.71439E+00 
   65.00  0.38161E+00 -0.69286E+00 -0.31120E-04 -0.54526E-03  0.98627E+00  0.77528E-04  0.24106E-03  0.70077E+00  0.45766E-03  0.69584E+00 
   66.00  0.36808E+00 -0.71134E+00  0.21735E-04 -0.48910E-03  0.98587E+00 -0.77107E-04  0.23226E-03  0.68117E+00  0.17666E-02  0.67628E+00 
   67.00  0.35504E+00 -0.72972E+00  0.72248E-04 -0.43083E-03  0.98544E+00 -0.21858E-03  0.21996E-03  0.66056E+00  0.28278E-02  0.65570E+00 
   68.00  0.34242E+00 -0.74789E+00  0.11633E-03 -0.38086E-03  0.98500E+00 -0.33853E-03  0.20679E-03  0.63898E+00  0.35864E-02  0.63416E+00 
   69.00  0.33024E+00 -0.76571E+00  0.15051E-03 -0.34890E-03  0.98453E+00 -0.42931E-03  0.19550E-03  0.61652E+00  0.40353E-02  0.61171E+00 
   70.00  0.31854E+00 -0.78306E+00  0.17205E-03 -0.34159E-03  0.98405E+00 -0.48462E-03  0.18869E-03  0.59325E+00  0.42037E-02  0.58846E+00 
   71.00  0.30737E+00 -0.79985E+00  0.17905E-03 -0.36083E-03  0.98355E+00 -0.50062E-03  0.18867E-03  0.56925E+00  0.41453E-02  0.56446E+00 
   72.00  0.29681E+00 -0.81604E+00  0.17072E-03 -0.40355E-03  0.98305E+00 -0.47715E-03  0.19722E-03  0.54456E+00  0.39278E-02  0.53978E+00 
   73.00  0.28698E+00 -0.83161E+00  0.14753E-03 -0.46308E-03  0.98256E+00 -0.41853E-03  0.21549E-03  0.51917E+00  0.36263E-02  0.51441E+00 
   74.00  0.27800E+00 -0.84658E+00  0.11147E-03 -0.53160E-03  0.98210E+00 -0.33369E-03  0.24393E-03  0.49305E+00  0.33198E-02  0.48835E+00 
   75.00  0.27003E+00 -0.86096E+00  0.66074E-04 -0.60291E-03  0.98168E+00 -0.23529E-03  0.28231E-03  0.46616E+00  0.30871E-02  0.46157E+00 
   76.00  0.26318E+00 -0.87477E+00  0.16229E-04 -0.67442E-03  0.98133E+00 -0.13792E-03  0.32974E-03  0.43846E+00  0.30021E-02  0.43402E+00 
   77.00  0.25752E+00 -0.88799E+00 -0.32511E-04 -0.74755E-03  0.98103E+00 -0.55418E-04  0.38477E-03  0.40990E+00  0.31261E-02  0.40569E+00 
   78.00  0.25298E+00 -0.90057E+00 -0.74859E-04 -0.82645E-03  0.98079E+00  0.17738E-05  0.44550E-03  0.38049E+00  0.35009E-02  0.37656E+00 
   79.00  0.24939E+00 -0.91244E+00 -0.10679E-03 -0.91553E-03  0.98059E+00  0.28473E-04  0.50973E-03  0.35027E+00  0.41424E-02  0.34666E+00 
   80.00  0.24644E+00 -0.92350E+00 -0.12623E-03 -0.10168E-02  0.98042E+00  0.25233E-04  0.57503E-03  0.31929E+00  0.50397E-02  0.31601E+00 
   81.00  0.24378E+00 -0.93365E+00 -0.13319E-03 -0.11280E-02  0.98023E+00 -0.27125E-05  0.63887E-03  0.28762E+00  0.61581E-02  0.28467E+00 
   82.00  0.24101E+00 -0.94279E+00 -0.12933E-03 -0.12428E-02  0.98001E+00 -0.47502E-04  0.69869E-03  0.25533E+00  0.74446E-02  0.25270E+00 
   83.00  0.23776E+00 -0.95082E+00 -0.11717E-03 -0.13518E-02  0.97974E+00 -0.10091E-03  0.75192E-03  0.22250E+00  0.88341E-02  0.22015E+00 
   84.00  0.23375E+00 -0.95767E+00 -0.99229E-04 -0.14444E-02  0.97939E+00 -0.15615E-03  0.79609E-03  0.18918E+00  0.10254E-01  0.18708E+00 
   85.00  0.22883E+00 -0.96326E+00 -0.77284E-04 -0.15114E-02  0.97894E+00 -0.20895E-03  0.82900E-03  0.15544E+00  0.11625E-01  0.15352E+00 
   86.00  0.22302E+00 -0.96757E+00 -0.51933E-04 -0.15463E-02  0.97840E+00 -0.25782E-03  0.84889E-03  0.12132E+00  0.12868E-01  0.11953E+00 
   87.00  0.21643E+00 -0.97054E+00 -0.22487E-04 -0.15473E-02  0.97774E+00 -0.30368E-03  0.85482E-03  0.86887E-01  0.13902E-01  0.85183E-01 
   88.00  0.20932E+00 -0.97216E+00  0.12826E-04 -0.15171E-02  0.97700E+00 -0.34906E-03  0.84702E-03  0.52209E-01  0.14653E-01  0.50549E-01 
   89.00  0.20200E+00 -0.97245E+00  0.56345E-04 -0.14631E-02  0.97618E+00 -0.39703E-03  0.82715E-03  0.17371E-01  0.15059E-01  0.15726E-01 
   90.00  0.19480E+00 -0.97143E+00  0.11024E-03 -0.13964E-02  0.97530E+00 -0.45006E-03  0.79846E-03 -0.17526E-01  0.15084E-01 -0.19165E-01 
   91.00  0.18802E+00 -0.96914E+00  0.17569E-03 -0.13292E-02  0.97443E+00 -0.50896E-03  0.76560E-03 -0.52369E-01  0.14728E-01 -0.53990E-01 
   92.00  0.18188E+00 -0.96566E+00  0.25219E-03 -0.12731E-02  0.97359E+00 -0.57232E-03  0.73399E-03 -0.87035E-01  0.14031E-01 -0.88604E-01 
   93.00  0.17656E+00 -0.96106E+00  0.33728E-03 -0.12360E-02  0.97284E+00 -0.63648E-03  0.70891E-03 -0.12141E+00  0.13075E-01 -0.12287E+00 
   94.00  0.17209E+00 -0.95544E+00  0.42671E-03 -0.12208E-02  0.97221E+00 -0.69625E-03  0.69443E-03 -0.15537E+00  0.11975E-01 -0.15666E+00 
   95.00  0.16848E+00 -0.94884E+00  0.51523E-03 -0.12251E-02  0.97173E+00 -0.74607E-03  0.69261E-03 -0.18884E+00  0.10859E-01 -0.18988E+00 
   96.00  0.16564E+00 -0.94135E+00  0.59765E-03 -0.12425E-02  0.97140E+00 -0.78131E-03  0.70308E-03 -0.22174E+00  0.98491E-02 -0.22246E+00 
   97.00  0.16345E+00 -0.93298E+00  0.66974E-03 -0.12645E-02  0.97121E+00 -0.79924E-03  0.72331E-03 -0.25403E+00  0.90458E-02 -0.25436E+00 
   98.00  0.16181E+00 -0.92378E+00  0.72900E-03 -0.12827E-02  0.97114E+00 -0.79950E-03  0.74926E-03 -0.28565E+00  0.85148E-02 -0.28556E+00 
   99.00  0.16057E+00 -0.91373E+00  0.77474E-03 -0.12911E-02  0.97116E+00 -0.78384E-03  0.77630E-03 -0.31659E+00  0.82845E-02 -0.31606E+00 
  100.00  0.15963E+00 -0.90287E+00  0.80783E-03 -0.12867E-02  0.97124E+00 -0.75559E-03  0.80009E-03 -0.34683E+00  0.83490E-02 -0.34584E+00 
  101.00  0.15891E+00 -0.89119E+00  0.83010E-03 -0.12698E-02  0.97134E+00 -0.71872E-03  0.81723E-03 -0.37635E+00  0.86753E-02 -0.37491E+00 
  102.00  0.15836E+00 -0.87872E+00  0.84359E-03 -0.12428E-02  0.97144E+00 -0.67701E-03  0.82560E-03 -0.40513E+00  0.92118E-02 -0.40324E+00 
  103.00  0.15792E+00 -0.86548E+00  0.84998E-03 -0.12096E-02  0.97154E+00 -0.63341E-03  0.82443E-03 -0.43315E+00  0.98970E-02 -0.43084E+00 
  104.00  0.15758E+00 -0.85150E+00  0.85004E-03 -0.11740E-02  0.97162E+00 -0.58965E-03  0.81404E-03 -0.46041E+00  0.10667E-01 -0.45767E+00 
  105.00  0.15734E+00 -0.83683E+00  0.84354E-03 -0.11388E-02  0.97168E+00 -0.54617E-03  0.79553E-03 -0.48688E+00  0.11461E-01 -0.48374E+00 
  106.00  0.15720E+00 -0.82152E+00  0.82929E-03 -0.11051E-02  0.97174E+00 -0.50234E-03  0.77036E-03 -0.51256E+00  0.12227E-01 -0.50901E+00 
  107.00  0.15715E+00 -0.80563E+00  0.80555E-03 -0.10726E-02  0.97181E+00 -0.45680E-03  0.74001E-03 -0.53745E+00  0.12920E-01 -0.53349E+00 
  108.00  0.15722E+00 -0.78921E+00  0.77047E-03 -0.10391E-02  0.97189E+00 -0.40804E-03  0.70569E-03 -0.56152E+00  0.13509E-01 -0.55716E+00 
  109.00  0.15741E+00 -0.77231E+00  0.72266E-03 -0.10022E-02  0.97199E+00 -0.35480E-03  0.66826E-03 -0.58479E+00  0.13974E-01 -0.58003E+00 
  110.00  0.15772E+00 -0.75500E+00  0.66155E-03 -0.95893E-03  0.97212E+00 -0.29647E-03  0.62820E-03 -0.60724E+00  0.14305E-01 -0.60208E+00 
  111.00  0.15816E+00 -0.73733E+00  0.58772E-03 -0.90740E-03  0.97227E+00 -0.23328E-03  0.58576E-03 -0.62887E+00  0.14501E-01 -0.62333E+00 
  112.00  0.15870E+00 -0.71933E+00  0.50287E-03 -0.84681E-03  0.97245E+00 -0.16633E-03  0.54106E-03 -0.64969E+00  0.14568E-01 -0.64377E+00 
  113.00  0.15934E+00 -0.70107E+00  0.40971E-03 -0.77783E-03  0.97266E+00 -0.97431E-04  0.49428E-03 -0.66968E+00  0.14518E-01 -0.66340E+00 
  114.00  0.16003E+00 -0.68258E+00  0.31154E-03 -0.70259E-03  0.97287E+00 -0.28812E-04  0.44576E-03 -0.68885E+00  0.14366E-01 -0.68223E+00 
  115.00  0.16074E+00 -0.66390E+00  0.21185E-03 -0.62427E-03  0.97307E+00  0.37159E-04  0.39609E-03 -0.70720E+00  0.14126E-01 -0.70026E+00 
  116.00  0.16143E+00 -0.64507E+00  0.11389E-03 -0.54674E-03  0.97327E+00  0.98291E-04  0.34609E-03 -0.72472E+00  0.13814E-01 -0.71746E+00 
  117.00  0.16204E+00 -0.62612E+00  0.20280E-04 -0.47394E-03  0.97344E+00  0.15279E-03  0.29680E-03 -0.74141E+00  0.13444E-01 -0.73385E+00 
  118.00  0.16253E+00 -0.60711E+00 -0.67174E-04 -0.40948E-03  0.97358E+00  0.19940E-03  0.24939E-03 -0.75728E+00  0.13026E-01 -0.74942E+00 
  119.00  0.16286E+00 -0.58808E+00 -0.14757E-03 -0.35626E-03  0.97368E+00  0.23744E-03  0.20511E-03 -0.77233E+00  0.12568E-01 -0.76416E+00 
  120.00  0.16298E+00 -0.56906E+00 -0.22084E-03 -0.31623E-03  0.97374E+00  0.26674E-03  0.16519E-03 -0.78657E+00  0.12076E-01 -0.77808E+00 
  121.00  0.16288E+00 -0.55011E+00 -0.28755E-03 -0.29040E-03  0.97377E+00  0.28759E-03  0.13079E-03 -0.80002E+00  0.11556E-01 -0.79118E+00 
  122.00  0.16255E+00 -0.53126E+00 -0.34870E-03 -0.27879E-03  0.97375E+00  0.30062E-03  0.10294E-03 -0.81268E+00  0.11010E-01 -0.80347E+00 
  123.00  0.16200E+00 -0.51258E+00 -0.40541E-03 -0.28059E-03  0.97370E+00  0.30669E-03  0.82477E-04 -0.82457E+00  0.10441E-01 -0.81499E+00 
  124.00  0.16126E+00 -0.49409E+00 -0.45869E-03 -0.29430E-03  0.97363E+00  0.30678E-03  0.69974E-04 -0.83574E+00  0.98520E-02 -0.82574E+00 
  125.00  0.16037E+00 -0.47584E+00 -0.50926E-03 -0.31789E-03  0.97354E+00  0.30195E-03  0.65678E-04 -0.84620E+00  0.92465E-02 -0.83576E+00 
  126.00  0.15936E+00 -0.45785E+00 -0.55738E-03 -0.34902E-03  0.97344E+00  0.29326E-03  0.69448E-04 -0.85598E+00  0.86278E-02 -0.84509E+00 
  127.00  0.15830E+00 -0.44017E+00 -0.60283E-03 -0.38514E-03  0.97333E+00  0.28173E-03  0.80704E-04 -0.86512E+00  0.79999E-02 -0.85376E+00 
  128.00  0.15724E+00 -0.42280E+00 -0.64489E-03 -0.42375E-03  0.97324E+00  0.26831E-03  0.98406E-04 -0.87366E+00  0.73669E-02 -0.86182E+00 
  129.00  0.15624E+00 -0.40578E+00 -0.68250E-03 -0.46248E-03  0.97315E+00  0.25384E-03  0.12108E-03 -0.88164E+00  0.67328E-02 -0.86930E+00 
  130.00  0.15533E+00 -0.38910E+00 -0.71434E-03 -0.49932E-03  0.97308E+00  0.23903E-03  0.14689E-03 -0.88908E+00  0.61013E-02 -0.87625E+00 
  131.00  0.15456E+00 -0.37279E+00 -0.73905E-03 -0.53271E-03  0.97302E+00  0.22446E-03  0.17378E-03 -0.89602E+00  0.54756E-02 -0.88269E+00 
  132.00  0.15396E+00 -0.35684E+00 -0.75539E-03 -0.56158E-03  0.97299E+00  0.21051E-03  0.19963E-03 -0.90249E+00  0.48586E-02 -0.88868E+00 
  133.00  0.15355E+00 -0.34125E+00 -0.76240E-03 -0.58547E-03  0.97298E+00  0.19744E-03  0.22246E-03 -0.90853E+00  0.42525E-02 -0.89423E+00 
  134.00  0.15334E+00 -0.32602E+00 -0.75951E-03 -0.60441E-03  0.97298E+00  0.18532E-03  0.24063E-03 -0.91416E+00  0.36592E-02 -0.89937E+00 
  135.00  0.15333E+00 -0.31116E+00 -0.74663E-03 -0.61890E-03  0.97299E+00  0.17410E-03  0.25295E-03 -0.91940E+00  0.30806E-02 -0.90414E+00 
  136.00  0.15352E+00 -0.29665E+00 -0.72415E-03 -0.62975E-03  0.97302E+00  0.16365E-03  0.25879E-03 -0.92427E+00  0.25182E-02 -0.90854E+00 
  137.00  0.15389E+00 -0.28249E+00 -0.69291E-03 -0.63792E-03  0.97306E+00  0.15373E-03  0.25812E-03 -0.92880E+00  0.19739E-02 -0.91261E+00 
  138.00  0.15442E+00 -0.26870E+00 -0.65416E-03 -0.64442E-03  0.97310E+00  0.14409E-03  0.25145E-03 -0.93299E+00  0.14497E-02 -0.91636E+00 
  139.00  0.15510E+00 -0.25526E+00 -0.60945E-03 -0.65013E-03  0.97315E+00  0.13449E-03  0.23969E-03 -0.93688E+00  0.94816E-03 -0.91980E+00 
  140.00  0.15589E+00 -0.24218E+00 -0.56052E-03 -0.65571E-03  0.97319E+00  0.12469E-03  0.22409E-03 -0.94046E+00  0.47221E-03 -0.92295E+00 
  141.00  0.15679E+00 -0.22946E+00 -0.50916E-03 -0.66155E-03  0.97323E+00  0.11454E-03  0.20604E-03 -0.94377E+00  0.25078E-04 -0.92583E+00 
  142.00  0.15776E+00 -0.21711E+00 -0.45716E-03 -0.66773E-03  0.97328E+00  0.10398E-03  0.18694E-03 -0.94680E+00 -0.38986E-03 -0.92844E+00 
  143.00  0.15878E+00 -0.20512E+00 -0.40613E-03 -0.67409E-03  0.97332E+00  0.93029E-04  0.16809E-03 -0.94959E+00 -0.76939E-03 -0.93081E+00 
  144.00  0.15985E+00 -0.19351E+00 -0.35748E-03 -0.68021E-03  0.97335E+00  0.81811E-04  0.15058E-03 -0.95213E+00 -0.11108E-02 -0.93296E+00 
  145.00  0.16093E+00 -0.18226E+00 -0.31231E-03 -0.68554E-03  0.97339E+00  0.70535E-04  0.13527E-03 -0.95445E+00 -0.14120E-02 -0.93489E+00 
  146.00  0.16203E+00 -0.17138E+00 -0.27141E-03 -0.68944E-03  0.97342E+00  0.59460E-04  0.12271E-03 -0.95657E+00 -0.16722E-02 -0.93662E+00 
  147.00  0.16312E+00 -0.16086E+00 -0.23521E-03 -0.69129E-03  0.97345E+00  0.48861E-04  0.11319E-03 -0.95848E+00 -0.18916E-02 -0.93818E+00 
  148.00  0.16421E+00 -0.15070E+00 -0.20385E-03 -0.69050E-03  0.97347E+00  0.38989E-04  0.10674E-03 -0.96022E+00 -0.20715E-02 -0.93956E+00 
  149.00  0.16527E+00 -0.14090E+00 -0.17718E-03 -0.68661E-03  0.97350E+00  0.30041E-04  0.10314E-03 -0.96180E+00 -0.22145E-02 -0.94079E+00 
  150.00  0.16631E+00 -0.13145E+00 -0.15482E-03 -0.67925E-03  0.97352E+00  0.22135E-04  0.10203E-03 -0.96322E+00 -0.23237E-02 -0.94188E+00 
  151.00  0.16733E+00 -0.12236E+00 -0.13625E-03 -0.66821E-03  0.97354E+00  0.15312E-04  0.10289E-03 -0.96450E+00 -0.24033E-02 -0.94285E+00 
  152.00  0.16831E+00 -0.11361E+00 -0.12084E-03 -0.65338E-03  0.97356E+00  0.95448E-05  0.10514E-03 -0.96565E+00 -0.24573E-02 -0.94369E+00 
  153.00  0.16926E+00 -0.10521E+00 -0.10796E-03 -0.63475E-03  0.97357E+00  0.47606E-05  0.10811E-03 -0.96668E+00 -0.24900E-02 -0.94442E+00 
  154.00  0.17018E+00 -0.97159E-01 -0.97037E-04 -0.61239E-03  0.97358E+00  0.87088E-06  0.11117E-03 -0.96760E+00 -0.25054E-02 -0.94506E+00 
  155.00  0.17107E+00 -0.89449E-01 -0.87545E-04 -0.58641E-03  0.97359E+00 -0.22077E-05  0.11369E-03 -0.96842E+00 -0.25066E-02 -0.94559E+00 
  156.00  0.17192E+00 -0.82081E-01 -0.79079E-04 -0.55699E-03  0.97359E+00 -0.45402E-05  0.11511E-03 -0.96914E+00 -0.24962E-02 -0.94604E+00 
  157.00  0.17274E+00 -0.75053E-01 -0.71332E-04 -0.52437E-03  0.97358E+00 -0.61732E-05  0.11501E-03 -0.96977E+00 -0.24760E-02 -0.94641E+00 
  158.00  0.17352E+00 -0.68365E-01 -0.64085E-04 -0.48883E-03  0.97357E+00 -0.71435E-05  0.11311E-03 -0.97032E+00 -0.24469E-02 -0.94670E+00 
  159.00  0.17428E+00 -0.62012E-01 -0.57191E-04 -0.45075E-03  0.97355E+00 -0.74930E-05  0.10934E-03 -0.97079E+00 -0.24089E-02 -0.94691E+00 
  160.00  0.17500E+00 -0.55992E-01 -0.50555E-04 -0.41061E-03  0.97352E+00 -0.72822E-05  0.10378E-03 -0.97119E+00 -0.23616E-02 -0.94705E+00 
  161.00  0.17569E+00 -0.50301E-01 -0.44117E-04 -0.36895E-03  0.97347E+00 -0.65979E-05  0.96730E-04 -0.97152E+00 -0.23041E-02 -0.94713E+00 
  162.00  0.17635E+00 -0.44935E-01 -0.37849E-04 -0.32634E-03  0.97342E+00 -0.55534E-05  0.88612E-04 -0.97179E+00 -0.22354E-02 -0.94714E+00 
  163.00  0.17698E+00 -0.39889E-01 -0.31744E-04 -0.28342E-03  0.97336E+00 -0.42802E-05  0.79931E-04 -0.97201E+00 -0.21543E-02 -0.94710E+00 
  164.00  0.17758E+00 -0.35158E-01 -0.25823E-04 -0.24076E-03  0.97328E+00 -0.29156E-05  0.71206E-04 -0.97217E+00 -0.20599E-02 -0.94701E+00 
  165.00  0.17814E+00 -0.30739E-01 -0.20132E-04 -0.19891E-03  0.97320E+00 -0.15894E-05  0.62900E-04 -0.97229E+00 -0.19514E-02 -0.94686E+00 
  166.00  0.17868E+00 -0.26628E-01 -0.14739E-04 -0.15833E-03  0.97310E+00 -0.41141E-06  0.55368E-04 -0.97237E+00 -0.18286E-02 -0.94668E+00 
  167.00  0.17918E+00 -0.22822E-01 -0.97321E-05 -0.11937E-03  0.97298E+00  0.53717E-06  0.48815E-04 -0.97240E+00 -0.16918E-02 -0.94645E+00 
  168.00  0.17966E+00 -0.19320E-01 -0.52113E-05 -0.82281E-04  0.97286E+00  0.12084E-05  0.43283E-04 -0.97241E+00 -0.15422E-02 -0.94618E+00 
  169.00  0.18010E+00 -0.16118E-01 -0.12852E-05 -0.47221E-04  0.97272E+00  0.15893E-05  0.38656E-04 -0.97238E+00 -0.13816E-02 -0.94588E+00 
  170.00  0.18052E+00 -0.13217E-01  0.19380E-05 -0.14262E-04  0.97258E+00  0.17004E-05  0.34695E-04 -0.97232E+00 -0.12127E-02 -0.94555E+00 
  171.00  0.18090E+00 -0.10614E-01  0.43619E-05  0.16572E-04  0.97242E+00  0.15906E-05  0.31088E-04 -0.97224E+00 -0.10389E-02 -0.94520E+00 
  172.00  0.18125E+00 -0.83097E-02  0.59180E-05  0.45266E-04  0.97226E+00  0.13292E-05  0.27516E-04 -0.97214E+00 -0.86423E-03 -0.94483E+00 
  173.00  0.18157E+00 -0.63002E-02  0.65867E-05  0.71763E-04  0.97210E+00  0.99388E-06  0.23724E-04 -0.97202E+00 -0.69330E-03 -0.94446E+00 
  174.00  0.18186E+00 -0.45824E-02  0.64196E-05  0.95924E-04  0.97194E+00  0.65733E-06  0.19590E-04 -0.97189E+00 -0.53097E-03 -0.94409E+00 
  175.00  0.18211E+00 -0.31507E-02  0.55547E-05  0.11750E-03  0.97179E+00  0.37482E-06  0.15162E-04 -0.97177E+00 -0.38227E-03 -0.94373E+00 
  176.00  0.18233E+00 -0.19977E-02  0.42168E-05  0.13611E-03  0.97166E+00  0.17566E-06  0.10669E-04 -0.97165E+00 -0.25215E-03 -0.94342E+00 
  177.00  0.18250E+00 -0.11146E-02  0.26969E-05  0.15131E-03  0.97154E+00  0.61641E-07  0.64833E-05 -0.97154E+00 -0.14528E-03 -0.94315E+00 
  178.00  0.18262E+00 -0.49224E-03  0.13112E-05  0.16262E-03  0.97146E+00  0.13102E-07  0.30505E-05 -0.97146E+00 -0.65700E-04 -0.94294E+00 
  179.00  0.18270E+00 -0.12256E-03  0.34573E-06  0.16960E-03  0.97140E+00  0.85555E-09  0.78970E-06 -0.97140E+00 -0.16599E-04 -0.94281E+00 
  180.00  0.18272E+00 -0.30333E-14  0.87211E-17  0.17197E-03  0.97138E+00  0.53322E-30  0.19803E-16 -0.97138E+00 -0.41286E-15 -0.94277E+00 
 scattering matrix expansion coefficients
    w  a11         a22         a33         a23         a32         a44         a12         a34         a13         a24         a14
    0  0.1000E+01  0.0000E+00  0.0000E+00  0.0000E+00  0.0000E+00  0.8100E+00  0.0000E+00  0.0000E+00  0.0000E+00  0.0000E+00 -0.1641E-03
    1  0.2246E+01  0.0000E+00  0.0000E+00  0.0000E+00  0.0000E+00  0.2411E+01  0.0000E+00  0.0000E+00  0.0000E+00  0.0000E+00 -0.9049E-04
    2  0.3092E+01  0.2240E+00  0.3963E+01 -0.6283E-07  0.3290E-03  0.3104E+01 -0.3913E+00 -0.2528E-02  0.8672E-05  0.1747E-03 -0.1364E-04
    3  0.3479E+01  0.7363E-01  0.3969E+01 -0.4308E-06  0.2770E-03  0.3478E+01 -0.2693E+00 -0.1303E-01 -0.3806E-04  0.4477E-05 -0.1748E-03
    4  0.3711E+01  0.3168E-01  0.4030E+01 -0.7514E-07 -0.1142E-04  0.3712E+01 -0.1989E+00 -0.1895E-01 -0.1573E-03 -0.6694E-04 -0.3567E-03
    5  0.3873E+01  0.1536E-01  0.4098E+01  0.2243E-06 -0.5605E-04  0.3882E+01 -0.1495E+00 -0.1857E-01  0.7521E-04  0.4278E-05 -0.3339E-03
    6  0.4014E+01  0.1602E-01  0.4172E+01 -0.1330E-06  0.1846E-03  0.4006E+01 -0.1024E+00 -0.1595E-01  0.2500E-04  0.7329E-04 -0.1589E-03
    7  0.4101E+01  0.3185E-02  0.4235E+01  0.7058E-07  0.1708E-03  0.4107E+01 -0.6777E-01 -0.9058E-02 -0.5403E-04  0.1967E-04 -0.1705E-03
    8  0.4137E+01  0.6967E-02  0.4253E+01 -0.5456E-08  0.1385E-03  0.4132E+01 -0.4166E-01 -0.4449E-02  0.1238E-03  0.2464E-04 -0.1286E-04
    9  0.4087E+01  0.8241E-02  0.4191E+01 -0.1849E-06  0.5074E-04  0.4068E+01 -0.3807E-01 -0.2121E-02  0.5519E-04  0.3782E-04  0.1156E-03
   10  0.3937E+01 -0.8731E-02  0.4048E+01  0.1371E-06 -0.2173E-03  0.3950E+01 -0.6898E-01 -0.1533E-02 -0.7382E-04  0.5664E-05  0.1557E-03
   11  0.3776E+01 -0.4395E-02  0.3870E+01  0.2618E-06 -0.3572E-03  0.3790E+01 -0.8455E-01 -0.3515E-02 -0.3458E-04 -0.1386E-04  0.8508E-04
   12  0.3644E+01  0.6021E-02  0.3710E+01  0.3880E-06 -0.2887E-03  0.3639E+01 -0.6284E-01 -0.6481E-02  0.1871E-04 -0.5589E-04 -0.6685E-04
   13  0.3517E+01  0.2257E-02  0.3574E+01  0.4112E-07 -0.2410E-03  0.3515E+01 -0.4118E-01 -0.6798E-02  0.2911E-04 -0.9881E-04 -0.1495E-03
   14  0.3388E+01  0.5943E-03  0.3440E+01 -0.9357E-07 -0.3154E-03  0.3389E+01 -0.3233E-01 -0.5440E-02 -0.1454E-04 -0.7747E-05 -0.2418E-04
   15  0.3246E+01  0.2388E-03  0.3293E+01  0.7382E-07 -0.4039E-03  0.3247E+01 -0.2501E-01 -0.5023E-02 -0.3667E-04  0.5445E-04  0.8977E-04
   16  0.3082E+01  0.1136E-02  0.3126E+01  0.8845E-07 -0.3874E-03  0.3080E+01 -0.1628E-01 -0.5235E-02 -0.1457E-04  0.1302E-04  0.7485E-05
   17  0.2888E+01  0.3119E-02  0.2927E+01  0.2251E-06 -0.2280E-03  0.2880E+01 -0.1514E-01 -0.4702E-02  0.1044E-04 -0.9973E-05 -0.9885E-04
   18  0.2657E+01 -0.1195E-02  0.2699E+01  0.3608E-07 -0.8523E-04  0.2657E+01 -0.2796E-01 -0.5205E-02  0.2672E-04 -0.1201E-05 -0.1440E-03
   19  0.2420E+01 -0.3595E-02  0.2460E+01 -0.7937E-07 -0.1056E-03  0.2426E+01 -0.3979E-01 -0.8293E-02 -0.1011E-04  0.2437E-04 -0.1624E-03
   20  0.2202E+01  0.9627E-03  0.2233E+01 -0.4983E-07 -0.2187E-03  0.2201E+01 -0.3726E-01 -0.1249E-01 -0.4098E-04  0.1232E-04 -0.1688E-03
   21  0.2003E+01  0.2251E-02  0.2027E+01 -0.1051E-07 -0.2996E-03  0.1998E+01 -0.3318E-01 -0.1515E-01 -0.2852E-04 -0.1972E-04 -0.1696E-03
   22  0.1822E+01 -0.1258E-02  0.1845E+01  0.6836E-07 -0.2842E-03  0.1823E+01 -0.3739E-01 -0.1579E-01 -0.2044E-05 -0.2789E-05 -0.1109E-03
   23  0.1674E+01 -0.2385E-02  0.1693E+01  0.2632E-07 -0.2022E-03  0.1679E+01 -0.3746E-01 -0.1527E-01  0.2880E-04  0.2812E-04  0.1652E-06
   24  0.1563E+01  0.1322E-03  0.1576E+01 -0.8319E-07 -0.1533E-03  0.1564E+01 -0.2352E-01 -0.1387E-01  0.3808E-04  0.3597E-04  0.7920E-04
   25  0.1469E+01  0.2394E-02  0.1479E+01 -0.9225E-07 -0.1851E-03  0.1465E+01 -0.4854E-02 -0.1167E-01  0.1160E-04  0.3082E-04  0.1253E-03
   26  0.1363E+01  0.2072E-02  0.1374E+01  0.4727E-08 -0.2410E-03  0.1359E+01  0.4268E-02 -0.9079E-02 -0.7416E-05  0.2498E-04  0.1757E-03
   27  0.1231E+01  0.3723E-03  0.1245E+01  0.3232E-07 -0.2660E-03  0.1230E+01  0.5357E-03 -0.6649E-02 -0.4549E-06  0.5028E-05  0.1815E-03
   28  0.1081E+01 -0.5518E-03  0.1095E+01 -0.8778E-08 -0.2645E-03  0.1082E+01 -0.9316E-02 -0.4829E-02  0.7011E-05 -0.2090E-04  0.1116E-03
   29  0.9304E+00 -0.7012E-03  0.9431E+00 -0.3458E-07 -0.2437E-03  0.9317E+00 -0.1814E-01 -0.3895E-02  0.3574E-05 -0.3157E-04  0.3317E-04
   30  0.7984E+00 -0.8163E-03  0.8088E+00 -0.2083E-07 -0.1835E-03  0.8001E+00 -0.2198E-01 -0.3851E-02  0.2690E-05 -0.1950E-04  0.1034E-04
   31  0.6967E+00 -0.5530E-03  0.7044E+00  0.1114E-07 -0.9157E-04  0.6983E+00 -0.1896E-01 -0.4310E-02  0.3075E-05 -0.4169E-05  0.1244E-04
   32  0.6242E+00  0.3427E-03  0.6292E+00  0.2021E-07 -0.9410E-05  0.6241E+00 -0.1054E-01 -0.4699E-02 -0.1798E-05  0.2761E-05 -0.7056E-05
   33  0.5679E+00  0.1045E-02  0.5712E+00  0.1194E-07  0.3198E-04  0.5662E+00 -0.2108E-02 -0.4688E-02 -0.7419E-05  0.2751E-05 -0.4167E-04
   34  0.5132E+00  0.8767E-03  0.5164E+00  0.9168E-08  0.3329E-04  0.5114E+00  0.1210E-02 -0.4398E-02 -0.6881E-05 -0.4500E-07 -0.6452E-04
   35  0.4538E+00  0.1681E-03  0.4577E+00  0.8571E-08  0.7980E-05  0.4533E+00 -0.9490E-03 -0.4158E-02 -0.1977E-05 -0.3283E-05 -0.7167E-04
   36  0.3932E+00 -0.3729E-03  0.3973E+00  0.4629E-08 -0.3431E-04  0.3938E+00 -0.4815E-02 -0.4136E-02  0.1411E-05 -0.3857E-05 -0.7088E-04
   37  0.3380E+00 -0.4387E-03  0.3416E+00  0.7522E-08 -0.8506E-04  0.3388E+00 -0.6606E-02 -0.4181E-02  0.1053E-05 -0.5114E-06 -0.5944E-04
   38  0.2919E+00 -0.1709E-03  0.2947E+00  0.1266E-07 -0.1320E-03  0.2923E+00 -0.5297E-02 -0.3964E-02 -0.6041E-06  0.4834E-05 -0.2828E-04
   39  0.2534E+00  0.1305E-03  0.2555E+00  0.1108E-07 -0.1616E-03  0.2532E+00 -0.2413E-02 -0.3247E-02 -0.1136E-05  0.8685E-05  0.2040E-04
   40  0.2180E+00  0.2558E-03  0.2197E+00  0.3535E-08 -0.1663E-03  0.2174E+00 -0.1605E-03 -0.2071E-02 -0.5859E-07  0.9207E-05  0.7003E-04
   41  0.1817E+00  0.1760E-03  0.1835E+00 -0.1827E-08 -0.1482E-03  0.1812E+00  0.2259E-03 -0.7367E-03  0.1566E-05  0.6821E-05  0.1020E-03
   42  0.1438E+00  0.6017E-05  0.1457E+00 -0.2655E-08 -0.1163E-03  0.1437E+00 -0.1013E-02  0.3827E-03  0.2704E-05  0.3367E-05  0.1084E-03
   43  0.1067E+00 -0.1197E-03  0.1086E+00 -0.1113E-08 -0.8147E-04  0.1069E+00 -0.2762E-02  0.1050E-02  0.2879E-05  0.3866E-06  0.9372E-04
   44  0.7358E-01 -0.1423E-03  0.7517E-01  0.2557E-09 -0.5150E-04  0.7386E-01 -0.3965E-02  0.1244E-02  0.2397E-05 -0.1302E-05  0.6909E-04
   45  0.4702E-01 -0.8900E-04  0.4819E-01  0.9483E-09 -0.2966E-04  0.4724E-01 -0.4187E-02  0.1105E-02  0.1668E-05 -0.1819E-05  0.4451E-04
   46  0.2783E-01 -0.1775E-04  0.2858E-01  0.1088E-08 -0.1569E-04  0.2792E-01 -0.3600E-02  0.8195E-03  0.1020E-05 -0.1603E-05  0.2550E-04
   47  0.1527E-01  0.3082E-04  0.1569E-01  0.9650E-09 -0.7656E-05  0.1526E-01 -0.2642E-02  0.5294E-03  0.5538E-06 -0.1134E-05  0.1314E-04
   48  0.7785E-02  0.4783E-04  0.7988E-02  0.6776E-09 -0.3469E-05  0.7727E-02 -0.1700E-02  0.3046E-03  0.2722E-06 -0.6825E-06  0.6137E-05
   49  0.3694E-02  0.4320E-04  0.3780E-02  0.3903E-09 -0.1471E-05  0.3632E-02 -0.9771E-03  0.1584E-03  0.1233E-06 -0.3614E-06  0.2612E-05
   50  0.1635E-02  0.3038E-04  0.1666E-02  0.1799E-09 -0.5883E-06  0.1589E-02 -0.5075E-03  0.7514E-04  0.5347E-07 -0.1702E-06  0.1015E-05
   51  0.6770E-03  0.1803E-04  0.6859E-03  0.6702E-10 -0.2226E-06  0.6481E-03 -0.2404E-03  0.3275E-04  0.2220E-07 -0.7195E-07  0.3625E-06
   52  0.2626E-03  0.9382E-05  0.2642E-03  0.1986E-10 -0.7923E-07  0.2471E-03 -0.1046E-03  0.1319E-04  0.9198E-08 -0.2773E-07  0.1205E-06
   53  0.9555E-04  0.4366E-05  0.9534E-04  0.4869E-11 -0.2607E-07  0.8820E-04 -0.4202E-04  0.4924E-05  0.3526E-08 -0.9956E-08  0.3795E-07
   54  0.3265E-04  0.1841E-05  0.3229E-04  0.1073E-11 -0.7791E-08  0.2950E-04 -0.1564E-04  0.1710E-05  0.1230E-08 -0.3381E-08  0.1171E-07
   55  0.1048E-04  0.7090E-06  0.1026E-04  0.3605E-12 -0.2034E-08  0.9253E-05 -0.5412E-05  0.5531E-06  0.3867E-09 -0.1140E-08  0.3633E-08
   56  0.3160E-05  0.2505E-06  0.3060E-05  0.2327E-12 -0.4378E-09  0.2721E-05 -0.1742E-05  0.1669E-06  0.9128E-10 -0.3760E-09  0.1123E-08
   57  0.8934E-06  0.8146E-07  0.8557E-06  0.1410E-12 -0.6466E-10  0.7496E-06 -0.5219E-06  0.4704E-07  0.1520E-10 -0.1241E-09  0.3554E-09
   58  0.2374E-06  0.2441E-07  0.2248E-06  0.6404E-13 -0.2237E-12  0.1940E-06 -0.1457E-06  0.1242E-07 -0.9881E-13 -0.4027E-10  0.1061E-09
   59  0.5863E-07  0.6727E-08  0.5486E-07  0.2263E-13  0.5373E-11  0.4658E-07 -0.3770E-07  0.3044E-08 -0.2119E-11 -0.1197E-10  0.3072E-10
   60  0.1395E-07  0.1739E-08  0.1293E-07  0.8010E-14  0.1894E-11  0.1082E-07 -0.9280E-08  0.7192E-09 -0.6452E-12 -0.3551E-11  0.8304E-11
   61  0.2899E-08  0.3974E-09  0.2650E-08  0.3342E-14  0.8374E-12  0.2180E-08 -0.2011E-08  0.1485E-09 -0.3696E-12 -0.8766E-12  0.1993E-11
   62  0.6758E-09  0.9624E-10  0.6148E-09  0.1041E-14  0.1161E-12  0.5007E-09 -0.4750E-09  0.3443E-10 -0.4922E-13 -0.2182E-12  0.4653E-12
   63  0.1029E-09  0.1620E-10  0.9182E-10  0.2404E-15  0.5149E-13  0.7341E-10 -0.7568E-10  0.5217E-11 -0.2542E-13 -0.4244E-13  0.8639E-13
   64  0.3040E-10  0.4768E-11  0.2726E-10  0.5979E-16  0.8863E-16  0.2169E-10 -0.2218E-10  0.1523E-11 -0.5735E-15 -0.8127E-14  0.1653E-13
   65  0.2330E-11  0.4099E-12  0.2027E-11  0.1045E-16  0.1618E-14  0.1586E-11 -0.1793E-11  0.1170E-12 -0.8681E-15 -0.1191E-14  0.2197E-14
   66  0.1349E-11  0.2300E-12  0.1184E-11  0.2602E-17 -0.3030E-15  0.9232E-12 -0.1015E-11  0.6533E-13  0.1089E-15 -0.1426E-15  0.3018E-15
   67  0.2426E-13  0.4519E-14  0.1994E-13  0.4378E-18  0.2199E-16  0.1669E-13 -0.1877E-13  0.1193E-14 -0.1351E-16 -0.1412E-16  0.2210E-16
   68  0.6440E-13  0.1259E-13  0.5632E-13  0.5654E-19 -0.2032E-16  0.4186E-13 -0.5096E-13  0.3067E-14  0.8470E-17  0.1999E-17 -0.1790E-17
