 input file is 
mstm12_128_064.inp            
 input file comments follow:
***********************************************************
  This is the default mstm input file for v.3.0.
  The run is for a 7-sphere cluster of identical spheres.   The positions
  are embedded in the input file.

  The run makes use of the new_run and multiple_run options.

  14 April 2013
***********************************************************
 number of processors:
   1
 input parameters for run number 
    1
 number of spheres, volume size parameter:
  128  0.32254E+01
 position file:
position/n128/a12.out                                       
 output file:
output/128/x064/mt_12_128_064.dat                           
 length, ref. indx. scale factors:
   0.640   1.710   0.045
 chiral factors:
  0.00000E+00  0.00000E+00
 scattering matrix directions based on incident frame
 automatic scattering angle calculation
 thetamin, thetamax:
      0.0    180.0
 number scattering angles:
      181
 epsmie, epssoln, max number iterations:
  0.1000E-05  0.1000E-07 5000
 medium refractive index:
  1.0000  0.0000
 target euler rotation angles:
    0.0000    0.0000    0.0000
 far field kr, iterations/correction:
  0.1000E-07   20
 plane wave incidence
 random orientation calculations
 t matrix calculated, stored in file 
tmatrixfiles/tmf_12_128_064_171_00452                       
 t matrix convergence epsilon:
  0.1000E-06
 all spheres excited (total T matrix) 
 calculation results for run 
    1
 total ext, abs, scat efficiencies, w.r.t. xv, and asym. parm
  0.26674E+01  0.39693E+00  0.22705E+01  0.73413E+00
 scattering matrix elements (normalized w/ S11)
   theta      11           12           13           14           22           23           24           33           34           44     
    0.00  0.39289E+02  0.00000E+00  0.00000E+00  0.55971E-03  0.99961E+00  0.54468E-03  0.00000E+00  0.99961E+00  0.00000E+00  0.99925E+00
    1.00  0.39017E+02 -0.18019E-03 -0.79807E-07  0.55324E-03  0.99961E+00  0.53628E-03  0.47841E-07  0.99961E+00 -0.40103E-04  0.99924E+00
    2.00  0.38215E+02 -0.72195E-03 -0.32466E-06  0.53405E-03  0.99959E+00  0.51131E-03  0.20419E-06  0.99959E+00 -0.16103E-03  0.99920E+00
    3.00  0.36924E+02 -0.16287E-02 -0.75173E-06  0.50280E-03  0.99956E+00  0.47040E-03  0.50756E-06  0.99956E+00 -0.36454E-03  0.99915E+00
    4.00  0.35210E+02 -0.29059E-02 -0.13924E-05  0.46061E-03  0.99952E+00  0.41468E-03  0.10221E-05  0.99952E+00 -0.65320E-03  0.99907E+00
    5.00  0.33154E+02 -0.45605E-02 -0.22965E-05  0.40918E-03  0.99947E+00  0.34586E-03  0.18368E-05  0.99946E+00 -0.10299E-02  0.99896E+00
    6.00  0.30850E+02 -0.65998E-02 -0.35370E-05  0.35081E-03  0.99940E+00  0.26630E-03  0.30637E-05  0.99938E+00 -0.14968E-02  0.99882E+00
    7.00  0.28396E+02 -0.90308E-02 -0.52154E-05  0.28851E-03  0.99931E+00  0.17910E-03  0.48329E-05  0.99928E+00 -0.20547E-02  0.99864E+00
    8.00  0.25885E+02 -0.11858E-01 -0.74653E-05  0.22594E-03  0.99920E+00  0.88124E-04  0.72838E-05  0.99916E+00 -0.27010E-02  0.99842E+00
    9.00  0.23401E+02 -0.15083E-01 -0.10451E-04  0.16739E-03  0.99908E+00 -0.20942E-05  0.10550E-04  0.99900E+00 -0.34284E-02  0.99815E+00
   10.00  0.21013E+02 -0.18700E-01 -0.14363E-04  0.11748E-03  0.99893E+00 -0.86591E-04  0.14740E-04  0.99881E+00 -0.42235E-02  0.99783E+00
   11.00  0.18775E+02 -0.22695E-01 -0.19392E-04  0.80719E-04  0.99876E+00 -0.16046E-03  0.19904E-04  0.99858E+00 -0.50658E-02  0.99745E+00
   12.00  0.16720E+02 -0.27049E-01 -0.25706E-04  0.60926E-04  0.99856E+00 -0.21954E-03  0.26010E-04  0.99831E+00 -0.59280E-02  0.99700E+00
   13.00  0.14866E+02 -0.31733E-01 -0.33398E-04  0.60438E-04  0.99834E+00 -0.26124E-03  0.32911E-04  0.99800E+00 -0.67779E-02  0.99650E+00
   14.00  0.13214E+02 -0.36715E-01 -0.42442E-04  0.79453E-04  0.99810E+00 -0.28535E-03  0.40326E-04  0.99763E+00 -0.75825E-02  0.99593E+00
   15.00  0.11757E+02 -0.41968E-01 -0.52642E-04  0.11562E-03  0.99783E+00 -0.29443E-03  0.47847E-04  0.99722E+00 -0.83133E-02  0.99529E+00
   16.00  0.10478E+02 -0.47468E-01 -0.63606E-04  0.16415E-03  0.99754E+00 -0.29373E-03  0.54958E-04  0.99675E+00 -0.89523E-02  0.99459E+00
   17.00  0.93547E+01 -0.53207E-01 -0.74739E-04  0.21840E-03  0.99723E+00 -0.29043E-03  0.61077E-04  0.99622E+00 -0.94965E-02  0.99381E+00
   18.00  0.83665E+01 -0.59194E-01 -0.85269E-04  0.27103E-03  0.99690E+00 -0.29225E-03  0.65608E-04  0.99562E+00 -0.99599E-02  0.99296E+00
   19.00  0.74925E+01 -0.65449E-01 -0.94291E-04  0.31521E-03  0.99654E+00 -0.30589E-03  0.67982E-04  0.99495E+00 -0.10373E-01  0.99201E+00
   20.00  0.67153E+01 -0.72007E-01 -0.10082E-03  0.34578E-03  0.99615E+00 -0.33547E-03  0.67697E-04  0.99420E+00 -0.10776E-01  0.99096E+00
   21.00  0.60207E+01 -0.78901E-01 -0.10384E-03  0.36007E-03  0.99572E+00 -0.38136E-03  0.64348E-04  0.99335E+00 -0.11219E-01  0.98980E+00
   22.00  0.53985E+01 -0.86161E-01 -0.10238E-03  0.35828E-03  0.99525E+00 -0.43959E-03  0.57646E-04  0.99238E+00 -0.11747E-01  0.98849E+00
   23.00  0.48413E+01 -0.93802E-01 -0.95535E-04  0.34337E-03  0.99473E+00 -0.50177E-03  0.47464E-04  0.99129E+00 -0.12402E-01  0.98703E+00
   24.00  0.43439E+01 -0.10182E+00 -0.82579E-04  0.32065E-03  0.99416E+00 -0.55583E-03  0.33886E-04  0.99006E+00 -0.13208E-01  0.98539E+00
   25.00  0.39024E+01 -0.11017E+00 -0.63013E-04  0.29696E-03  0.99353E+00 -0.58731E-03  0.17268E-04  0.98868E+00 -0.14175E-01  0.98358E+00
   26.00  0.35133E+01 -0.11881E+00 -0.36652E-04  0.27952E-03  0.99286E+00 -0.58158E-03 -0.17020E-05  0.98714E+00 -0.15286E-01  0.98160E+00
   27.00  0.31732E+01 -0.12765E+00 -0.36821E-05  0.27466E-03  0.99214E+00 -0.52639E-03 -0.21987E-04  0.98546E+00 -0.16507E-01  0.97945E+00
   28.00  0.28780E+01 -0.13661E+00  0.35329E-04  0.28650E-03  0.99139E+00 -0.41465E-03 -0.42241E-04  0.98364E+00 -0.17782E-01  0.97714E+00
   29.00  0.26231E+01 -0.14559E+00  0.79488E-04  0.31602E-03  0.99062E+00 -0.24654E-03 -0.60940E-04  0.98168E+00 -0.19045E-01  0.97471E+00
   30.00  0.24036E+01 -0.15456E+00  0.12768E-03  0.36074E-03  0.98984E+00 -0.30253E-04 -0.76582E-04  0.97961E+00 -0.20228E-01  0.97217E+00
   31.00  0.22144E+01 -0.16348E+00  0.17872E-03  0.41520E-03  0.98906E+00  0.21895E-03 -0.87915E-04  0.97742E+00 -0.21270E-01  0.96954E+00
   32.00  0.20507E+01 -0.17238E+00  0.23145E-03  0.47211E-03  0.98830E+00  0.48130E-03 -0.94150E-04  0.97513E+00 -0.22129E-01  0.96683E+00
   33.00  0.19082E+01 -0.18132E+00  0.28480E-03  0.52384E-03  0.98755E+00  0.73601E-03 -0.95088E-04  0.97272E+00 -0.22779E-01  0.96404E+00
   34.00  0.17830E+01 -0.19040E+00  0.33774E-03  0.56394E-03  0.98682E+00  0.96474E-03 -0.91150E-04  0.97018E+00 -0.23211E-01  0.96115E+00
   35.00  0.16722E+01 -0.19972E+00  0.38919E-03  0.58820E-03  0.98611E+00  0.11543E-02 -0.83307E-04  0.96750E+00 -0.23427E-01  0.95814E+00
   36.00  0.15736E+01 -0.20938E+00  0.43791E-03  0.59520E-03  0.98541E+00  0.12984E-02 -0.72934E-04  0.96466E+00 -0.23432E-01  0.95499E+00
   37.00  0.14855E+01 -0.21945E+00  0.48243E-03  0.58630E-03  0.98473E+00  0.13977E-02 -0.61608E-04  0.96162E+00 -0.23231E-01  0.95169E+00
   38.00  0.14068E+01 -0.23000E+00  0.52102E-03  0.56525E-03  0.98407E+00  0.14592E-02 -0.50880E-04  0.95839E+00 -0.22823E-01  0.94820E+00
   39.00  0.13368E+01 -0.24104E+00  0.55184E-03  0.53739E-03  0.98344E+00  0.14949E-02 -0.42051E-04  0.95493E+00 -0.22200E-01  0.94453E+00
   40.00  0.12746E+01 -0.25256E+00  0.57318E-03  0.50872E-03  0.98284E+00  0.15188E-02 -0.35967E-04  0.95124E+00 -0.21352E-01  0.94066E+00
   41.00  0.12198E+01 -0.26452E+00  0.58367E-03  0.48498E-03  0.98229E+00  0.15451E-02 -0.32889E-04  0.94731E+00 -0.20269E-01  0.93659E+00
   42.00  0.11714E+01 -0.27688E+00  0.58266E-03  0.47087E-03  0.98177E+00  0.15853E-02 -0.32453E-04  0.94314E+00 -0.18946E-01  0.93231E+00
   43.00  0.11287E+01 -0.28955E+00  0.57032E-03  0.46950E-03  0.98130E+00  0.16466E-02 -0.33742E-04  0.93871E+00 -0.17384E-01  0.92783E+00
   44.00  0.10906E+01 -0.30248E+00  0.54776E-03  0.48229E-03  0.98088E+00  0.17310E-02 -0.35455E-04  0.93403E+00 -0.15598E-01  0.92312E+00
   45.00  0.10563E+01 -0.31563E+00  0.51689E-03  0.50912E-03  0.98048E+00  0.18354E-02 -0.36142E-04  0.92908E+00 -0.13611E-01  0.91818E+00
   46.00  0.10247E+01 -0.32896E+00  0.48020E-03  0.54870E-03  0.98011E+00  0.19526E-02 -0.34441E-04  0.92383E+00 -0.11456E-01  0.91298E+00
   47.00  0.99490E+00 -0.34246E+00  0.44048E-03  0.59907E-03  0.97975E+00  0.20728E-02 -0.29276E-04  0.91827E+00 -0.91689E-02  0.90748E+00
   48.00  0.96608E+00 -0.35613E+00  0.40051E-03  0.65805E-03  0.97938E+00  0.21854E-02 -0.19989E-04  0.91236E+00 -0.67909E-02  0.90165E+00
   49.00  0.93759E+00 -0.37000E+00  0.36283E-03  0.72352E-03  0.97899E+00  0.22801E-02 -0.63867E-05  0.90606E+00 -0.43618E-02  0.89543E+00
   50.00  0.90895E+00 -0.38409E+00  0.32951E-03  0.79367E-03  0.97855E+00  0.23486E-02  0.11279E-04  0.89934E+00 -0.19194E-02  0.88879E+00
   51.00  0.87983E+00 -0.39844E+00  0.30209E-03  0.86695E-03  0.97806E+00  0.23848E-02  0.32388E-04  0.89214E+00  0.50165E-03  0.88166E+00
   52.00  0.85006E+00 -0.41306E+00  0.28153E-03  0.94214E-03  0.97750E+00  0.23856E-02  0.56060E-04  0.88444E+00  0.28699E-02  0.87400E+00
   53.00  0.81962E+00 -0.42799E+00  0.26823E-03  0.10182E-02  0.97686E+00  0.23503E-02  0.81273E-04  0.87617E+00  0.51574E-02  0.86576E+00
   54.00  0.78857E+00 -0.44322E+00  0.26213E-03  0.10942E-02  0.97612E+00  0.22810E-02  0.10698E-03  0.86730E+00  0.73390E-02  0.85689E+00
   55.00  0.75704E+00 -0.45877E+00  0.26279E-03  0.11692E-02  0.97528E+00  0.21814E-02  0.13219E-03  0.85778E+00  0.93925E-02  0.84734E+00
   56.00  0.72522E+00 -0.47463E+00  0.26952E-03  0.12427E-02  0.97431E+00  0.20571E-02  0.15603E-03  0.84758E+00  0.11298E-01  0.83706E+00
   57.00  0.69331E+00 -0.49076E+00  0.28152E-03  0.13138E-02  0.97323E+00  0.19140E-02  0.17778E-03  0.83664E+00  0.13037E-01  0.82601E+00
   58.00  0.66153E+00 -0.50714E+00  0.29798E-03  0.13822E-02  0.97201E+00  0.17585E-02  0.19683E-03  0.82494E+00  0.14596E-01  0.81417E+00
   59.00  0.63010E+00 -0.52374E+00  0.31822E-03  0.14478E-02  0.97065E+00  0.15966E-02  0.21262E-03  0.81245E+00  0.15962E-01  0.80149E+00
   60.00  0.59920E+00 -0.54049E+00  0.34171E-03  0.15107E-02  0.96914E+00  0.14338E-02  0.22454E-03  0.79915E+00  0.17126E-01  0.78795E+00
   61.00  0.56904E+00 -0.55735E+00  0.36810E-03  0.15715E-02  0.96749E+00  0.12742E-02  0.23185E-03  0.78501E+00  0.18081E-01  0.77354E+00
   62.00  0.53979E+00 -0.57427E+00  0.39725E-03  0.16314E-02  0.96570E+00  0.11212E-02  0.23355E-03  0.77002E+00  0.18827E-01  0.75824E+00
   63.00  0.51158E+00 -0.59118E+00  0.42912E-03  0.16918E-02  0.96376E+00  0.97701E-03  0.22832E-03  0.75418E+00  0.19366E-01  0.74205E+00
   64.00  0.48455E+00 -0.60804E+00  0.46369E-03  0.17542E-02  0.96167E+00  0.84278E-03  0.21448E-03  0.73748E+00  0.19705E-01  0.72497E+00
   65.00  0.45881E+00 -0.62479E+00  0.50088E-03  0.18203E-02  0.95945E+00  0.71906E-03  0.19003E-03  0.71992E+00  0.19856E-01  0.70701E+00
   66.00  0.43445E+00 -0.64137E+00  0.54042E-03  0.18917E-02  0.95711E+00  0.60591E-03  0.15273E-03  0.70151E+00  0.19832E-01  0.68817E+00
   67.00  0.41153E+00 -0.65776E+00  0.58172E-03  0.19694E-02  0.95465E+00  0.50319E-03  0.10029E-03  0.68225E+00  0.19650E-01  0.66847E+00
   68.00  0.39010E+00 -0.67390E+00  0.62383E-03  0.20540E-02  0.95210E+00  0.41074E-03  0.30620E-04  0.66214E+00  0.19330E-01  0.64793E+00
   69.00  0.37019E+00 -0.68977E+00  0.66542E-03  0.21451E-02  0.94948E+00  0.32852E-03 -0.57910E-04  0.64121E+00  0.18890E-01  0.62656E+00
   70.00  0.35178E+00 -0.70533E+00  0.70478E-03  0.22417E-02  0.94682E+00  0.25667E-03 -0.16615E-03  0.61944E+00  0.18346E-01  0.60438E+00
   71.00  0.33488E+00 -0.72056E+00  0.73991E-03  0.23417E-02  0.94414E+00  0.19544E-03 -0.29389E-03  0.59686E+00  0.17714E-01  0.58141E+00
   72.00  0.31943E+00 -0.73542E+00  0.76869E-03  0.24424E-02  0.94148E+00  0.14507E-03 -0.43970E-03  0.57346E+00  0.17002E-01  0.55767E+00
   73.00  0.30539E+00 -0.74988E+00  0.78900E-03  0.25405E-02  0.93887E+00  0.10558E-03 -0.60079E-03  0.54926E+00  0.16217E-01  0.53319E+00
   74.00  0.29269E+00 -0.76390E+00  0.79894E-03  0.26327E-02  0.93635E+00  0.76661E-04 -0.77310E-03  0.52427E+00  0.15360E-01  0.50798E+00
   75.00  0.28126E+00 -0.77746E+00  0.79701E-03  0.27156E-02  0.93393E+00  0.57450E-04 -0.95145E-03  0.49849E+00  0.14429E-01  0.48208E+00
   76.00  0.27101E+00 -0.79051E+00  0.78223E-03  0.27866E-02  0.93166E+00  0.46496E-04 -0.11299E-02  0.47197E+00  0.13417E-01  0.45550E+00
   77.00  0.26185E+00 -0.80299E+00  0.75426E-03  0.28440E-02  0.92955E+00  0.41761E-04 -0.13022E-02  0.44471E+00  0.12320E-01  0.42829E+00
   78.00  0.25367E+00 -0.81487E+00  0.71341E-03  0.28870E-02  0.92761E+00  0.40724E-04 -0.14623E-02  0.41678E+00  0.11128E-01  0.40049E+00
   79.00  0.24639E+00 -0.82610E+00  0.66060E-03  0.29162E-02  0.92587E+00  0.40562E-04 -0.16046E-02  0.38820E+00  0.98401E-02  0.37213E+00
   80.00  0.23991E+00 -0.83661E+00  0.59733E-03  0.29335E-02  0.92431E+00  0.38382E-04 -0.17248E-02  0.35903E+00  0.84537E-02  0.34326E+00
   81.00  0.23412E+00 -0.84637E+00  0.52549E-03  0.29417E-02  0.92294E+00  0.31460E-04 -0.18197E-02  0.32933E+00  0.69737E-02  0.31394E+00
   82.00  0.22895E+00 -0.85532E+00  0.44728E-03  0.29446E-02  0.92176E+00  0.17452E-04 -0.18880E-02  0.29917E+00  0.54101E-02  0.28421E+00
   83.00  0.22431E+00 -0.86343E+00  0.36506E-03  0.29463E-02  0.92074E+00 -0.54501E-05 -0.19296E-02  0.26862E+00  0.37787E-02  0.25415E+00
   84.00  0.22011E+00 -0.87065E+00  0.28121E-03  0.29511E-02  0.91987E+00 -0.38429E-04 -0.19462E-02  0.23774E+00  0.21014E-02  0.22380E+00
   85.00  0.21628E+00 -0.87696E+00  0.19810E-03  0.29631E-02  0.91914E+00 -0.82033E-04 -0.19408E-02  0.20661E+00  0.40497E-03  0.19324E+00
   86.00  0.21276E+00 -0.88232E+00  0.11794E-03  0.29856E-02  0.91853E+00 -0.13624E-03 -0.19173E-02  0.17530E+00 -0.12794E-02  0.16252E+00
   87.00  0.20948E+00 -0.88671E+00  0.42813E-04  0.30212E-02  0.91801E+00 -0.20055E-03 -0.18802E-02  0.14388E+00 -0.29179E-02  0.13171E+00
   88.00  0.20639E+00 -0.89011E+00 -0.25408E-04  0.30715E-02  0.91757E+00 -0.27413E-03 -0.18345E-02  0.11241E+00 -0.44754E-02  0.10088E+00
   89.00  0.20345E+00 -0.89251E+00 -0.85029E-04  0.31366E-02  0.91718E+00 -0.35598E-03 -0.17850E-02  0.80958E-01 -0.59172E-02  0.70099E-01
   90.00  0.20060E+00 -0.89390E+00 -0.13456E-03  0.32155E-02  0.91683E+00 -0.44501E-03 -0.17365E-02  0.49587E-01 -0.72108E-02  0.39420E-01
   91.00  0.19782E+00 -0.89427E+00 -0.17272E-03  0.33060E-02  0.91651E+00 -0.54017E-03 -0.16927E-02  0.18352E-01 -0.83276E-02  0.89090E-02
   92.00  0.19507E+00 -0.89362E+00 -0.19845E-03  0.34050E-02  0.91619E+00 -0.64054E-03 -0.16569E-02 -0.12696E-01 -0.92443E-02 -0.21378E-01
   93.00  0.19233E+00 -0.89196E+00 -0.21092E-03  0.35082E-02  0.91586E+00 -0.74528E-03 -0.16312E-02 -0.43509E-01 -0.99443E-02 -0.51386E-01
   94.00  0.18959E+00 -0.88929E+00 -0.20956E-03  0.36107E-02  0.91551E+00 -0.85370E-03 -0.16169E-02 -0.74042E-01 -0.10419E-01 -0.81065E-01
   95.00  0.18685E+00 -0.88562E+00 -0.19414E-03  0.37073E-02  0.91513E+00 -0.96514E-03 -0.16142E-02 -0.10426E+00 -0.10667E-01 -0.11037E+00
   96.00  0.18409E+00 -0.88097E+00 -0.16474E-03  0.37924E-02  0.91471E+00 -0.10789E-02 -0.16225E-02 -0.13411E+00 -0.10696E-01 -0.13926E+00
   97.00  0.18133E+00 -0.87535E+00 -0.12186E-03  0.38608E-02  0.91425E+00 -0.11943E-02 -0.16401E-02 -0.16358E+00 -0.10524E-01 -0.16770E+00
   98.00  0.17858E+00 -0.86879E+00 -0.66443E-04  0.39072E-02  0.91374E+00 -0.13104E-02 -0.16650E-02 -0.19263E+00 -0.10174E-01 -0.19567E+00
   99.00  0.17587E+00 -0.86133E+00  0.84510E-07  0.39272E-02  0.91318E+00 -0.14260E-02 -0.16946E-02 -0.22124E+00 -0.96791E-02 -0.22312E+00
  100.00  0.17320E+00 -0.85298E+00  0.75795E-04  0.39170E-02  0.91258E+00 -0.15397E-02 -0.17260E-02 -0.24936E+00 -0.90756E-02 -0.25004E+00
  101.00  0.17061E+00 -0.84379E+00  0.15825E-03  0.38741E-02  0.91195E+00 -0.16496E-02 -0.17562E-02 -0.27699E+00 -0.84057E-02 -0.27641E+00
  102.00  0.16814E+00 -0.83380E+00  0.24454E-03  0.37967E-02  0.91129E+00 -0.17539E-02 -0.17824E-02 -0.30410E+00 -0.77134E-02 -0.30222E+00
  103.00  0.16580E+00 -0.82305E+00  0.33132E-03  0.36846E-02  0.91061E+00 -0.18501E-02 -0.18021E-02 -0.33067E+00 -0.70429E-02 -0.32745E+00
  104.00  0.16363E+00 -0.81159E+00  0.41494E-03  0.35390E-02  0.90994E+00 -0.19360E-02 -0.18134E-02 -0.35667E+00 -0.64359E-02 -0.35209E+00
  105.00  0.16165E+00 -0.79948E+00  0.49157E-03  0.33622E-02  0.90928E+00 -0.20089E-02 -0.18148E-02 -0.38208E+00 -0.59300E-02 -0.37613E+00
  106.00  0.15988E+00 -0.78676E+00  0.55734E-03  0.31581E-02  0.90865E+00 -0.20667E-02 -0.18058E-02 -0.40689E+00 -0.55559E-02 -0.39957E+00
  107.00  0.15833E+00 -0.77348E+00  0.60855E-03  0.29315E-02  0.90806E+00 -0.21072E-02 -0.17862E-02 -0.43108E+00 -0.53366E-02 -0.42240E+00
  108.00  0.15702E+00 -0.75970E+00  0.64183E-03  0.26883E-02  0.90753E+00 -0.21287E-02 -0.17568E-02 -0.45463E+00 -0.52854E-02 -0.44461E+00
  109.00  0.15595E+00 -0.74545E+00  0.65432E-03  0.24348E-02  0.90706E+00 -0.21303E-02 -0.17188E-02 -0.47753E+00 -0.54065E-02 -0.46621E+00
  110.00  0.15511E+00 -0.73078E+00  0.64380E-03  0.21781E-02  0.90666E+00 -0.21112E-02 -0.16738E-02 -0.49978E+00 -0.56949E-02 -0.48717E+00
  111.00  0.15449E+00 -0.71572E+00  0.60881E-03  0.19249E-02  0.90634E+00 -0.20717E-02 -0.16238E-02 -0.52134E+00 -0.61377E-02 -0.50750E+00
  112.00  0.15408E+00 -0.70031E+00  0.54868E-03  0.16821E-02  0.90610E+00 -0.20126E-02 -0.15710E-02 -0.54223E+00 -0.67155E-02 -0.52719E+00
  113.00  0.15385E+00 -0.68458E+00  0.46352E-03  0.14556E-02  0.90592E+00 -0.19352E-02 -0.15172E-02 -0.56243E+00 -0.74048E-02 -0.54623E+00
  114.00  0.15379E+00 -0.66855E+00  0.35421E-03  0.12511E-02  0.90581E+00 -0.18413E-02 -0.14644E-02 -0.58193E+00 -0.81799E-02 -0.56460E+00
  115.00  0.15386E+00 -0.65225E+00  0.22231E-03  0.10732E-02  0.90576E+00 -0.17335E-02 -0.14142E-02 -0.60074E+00 -0.90148E-02 -0.58230E+00
  116.00  0.15404E+00 -0.63568E+00  0.69975E-04  0.92567E-03  0.90576E+00 -0.16141E-02 -0.13679E-02 -0.61884E+00 -0.98852E-02 -0.59932E+00
  117.00  0.15430E+00 -0.61889E+00 -0.10018E-03  0.81129E-03  0.90580E+00 -0.14859E-02 -0.13263E-02 -0.63624E+00 -0.10770E-01 -0.61565E+00
  118.00  0.15462E+00 -0.60188E+00 -0.28515E-03  0.73203E-03  0.90587E+00 -0.13517E-02 -0.12902E-02 -0.65294E+00 -0.11650E-01 -0.63128E+00
  119.00  0.15498E+00 -0.58467E+00 -0.48167E-03  0.68896E-03  0.90596E+00 -0.12142E-02 -0.12597E-02 -0.66895E+00 -0.12514E-01 -0.64620E+00
  120.00  0.15536E+00 -0.56730E+00 -0.68628E-03  0.68238E-03  0.90606E+00 -0.10760E-02 -0.12350E-02 -0.68425E+00 -0.13351E-01 -0.66041E+00
  121.00  0.15574E+00 -0.54979E+00 -0.89543E-03  0.71187E-03  0.90617E+00 -0.93938E-03 -0.12159E-02 -0.69887E+00 -0.14156E-01 -0.67391E+00
  122.00  0.15611E+00 -0.53217E+00 -0.11055E-02  0.77637E-03  0.90629E+00 -0.80647E-03 -0.12021E-02 -0.71282E+00 -0.14927E-01 -0.68670E+00
  123.00  0.15647E+00 -0.51448E+00 -0.13130E-02  0.87425E-03  0.90642E+00 -0.67908E-03 -0.11930E-02 -0.72609E+00 -0.15663E-01 -0.69880E+00
  124.00  0.15682E+00 -0.49674E+00 -0.15144E-02  0.10033E-02  0.90655E+00 -0.55874E-03 -0.11883E-02 -0.73871E+00 -0.16369E-01 -0.71020E+00
  125.00  0.15716E+00 -0.47900E+00 -0.17064E-02  0.11610E-02  0.90668E+00 -0.44665E-03 -0.11874E-02 -0.75069E+00 -0.17045E-01 -0.72093E+00
  126.00  0.15750E+00 -0.46130E+00 -0.18859E-02  0.13443E-02  0.90682E+00 -0.34375E-03 -0.11898E-02 -0.76205E+00 -0.17696E-01 -0.73100E+00
  127.00  0.15784E+00 -0.44368E+00 -0.20499E-02  0.15498E-02  0.90696E+00 -0.25066E-03 -0.11949E-02 -0.77282E+00 -0.18323E-01 -0.74043E+00
  128.00  0.15819E+00 -0.42618E+00 -0.21958E-02  0.17739E-02  0.90712E+00 -0.16775E-03 -0.12022E-02 -0.78300E+00 -0.18930E-01 -0.74925E+00
  129.00  0.15857E+00 -0.40883E+00 -0.23214E-02  0.20127E-02  0.90730E+00 -0.95146E-04 -0.12114E-02 -0.79262E+00 -0.19515E-01 -0.75748E+00
  130.00  0.15899E+00 -0.39169E+00 -0.24246E-02  0.22622E-02  0.90750E+00 -0.32756E-04 -0.12220E-02 -0.80171E+00 -0.20079E-01 -0.76515E+00
  131.00  0.15947E+00 -0.37479E+00 -0.25040E-02  0.25184E-02  0.90773E+00  0.19702E-04 -0.12336E-02 -0.81029E+00 -0.20616E-01 -0.77229E+00
  132.00  0.16001E+00 -0.35817E+00 -0.25586E-02  0.27773E-02  0.90798E+00  0.62670E-04 -0.12458E-02 -0.81837E+00 -0.21124E-01 -0.77892E+00
  133.00  0.16063E+00 -0.34186E+00 -0.25877E-02  0.30352E-02  0.90827E+00  0.96714E-04 -0.12583E-02 -0.82599E+00 -0.21595E-01 -0.78508E+00
  134.00  0.16134E+00 -0.32589E+00 -0.25912E-02  0.32883E-02  0.90858E+00  0.12250E-03 -0.12709E-02 -0.83316E+00 -0.22023E-01 -0.79079E+00
  135.00  0.16214E+00 -0.31028E+00 -0.25697E-02  0.35336E-02  0.90893E+00  0.14075E-03 -0.12832E-02 -0.83990E+00 -0.22400E-01 -0.79607E+00
  136.00  0.16305E+00 -0.29507E+00 -0.25240E-02  0.37682E-02  0.90931E+00  0.15224E-03 -0.12951E-02 -0.84623E+00 -0.22718E-01 -0.80096E+00
  137.00  0.16406E+00 -0.28026E+00 -0.24554E-02  0.39899E-02  0.90971E+00  0.15776E-03 -0.13061E-02 -0.85218E+00 -0.22970E-01 -0.80548E+00
  138.00  0.16518E+00 -0.26586E+00 -0.23659E-02  0.41969E-02  0.91014E+00  0.15810E-03 -0.13162E-02 -0.85775E+00 -0.23147E-01 -0.80965E+00
  139.00  0.16641E+00 -0.25188E+00 -0.22578E-02  0.43881E-02  0.91060E+00  0.15404E-03 -0.13251E-02 -0.86297E+00 -0.23245E-01 -0.81349E+00
  140.00  0.16774E+00 -0.23832E+00 -0.21335E-02  0.45628E-02  0.91106E+00  0.14634E-03 -0.13325E-02 -0.86786E+00 -0.23259E-01 -0.81702E+00
  141.00  0.16917E+00 -0.22519E+00 -0.19960E-02  0.47211E-02  0.91154E+00  0.13571E-03 -0.13382E-02 -0.87241E+00 -0.23186E-01 -0.82025E+00
  142.00  0.17069E+00 -0.21247E+00 -0.18483E-02  0.48632E-02  0.91202E+00  0.12283E-03 -0.13420E-02 -0.87666E+00 -0.23025E-01 -0.82321E+00
  143.00  0.17230E+00 -0.20016E+00 -0.16935E-02  0.49900E-02  0.91250E+00  0.10834E-03 -0.13437E-02 -0.88062E+00 -0.22776E-01 -0.82590E+00
  144.00  0.17400E+00 -0.18825E+00 -0.15347E-02  0.51027E-02  0.91298E+00  0.92834E-04 -0.13432E-02 -0.88429E+00 -0.22442E-01 -0.82834E+00
  145.00  0.17576E+00 -0.17674E+00 -0.13750E-02  0.52027E-02  0.91344E+00  0.76830E-04 -0.13403E-02 -0.88769E+00 -0.22026E-01 -0.83054E+00
  146.00  0.17758E+00 -0.16561E+00 -0.12172E-02  0.52917E-02  0.91388E+00  0.60804E-04 -0.13348E-02 -0.89083E+00 -0.21534E-01 -0.83250E+00
  147.00  0.17945E+00 -0.15486E+00 -0.10640E-02  0.53712E-02  0.91430E+00  0.45168E-04 -0.13268E-02 -0.89372E+00 -0.20972E-01 -0.83425E+00
  148.00  0.18136E+00 -0.14449E+00 -0.91758E-03  0.54432E-02  0.91469E+00  0.30271E-04 -0.13162E-02 -0.89637E+00 -0.20346E-01 -0.83578E+00
  149.00  0.18331E+00 -0.13447E+00 -0.77996E-03  0.55091E-02  0.91505E+00  0.16396E-04 -0.13029E-02 -0.89880E+00 -0.19665E-01 -0.83710E+00
  150.00  0.18528E+00 -0.12483E+00 -0.65267E-03  0.55705E-02  0.91538E+00  0.37663E-05 -0.12870E-02 -0.90100E+00 -0.18937E-01 -0.83822E+00
  151.00  0.18727E+00 -0.11554E+00 -0.53686E-03  0.56287E-02  0.91567E+00 -0.74551E-05 -0.12684E-02 -0.90300E+00 -0.18169E-01 -0.83915E+00
  152.00  0.18927E+00 -0.10662E+00 -0.43329E-03  0.56848E-02  0.91593E+00 -0.17160E-04 -0.12474E-02 -0.90480E+00 -0.17370E-01 -0.83990E+00
  153.00  0.19128E+00 -0.98052E-01 -0.34236E-03  0.57398E-02  0.91615E+00 -0.25288E-04 -0.12238E-02 -0.90641E+00 -0.16547E-01 -0.84047E+00
  154.00  0.19328E+00 -0.89851E-01 -0.26410E-03  0.57941E-02  0.91633E+00 -0.31825E-04 -0.11977E-02 -0.90785E+00 -0.15706E-01 -0.84087E+00
  155.00  0.19527E+00 -0.82016E-01 -0.19824E-03  0.58480E-02  0.91648E+00 -0.36793E-04 -0.11690E-02 -0.90911E+00 -0.14855E-01 -0.84112E+00
  156.00  0.19725E+00 -0.74549E-01 -0.14423E-03  0.59017E-02  0.91659E+00 -0.40248E-04 -0.11377E-02 -0.91022E+00 -0.13998E-01 -0.84122E+00
  157.00  0.19922E+00 -0.67453E-01 -0.10130E-03  0.59548E-02  0.91666E+00 -0.42274E-04 -0.11037E-02 -0.91119E+00 -0.13142E-01 -0.84119E+00
  158.00  0.20116E+00 -0.60730E-01 -0.68500E-04  0.60071E-02  0.91671E+00 -0.42979E-04 -0.10669E-02 -0.91202E+00 -0.12289E-01 -0.84104E+00
  159.00  0.20309E+00 -0.54382E-01 -0.44719E-04  0.60579E-02  0.91672E+00 -0.42497E-04 -0.10271E-02 -0.91273E+00 -0.11445E-01 -0.84077E+00
  160.00  0.20498E+00 -0.48412E-01 -0.28765E-04  0.61065E-02  0.91671E+00 -0.40977E-04 -0.98415E-03 -0.91332E+00 -0.10610E-01 -0.84040E+00
  161.00  0.20685E+00 -0.42819E-01 -0.19373E-04  0.61521E-02  0.91667E+00 -0.38588E-04 -0.93794E-03 -0.91382E+00 -0.97891E-02 -0.83995E+00
  162.00  0.20868E+00 -0.37606E-01 -0.15259E-04  0.61941E-02  0.91660E+00 -0.35510E-04 -0.88837E-03 -0.91422E+00 -0.89829E-02 -0.83942E+00
  163.00  0.21047E+00 -0.32772E-01 -0.15146E-04  0.62316E-02  0.91651E+00 -0.31929E-04 -0.83545E-03 -0.91454E+00 -0.81936E-02 -0.83882E+00
  164.00  0.21223E+00 -0.28314E-01 -0.17812E-04  0.62641E-02  0.91640E+00 -0.28035E-04 -0.77928E-03 -0.91479E+00 -0.74230E-02 -0.83816E+00
  165.00  0.21393E+00 -0.24232E-01 -0.22113E-04  0.62912E-02  0.91627E+00 -0.24010E-04 -0.72009E-03 -0.91497E+00 -0.66727E-02 -0.83745E+00
  166.00  0.21559E+00 -0.20520E-01 -0.27030E-04  0.63124E-02  0.91613E+00 -0.20024E-04 -0.65825E-03 -0.91509E+00 -0.59447E-02 -0.83671E+00
  167.00  0.21720E+00 -0.17172E-01 -0.31693E-04  0.63277E-02  0.91597E+00 -0.16226E-04 -0.59429E-03 -0.91516E+00 -0.52411E-02 -0.83594E+00
  168.00  0.21874E+00 -0.14181E-01 -0.35408E-04  0.63372E-02  0.91580E+00 -0.12737E-04 -0.52891E-03 -0.91519E+00 -0.45645E-02 -0.83515E+00
  169.00  0.22021E+00 -0.11535E-01 -0.37682E-04  0.63413E-02  0.91562E+00 -0.96498E-05 -0.46295E-03 -0.91517E+00 -0.39180E-02 -0.83435E+00
  170.00  0.22161E+00 -0.92203E-02 -0.38227E-04  0.63406E-02  0.91544E+00 -0.70200E-05 -0.39736E-03 -0.91512E+00 -0.33050E-02 -0.83354E+00
  171.00  0.22291E+00 -0.72207E-02 -0.36964E-04  0.63357E-02  0.91526E+00 -0.48709E-05 -0.33323E-03 -0.91504E+00 -0.27296E-02 -0.83276E+00
  172.00  0.22412E+00 -0.55171E-02 -0.34008E-04  0.63275E-02  0.91509E+00 -0.31940E-05 -0.27169E-03 -0.91494E+00 -0.21964E-02 -0.83199E+00
  173.00  0.22523E+00 -0.40883E-02 -0.29644E-04  0.63169E-02  0.91492E+00 -0.19537E-05 -0.21391E-03 -0.91483E+00 -0.17099E-02 -0.83127E+00
  174.00  0.22621E+00 -0.29121E-02 -0.24293E-04  0.63051E-02  0.91476E+00 -0.10936E-05 -0.16104E-03 -0.91471E+00 -0.12752E-02 -0.83061E+00
  175.00  0.22707E+00 -0.19658E-02 -0.18462E-04  0.62930E-02  0.91462E+00 -0.54356E-06 -0.11418E-03 -0.91460E+00 -0.89720E-03 -0.83001E+00
  176.00  0.22779E+00 -0.12272E-02 -0.12702E-04  0.62816E-02  0.91450E+00 -0.22814E-06 -0.74329E-04 -0.91449E+00 -0.58053E-03 -0.82950E+00
  177.00  0.22836E+00 -0.67634E-03 -0.75518E-05  0.62718E-02  0.91440E+00 -0.73551E-07 -0.42369E-04 -0.91440E+00 -0.32940E-03 -0.82909E+00
  178.00  0.22877E+00 -0.29604E-03 -0.34903E-05  0.62642E-02  0.91433E+00 -0.14723E-07 -0.19011E-04 -0.91433E+00 -0.14732E-03 -0.82879E+00
  179.00  0.22902E+00 -0.73315E-04 -0.89313E-06  0.62594E-02  0.91428E+00 -0.92748E-09 -0.47799E-05 -0.91428E+00 -0.36971E-04 -0.82860E+00
  180.00  0.22910E+00 -0.18113E-14 -0.22307E-16  0.62578E-02  0.91427E+00 -0.57120E-30 -0.11869E-15 -0.91427E+00 -0.91746E-15 -0.82854E+00
 scattering matrix expansion coefficients
    w  a11         a22         a33         a23         a32         a44         a12         a34         a13         a24         a14
    0  0.1000E+01  0.0000E+00  0.0000E+00  0.0000E+00  0.0000E+00  0.8065E+00  0.0000E+00  0.0000E+00  0.0000E+00  0.0000E+00  0.7822E-03
    1  0.2202E+01  0.0000E+00  0.0000E+00  0.0000E+00  0.0000E+00  0.2356E+01  0.0000E+00  0.0000E+00  0.0000E+00  0.0000E+00  0.3854E-03
    2  0.2986E+01  0.2180E+00  0.3892E+01 -0.7009E-07  0.7796E-03  0.2967E+01 -0.3826E+00 -0.3080E-02  0.1414E-03 -0.4078E-03  0.7601E-03
    3  0.3242E+01  0.5057E-01  0.3775E+01 -0.1390E-08 -0.1361E-03  0.3264E+01 -0.2689E+00 -0.4702E-02  0.5049E-03  0.2274E-03  0.1427E-03
    4  0.3371E+01  0.4062E-01  0.3711E+01 -0.1629E-07 -0.1455E-02  0.3356E+01 -0.2103E+00 -0.2220E-01  0.2680E-04  0.1119E-03  0.1058E-02
    5  0.3362E+01  0.1018E-01  0.3620E+01  0.3164E-07 -0.9933E-03  0.3373E+01 -0.1600E+00 -0.3084E-01  0.2727E-03  0.8213E-04  0.8375E-03
    6  0.3276E+01  0.1502E-01  0.3483E+01 -0.5918E-09 -0.6088E-04  0.3270E+01 -0.1196E+00 -0.3770E-01 -0.7462E-04 -0.2581E-03  0.6649E-03
    7  0.3056E+01  0.6527E-02  0.3244E+01  0.1426E-08  0.8107E-03  0.3053E+01 -0.1067E+00 -0.3007E-01 -0.2632E-03  0.2881E-04  0.1002E-02
    8  0.2725E+01  0.1944E-02  0.2893E+01  0.3020E-07  0.1784E-02  0.2723E+01 -0.1212E+00 -0.2148E-01 -0.5371E-04  0.1627E-03  0.7387E-03
    9  0.2338E+01 -0.3389E-02  0.2480E+01 -0.7885E-08  0.1939E-02  0.2348E+01 -0.1406E+00 -0.1736E-01 -0.5266E-03  0.3302E-03  0.5154E-03
   10  0.1981E+01 -0.1113E-02  0.2089E+01 -0.1672E-07  0.1588E-02  0.1994E+01 -0.1336E+00 -0.1669E-01 -0.5131E-03  0.2055E-03  0.8648E-03
   11  0.1695E+01  0.6709E-02  0.1767E+01  0.9905E-08  0.1488E-02  0.1692E+01 -0.9926E-01 -0.1694E-01 -0.2217E-03  0.9147E-04  0.9444E-03
   12  0.1455E+01  0.5109E-02  0.1508E+01  0.7662E-08  0.1470E-02  0.1450E+01 -0.6852E-01 -0.1811E-01 -0.1415E-03  0.8348E-04  0.8843E-03
   13  0.1238E+01 -0.3180E-03  0.1284E+01  0.2602E-07  0.1446E-02  0.1241E+01 -0.5661E-01 -0.1867E-01 -0.2023E-04  0.2072E-03  0.1015E-02
   14  0.1047E+01  0.1077E-02  0.1083E+01  0.3703E-08  0.1323E-02  0.1048E+01 -0.4762E-01 -0.1678E-01  0.3999E-04  0.1729E-03  0.1042E-02
   15  0.8775E+00  0.1152E-02  0.9057E+00 -0.2077E-08  0.1085E-02  0.8771E+00 -0.3978E-01 -0.1377E-01  0.7248E-04  0.5477E-04  0.9772E-03
   16  0.7289E+00  0.1241E-03  0.7517E+00 -0.4306E-09  0.8570E-03  0.7301E+00 -0.3478E-01 -0.1197E-01  0.5319E-04 -0.1624E-04  0.9282E-03
   17  0.6040E+00  0.2559E-03  0.6217E+00  0.5906E-08  0.8001E-03  0.6050E+00 -0.2967E-01 -0.1057E-01  0.3868E-04 -0.1497E-04  0.1000E-02
   18  0.5000E+00  0.4643E-03  0.5136E+00  0.1145E-08  0.9166E-03  0.5004E+00 -0.2399E-01 -0.8873E-02  0.2483E-04 -0.4047E-04  0.1102E-02
   19  0.4111E+00  0.1653E-03  0.4222E+00  0.6636E-09  0.1133E-02  0.4118E+00 -0.1945E-01 -0.7003E-02  0.2419E-04 -0.7045E-04  0.1146E-02
   20  0.3336E+00  0.2090E-03  0.3426E+00  0.4022E-09  0.1331E-02  0.3340E+00 -0.1548E-01 -0.5167E-02  0.3358E-04 -0.7001E-04  0.1116E-02
   21  0.2644E+00  0.3213E-03  0.2717E+00 -0.9273E-09  0.1393E-02  0.2644E+00 -0.1197E-01 -0.3432E-02  0.4048E-04 -0.4206E-04  0.1032E-02
   22  0.2022E+00  0.2504E-03  0.2081E+00  0.1581E-08  0.1271E-02  0.2019E+00 -0.9423E-02 -0.1977E-02  0.3165E-04 -0.1393E-04  0.9009E-03
   23  0.1472E+00  0.8049E-04  0.1520E+00  0.4999E-09  0.1012E-02  0.1471E+00 -0.7928E-02 -0.8993E-03  0.1341E-04  0.1054E-05  0.7328E-03
   24  0.1011E+00  0.1462E-04  0.1048E+00 -0.8394E-09  0.7085E-03  0.1011E+00 -0.6831E-02 -0.2003E-03 -0.5323E-05  0.3590E-05  0.5509E-03
   25  0.6500E-01  0.1049E-04  0.6768E-01 -0.2762E-09  0.4416E-03  0.6504E-01 -0.5735E-02  0.1750E-03 -0.1420E-04 -0.9837E-06  0.3792E-03
   26  0.3886E-01  0.2947E-04  0.4062E-01  0.9815E-10  0.2476E-03  0.3888E-01 -0.4522E-02  0.2992E-03 -0.1512E-04 -0.5442E-05  0.2369E-03
   27  0.2146E-01  0.4304E-04  0.2251E-01 -0.1665E-09  0.1255E-03  0.2146E-01 -0.3283E-02  0.2729E-03 -0.1155E-04 -0.6814E-05  0.1333E-03
   28  0.1091E-01  0.5133E-04  0.1147E-01 -0.2774E-09  0.5775E-04  0.1087E-01 -0.2155E-02  0.1877E-03 -0.7081E-05 -0.5583E-05  0.6743E-04
   29  0.5085E-02  0.4790E-04  0.5346E-02 -0.2189E-09  0.2420E-04  0.5034E-02 -0.1267E-02  0.1060E-03 -0.3700E-05 -0.3540E-05  0.3065E-04
   30  0.2171E-02  0.3639E-04  0.2277E-02 -0.1512E-09  0.9323E-05  0.2125E-02 -0.6626E-03  0.5082E-04 -0.1700E-05 -0.1843E-05  0.1253E-04
   31  0.8490E-03  0.2265E-04  0.8856E-03 -0.1110E-09  0.3295E-05  0.8173E-03 -0.3084E-03  0.2115E-04 -0.7070E-06 -0.8168E-06  0.4636E-05
   32  0.3041E-03  0.1190E-04  0.3146E-03 -0.7489E-10  0.1068E-05  0.2864E-03 -0.1280E-03  0.7757E-05 -0.2597E-06 -0.3171E-06  0.1560E-05
   33  0.9996E-04  0.5328E-05  0.1023E-03 -0.4239E-10  0.3198E-06  0.9171E-04 -0.4761E-04  0.2556E-05 -0.8817E-07 -0.1088E-06  0.4779E-06
   34  0.3027E-04  0.2071E-05  0.3058E-04 -0.1968E-10  0.9004E-07  0.2697E-04 -0.1597E-04  0.7678E-06 -0.2794E-07 -0.3314E-07  0.1352E-06
   35  0.8493E-05  0.7104E-06  0.8465E-05 -0.7562E-11  0.2389E-07  0.7338E-05 -0.4874E-05  0.2134E-06 -0.8348E-08 -0.8787E-08  0.3530E-07
   36  0.2229E-05  0.2200E-06  0.2190E-05 -0.2480E-11  0.6075E-08  0.1865E-05 -0.1370E-05  0.5452E-07 -0.2358E-08 -0.1976E-08  0.8456E-08
   37  0.5514E-06  0.6256E-07  0.5337E-06 -0.7726E-12  0.1497E-08  0.4467E-06 -0.3589E-06  0.1311E-07 -0.6349E-09 -0.3757E-09  0.1871E-08
   38  0.1300E-06  0.1655E-07  0.1240E-06 -0.2412E-12  0.3670E-09  0.1020E-06 -0.8852E-07  0.2875E-08 -0.1608E-09 -0.6807E-10  0.3947E-09
   39  0.2933E-07  0.4069E-08  0.2757E-07 -0.6769E-13  0.8935E-10  0.2241E-07 -0.2086E-07  0.6209E-09 -0.4353E-10 -0.1394E-10  0.8076E-10
   40  0.7398E-08  0.9743E-09  0.6993E-08 -0.2244E-13  0.3143E-10  0.5742E-08 -0.5121E-08  0.1361E-09 -0.1306E-10 -0.6374E-11  0.2396E-10
   41  0.1373E-08  0.1974E-09  0.1264E-08 -0.1312E-13  0.5190E-11  0.1043E-08 -0.1034E-08  0.3394E-10 -0.2938E-11 -0.1814E-11  0.4627E-11
   42  0.7374E-09  0.8857E-10  0.7033E-09 -0.7086E-14  0.3594E-11  0.5886E-09 -0.4971E-09  0.8590E-11 -0.1422E-11 -0.1236E-11  0.3085E-11
   43  0.5445E-10  0.7283E-11  0.4918E-10 -0.3156E-14  0.2320E-12  0.4367E-10 -0.4245E-10  0.1976E-11 -0.1448E-12 -0.1557E-12  0.2667E-12
   44  0.8261E-10  0.1253E-10  0.7659E-10 -0.1126E-14  0.2949E-12  0.6124E-10 -0.6000E-10  0.5970E-12 -0.1205E-12 -0.1343E-12  0.3066E-12
   45  0.1383E-11  0.1808E-12  0.1207E-11 -0.3258E-15  0.5744E-14  0.1174E-11 -0.1099E-11  0.6298E-13 -0.3417E-14 -0.5502E-14  0.8084E-14
   46  0.5678E-11  0.1042E-11  0.5026E-11 -0.8606E-16  0.1431E-13  0.3833E-11 -0.4406E-11  0.3103E-13 -0.6188E-14 -0.7858E-14  0.1694E-13
   47  0.1596E-13  0.1824E-14  0.1155E-13 -0.2373E-16  0.4712E-16  0.1732E-13 -0.1139E-13  0.8183E-15  0.5385E-17 -0.8036E-16  0.9497E-16
   48  0.2723E-12  0.6107E-13  0.2391E-12 -0.4180E-17  0.5256E-15  0.1682E-12 -0.2274E-12  0.1358E-14 -0.2425E-15 -0.3351E-15  0.6667E-15
