 input file is 
mstm11_256_5299_20_00226.inp  
 input file comments follow:
***********************************************************
  This is the default mstm input file for v.3.0.
  The run is for a 7-sphere cluster of identical spheres.   The positions
  are embedded in the input file.

  The run makes use of the new_run and multiple_run options.

  14 April 2013
***********************************************************
 number of processors:
   1
 input parameters for run number 
    1
 number of spheres, volume size parameter:
  256  0.33647E+01
 position file:
position/n256/a11.out                                       
 output file:
output/256/x5299/20/00226/mt_11_256_5299_20_00226.dat       
 length, ref. indx. scale factors:
   0.530   2.000   0.023
 chiral factors:
  0.00000E+00  0.00000E+00
 scattering matrix directions based on incident frame
 automatic scattering angle calculation
 thetamin, thetamax:
      0.0    180.0
 number scattering angles:
      181
 epsmie, epssoln, max number iterations:
  0.1000E-05  0.1000E-07 5000
 medium refractive index:
  1.0000  0.0000
 target euler rotation angles:
    0.0000    0.0000    0.0000
 far field kr, iterations/correction:
 -0.1000E+01   20
 plane wave incidence
 random orientation calculations
 t matrix calculated, stored in file 
tmatrixfiles/1125652992000226                               
 t matrix convergence epsilon:
  0.1000E-06
 all spheres excited (total T matrix) 
 calculation results for run 
    1
 total ext, abs, scat efficiencies, w.r.t. xv, and asym. parm
  0.37664E+01  0.18971E+00  0.35767E+01  0.72241E+00
 scattering matrix elements (normalized w/ S11)
   theta      11           12           13           14           22           23           24           33           34           44      
    0.00  0.52713E+02  0.00000E+00  0.00000E+00  0.87998E-04  0.99914E+00 -0.10536E-03  0.00000E+00  0.99914E+00  0.00000E+00  0.99831E+00 
    1.00  0.52267E+02 -0.20464E-03 -0.39540E-06  0.87902E-04  0.99913E+00 -0.11286E-03 -0.16788E-06  0.99913E+00 -0.49020E-04  0.99830E+00 
    2.00  0.50953E+02 -0.82098E-03 -0.15777E-05  0.87593E-04  0.99912E+00 -0.13555E-03 -0.68022E-06  0.99912E+00 -0.19818E-03  0.99827E+00 
    3.00  0.48836E+02 -0.18564E-02 -0.35339E-05  0.87007E-04  0.99909E+00 -0.17402E-03 -0.15635E-05  0.99908E+00 -0.45383E-03  0.99822E+00 
    4.00  0.46020E+02 -0.33236E-02 -0.62372E-05  0.86017E-04  0.99904E+00 -0.22923E-03 -0.28627E-05  0.99904E+00 -0.82674E-03  0.99813E+00 
    5.00  0.42639E+02 -0.52404E-02 -0.96383E-05  0.84407E-04  0.99899E+00 -0.30252E-03 -0.46430E-05  0.99897E+00 -0.13323E-02  0.99802E+00 
    6.00  0.38848E+02 -0.76307E-02 -0.13652E-04  0.81816E-04  0.99891E+00 -0.39555E-03 -0.69907E-05  0.99888E+00 -0.19905E-02  0.99786E+00 
    7.00  0.34812E+02 -0.10524E-01 -0.18133E-04  0.77673E-04  0.99882E+00 -0.51016E-03 -0.10014E-04  0.99876E+00 -0.28262E-02  0.99766E+00 
    8.00  0.30695E+02 -0.13955E-01 -0.22848E-04  0.71083E-04  0.99869E+00 -0.64814E-03 -0.13841E-04  0.99859E+00 -0.38679E-02  0.99739E+00 
    9.00  0.26650E+02 -0.17961E-01 -0.27426E-04  0.60693E-04  0.99854E+00 -0.81080E-03 -0.18614E-04  0.99837E+00 -0.51456E-02  0.99705E+00 
   10.00  0.22810E+02 -0.22579E-01 -0.31294E-04  0.44512E-04  0.99835E+00 -0.99805E-03 -0.24472E-04  0.99808E+00 -0.66862E-02  0.99660E+00 
   11.00  0.19281E+02 -0.27834E-01 -0.33607E-04  0.19727E-04  0.99811E+00 -0.12071E-02 -0.31517E-04  0.99770E+00 -0.85044E-02  0.99603E+00 
   12.00  0.16139E+02 -0.33725E-01 -0.33176E-04 -0.17405E-04  0.99782E+00 -0.14304E-02 -0.39759E-04  0.99721E+00 -0.10588E-01  0.99531E+00 
   13.00  0.13428E+02 -0.40198E-01 -0.28448E-04 -0.71415E-04  0.99748E+00 -0.16528E-02 -0.49021E-04  0.99659E+00 -0.12874E-01  0.99442E+00 
   14.00  0.11163E+02 -0.47118E-01 -0.17618E-04 -0.14694E-03  0.99707E+00 -0.18490E-02 -0.58832E-04  0.99584E+00 -0.15225E-01  0.99336E+00 
   15.00  0.93303E+01 -0.54242E-01  0.99517E-06 -0.24720E-03  0.99661E+00 -0.19828E-02 -0.68333E-04  0.99494E+00 -0.17406E-01  0.99212E+00 
   16.00  0.78964E+01 -0.61221E-01  0.28286E-04 -0.37158E-03  0.99613E+00 -0.20114E-02 -0.76299E-04  0.99393E+00 -0.19098E-01  0.99076E+00 
   17.00  0.68114E+01 -0.67674E-01  0.63545E-04 -0.51328E-03  0.99564E+00 -0.18962E-02 -0.81395E-04  0.99286E+00 -0.19964E-01  0.98936E+00 
   18.00  0.60164E+01 -0.73304E-01  0.10401E-03 -0.65863E-03  0.99520E+00 -0.16191E-02 -0.82645E-04  0.99180E+00 -0.19768E-01  0.98801E+00 
   19.00  0.54490E+01 -0.78036E-01  0.14534E-03 -0.78978E-03  0.99483E+00 -0.11931E-02 -0.79916E-04  0.99081E+00 -0.18487E-01  0.98679E+00 
   20.00  0.50492E+01 -0.82051E-01  0.18285E-03 -0.88965E-03  0.99454E+00 -0.65990E-03 -0.74075E-04  0.98992E+00 -0.16336E-01  0.98575E+00 
   21.00  0.47626E+01 -0.85710E-01  0.21297E-03 -0.94625E-03  0.99431E+00 -0.74914E-04 -0.66701E-04  0.98913E+00 -0.13685E-01  0.98486E+00 
   22.00  0.45438E+01 -0.89421E-01  0.23383E-03 -0.95398E-03  0.99412E+00  0.51080E-03 -0.59576E-04  0.98840E+00 -0.10930E-01  0.98404E+00 
   23.00  0.43577E+01 -0.93521E-01  0.24509E-03 -0.91214E-03  0.99394E+00  0.10604E-02 -0.54278E-04  0.98766E+00 -0.83950E-02  0.98323E+00 
   24.00  0.41794E+01 -0.98241E-01  0.24730E-03 -0.82254E-03  0.99373E+00  0.15523E-02 -0.52005E-04  0.98687E+00 -0.62959E-02  0.98234E+00 
   25.00  0.39936E+01 -0.10371E+00  0.24136E-03 -0.68783E-03  0.99348E+00  0.19759E-02 -0.53579E-04  0.98596E+00 -0.47534E-02  0.98132E+00 
   26.00  0.37932E+01 -0.10996E+00  0.22817E-03 -0.51085E-03  0.99317E+00  0.23265E-02 -0.59505E-04  0.98491E+00 -0.38165E-02  0.98009E+00 
   27.00  0.35771E+01 -0.11701E+00  0.20856E-03 -0.29495E-03  0.99278E+00  0.26016E-02 -0.70019E-04  0.98368E+00 -0.34854E-02  0.97864E+00 
   28.00  0.33485E+01 -0.12480E+00  0.18328E-03 -0.44813E-04  0.99231E+00  0.27981E-02 -0.85077E-04  0.98225E+00 -0.37255E-02  0.97693E+00 
   29.00  0.31129E+01 -0.13329E+00  0.15320E-03  0.23246E-03  0.99175E+00  0.29123E-02 -0.10431E-03  0.98060E+00 -0.44727E-02  0.97495E+00 
   30.00  0.28765E+01 -0.14239E+00  0.11943E-03  0.52642E-03  0.99109E+00  0.29397E-02 -0.12694E-03  0.97871E+00 -0.56356E-02  0.97267E+00 
   31.00  0.26451E+01 -0.15202E+00  0.83497E-04  0.82268E-03  0.99033E+00  0.28767E-02 -0.15173E-03  0.97658E+00 -0.70956E-02  0.97009E+00 
   32.00  0.24235E+01 -0.16207E+00  0.47376E-04  0.11030E-02  0.98947E+00  0.27220E-02 -0.17696E-03  0.97419E+00 -0.87119E-02  0.96721E+00 
   33.00  0.22151E+01 -0.17244E+00  0.13543E-04  0.13462E-02  0.98851E+00  0.24783E-02 -0.20046E-03  0.97155E+00 -0.10331E-01  0.96401E+00 
   34.00  0.20216E+01 -0.18304E+00 -0.15160E-04  0.15301E-02  0.98744E+00  0.21535E-02 -0.21980E-03  0.96865E+00 -0.11800E-01  0.96051E+00 
   35.00  0.18438E+01 -0.19378E+00 -0.35723E-04  0.16335E-02  0.98627E+00  0.17613E-02 -0.23247E-03  0.96548E+00 -0.12989E-01  0.95670E+00 
   36.00  0.16814E+01 -0.20459E+00 -0.45249E-04  0.16394E-02  0.98500E+00  0.13207E-02 -0.23618E-03  0.96202E+00 -0.13805E-01  0.95255E+00 
   37.00  0.15337E+01 -0.21543E+00 -0.41259E-04  0.15365E-02  0.98361E+00  0.85479E-03 -0.22918E-03  0.95826E+00 -0.14208E-01  0.94805E+00 
   38.00  0.14000E+01 -0.22628E+00 -0.21999E-04  0.13220E-02  0.98210E+00  0.38916E-03 -0.21045E-03  0.95418E+00 -0.14219E-01  0.94319E+00 
   39.00  0.12792E+01 -0.23713E+00  0.13277E-04  0.10019E-02  0.98047E+00 -0.50129E-04 -0.17999E-03  0.94976E+00 -0.13912E-01  0.93793E+00 
   40.00  0.11707E+01 -0.24802E+00  0.64046E-04  0.59192E-03  0.97872E+00 -0.43833E-03 -0.13889E-03  0.94497E+00 -0.13411E-01  0.93225E+00 
   41.00  0.10740E+01 -0.25898E+00  0.12830E-03  0.11740E-03  0.97686E+00 -0.75385E-03 -0.89473E-04  0.93981E+00 -0.12866E-01  0.92616E+00 
   42.00  0.98864E+00 -0.27005E+00  0.20241E-03 -0.38812E-03  0.97491E+00 -0.98010E-03 -0.35223E-04  0.93429E+00 -0.12433E-01  0.91968E+00 
   43.00  0.91431E+00 -0.28131E+00  0.28115E-03 -0.88505E-03  0.97291E+00 -0.11074E-02  0.19447E-04  0.92842E+00 -0.12247E-01  0.91283E+00 
   44.00  0.85051E+00 -0.29281E+00  0.35804E-03 -0.13319E-02  0.97090E+00 -0.11348E-02  0.69640E-04  0.92225E+00 -0.12391E-01  0.90568E+00 
   45.00  0.79657E+00 -0.30466E+00  0.42603E-03 -0.16907E-02  0.96894E+00 -0.10706E-02  0.11069E-03  0.91581E+00 -0.12879E-01  0.89831E+00 
   46.00  0.75160E+00 -0.31693E+00  0.47845E-03 -0.19334E-02  0.96707E+00 -0.93205E-03  0.13898E-03  0.90916E+00 -0.13649E-01  0.89076E+00 
   47.00  0.71444E+00 -0.32969E+00  0.51008E-03 -0.20466E-02  0.96533E+00 -0.74257E-03  0.15272E-03  0.90231E+00 -0.14570E-01  0.88309E+00 
   48.00  0.68374E+00 -0.34301E+00  0.51794E-03 -0.20338E-02  0.96372E+00 -0.52806E-03  0.15235E-03  0.89525E+00 -0.15471E-01  0.87529E+00 
   49.00  0.65801E+00 -0.35692E+00  0.50163E-03 -0.19137E-02  0.96224E+00 -0.31248E-03  0.14053E-03  0.88794E+00 -0.16177E-01  0.86731E+00 
   50.00  0.63577E+00 -0.37144E+00  0.46305E-03 -0.17158E-02  0.96083E+00 -0.11440E-03  0.12164E-03  0.88032E+00 -0.16544E-01  0.85906E+00 
   51.00  0.61563E+00 -0.38654E+00  0.40577E-03 -0.14747E-02  0.95945E+00  0.54890E-04  0.10114E-03  0.87229E+00 -0.16478E-01  0.85043E+00 
   52.00  0.59640E+00 -0.40220E+00  0.33430E-03 -0.12246E-02  0.95803E+00  0.19143E-03  0.84857E-04  0.86374E+00 -0.15948E-01  0.84129E+00 
   53.00  0.57718E+00 -0.41837E+00  0.25343E-03 -0.99579E-03  0.95652E+00  0.29751E-03  0.78458E-04  0.85457E+00 -0.14982E-01  0.83150E+00 
   54.00  0.55738E+00 -0.43498E+00  0.16778E-03 -0.81225E-03  0.95485E+00  0.37999E-03  0.87075E-04  0.84468E+00 -0.13658E-01  0.82096E+00 
   55.00  0.53676E+00 -0.45198E+00  0.81640E-04 -0.69108E-03  0.95300E+00  0.44845E-03  0.11507E-03  0.83401E+00 -0.12096E-01  0.80957E+00 
   56.00  0.51536E+00 -0.46929E+00 -0.10800E-05 -0.64245E-03  0.95093E+00  0.51371E-03  0.16585E-03  0.82248E+00 -0.10444E-01  0.79728E+00 
   57.00  0.49350E+00 -0.48684E+00 -0.76820E-04 -0.66976E-03  0.94866E+00  0.58639E-03  0.24159E-03  0.81006E+00 -0.88672E-02  0.78406E+00 
   58.00  0.47162E+00 -0.50455E+00 -0.14234E-03 -0.76980E-03  0.94619E+00  0.67583E-03  0.34299E-03  0.79676E+00 -0.75405E-02  0.76992E+00 
   59.00  0.45031E+00 -0.52234E+00 -0.19480E-03 -0.93287E-03  0.94359E+00  0.78903E-03  0.46887E-03  0.78259E+00 -0.66303E-02  0.75493E+00 
   60.00  0.43012E+00 -0.54015E+00 -0.23192E-03 -0.11431E-02  0.94093E+00  0.92974E-03  0.61588E-03  0.76760E+00 -0.62795E-02  0.73916E+00 
   61.00  0.41155E+00 -0.55792E+00 -0.25228E-03 -0.13795E-02  0.93828E+00  0.10978E-02  0.77834E-03  0.75188E+00 -0.65873E-02  0.72275E+00 
   62.00  0.39499E+00 -0.57560E+00 -0.25568E-03 -0.16172E-02  0.93576E+00  0.12890E-02  0.94848E-03  0.73550E+00 -0.75914E-02  0.70582E+00 
   63.00  0.38070E+00 -0.59317E+00 -0.24339E-03 -0.18308E-02  0.93347E+00  0.14950E-02  0.11170E-02  0.71854E+00 -0.92556E-02  0.68848E+00 
   64.00  0.36874E+00 -0.61062E+00 -0.21825E-03 -0.19969E-02  0.93150E+00  0.17051E-02  0.12744E-02  0.70108E+00 -0.11469E-01  0.67083E+00 
   65.00  0.35906E+00 -0.62797E+00 -0.18452E-03 -0.20976E-02  0.92989E+00  0.19071E-02  0.14119E-02  0.68313E+00 -0.14058E-01  0.65291E+00 
   66.00  0.35146E+00 -0.64523E+00 -0.14740E-03 -0.21227E-02  0.92867E+00  0.20896E-02  0.15227E-02  0.66469E+00 -0.16812E-01  0.63469E+00 
   67.00  0.34564E+00 -0.66239E+00 -0.11243E-03 -0.20705E-02  0.92782E+00  0.22429E-02  0.16031E-02  0.64572E+00 -0.19513E-01  0.61611E+00 
   68.00  0.34125E+00 -0.67946E+00 -0.84799E-04 -0.19471E-02  0.92729E+00  0.23606E-02  0.16525E-02  0.62613E+00 -0.21968E-01  0.59706E+00 
   69.00  0.33790E+00 -0.69640E+00 -0.68764E-04 -0.17648E-02  0.92702E+00  0.24392E-02  0.16729E-02  0.60586E+00 -0.24022E-01  0.57741E+00 
   70.00  0.33522E+00 -0.71316E+00 -0.67258E-04 -0.15394E-02  0.92694E+00  0.24777E-02  0.16687E-02  0.58482E+00 -0.25577E-01  0.55705E+00 
   71.00  0.33287E+00 -0.72966E+00 -0.81662E-04 -0.12882E-02  0.92695E+00  0.24772E-02  0.16455E-02  0.56295E+00 -0.26585E-01  0.53588E+00 
   72.00  0.33055E+00 -0.74581E+00 -0.11175E-03 -0.10280E-02  0.92701E+00  0.24394E-02  0.16094E-02  0.54021E+00 -0.27047E-01  0.51383E+00 
   73.00  0.32804E+00 -0.76151E+00 -0.15570E-03 -0.77395E-03  0.92704E+00  0.23666E-02  0.15664E-02  0.51660E+00 -0.26997E-01  0.49088E+00 
   74.00  0.32518E+00 -0.77664E+00 -0.21023E-03 -0.53871E-03  0.92701E+00  0.22605E-02  0.15222E-02  0.49214E+00 -0.26498E-01  0.46702E+00 
   75.00  0.32186E+00 -0.79112E+00 -0.27072E-03 -0.33214E-03  0.92689E+00  0.21224E-02  0.14813E-02  0.46687E+00 -0.25625E-01  0.44231E+00 
   76.00  0.31803E+00 -0.80482E+00 -0.33141E-03 -0.16119E-03  0.92664E+00  0.19530E-02  0.14474E-02  0.44087E+00 -0.24463E-01  0.41680E+00 
   77.00  0.31369E+00 -0.81768E+00 -0.38566E-03 -0.29841E-04  0.92625E+00  0.17526E-02  0.14228E-02  0.41420E+00 -0.23102E-01  0.39057E+00 
   78.00  0.30888E+00 -0.82960E+00 -0.42624E-03  0.60735E-04  0.92572E+00  0.15216E-02  0.14088E-02  0.38696E+00 -0.21625E-01  0.36370E+00 
   79.00  0.30363E+00 -0.84054E+00 -0.44574E-03  0.11209E-03  0.92503E+00  0.12603E-02  0.14055E-02  0.35923E+00 -0.20113E-01  0.33630E+00 
   80.00  0.29801E+00 -0.85045E+00 -0.43698E-03  0.12832E-03  0.92418E+00  0.97022E-03  0.14119E-02  0.33109E+00 -0.18639E-01  0.30843E+00 
   81.00  0.29209E+00 -0.85931E+00 -0.39354E-03  0.11583E-03  0.92317E+00  0.65348E-03  0.14259E-02  0.30260E+00 -0.17266E-01  0.28018E+00 
   82.00  0.28593E+00 -0.86710E+00 -0.31020E-03  0.83013E-04  0.92200E+00  0.31369E-03  0.14447E-02  0.27381E+00 -0.16049E-01  0.25161E+00 
   83.00  0.27959E+00 -0.87381E+00 -0.18340E-03  0.39894E-04  0.92066E+00 -0.44091E-04  0.14649E-02  0.24475E+00 -0.15030E-01  0.22275E+00 
   84.00  0.27314E+00 -0.87945E+00 -0.11642E-04 -0.23808E-05  0.91916E+00 -0.41335E-03  0.14826E-02  0.21546E+00 -0.14242E-01  0.19365E+00 
   85.00  0.26664E+00 -0.88402E+00  0.20425E-03 -0.32072E-04  0.91749E+00 -0.78622E-03  0.14938E-02  0.18595E+00 -0.13706E-01  0.16433E+00 
   86.00  0.26012E+00 -0.88752E+00  0.46100E-03 -0.37460E-04  0.91566E+00 -0.11537E-02  0.14948E-02  0.15621E+00 -0.13433E-01  0.13481E+00 
   87.00  0.25364E+00 -0.88997E+00  0.75289E-03 -0.74874E-05  0.91367E+00 -0.15061E-02  0.14821E-02  0.12625E+00 -0.13423E-01  0.10511E+00 
   88.00  0.24724E+00 -0.89135E+00  0.10719E-02  0.67587E-04  0.91154E+00 -0.18334E-02  0.14530E-02  0.96090E-01 -0.13666E-01  0.75258E-01 
   89.00  0.24097E+00 -0.89167E+00  0.14082E-02  0.19555E-03  0.90928E+00 -0.21259E-02  0.14054E-02  0.65742E-01 -0.14145E-01  0.45286E-01 
   90.00  0.23486E+00 -0.89093E+00  0.17501E-02  0.38163E-03  0.90690E+00 -0.23746E-02  0.13384E-02  0.35238E-01 -0.14834E-01  0.15244E-01 
   91.00  0.22897E+00 -0.88914E+00  0.20855E-02  0.62804E-03  0.90445E+00 -0.25721E-02  0.12519E-02  0.46247E-02 -0.15700E-01 -0.14807E-01 
   92.00  0.22333E+00 -0.88628E+00  0.24018E-02  0.93355E-03  0.90193E+00 -0.27127E-02  0.11473E-02 -0.26037E-01 -0.16704E-01 -0.44790E-01 
   93.00  0.21798E+00 -0.88239E+00  0.26870E-02  0.12933E-02  0.89940E+00 -0.27931E-02  0.10266E-02 -0.56672E-01 -0.17804E-01 -0.74620E-01 
   94.00  0.21295E+00 -0.87748E+00  0.29304E-02  0.16990E-02  0.89689E+00 -0.28127E-02  0.89309E-03 -0.87194E-01 -0.18957E-01 -0.10420E+00 
   95.00  0.20826E+00 -0.87157E+00  0.31235E-02  0.21389E-02  0.89445E+00 -0.27736E-02  0.75060E-03 -0.11751E+00 -0.20118E-01 -0.13343E+00 
   96.00  0.20395E+00 -0.86473E+00  0.32602E-02  0.25986E-02  0.89210E+00 -0.26807E-02  0.60355E-03 -0.14753E+00 -0.21248E-01 -0.16222E+00 
   97.00  0.20002E+00 -0.85698E+00  0.33378E-02  0.30617E-02  0.88990E+00 -0.25414E-02  0.45655E-03 -0.17715E+00 -0.22311E-01 -0.19048E+00 
   98.00  0.19648E+00 -0.84839E+00  0.33567E-02  0.35109E-02  0.88789E+00 -0.23651E-02  0.31411E-03 -0.20631E+00 -0.23279E-01 -0.21814E+00 
   99.00  0.19334E+00 -0.83903E+00  0.33206E-02  0.39290E-02  0.88608E+00 -0.21626E-02  0.18029E-03 -0.23491E+00 -0.24135E-01 -0.24513E+00 
  100.00  0.19058E+00 -0.82896E+00  0.32362E-02  0.43001E-02  0.88451E+00 -0.19452E-02  0.58435E-04 -0.26292E+00 -0.24868E-01 -0.27142E+00 
  101.00  0.18821E+00 -0.81824E+00  0.31125E-02  0.46107E-02  0.88319E+00 -0.17245E-02 -0.49049E-04 -0.29028E+00 -0.25479E-01 -0.29697E+00 
  102.00  0.18619E+00 -0.80693E+00  0.29605E-02  0.48505E-02  0.88214E+00 -0.15109E-02 -0.14084E-03 -0.31697E+00 -0.25979E-01 -0.32179E+00 
  103.00  0.18452E+00 -0.79510E+00  0.27918E-02  0.50127E-02  0.88134E+00 -0.13135E-02 -0.21675E-03 -0.34298E+00 -0.26384E-01 -0.34589E+00 
  104.00  0.18316E+00 -0.78279E+00  0.26181E-02  0.50950E-02  0.88081E+00 -0.11395E-02 -0.27770E-03 -0.36830E+00 -0.26716E-01 -0.36928E+00 
  105.00  0.18209E+00 -0.77005E+00  0.24504E-02  0.50986E-02  0.88052E+00 -0.99364E-03 -0.32558E-03 -0.39294E+00 -0.27000E-01 -0.39198E+00 
  106.00  0.18128E+00 -0.75692E+00  0.22984E-02  0.50286E-02  0.88045E+00 -0.87860E-03 -0.36311E-03 -0.41692E+00 -0.27262E-01 -0.41403E+00 
  107.00  0.18070E+00 -0.74342E+00  0.21699E-02  0.48932E-02  0.88059E+00 -0.79463E-03 -0.39359E-03 -0.44024E+00 -0.27523E-01 -0.43545E+00 
  108.00  0.18034E+00 -0.72959E+00  0.20705E-02  0.47028E-02  0.88091E+00 -0.74001E-03 -0.42068E-03 -0.46292E+00 -0.27804E-01 -0.45626E+00 
  109.00  0.18015E+00 -0.71546E+00  0.20033E-02  0.44693E-02  0.88138E+00 -0.71133E-03 -0.44817E-03 -0.48496E+00 -0.28115E-01 -0.47648E+00 
  110.00  0.18012E+00 -0.70103E+00  0.19696E-02  0.42055E-02  0.88199E+00 -0.70387E-03 -0.47976E-03 -0.50638E+00 -0.28465E-01 -0.49613E+00 
  111.00  0.18023E+00 -0.68635E+00  0.19681E-02  0.39239E-02  0.88270E+00 -0.71213E-03 -0.51892E-03 -0.52717E+00 -0.28853E-01 -0.51519E+00 
  112.00  0.18046E+00 -0.67142E+00  0.19961E-02  0.36362E-02  0.88350E+00 -0.73016E-03 -0.56873E-03 -0.54733E+00 -0.29272E-01 -0.53368E+00 
  113.00  0.18078E+00 -0.65627E+00  0.20493E-02  0.33531E-02  0.88436E+00 -0.75203E-03 -0.63181E-03 -0.56685E+00 -0.29712E-01 -0.55158E+00 
  114.00  0.18119E+00 -0.64091E+00  0.21224E-02  0.30833E-02  0.88528E+00 -0.77213E-03 -0.71024E-03 -0.58573E+00 -0.30155E-01 -0.56889E+00 
  115.00  0.18166E+00 -0.62538E+00  0.22093E-02  0.28335E-02  0.88622E+00 -0.78549E-03 -0.80559E-03 -0.60396E+00 -0.30585E-01 -0.58558E+00 
  116.00  0.18220E+00 -0.60968E+00  0.23039E-02  0.26085E-02  0.88718E+00 -0.78793E-03 -0.91892E-03 -0.62154E+00 -0.30980E-01 -0.60166E+00 
  117.00  0.18277E+00 -0.59385E+00  0.24000E-02  0.24111E-02  0.88814E+00 -0.77627E-03 -0.10509E-02 -0.63844E+00 -0.31320E-01 -0.61710E+00 
  118.00  0.18339E+00 -0.57790E+00  0.24917E-02  0.22422E-02  0.88910E+00 -0.74832E-03 -0.12016E-02 -0.65468E+00 -0.31588E-01 -0.63190E+00 
  119.00  0.18403E+00 -0.56185E+00  0.25739E-02  0.21009E-02  0.89004E+00 -0.70290E-03 -0.13712E-02 -0.67024E+00 -0.31767E-01 -0.64604E+00 
  120.00  0.18469E+00 -0.54572E+00  0.26421E-02  0.19852E-02  0.89096E+00 -0.63982E-03 -0.15592E-02 -0.68513E+00 -0.31846E-01 -0.65952E+00 
  121.00  0.18537E+00 -0.52952E+00  0.26928E-02  0.18921E-02  0.89185E+00 -0.55976E-03 -0.17652E-02 -0.69935E+00 -0.31816E-01 -0.67234E+00 
  122.00  0.18605E+00 -0.51329E+00  0.27232E-02  0.18178E-02  0.89271E+00 -0.46414E-03 -0.19885E-02 -0.71291E+00 -0.31672E-01 -0.68451E+00 
  123.00  0.18675E+00 -0.49702E+00  0.27316E-02  0.17584E-02  0.89353E+00 -0.35500E-03 -0.22286E-02 -0.72581E+00 -0.31415E-01 -0.69602E+00 
  124.00  0.18744E+00 -0.48074E+00  0.27172E-02  0.17099E-02  0.89431E+00 -0.23482E-03 -0.24846E-02 -0.73808E+00 -0.31049E-01 -0.70688E+00 
  125.00  0.18813E+00 -0.46446E+00  0.26798E-02  0.16686E-02  0.89505E+00 -0.10641E-03 -0.27557E-02 -0.74972E+00 -0.30580E-01 -0.71712E+00 
  126.00  0.18881E+00 -0.44819E+00  0.26201E-02  0.16313E-02  0.89575E+00  0.27268E-04 -0.30409E-02 -0.76075E+00 -0.30020E-01 -0.72673E+00 
  127.00  0.18949E+00 -0.43196E+00  0.25392E-02  0.15954E-02  0.89640E+00  0.16323E-03 -0.33392E-02 -0.77119E+00 -0.29380E-01 -0.73574E+00 
  128.00  0.19017E+00 -0.41577E+00  0.24387E-02  0.15587E-02  0.89700E+00  0.29856E-03 -0.36493E-02 -0.78106E+00 -0.28673E-01 -0.74416E+00 
  129.00  0.19084E+00 -0.39964E+00  0.23207E-02  0.15201E-02  0.89757E+00  0.43050E-03 -0.39693E-02 -0.79038E+00 -0.27914E-01 -0.75201E+00 
  130.00  0.19152E+00 -0.38360E+00  0.21876E-02  0.14789E-02  0.89809E+00  0.55654E-03 -0.42974E-02 -0.79916E+00 -0.27117E-01 -0.75931E+00 
  131.00  0.19219E+00 -0.36766E+00  0.20417E-02  0.14349E-02  0.89857E+00  0.67444E-03 -0.46310E-02 -0.80743E+00 -0.26294E-01 -0.76608E+00 
  132.00  0.19288E+00 -0.35185E+00  0.18859E-02  0.13885E-02  0.89901E+00  0.78231E-03 -0.49672E-02 -0.81520E+00 -0.25458E-01 -0.77233E+00 
  133.00  0.19358E+00 -0.33618E+00  0.17227E-02  0.13404E-02  0.89942E+00  0.87854E-03 -0.53025E-02 -0.82248E+00 -0.24620E-01 -0.77809E+00 
  134.00  0.19430E+00 -0.32068E+00  0.15552E-02  0.12915E-02  0.89980E+00  0.96190E-03 -0.56328E-02 -0.82930E+00 -0.23787E-01 -0.78337E+00 
  135.00  0.19506E+00 -0.30539E+00  0.13862E-02  0.12427E-02  0.90015E+00  0.10315E-02 -0.59538E-02 -0.83567E+00 -0.22969E-01 -0.78819E+00 
  136.00  0.19584E+00 -0.29032E+00  0.12185E-02  0.11950E-02  0.90049E+00  0.10866E-02 -0.62605E-02 -0.84161E+00 -0.22171E-01 -0.79257E+00 
  137.00  0.19667E+00 -0.27550E+00  0.10549E-02  0.11492E-02  0.90080E+00  0.11269E-02 -0.65478E-02 -0.84713E+00 -0.21396E-01 -0.79654E+00 
  138.00  0.19755E+00 -0.26097E+00  0.89833E-03  0.11060E-02  0.90110E+00  0.11525E-02 -0.68104E-02 -0.85225E+00 -0.20648E-01 -0.80011E+00 
  139.00  0.19848E+00 -0.24675E+00  0.75132E-03  0.10659E-02  0.90140E+00  0.11633E-02 -0.70430E-02 -0.85698E+00 -0.19930E-01 -0.80330E+00 
  140.00  0.19948E+00 -0.23286E+00  0.61636E-03  0.10292E-02  0.90169E+00  0.11600E-02 -0.72407E-02 -0.86135E+00 -0.19241E-01 -0.80614E+00 
  141.00  0.20055E+00 -0.21933E+00  0.49562E-03  0.99591E-03  0.90198E+00  0.11431E-02 -0.73988E-02 -0.86538E+00 -0.18581E-01 -0.80866E+00 
  142.00  0.20168E+00 -0.20617E+00  0.39097E-03  0.96618E-03  0.90227E+00  0.11135E-02 -0.75133E-02 -0.86907E+00 -0.17952E-01 -0.81086E+00 
  143.00  0.20290E+00 -0.19341E+00  0.30385E-03  0.93991E-03  0.90256E+00  0.10723E-02 -0.75812E-02 -0.87245E+00 -0.17351E-01 -0.81279E+00 
  144.00  0.20419E+00 -0.18106E+00  0.23521E-03  0.91704E-03  0.90286E+00  0.10206E-02 -0.76001E-02 -0.87555E+00 -0.16778E-01 -0.81446E+00 
  145.00  0.20557E+00 -0.16913E+00  0.18548E-03  0.89757E-03  0.90316E+00  0.96000E-03 -0.75690E-02 -0.87838E+00 -0.16231E-01 -0.81590E+00 
  146.00  0.20702E+00 -0.15763E+00  0.15450E-03  0.88160E-03  0.90346E+00  0.89198E-03 -0.74878E-02 -0.88097E+00 -0.15709E-01 -0.81713E+00 
  147.00  0.20856E+00 -0.14655E+00  0.14154E-03  0.86935E-03  0.90377E+00  0.81824E-03 -0.73578E-02 -0.88333E+00 -0.15209E-01 -0.81817E+00 
  148.00  0.21017E+00 -0.13591E+00  0.14529E-03  0.86118E-03  0.90407E+00  0.74056E-03 -0.71810E-02 -0.88549E+00 -0.14729E-01 -0.81904E+00 
  149.00  0.21185E+00 -0.12569E+00  0.16391E-03  0.85759E-03  0.90437E+00  0.66074E-03 -0.69610E-02 -0.88746E+00 -0.14267E-01 -0.81976E+00 
  150.00  0.21361E+00 -0.11590E+00  0.19513E-03  0.85915E-03  0.90466E+00  0.58057E-03 -0.67018E-02 -0.88926E+00 -0.13820E-01 -0.82034E+00 
  151.00  0.21543E+00 -0.10653E+00  0.23632E-03  0.86647E-03  0.90493E+00  0.50176E-03 -0.64086E-02 -0.89090E+00 -0.13385E-01 -0.82080E+00 
  152.00  0.21731E+00 -0.97576E-01  0.28461E-03  0.88014E-03  0.90519E+00  0.42587E-03 -0.60868E-02 -0.89241E+00 -0.12958E-01 -0.82115E+00 
  153.00  0.21925E+00 -0.89028E-01  0.33703E-03  0.90063E-03  0.90543E+00  0.35431E-03 -0.57425E-02 -0.89379E+00 -0.12535E-01 -0.82139E+00 
  154.00  0.22124E+00 -0.80883E-01  0.39063E-03  0.92825E-03  0.90564E+00  0.28823E-03 -0.53817E-02 -0.89506E+00 -0.12115E-01 -0.82153E+00 
  155.00  0.22327E+00 -0.73136E-01  0.44263E-03  0.96309E-03  0.90582E+00  0.22852E-03 -0.50105E-02 -0.89622E+00 -0.11693E-01 -0.82158E+00 
  156.00  0.22535E+00 -0.65783E-01  0.49049E-03  0.10049E-02  0.90596E+00  0.17578E-03 -0.46347E-02 -0.89727E+00 -0.11265E-01 -0.82153E+00 
  157.00  0.22746E+00 -0.58824E-01  0.53205E-03  0.10531E-02  0.90607E+00  0.13034E-03 -0.42598E-02 -0.89824E+00 -0.10829E-01 -0.82139E+00 
  158.00  0.22959E+00 -0.52257E-01  0.56556E-03  0.11069E-02  0.90612E+00  0.92205E-04 -0.38906E-02 -0.89910E+00 -0.10382E-01 -0.82114E+00 
  159.00  0.23175E+00 -0.46086E-01  0.58975E-03  0.11650E-02  0.90613E+00  0.61146E-04 -0.35314E-02 -0.89988E+00 -0.99211E-02 -0.82080E+00 
  160.00  0.23393E+00 -0.40314E-01  0.60384E-03  0.12260E-02  0.90609E+00  0.36705E-04 -0.31856E-02 -0.90057E+00 -0.94437E-02 -0.82034E+00 
  161.00  0.23613E+00 -0.34946E-01  0.60754E-03  0.12880E-02  0.90599E+00  0.18248E-04 -0.28559E-02 -0.90116E+00 -0.89481E-02 -0.81976E+00 
  162.00  0.23833E+00 -0.29988E-01  0.60099E-03  0.13492E-02  0.90584E+00  0.50142E-05 -0.25445E-02 -0.90166E+00 -0.84329E-02 -0.81907E+00 
  163.00  0.24054E+00 -0.25445E-01  0.58473E-03  0.14076E-02  0.90563E+00 -0.38230E-05 -0.22526E-02 -0.90206E+00 -0.78976E-02 -0.81825E+00 
  164.00  0.24274E+00 -0.21320E-01  0.55966E-03  0.14615E-02  0.90537E+00 -0.91104E-05 -0.19807E-02 -0.90236E+00 -0.73421E-02 -0.81731E+00 
  165.00  0.24494E+00 -0.17616E-01  0.52690E-03  0.15092E-02  0.90505E+00 -0.11666E-04 -0.17291E-02 -0.90256E+00 -0.67677E-02 -0.81624E+00 
  166.00  0.24711E+00 -0.14330E-01  0.48781E-03  0.15492E-02  0.90468E+00 -0.12240E-04 -0.14975E-02 -0.90267E+00 -0.61764E-02 -0.81505E+00 
  167.00  0.24926E+00 -0.11456E-01  0.44381E-03  0.15805E-02  0.90427E+00 -0.11492E-04 -0.12851E-02 -0.90268E+00 -0.55717E-02 -0.81375E+00 
  168.00  0.25136E+00 -0.89824E-02  0.39642E-03  0.16026E-02  0.90382E+00 -0.99655E-05 -0.10913E-02 -0.90259E+00 -0.49583E-02 -0.81236E+00 
  169.00  0.25341E+00 -0.68907E-02  0.34712E-03  0.16154E-02  0.90335E+00 -0.80893E-05 -0.91511E-03 -0.90243E+00 -0.43425E-02 -0.81089E+00 
  170.00  0.25538E+00 -0.51576E-02  0.29733E-03  0.16193E-02  0.90286E+00 -0.61756E-05 -0.75574E-03 -0.90220E+00 -0.37315E-02 -0.80937E+00 
  171.00  0.25726E+00 -0.37542E-02  0.24839E-03  0.16152E-02  0.90236E+00 -0.44314E-05 -0.61245E-03 -0.90190E+00 -0.31343E-02 -0.80783E+00 
  172.00  0.25903E+00 -0.26465E-02  0.20151E-03  0.16043E-02  0.90187E+00 -0.29736E-05 -0.48463E-03 -0.90157E+00 -0.25603E-02 -0.80631E+00 
  173.00  0.26066E+00 -0.17971E-02  0.15777E-03  0.15883E-02  0.90139E+00 -0.18472E-05 -0.37188E-03 -0.90121E+00 -0.20200E-02 -0.80485E+00 
  174.00  0.26213E+00 -0.11668E-02  0.11810E-03  0.15691E-02  0.90095E+00 -0.10443E-05 -0.27397E-03 -0.90085E+00 -0.15239E-02 -0.80348E+00 
  175.00  0.26342E+00 -0.71598E-03  0.83272E-04  0.15485E-02  0.90055E+00 -0.52222E-06 -0.19082E-03 -0.90050E+00 -0.10827E-02 -0.80224E+00 
  176.00  0.26451E+00 -0.40702E-03  0.53944E-04  0.15285E-02  0.90021E+00 -0.21995E-06 -0.12247E-03 -0.90019E+00 -0.70611E-03 -0.80117E+00 
  177.00  0.26538E+00 -0.20589E-03  0.30624E-04  0.15109E-02  0.89993E+00 -0.71037E-07 -0.69065E-04 -0.89993E+00 -0.40312E-03 -0.80030E+00 
  178.00  0.26601E+00 -0.84021E-04  0.13699E-04  0.14971E-02  0.89973E+00 -0.14231E-07 -0.30756E-04 -0.89973E+00 -0.18109E-03 -0.79965E+00 
  179.00  0.26639E+00 -0.19866E-04  0.34378E-05  0.14884E-02  0.89961E+00 -0.89676E-09 -0.76985E-05 -0.89961E+00 -0.45564E-04 -0.79926E+00 
  180.00  0.26652E+00 -0.48289E-15  0.85310E-16  0.14854E-02  0.89956E+00 -0.55231E-30 -0.19088E-15 -0.89956E+00 -0.11317E-14 -0.79913E+00 
 scattering matrix expansion coefficients
    w  a11         a22         a33         a23         a32         a44         a12         a34         a13         a24         a14
    0  0.1000E+01  0.0000E+00  0.0000E+00  0.0000E+00  0.0000E+00  0.7780E+00  0.0000E+00  0.0000E+00  0.0000E+00  0.0000E+00  0.6563E-04
    1  0.2167E+01  0.0000E+00  0.0000E+00  0.0000E+00  0.0000E+00  0.2353E+01  0.0000E+00  0.0000E+00  0.0000E+00  0.0000E+00 -0.5595E-03
    2  0.3051E+01  0.2515E+00  0.3861E+01  0.3163E-06 -0.5055E-03  0.3032E+01 -0.3806E+00 -0.1312E-01  0.4981E-03  0.1843E-04 -0.2966E-03
    3  0.3455E+01  0.5596E-01  0.3907E+01  0.1807E-06 -0.1575E-02  0.3459E+01 -0.2064E+00 -0.7759E-02 -0.3428E-03  0.9027E-03  0.3752E-03
    4  0.3689E+01  0.3513E-01  0.4012E+01  0.3371E-06 -0.3174E-02  0.3655E+01 -0.1441E+00 -0.1640E-01  0.1666E-03 -0.1208E-02  0.1290E-05
    5  0.3694E+01  0.2483E-02  0.3976E+01 -0.1741E-06 -0.3743E-02  0.3689E+01 -0.1488E+00 -0.1736E-01  0.5129E-03  0.3455E-03 -0.9363E-03
    6  0.3589E+01  0.1011E-02  0.3817E+01  0.1601E-06 -0.4137E-02  0.3594E+01 -0.1798E+00 -0.2165E-01  0.2299E-03 -0.7715E-03 -0.5754E-03
    7  0.3449E+01  0.1955E-03  0.3624E+01  0.1416E-06 -0.5615E-02  0.3471E+01 -0.1824E+00 -0.2630E-01  0.1828E-04  0.2031E-03 -0.7336E-04
    8  0.3362E+01  0.1860E-01  0.3474E+01  0.6572E-07 -0.5593E-02  0.3349E+01 -0.1316E+00 -0.2909E-01  0.2067E-04 -0.4949E-04  0.2759E-03
    9  0.3265E+01  0.1051E-01  0.3356E+01 -0.1459E-06 -0.4196E-02  0.3254E+01 -0.9697E-01 -0.2870E-01  0.2591E-03 -0.2980E-03  0.1027E-02
   10  0.3142E+01  0.4950E-03  0.3227E+01 -0.1743E-06 -0.1594E-02  0.3146E+01 -0.9353E-01 -0.3196E-01  0.4081E-03  0.4200E-04  0.2051E-02
   11  0.3002E+01  0.9677E-03  0.3077E+01  0.1308E-06  0.5089E-03  0.3007E+01 -0.8811E-01 -0.3636E-01 -0.1328E-03 -0.1616E-03  0.2234E-02
   12  0.2841E+01  0.5993E-02  0.2906E+01  0.1728E-06  0.2117E-02  0.2837E+01 -0.6750E-01 -0.4111E-01  0.2653E-04 -0.4560E-04  0.1873E-02
   13  0.2626E+01  0.6032E-02  0.2688E+01  0.7258E-07  0.3817E-02  0.2618E+01 -0.5461E-01 -0.4086E-01  0.1012E-03 -0.1599E-04  0.1619E-02
   14  0.2339E+01  0.3061E-02  0.2403E+01 -0.7833E-07  0.4588E-02  0.2334E+01 -0.5944E-01 -0.3647E-01 -0.2969E-03 -0.3504E-04  0.7822E-03
   15  0.1995E+01 -0.2652E-03  0.2060E+01 -0.4916E-07  0.4258E-02  0.1997E+01 -0.7491E-01 -0.3235E-01 -0.5855E-03 -0.1792E-03 -0.5584E-03
   16  0.1637E+01 -0.4745E-03  0.1695E+01  0.9373E-07  0.3356E-02  0.1641E+01 -0.8299E-01 -0.2991E-01 -0.4783E-03 -0.3175E-03 -0.1410E-02
   17  0.1301E+01  0.5155E-03  0.1348E+01  0.1534E-06  0.2358E-02  0.1304E+01 -0.7788E-01 -0.2578E-01 -0.2636E-03 -0.2004E-03 -0.1303E-02
   18  0.1008E+01  0.1923E-02  0.1043E+01  0.1130E-06  0.1415E-02  0.1007E+01 -0.6259E-01 -0.1879E-01 -0.1901E-03 -0.6128E-04 -0.7712E-03
   19  0.7566E+00  0.2060E-02  0.7837E+00  0.5657E-07  0.7480E-03  0.7546E+00 -0.4716E-01 -0.1034E-01 -0.1396E-03  0.3201E-04 -0.1945E-03
   20  0.5413E+00  0.1216E-02  0.5628E+00  0.3258E-07  0.4283E-03  0.5400E+00 -0.3783E-01 -0.3001E-02 -0.8388E-04  0.4966E-04  0.1776E-03
   21  0.3607E+00  0.3009E-03  0.3777E+00  0.3164E-07  0.3180E-03  0.3610E+00 -0.3362E-01  0.1474E-02 -0.4567E-04  0.3820E-04  0.2987E-03
   22  0.2199E+00  0.1043E-03  0.2319E+00  0.2362E-07  0.2635E-03  0.2205E+00 -0.2944E-01  0.2895E-02 -0.3119E-04  0.2011E-04  0.2513E-03
   23  0.1210E+00  0.3147E-03  0.1284E+00  0.1537E-07  0.1915E-03  0.1212E+00 -0.2292E-01  0.2479E-02 -0.2886E-04  0.9216E-05  0.1551E-03
   24  0.5991E-01  0.5070E-03  0.6365E-01  0.7354E-08  0.1157E-03  0.5955E-01 -0.1521E-01  0.1514E-02 -0.2273E-04  0.2718E-05  0.7730E-04
   25  0.2662E-01  0.4781E-03  0.2822E-01  0.3367E-08  0.5747E-04  0.2609E-01 -0.8599E-02  0.7390E-03 -0.1435E-04  0.4403E-06  0.3313E-04
   26  0.1065E-01  0.3302E-03  0.1121E-01  0.1352E-08  0.2409E-04  0.1022E-01 -0.4173E-02  0.2995E-03 -0.7143E-05 -0.4113E-06  0.1266E-04
   27  0.3848E-02  0.1794E-03  0.4011E-02  0.4802E-09  0.8698E-05  0.3595E-02 -0.1763E-02  0.1041E-03 -0.2951E-05 -0.3904E-06  0.4516E-05
   28  0.1262E-02  0.8112E-04  0.1298E-02  0.1109E-09  0.2739E-05  0.1141E-02 -0.6555E-03  0.3145E-04 -0.1023E-05 -0.2376E-06  0.1480E-05
   29  0.3772E-03  0.3128E-04  0.3819E-03 -0.2714E-11  0.7758E-06  0.3289E-03 -0.2170E-03  0.8492E-05 -0.3130E-06 -0.9916E-07  0.4363E-06
   30  0.1032E-03  0.1055E-04  0.1027E-03 -0.1723E-10  0.2022E-06  0.8651E-04 -0.6453E-04  0.2051E-05 -0.8852E-07 -0.3650E-07  0.1222E-06
   31  0.2595E-04  0.3150E-05  0.2537E-04 -0.1012E-10  0.4677E-07  0.2087E-04 -0.1738E-04  0.4544E-06 -0.2149E-07 -0.1323E-07  0.3587E-07
   32  0.6020E-05  0.8447E-06  0.5774E-05 -0.3112E-11  0.9178E-08  0.4633E-05 -0.4267E-05  0.9269E-07 -0.4191E-08 -0.4478E-08  0.1026E-07
   33  0.1293E-05  0.2048E-06  0.1217E-05 -0.7236E-12  0.1604E-08  0.9519E-06 -0.9606E-06  0.1732E-07 -0.7428E-09 -0.1294E-08  0.2492E-08
   34  0.2588E-06  0.4532E-07  0.2391E-06 -0.1512E-13  0.2457E-09  0.1825E-06 -0.1998E-06  0.3211E-08 -0.1053E-09 -0.3015E-09  0.5184E-09
   35  0.4890E-07  0.9188E-08  0.4445E-07  0.9849E-13  0.4225E-10  0.3333E-07 -0.3889E-07  0.6700E-09 -0.2223E-10 -0.5740E-10  0.9003E-10
   36  0.9400E-08  0.1790E-08  0.8497E-08  0.7730E-13  0.8822E-11  0.6349E-08 -0.7514E-08  0.1571E-09 -0.4573E-11 -0.1003E-10  0.1310E-10
   37  0.1613E-08  0.3202E-09  0.1434E-08  0.4198E-13  0.1066E-11  0.1072E-08 -0.1327E-08  0.3468E-10 -0.1007E-11 -0.1760E-11  0.3180E-11
   38  0.4832E-09  0.8720E-10  0.4388E-09  0.1761E-13  0.3901E-12  0.3337E-09 -0.3802E-09  0.9818E-11 -0.2200E-12 -0.3245E-12  0.5730E-12
   39  0.5211E-10  0.1052E-10  0.4533E-10  0.5923E-14  0.1008E-13  0.3489E-10 -0.4358E-10  0.1475E-11 -0.3126E-13 -0.6422E-13  0.1407E-12
   40  0.3440E-10  0.6971E-11  0.3048E-10  0.1625E-14  0.2199E-13  0.2224E-10 -0.2804E-10  0.3516E-12 -0.1215E-13 -0.1876E-13  0.4089E-13
   41  0.1344E-11  0.2978E-12  0.1128E-11  0.3711E-15  0.6128E-15  0.8647E-12 -0.1150E-11  0.3412E-13 -0.1303E-14 -0.2767E-14  0.5562E-14
   42  0.1662E-11  0.3855E-12  0.1413E-11  0.7511E-16  0.9060E-15  0.9736E-12 -0.1415E-11  0.4430E-14 -0.5224E-15 -0.8210E-15  0.1824E-14
   43  0.1233E-13  0.2802E-14  0.9385E-14  0.1494E-16  0.4856E-17  0.8698E-14 -0.1018E-13  0.2169E-15 -0.3052E-16 -0.5352E-16  0.1021E-15
   44  0.5306E-13  0.1418E-13  0.4452E-13  0.1978E-17  0.2328E-16  0.2835E-13 -0.4746E-13 -0.1522E-16 -0.1446E-16 -0.2098E-16  0.5068E-16
