 input file is 
mstm23_256_8319_18_00226.inp  
 input file comments follow:
***********************************************************
  This is the default mstm input file for v.3.0.
  The run is for a 7-sphere cluster of identical spheres.   The positions
  are embedded in the input file.

  The run makes use of the new_run and multiple_run options.

  14 April 2013
***********************************************************
 number of processors:
   1
 input parameters for run number 
    1
 number of spheres, volume size parameter:
  256  0.52822E+01
 position file:
position/n256/a23.out                                       
 output file:
output/256/x8319/18/00226/mt_23_256_8319_18_00226.dat       
 length, ref. indx. scale factors:
   0.832   1.800   0.023
 chiral factors:
  0.00000E+00  0.00000E+00
 scattering matrix directions based on incident frame
 automatic scattering angle calculation
 thetamin, thetamax:
      0.0    180.0
 number scattering angles:
      181
 epsmie, epssoln, max number iterations:
  0.1000E-05  0.1000E-07 5000
 medium refractive index:
  1.0000  0.0000
 target euler rotation angles:
    0.0000    0.0000    0.0000
 far field kr, iterations/correction:
 -0.1000E+01   20
 plane wave incidence
 random orientation calculations
 t matrix calculated, stored in file 
tmatrixfiles/2325683191800226                               
 t matrix convergence epsilon:
  0.1000E-06
 all spheres excited (total T matrix) 
 calculation results for run 
    1
 total ext, abs, scat efficiencies, w.r.t. xv, and asym. parm
  0.67501E+01  0.37647E+00  0.63736E+01  0.75057E+00
 scattering matrix elements (normalized w/ S11)
   theta      11           12           13           14           22           23           24           33           34           44      
    0.00  0.10682E+03  0.00000E+00  0.00000E+00 -0.50673E-03  0.99965E+00 -0.94610E-03  0.00000E+00  0.99965E+00  0.00000E+00  0.99937E+00 
    1.00  0.10474E+03 -0.15565E-03 -0.13040E-06 -0.51078E-03  0.99965E+00 -0.95555E-03 -0.26220E-08  0.99965E+00  0.13122E-05  0.99936E+00 
    2.00  0.98783E+02 -0.62434E-03 -0.52366E-06 -0.52374E-03  0.99962E+00 -0.98394E-03 -0.12698E-07  0.99962E+00  0.20759E-05  0.99932E+00 
    3.00  0.89648E+02 -0.14116E-02 -0.11857E-05 -0.54819E-03  0.99958E+00 -0.10312E-02 -0.33800E-07  0.99958E+00 -0.79382E-05  0.99924E+00 
    4.00  0.78375E+02 -0.25278E-02 -0.21266E-05 -0.58899E-03  0.99952E+00 -0.10964E-02 -0.59963E-07  0.99952E+00 -0.48195E-04  0.99912E+00 
    5.00  0.66136E+02 -0.39907E-02 -0.33656E-05 -0.65400E-03  0.99942E+00 -0.11761E-02 -0.51515E-07  0.99942E+00 -0.15107E-03  0.99895E+00 
    6.00  0.54042E+02 -0.58281E-02 -0.49491E-05 -0.75495E-03  0.99929E+00 -0.12619E-02  0.11129E-06  0.99927E+00 -0.36657E-03  0.99869E+00 
    7.00  0.42980E+02 -0.80819E-02 -0.69986E-05 -0.90755E-03  0.99909E+00 -0.13366E-02  0.70553E-06  0.99906E+00 -0.76611E-03  0.99833E+00 
    8.00  0.33520E+02 -0.10810E-01 -0.98068E-05 -0.11295E-02  0.99882E+00 -0.13694E-02  0.22670E-05  0.99876E+00 -0.14400E-02  0.99782E+00 
    9.00  0.25898E+02 -0.14084E-01 -0.13984E-04 -0.14336E-02  0.99845E+00 -0.13145E-02  0.56590E-05  0.99835E+00 -0.24793E-02  0.99712E+00 
   10.00  0.20063E+02 -0.17967E-01 -0.20584E-04 -0.18151E-02  0.99797E+00 -0.11183E-02  0.11965E-04  0.99780E+00 -0.39332E-02  0.99621E+00 
   11.00  0.15771E+02 -0.22479E-01 -0.31014E-04 -0.22368E-02  0.99737E+00 -0.74091E-03  0.22032E-04  0.99710E+00 -0.57519E-02  0.99508E+00 
   12.00  0.12690E+02 -0.27562E-01 -0.46542E-04 -0.26262E-02  0.99668E+00 -0.18477E-03  0.35702E-04  0.99626E+00 -0.77579E-02  0.99374E+00 
   13.00  0.10485E+02 -0.33067E-01 -0.67503E-04 -0.28934E-02  0.99591E+00  0.49335E-03  0.51186E-04  0.99531E+00 -0.96889E-02  0.99226E+00 
   14.00  0.88782E+01 -0.38777E-01 -0.92706E-04 -0.29634E-02  0.99509E+00  0.12021E-02  0.65106E-04  0.99426E+00 -0.11292E-01  0.99067E+00 
   15.00  0.76692E+01 -0.44448E-01 -0.11942E-03 -0.27984E-02  0.99423E+00  0.18526E-02  0.73178E-04  0.99313E+00 -0.12393E-01  0.98900E+00 
   16.00  0.67322E+01 -0.49825E-01 -0.14395E-03 -0.24048E-02  0.99334E+00  0.23858E-02  0.71187E-04  0.99195E+00 -0.12904E-01  0.98730E+00 
   17.00  0.59926E+01 -0.54682E-01 -0.16273E-03 -0.18306E-02  0.99245E+00  0.27815E-02  0.56099E-04  0.99076E+00 -0.12801E-01  0.98559E+00 
   18.00  0.54035E+01 -0.58871E-01 -0.17370E-03 -0.11575E-02  0.99157E+00  0.30563E-02  0.27202E-04  0.98961E+00 -0.12112E-01  0.98395E+00 
   19.00  0.49284E+01 -0.62379E-01 -0.17755E-03 -0.48341E-03  0.99071E+00  0.32521E-02 -0.13209E-04  0.98851E+00 -0.10920E-01  0.98241E+00 
   20.00  0.45334E+01 -0.65338E-01 -0.17781E-03  0.10400E-03  0.98988E+00  0.34191E-02 -0.60215E-04  0.98749E+00 -0.93524E-02  0.98097E+00 
   21.00  0.41877E+01 -0.67968E-01 -0.17959E-03  0.54963E-03  0.98905E+00  0.35963E-02 -0.10761E-03  0.98650E+00 -0.75610E-02  0.97958E+00 
   22.00  0.38675E+01 -0.70510E-01 -0.18760E-03  0.83753E-03  0.98816E+00  0.37983E-02 -0.14930E-03  0.98549E+00 -0.56997E-02  0.97815E+00 
   23.00  0.35593E+01 -0.73174E-01 -0.20439E-03  0.98157E-03  0.98719E+00  0.40125E-02 -0.17994E-03  0.98438E+00 -0.39231E-02  0.97659E+00 
   24.00  0.32606E+01 -0.76161E-01 -0.22934E-03  0.10104E-02  0.98609E+00  0.42046E-02 -0.19501E-03  0.98312E+00 -0.24036E-02  0.97482E+00 
   25.00  0.29761E+01 -0.79701E-01 -0.25859E-03  0.95541E-03  0.98487E+00  0.43299E-02 -0.19076E-03  0.98166E+00 -0.13518E-02  0.97280E+00 
   26.00  0.27131E+01 -0.84085E-01 -0.28574E-03  0.84477E-03  0.98353E+00  0.43460E-02 -0.16464E-03  0.97995E+00 -0.10139E-02  0.97048E+00 
   27.00  0.24765E+01 -0.89651E-01 -0.30365E-03  0.70215E-03  0.98209E+00  0.42258E-02 -0.11616E-03  0.97796E+00 -0.16338E-02  0.96783E+00 
   28.00  0.22672E+01 -0.96700E-01 -0.30668E-03  0.54810E-03  0.98055E+00  0.39623E-02 -0.47821E-04  0.97564E+00 -0.33865E-02  0.96481E+00 
   29.00  0.20820E+01 -0.10540E+00 -0.29227E-03  0.40169E-03  0.97889E+00  0.35626E-02  0.34870E-04  0.97294E+00 -0.63157E-02  0.96134E+00 
   30.00  0.19161E+01 -0.11571E+00 -0.26083E-03  0.28084E-03  0.97707E+00  0.30316E-02  0.12404E-03  0.96980E+00 -0.10303E-01  0.95734E+00 
   31.00  0.17652E+01 -0.12736E+00 -0.21415E-03  0.20019E-03  0.97504E+00  0.23575E-02  0.21056E-03  0.96622E+00 -0.15071E-01  0.95279E+00 
   32.00  0.16279E+01 -0.13990E+00 -0.15335E-03  0.16672E-03  0.97280E+00  0.15106E-02  0.28505E-03  0.96221E+00 -0.20196E-01  0.94772E+00 
   33.00  0.15051E+01 -0.15274E+00 -0.77947E-04  0.17360E-03  0.97040E+00  0.45877E-03  0.33898E-03  0.95791E+00 -0.25130E-01  0.94231E+00 
   34.00  0.13991E+01 -0.16526E+00  0.13185E-04  0.19539E-03  0.96797E+00 -0.80165E-03  0.36637E-03  0.95350E+00 -0.29258E-01  0.93686E+00 
   35.00  0.13118E+01 -0.17697E+00  0.11932E-03  0.18922E-03  0.96571E+00 -0.22152E-02  0.36617E-03  0.94921E+00 -0.32026E-01  0.93170E+00 
   36.00  0.12427E+01 -0.18768E+00  0.23515E-03  0.10592E-03  0.96377E+00 -0.36596E-02  0.34391E-03  0.94520E+00 -0.33115E-01  0.92710E+00 
   37.00  0.11890E+01 -0.19752E+00  0.35003E-03 -0.91607E-04  0.96221E+00 -0.49737E-02  0.31105E-03  0.94147E+00 -0.32571E-01  0.92309E+00 
   38.00  0.11455E+01 -0.20692E+00  0.45000E-03 -0.41278E-03  0.96098E+00 -0.60086E-02  0.28157E-03  0.93786E+00 -0.30783E-01  0.91949E+00 
   39.00  0.11068E+01 -0.21639E+00  0.52145E-03 -0.83521E-03  0.95991E+00 -0.66709E-02  0.26776E-03  0.93411E+00 -0.28327E-01  0.91590E+00 
   40.00  0.10680E+01 -0.22632E+00  0.55455E-03 -0.13118E-02  0.95879E+00 -0.69360E-02  0.27740E-03  0.92995E+00 -0.25767E-01  0.91194E+00 
   41.00  0.10266E+01 -0.23692E+00  0.54527E-03 -0.17821E-02  0.95746E+00 -0.68369E-02  0.31307E-03  0.92518E+00 -0.23529E-01  0.90730E+00 
   42.00  0.98243E+00 -0.24816E+00  0.49645E-03 -0.21841E-02  0.95581E+00 -0.64452E-02  0.37291E-03  0.91975E+00 -0.21852E-01  0.90188E+00 
   43.00  0.93716E+00 -0.25990E+00  0.41812E-03 -0.24636E-02  0.95385E+00 -0.58549E-02  0.45176E-03  0.91373E+00 -0.20792E-01  0.89573E+00 
   44.00  0.89344E+00 -0.27189E+00  0.32673E-03 -0.25853E-02  0.95167E+00 -0.51684E-02  0.54253E-03  0.90731E+00 -0.20250E-01  0.88908E+00 
   45.00  0.85375E+00 -0.28393E+00  0.24238E-03 -0.25413E-02  0.94940E+00 -0.44832E-02  0.63771E-03  0.90074E+00 -0.20024E-01  0.88225E+00 
   46.00  0.81959E+00 -0.29594E+00  0.18396E-03 -0.23541E-02  0.94723E+00 -0.38759E-02  0.73087E-03  0.89422E+00 -0.19860E-01  0.87550E+00 
   47.00  0.79118E+00 -0.30796E+00  0.16379E-03 -0.20696E-02  0.94525E+00 -0.33901E-02  0.81766E-03  0.88783E+00 -0.19534E-01  0.86899E+00 
   48.00  0.76760E+00 -0.32014E+00  0.18456E-03 -0.17413E-02  0.94350E+00 -0.30343E-02  0.89570E-03  0.88151E+00 -0.18899E-01  0.86268E+00 
   49.00  0.74726E+00 -0.33265E+00  0.24006E-03 -0.14136E-02  0.94194E+00 -0.27915E-02  0.96349E-03  0.87506E+00 -0.17918E-01  0.85638E+00 
   50.00  0.72846E+00 -0.34561E+00  0.31911E-03 -0.11114E-02  0.94047E+00 -0.26352E-02  0.10188E-02  0.86826E+00 -0.16642E-01  0.84980E+00 
   51.00  0.70988E+00 -0.35904E+00  0.41030E-03 -0.84029E-03  0.93896E+00 -0.25437E-02  0.10579E-02  0.86090E+00 -0.15189E-01  0.84270E+00 
   52.00  0.69074E+00 -0.37287E+00  0.50548E-03 -0.59339E-03  0.93735E+00 -0.25066E-02  0.10751E-02  0.85287E+00 -0.13703E-01  0.83491E+00 
   53.00  0.67088E+00 -0.38695E+00  0.60109E-03 -0.36030E-03  0.93557E+00 -0.25236E-02  0.10644E-02  0.84414E+00 -0.12339E-01  0.82635E+00 
   54.00  0.65053E+00 -0.40111E+00  0.69746E-03 -0.13444E-03  0.93361E+00 -0.25983E-02  0.10210E-02  0.83475E+00 -0.11239E-01  0.81706E+00 
   55.00  0.63011E+00 -0.41524E+00  0.79661E-03  0.83730E-04  0.93151E+00 -0.27289E-02  0.94322E-03  0.82478E+00 -0.10517E-01  0.80711E+00 
   56.00  0.60999E+00 -0.42927E+00  0.89952E-03  0.28783E-03  0.92928E+00 -0.29019E-02  0.83398E-03  0.81430E+00 -0.10242E-01  0.79660E+00 
   57.00  0.59042E+00 -0.44321E+00  0.10037E-02  0.46995E-03  0.92696E+00 -0.30896E-02  0.70074E-03  0.80335E+00 -0.10424E-01  0.78560E+00 
   58.00  0.57142E+00 -0.45713E+00  0.11020E-02  0.62593E-03  0.92454E+00 -0.32531E-02  0.55459E-03  0.79189E+00 -0.11005E-01  0.77412E+00 
   59.00  0.55286E+00 -0.47110E+00  0.11830E-02  0.75914E-03  0.92201E+00 -0.33503E-02  0.40821E-03  0.77986E+00 -0.11858E-01  0.76211E+00 
   60.00  0.53450E+00 -0.48516E+00  0.12334E-02  0.88093E-03  0.91930E+00 -0.33451E-02  0.27367E-03  0.76716E+00 -0.12804E-01  0.74950E+00 
   61.00  0.51610E+00 -0.49929E+00  0.12402E-02  0.10077E-02  0.91636E+00 -0.32158E-02  0.16055E-03  0.75371E+00 -0.13633E-01  0.73621E+00 
   62.00  0.49743E+00 -0.51338E+00  0.11942E-02  0.11557E-02  0.91309E+00 -0.29605E-02  0.74776E-04  0.73946E+00 -0.14139E-01  0.72215E+00 
   63.00  0.47835E+00 -0.52726E+00  0.10923E-02  0.13356E-02  0.90943E+00 -0.25979E-02  0.18246E-04  0.72440E+00 -0.14150E-01  0.70728E+00 
   64.00  0.45881E+00 -0.54071E+00  0.93874E-03  0.15483E-02  0.90531E+00 -0.21647E-02 -0.10937E-04  0.70859E+00 -0.13557E-01  0.69160E+00 
   65.00  0.43886E+00 -0.55351E+00  0.74572E-03  0.17839E-02  0.90069E+00 -0.17104E-02 -0.17907E-04  0.69208E+00 -0.12337E-01  0.67516E+00 
   66.00  0.41869E+00 -0.56549E+00  0.53238E-03  0.20233E-02  0.89555E+00 -0.12897E-02 -0.10318E-04  0.67499E+00 -0.10562E-01  0.65803E+00 
   67.00  0.39857E+00 -0.57652E+00  0.32334E-03  0.22428E-02  0.88991E+00 -0.95567E-03  0.23951E-05  0.65742E+00 -0.83956E-02  0.64031E+00 
   68.00  0.37885E+00 -0.58655E+00  0.14623E-03  0.24203E-02  0.88385E+00 -0.75255E-03  0.98223E-05  0.63948E+00 -0.60778E-02  0.62215E+00 
   69.00  0.35990E+00 -0.59564E+00  0.28597E-04  0.25415E-02  0.87747E+00 -0.70996E-03  0.15251E-05  0.62125E+00 -0.38974E-02  0.60370E+00 
   70.00  0.34210E+00 -0.60393E+00 -0.57821E-05  0.26045E-02  0.87093E+00 -0.83849E-03 -0.31748E-04  0.60284E+00 -0.21519E-02  0.58510E+00 
   71.00  0.32576E+00 -0.61164E+00  0.59142E-04  0.26212E-02  0.86440E+00 -0.11276E-02 -0.96585E-04  0.58429E+00 -0.11015E-02  0.56652E+00 
   72.00  0.31108E+00 -0.61903E+00  0.22829E-03  0.26157E-02  0.85808E+00 -0.15466E-02 -0.19537E-03  0.56564E+00 -0.92501E-03  0.54806E+00 
   73.00  0.29816E+00 -0.62635E+00  0.49354E-03  0.26172E-02  0.85211E+00 -0.20497E-02 -0.32505E-03  0.54690E+00 -0.16878E-02  0.52978E+00 
   74.00  0.28694E+00 -0.63382E+00  0.83431E-03  0.26520E-02  0.84663E+00 -0.25833E-02 -0.47673E-03  0.52801E+00 -0.33324E-02  0.51166E+00 
   75.00  0.27726E+00 -0.64159E+00  0.12208E-02  0.27359E-02  0.84166E+00 -0.30963E-02 -0.63619E-03  0.50890E+00 -0.56949E-02  0.49359E+00 
   76.00  0.26887E+00 -0.64972E+00  0.16190E-02  0.28684E-02  0.83719E+00 -0.35482E-02 -0.78539E-03  0.48942E+00 -0.85423E-02  0.47540E+00 
   77.00  0.26150E+00 -0.65819E+00  0.19969E-02  0.30330E-02  0.83315E+00 -0.39150E-02 -0.90450E-03  0.46942E+00 -0.11617E-01  0.45686E+00 
   78.00  0.25489E+00 -0.66691E+00  0.23285E-02  0.32001E-02  0.82942E+00 -0.41903E-02 -0.97394E-03  0.44872E+00 -0.14672E-01  0.43775E+00 
   79.00  0.24883E+00 -0.67579E+00  0.25977E-02  0.33336E-02  0.82590E+00 -0.43831E-02 -0.97621E-03  0.42717E+00 -0.17498E-01  0.41784E+00 
   80.00  0.24316E+00 -0.68467E+00  0.27988E-02  0.33971E-02  0.82251E+00 -0.45128E-02 -0.89738E-03  0.40467E+00 -0.19924E-01  0.39698E+00 
   81.00  0.23780E+00 -0.69344E+00  0.29361E-02  0.33606E-02  0.81920E+00 -0.46035E-02 -0.72847E-03  0.38114E+00 -0.21818E-01  0.37508E+00 
   82.00  0.23271E+00 -0.70194E+00  0.30215E-02  0.32044E-02  0.81594E+00 -0.46775E-02 -0.46671E-03  0.35660E+00 -0.23078E-01  0.35214E+00 
   83.00  0.22788E+00 -0.71003E+00  0.30716E-02  0.29221E-02  0.81274E+00 -0.47506E-02 -0.11671E-03  0.33114E+00 -0.23626E-01  0.32823E+00 
   84.00  0.22331E+00 -0.71755E+00  0.31044E-02  0.25211E-02  0.80961E+00 -0.48288E-02  0.30881E-03  0.30488E+00 -0.23418E-01  0.30350E+00 
   85.00  0.21898E+00 -0.72434E+00  0.31353E-02  0.20217E-02  0.80656E+00 -0.49073E-02  0.78887E-03  0.27801E+00 -0.22445E-01  0.27814E+00 
   86.00  0.21486E+00 -0.73023E+00  0.31746E-02  0.14544E-02  0.80359E+00 -0.49720E-02  0.12950E-02  0.25074E+00 -0.20747E-01  0.25235E+00 
   87.00  0.21089E+00 -0.73506E+00  0.32252E-02  0.85663E-03  0.80066E+00 -0.50028E-02  0.17929E-02  0.22324E+00 -0.18425E-01  0.22634E+00 
   88.00  0.20700E+00 -0.73868E+00  0.32826E-02  0.26853E-03  0.79775E+00 -0.49782E-02  0.22450E-02  0.19569E+00 -0.15638E-01  0.20028E+00 
   89.00  0.20313E+00 -0.74100E+00  0.33355E-02 -0.27055E-03  0.79481E+00 -0.48800E-02  0.26131E-02  0.16819E+00 -0.12603E-01  0.17428E+00 
   90.00  0.19923E+00 -0.74198E+00  0.33678E-02 -0.72536E-03  0.79181E+00 -0.46973E-02  0.28615E-02  0.14081E+00 -0.95725E-02  0.14842E+00 
   91.00  0.19529E+00 -0.74164E+00  0.33612E-02 -0.10675E-02  0.78873E+00 -0.44279E-02  0.29596E-02  0.11357E+00 -0.68179E-02  0.12273E+00 
   92.00  0.19133E+00 -0.74004E+00  0.32978E-02 -0.12774E-02  0.78561E+00 -0.40794E-02  0.28854E-02  0.86468E-01 -0.45991E-02  0.97201E-01 
   93.00  0.18741E+00 -0.73734E+00  0.31627E-02 -0.13464E-02  0.78250E+00 -0.36669E-02  0.26276E-02  0.59490E-01 -0.31349E-02  0.71819E-01 
   94.00  0.18362E+00 -0.73374E+00  0.29457E-02 -0.12771E-02  0.77950E+00 -0.32105E-02  0.21880E-02  0.32615E-01 -0.25743E-02  0.46558E-01 
   95.00  0.18007E+00 -0.72945E+00  0.26426E-02 -0.10838E-02  0.77671E+00 -0.27317E-02  0.15831E-02  0.58356E-02 -0.29731E-02  0.21400E-01 
   96.00  0.17686E+00 -0.72470E+00  0.22557E-02 -0.79081E-03  0.77425E+00 -0.22491E-02  0.84333E-03 -0.20839E-01 -0.42812E-02 -0.36566E-02 
   97.00  0.17406E+00 -0.71970E+00  0.17927E-02 -0.42946E-03  0.77224E+00 -0.17761E-02  0.11329E-04 -0.47381E-01 -0.63458E-02 -0.28597E-01 
   98.00  0.17172E+00 -0.71458E+00  0.12664E-02 -0.34251E-04  0.77075E+00 -0.13192E-02 -0.86285E-03 -0.73745E-01 -0.89323E-02 -0.53387E-01 
   99.00  0.16986E+00 -0.70941E+00  0.69193E-03  0.36175E-03  0.76980E+00 -0.87888E-03 -0.17274E-02 -0.99877E-01 -0.11760E-01 -0.77977E-01 
  100.00  0.16845E+00 -0.70419E+00  0.85818E-04  0.73067E-03  0.76937E+00 -0.45210E-03 -0.25347E-02 -0.12572E+00 -0.14548E-01 -0.10231E+00 
  101.00  0.16742E+00 -0.69882E+00 -0.53578E-03  0.10520E-02  0.76937E+00 -0.35613E-04 -0.32465E-02 -0.15123E+00 -0.17056E-01 -0.12632E+00 
  102.00  0.16669E+00 -0.69315E+00 -0.11577E-02  0.13131E-02  0.76972E+00  0.37066E-03 -0.38367E-02 -0.17636E+00 -0.19118E-01 -0.14997E+00 
  103.00  0.16617E+00 -0.68702E+00 -0.17659E-02  0.15071E-02  0.77029E+00  0.76137E-03 -0.42910E-02 -0.20109E+00 -0.20656E-01 -0.17320E+00 
  104.00  0.16574E+00 -0.68027E+00 -0.23472E-02  0.16315E-02  0.77097E+00  0.11252E-02 -0.46061E-02 -0.22541E+00 -0.21679E-01 -0.19598E+00 
  105.00  0.16535E+00 -0.67275E+00 -0.28888E-02  0.16853E-02  0.77166E+00  0.14463E-02 -0.47856E-02 -0.24932E+00 -0.22270E-01 -0.21831E+00 
  106.00  0.16491E+00 -0.66437E+00 -0.33782E-02  0.16676E-02  0.77230E+00  0.17062E-02 -0.48374E-02 -0.27284E+00 -0.22562E-01 -0.24018E+00 
  107.00  0.16439E+00 -0.65508E+00 -0.38037E-02  0.15774E-02  0.77285E+00  0.18877E-02 -0.47706E-02 -0.29598E+00 -0.22713E-01 -0.26160E+00 
  108.00  0.16378E+00 -0.64490E+00 -0.41544E-02  0.14142E-02  0.77332E+00  0.19778E-02 -0.45939E-02 -0.31876E+00 -0.22882E-01 -0.28259E+00 
  109.00  0.16309E+00 -0.63387E+00 -0.44220E-02  0.11800E-02  0.77371E+00  0.19703E-02 -0.43148E-02 -0.34120E+00 -0.23210E-01 -0.30318E+00 
  110.00  0.16234E+00 -0.62209E+00 -0.46014E-02  0.88072E-03  0.77407E+00  0.18672E-02 -0.39402E-02 -0.36329E+00 -0.23802E-01 -0.32337E+00 
  111.00  0.16158E+00 -0.60969E+00 -0.46915E-02  0.52793E-03  0.77444E+00  0.16793E-02 -0.34771E-02 -0.38502E+00 -0.24717E-01 -0.34318E+00 
  112.00  0.16085E+00 -0.59679E+00 -0.46963E-02  0.13918E-03  0.77487E+00  0.14245E-02 -0.29344E-02 -0.40638E+00 -0.25969E-01 -0.36261E+00 
  113.00  0.16019E+00 -0.58353E+00 -0.46241E-02 -0.26270E-03  0.77542E+00  0.11255E-02 -0.23235E-02 -0.42732E+00 -0.27519E-01 -0.38164E+00 
  114.00  0.15963E+00 -0.57004E+00 -0.44876E-02 -0.65165E-03  0.77610E+00  0.80710E-03 -0.16591E-02 -0.44778E+00 -0.29294E-01 -0.40025E+00 
  115.00  0.15918E+00 -0.55642E+00 -0.43019E-02 -0.10014E-02  0.77694E+00  0.49219E-03 -0.95936E-03 -0.46772E+00 -0.31190E-01 -0.41837E+00 
  116.00  0.15887E+00 -0.54274E+00 -0.40836E-02 -0.12887E-02  0.77794E+00  0.19958E-03 -0.24419E-03 -0.48707E+00 -0.33093E-01 -0.43596E+00 
  117.00  0.15868E+00 -0.52903E+00 -0.38488E-02 -0.14967E-02  0.77907E+00 -0.58035E-04  0.46580E-03 -0.50575E+00 -0.34889E-01 -0.45295E+00 
  118.00  0.15860E+00 -0.51531E+00 -0.36121E-02 -0.16170E-02  0.78032E+00 -0.27471E-03  0.11515E-02 -0.52372E+00 -0.36484E-01 -0.46926E+00 
  119.00  0.15861E+00 -0.50156E+00 -0.33854E-02 -0.16507E-02  0.78165E+00 -0.45075E-03  0.17970E-02 -0.54093E+00 -0.37807E-01 -0.48485E+00 
  120.00  0.15869E+00 -0.48775E+00 -0.31781E-02 -0.16078E-02  0.78301E+00 -0.59139E-03  0.23916E-02 -0.55734E+00 -0.38822E-01 -0.49965E+00 
  121.00  0.15881E+00 -0.47384E+00 -0.29966E-02 -0.15060E-02  0.78438E+00 -0.70493E-03  0.29302E-02 -0.57294E+00 -0.39524E-01 -0.51364E+00 
  122.00  0.15895E+00 -0.45980E+00 -0.28450E-02 -0.13678E-02  0.78573E+00 -0.80084E-03  0.34135E-02 -0.58772E+00 -0.39941E-01 -0.52678E+00 
  123.00  0.15909E+00 -0.44561E+00 -0.27254E-02 -0.12182E-02  0.78703E+00 -0.88804E-03  0.38479E-02 -0.60170E+00 -0.40124E-01 -0.53910E+00 
  124.00  0.15923E+00 -0.43126E+00 -0.26387E-02 -0.10813E-02  0.78829E+00 -0.97368E-03  0.42440E-02 -0.61489E+00 -0.40138E-01 -0.55058E+00 
  125.00  0.15938E+00 -0.41676E+00 -0.25844E-02 -0.97835E-03  0.78950E+00 -0.10623E-02  0.46146E-02 -0.62734E+00 -0.40059E-01 -0.56128E+00 
  126.00  0.15952E+00 -0.40214E+00 -0.25612E-02 -0.92515E-03  0.79067E+00 -0.11559E-02  0.49734E-02 -0.63909E+00 -0.39956E-01 -0.57124E+00 
  127.00  0.15969E+00 -0.38745E+00 -0.25671E-02 -0.93145E-03  0.79183E+00 -0.12537E-02  0.53330E-02 -0.65020E+00 -0.39892E-01 -0.58052E+00 
  128.00  0.15989E+00 -0.37276E+00 -0.25989E-02 -0.10005E-02  0.79299E+00 -0.13532E-02  0.57031E-02 -0.66072E+00 -0.39910E-01 -0.58919E+00 
  129.00  0.16013E+00 -0.35810E+00 -0.26524E-02 -0.11296E-02  0.79417E+00 -0.14505E-02  0.60897E-02 -0.67073E+00 -0.40034E-01 -0.59732E+00 
  130.00  0.16044E+00 -0.34355E+00 -0.27225E-02 -0.13113E-02  0.79540E+00 -0.15417E-02  0.64943E-02 -0.68030E+00 -0.40267E-01 -0.60500E+00 
  131.00  0.16082E+00 -0.32916E+00 -0.28030E-02 -0.15350E-02  0.79669E+00 -0.16231E-02  0.69143E-02 -0.68947E+00 -0.40592E-01 -0.61229E+00 
  132.00  0.16130E+00 -0.31496E+00 -0.28872E-02 -0.17887E-02  0.79804E+00 -0.16919E-02  0.73430E-02 -0.69830E+00 -0.40976E-01 -0.61926E+00 
  133.00  0.16187E+00 -0.30099E+00 -0.29681E-02 -0.20604E-02  0.79947E+00 -0.17469E-02  0.77707E-02 -0.70684E+00 -0.41376E-01 -0.62595E+00 
  134.00  0.16255E+00 -0.28726E+00 -0.30388E-02 -0.23390E-02  0.80098E+00 -0.17880E-02  0.81853E-02 -0.71511E+00 -0.41747E-01 -0.63239E+00 
  135.00  0.16333E+00 -0.27380E+00 -0.30931E-02 -0.26145E-02  0.80256E+00 -0.18164E-02  0.85735E-02 -0.72311E+00 -0.42045E-01 -0.63860E+00 
  136.00  0.16422E+00 -0.26060E+00 -0.31260E-02 -0.28786E-02  0.80420E+00 -0.18340E-02  0.89213E-02 -0.73085E+00 -0.42236E-01 -0.64458E+00 
  137.00  0.16520E+00 -0.24765E+00 -0.31340E-02 -0.31235E-02  0.80589E+00 -0.18432E-02  0.92147E-02 -0.73832E+00 -0.42298E-01 -0.65031E+00 
  138.00  0.16628E+00 -0.23496E+00 -0.31153E-02 -0.33421E-02  0.80764E+00 -0.18458E-02  0.94405E-02 -0.74549E+00 -0.42222E-01 -0.65579E+00 
  139.00  0.16743E+00 -0.22251E+00 -0.30701E-02 -0.35275E-02  0.80941E+00 -0.18432E-02  0.95866E-02 -0.75235E+00 -0.42013E-01 -0.66098E+00 
  140.00  0.16866E+00 -0.21030E+00 -0.30001E-02 -0.36737E-02  0.81121E+00 -0.18359E-02  0.96431E-02 -0.75887E+00 -0.41685E-01 -0.66587E+00 
  141.00  0.16995E+00 -0.19830E+00 -0.29085E-02 -0.37757E-02  0.81302E+00 -0.18230E-02  0.96028E-02 -0.76504E+00 -0.41263E-01 -0.67045E+00 
  142.00  0.17128E+00 -0.18653E+00 -0.27997E-02 -0.38304E-02  0.81482E+00 -0.18030E-02  0.94620E-02 -0.77085E+00 -0.40769E-01 -0.67470E+00 
  143.00  0.17266E+00 -0.17497E+00 -0.26784E-02 -0.38375E-02  0.81660E+00 -0.17731E-02  0.92208E-02 -0.77629E+00 -0.40227E-01 -0.67863E+00 
  144.00  0.17407E+00 -0.16364E+00 -0.25495E-02 -0.37997E-02  0.81835E+00 -0.17306E-02  0.88840E-02 -0.78137E+00 -0.39655E-01 -0.68224E+00 
  145.00  0.17551E+00 -0.15255E+00 -0.24175E-02 -0.37223E-02  0.82005E+00 -0.16726E-02  0.84602E-02 -0.78609E+00 -0.39063E-01 -0.68552E+00 
  146.00  0.17697E+00 -0.14173E+00 -0.22861E-02 -0.36131E-02  0.82169E+00 -0.15968E-02  0.79621E-02 -0.79045E+00 -0.38452E-01 -0.68849E+00 
  147.00  0.17846E+00 -0.13119E+00 -0.21579E-02 -0.34812E-02  0.82326E+00 -0.15018E-02  0.74053E-02 -0.79447E+00 -0.37813E-01 -0.69114E+00 
  148.00  0.17998E+00 -0.12097E+00 -0.20341E-02 -0.33361E-02  0.82476E+00 -0.13876E-02  0.68077E-02 -0.79816E+00 -0.37132E-01 -0.69350E+00 
  149.00  0.18152E+00 -0.11108E+00 -0.19150E-02 -0.31864E-02  0.82619E+00 -0.12559E-02  0.61888E-02 -0.80153E+00 -0.36387E-01 -0.69555E+00 
  150.00  0.18309E+00 -0.10155E+00 -0.17992E-02 -0.30403E-02  0.82754E+00 -0.11100E-02  0.55685E-02 -0.80460E+00 -0.35555E-01 -0.69731E+00 
  151.00  0.18469E+00 -0.92380E-01 -0.16845E-02 -0.29044E-02  0.82882E+00 -0.95432E-03  0.49667E-02 -0.80739E+00 -0.34612E-01 -0.69879E+00 
  152.00  0.18632E+00 -0.83574E-01 -0.15679E-02 -0.27851E-02  0.83003E+00 -0.79451E-03  0.44028E-02 -0.80994E+00 -0.33538E-01 -0.70001E+00 
  153.00  0.18798E+00 -0.75123E-01 -0.14464E-02 -0.26880E-02  0.83115E+00 -0.63644E-03  0.38948E-02 -0.81226E+00 -0.32318E-01 -0.70098E+00 
  154.00  0.18967E+00 -0.67013E-01 -0.13168E-02 -0.26185E-02  0.83220E+00 -0.48575E-03  0.34585E-02 -0.81439E+00 -0.30943E-01 -0.70171E+00 
  155.00  0.19138E+00 -0.59230E-01 -0.11771E-02 -0.25814E-02  0.83315E+00 -0.34721E-03  0.31063E-02 -0.81635E+00 -0.29413E-01 -0.70222E+00 
  156.00  0.19313E+00 -0.51765E-01 -0.10258E-02 -0.25800E-02  0.83402E+00 -0.22428E-03  0.28461E-02 -0.81816E+00 -0.27738E-01 -0.70252E+00 
  157.00  0.19492E+00 -0.44615E-01 -0.86319E-03 -0.26157E-02  0.83479E+00 -0.11889E-03  0.26797E-02 -0.81984E+00 -0.25938E-01 -0.70261E+00 
  158.00  0.19675E+00 -0.37786E-01 -0.69061E-03 -0.26864E-02  0.83546E+00 -0.31514E-04  0.26025E-02 -0.82139E+00 -0.24039E-01 -0.70251E+00 
  159.00  0.19863E+00 -0.31294E-01 -0.51080E-03 -0.27865E-02  0.83602E+00  0.38595E-04  0.26027E-02 -0.82282E+00 -0.22075E-01 -0.70220E+00 
  160.00  0.20057E+00 -0.25166E-01 -0.32745E-03 -0.29074E-02  0.83647E+00  0.92955E-04  0.26620E-02 -0.82414E+00 -0.20086E-01 -0.70169E+00 
  161.00  0.20258E+00 -0.19432E-01 -0.14495E-03 -0.30376E-02  0.83681E+00  0.13340E-03  0.27576E-02 -0.82532E+00 -0.18112E-01 -0.70095E+00 
  162.00  0.20467E+00 -0.14124E-01  0.31979E-04 -0.31652E-02  0.83703E+00  0.16171E-03  0.28642E-02 -0.82639E+00 -0.16194E-01 -0.69998E+00 
  163.00  0.20685E+00 -0.92739E-02  0.19857E-03 -0.32789E-02  0.83713E+00  0.17935E-03  0.29571E-02 -0.82732E+00 -0.14368E-01 -0.69877E+00 
  164.00  0.20912E+00 -0.49087E-02  0.35018E-03 -0.33701E-02  0.83710E+00  0.18743E-03  0.30145E-02 -0.82812E+00 -0.12663E-01 -0.69731E+00 
  165.00  0.21149E+00 -0.10520E-02  0.48247E-03 -0.34336E-02  0.83694E+00  0.18688E-03  0.30205E-02 -0.82881E+00 -0.11102E-01 -0.69559E+00 
  166.00  0.21396E+00  0.22742E-02  0.59143E-03 -0.34679E-02  0.83665E+00  0.17860E-03  0.29657E-02 -0.82938E+00 -0.96949E-02 -0.69361E+00 
  167.00  0.21654E+00  0.50471E-02  0.67356E-03 -0.34748E-02  0.83623E+00  0.16370E-03  0.28477E-02 -0.82984E+00 -0.84404E-02 -0.69135E+00 
  168.00  0.21922E+00  0.72407E-02  0.72605E-03 -0.34585E-02  0.83566E+00  0.14367E-03  0.26703E-02 -0.83018E+00 -0.73276E-02 -0.68880E+00 
  169.00  0.22200E+00  0.88273E-02  0.74716E-03 -0.34237E-02  0.83495E+00  0.12031E-03  0.24421E-02 -0.83040E+00 -0.63369E-02 -0.68594E+00 
  170.00  0.22487E+00  0.97828E-02  0.73653E-03 -0.33754E-02  0.83412E+00  0.95669E-04  0.21745E-02 -0.83047E+00 -0.54440E-02 -0.68275E+00 
  171.00  0.22781E+00  0.10098E-01  0.69563E-03 -0.33176E-02  0.83316E+00  0.71766E-04  0.18807E-02 -0.83039E+00 -0.46235E-02 -0.67925E+00 
  172.00  0.23078E+00  0.97897E-02  0.62795E-03 -0.32533E-02  0.83212E+00  0.50332E-04  0.15740E-02 -0.83014E+00 -0.38543E-02 -0.67546E+00 
  173.00  0.23374E+00  0.89170E-02  0.53907E-03 -0.31850E-02  0.83103E+00  0.32589E-04  0.12671E-02 -0.82971E+00 -0.31234E-02 -0.67147E+00 
  174.00  0.23661E+00  0.75858E-02  0.43632E-03 -0.31151E-02  0.82993E+00  0.19119E-04  0.97230E-03 -0.82914E+00 -0.24285E-02 -0.66739E+00 
  175.00  0.23931E+00  0.59501E-02  0.32830E-03 -0.30463E-02  0.82887E+00  0.98704E-05  0.70062E-03 -0.82845E+00 -0.17789E-02 -0.66339E+00 
  176.00  0.24173E+00  0.42013E-02  0.22408E-03 -0.29821E-02  0.82792E+00  0.42671E-05  0.46229E-03 -0.82773E+00 -0.11936E-02 -0.65970E+00 
  177.00  0.24376E+00  0.25490E-02  0.13240E-03 -0.29262E-02  0.82711E+00  0.14063E-05  0.26635E-03 -0.82705E+00 -0.69810E-03 -0.65652E+00 
  178.00  0.24530E+00  0.11953E-02  0.60922E-04 -0.28827E-02  0.82650E+00  0.28578E-06  0.12044E-03 -0.82649E+00 -0.31938E-03 -0.65407E+00 
  179.00  0.24626E+00  0.30857E-03  0.15548E-04 -0.28550E-02  0.82612E+00  0.18163E-07  0.30426E-04 -0.82612E+00 -0.81279E-04 -0.65252E+00 
  180.00  0.24659E+00  0.77294E-14  0.38798E-15 -0.28454E-02  0.82599E+00  0.11218E-28  0.75672E-15 -0.82599E+00 -0.20266E-14 -0.65199E+00 
 scattering matrix expansion coefficients
    w  a11         a22         a33         a23         a32         a44         a12         a34         a13         a24         a14
    0  0.1000E+01  0.0000E+00  0.0000E+00  0.0000E+00  0.0000E+00  0.8163E+00  0.0000E+00  0.0000E+00  0.0000E+00  0.0000E+00 -0.6968E-03
    1  0.2252E+01  0.0000E+00  0.0000E+00  0.0000E+00  0.0000E+00  0.2377E+01  0.0000E+00  0.0000E+00  0.0000E+00  0.0000E+00 -0.1715E-02
    2  0.3207E+01  0.1876E+00  0.3949E+01  0.6719E-07 -0.1509E-02  0.3177E+01 -0.3072E+00 -0.1194E-01  0.1559E-03  0.3357E-03 -0.3785E-02
    3  0.3759E+01  0.2991E-01  0.4161E+01 -0.1228E-06  0.7730E-03  0.3780E+01 -0.1928E+00 -0.7677E-02  0.8765E-03 -0.2725E-03 -0.4226E-02
    4  0.4245E+01  0.2998E-01  0.4499E+01  0.3608E-07  0.4379E-03  0.4239E+01 -0.1382E+00 -0.2178E-01 -0.5662E-03  0.1287E-02 -0.4505E-02
    5  0.4612E+01  0.1036E-01  0.4811E+01  0.1585E-06 -0.1407E-02  0.4619E+01 -0.9149E-01 -0.1568E-01 -0.3631E-03 -0.8887E-03 -0.4890E-02
    6  0.4901E+01  0.1527E-01  0.5063E+01  0.2194E-07 -0.4042E-02  0.4883E+01 -0.5669E-01 -0.1770E-01  0.1003E-03  0.5421E-03 -0.5627E-02
    7  0.5043E+01 -0.7623E-03  0.5203E+01 -0.1099E-06 -0.6694E-02  0.5044E+01 -0.6131E-01 -0.1337E-01 -0.2922E-03 -0.3899E-04 -0.6754E-02
    8  0.5093E+01 -0.6589E-03  0.5238E+01  0.1419E-06 -0.1086E-01  0.5096E+01 -0.7684E-01 -0.1058E-01 -0.8709E-03 -0.1034E-02 -0.7090E-02
    9  0.5076E+01 -0.2489E-02  0.5203E+01 -0.1683E-06 -0.1263E-01  0.5084E+01 -0.9130E-01 -0.8033E-02 -0.4389E-03  0.3748E-04 -0.5984E-02
   10  0.5042E+01  0.1567E-02  0.5146E+01 -0.2571E-06 -0.1226E-01  0.5045E+01 -0.8481E-01 -0.1149E-01  0.2665E-03  0.5631E-03 -0.4534E-02
   11  0.4990E+01  0.1878E-02  0.5079E+01  0.1706E-06 -0.1122E-01  0.4992E+01 -0.7131E-01 -0.1590E-01 -0.3294E-03 -0.1564E-04 -0.3120E-02
   12  0.4917E+01  0.5286E-02  0.4993E+01  0.1636E-06 -0.9771E-02  0.4910E+01 -0.5618E-01 -0.1810E-01 -0.3830E-03 -0.2452E-03 -0.1927E-02
   13  0.4787E+01 -0.1014E-02  0.4864E+01 -0.4436E-07 -0.7559E-02  0.4790E+01 -0.6093E-01 -0.2135E-01 -0.6433E-04  0.1248E-03 -0.2724E-03
   14  0.4616E+01 -0.1262E-02  0.4690E+01 -0.2397E-07 -0.5210E-02  0.4623E+01 -0.6895E-01 -0.2572E-01  0.1470E-03  0.6293E-03  0.7605E-03
   15  0.4419E+01 -0.6301E-03  0.4486E+01  0.8390E-07 -0.3948E-02  0.4425E+01 -0.6603E-01 -0.2808E-01  0.2048E-03 -0.2863E-03  0.6159E-03
   16  0.4208E+01  0.3637E-02  0.4265E+01  0.1106E-07 -0.3522E-02  0.4206E+01 -0.4718E-01 -0.2331E-01  0.3557E-03  0.1800E-03  0.1215E-02
   17  0.3965E+01  0.2967E-02  0.4019E+01 -0.4382E-07 -0.4038E-02  0.3962E+01 -0.3516E-01 -0.1411E-01 -0.7936E-04  0.4422E-03  0.1854E-02
   18  0.3689E+01  0.2793E-03  0.3743E+01 -0.5921E-07 -0.4611E-02  0.3690E+01 -0.3326E-01 -0.7566E-02 -0.3533E-03  0.4715E-03  0.1987E-02
   19  0.3393E+01 -0.4910E-03  0.3443E+01 -0.5420E-07 -0.4392E-02  0.3395E+01 -0.3237E-01 -0.4380E-02 -0.3213E-03  0.8717E-04  0.1944E-02
   20  0.3093E+01  0.1708E-02  0.3136E+01  0.4813E-07 -0.3183E-02  0.3090E+01 -0.2611E-01  0.8528E-03 -0.8198E-05 -0.2065E-03  0.1881E-02
   21  0.2793E+01  0.5439E-03  0.2832E+01  0.7284E-08 -0.1718E-02  0.2792E+01 -0.2405E-01  0.7206E-02  0.1237E-03 -0.1876E-03  0.1578E-02
   22  0.2506E+01  0.3052E-03  0.2540E+01 -0.4410E-07 -0.4984E-03  0.2505E+01 -0.2344E-01  0.9244E-02  0.8252E-04 -0.1594E-03  0.8985E-03
   23  0.2235E+01  0.7253E-03  0.2265E+01 -0.4612E-07  0.2584E-03  0.2233E+01 -0.2326E-01  0.8277E-02  0.2527E-04 -0.1960E-03 -0.5780E-04
   24  0.1983E+01  0.3450E-03  0.2009E+01 -0.7498E-08  0.5925E-03  0.1982E+01 -0.2443E-01  0.5536E-02  0.6900E-04 -0.2177E-03 -0.9347E-03
   25  0.1751E+01 -0.5949E-03  0.1775E+01  0.4118E-07  0.8370E-03  0.1753E+01 -0.2557E-01  0.2254E-02  0.1353E-03 -0.1170E-03 -0.1329E-02
   26  0.1543E+01 -0.4957E-04  0.1563E+01  0.3053E-07  0.9830E-03  0.1544E+01 -0.2257E-01  0.1093E-03  0.1060E-03 -0.9677E-04 -0.1450E-02
   27  0.1351E+01  0.3389E-03  0.1368E+01  0.2798E-07  0.8063E-03  0.1350E+01 -0.1896E-01  0.2760E-03 -0.2557E-04 -0.5799E-04 -0.1486E-02
   28  0.1168E+01 -0.1639E-04  0.1184E+01 -0.3019E-08  0.5599E-03  0.1168E+01 -0.1820E-01  0.1618E-02 -0.8340E-04  0.1087E-04 -0.1391E-02
   29  0.9956E+00 -0.6289E-03  0.1010E+01 -0.1089E-07  0.5262E-03  0.9966E+00 -0.1959E-01  0.2796E-02 -0.5235E-04  0.5555E-04 -0.1176E-02
   30  0.8393E+00 -0.4406E-03  0.8511E+00 -0.5487E-08  0.6947E-03  0.8398E+00 -0.1922E-01  0.3300E-02 -0.2638E-05  0.4521E-04 -0.9652E-03
   31  0.7029E+00 -0.4957E-05  0.7123E+00 -0.3287E-09  0.8551E-03  0.7027E+00 -0.1664E-01  0.3515E-02  0.1471E-04  0.2176E-04 -0.8022E-03
   32  0.5869E+00  0.3647E-03  0.5943E+00 -0.1019E-08  0.8878E-03  0.5863E+00 -0.1301E-01  0.3464E-02  0.9254E-05  0.8862E-05 -0.7123E-03
   33  0.4885E+00  0.3590E-03  0.4946E+00  0.3096E-08  0.7381E-03  0.4881E+00 -0.1007E-01  0.3050E-02 -0.2294E-04 -0.6002E-05 -0.6745E-03
   34  0.4039E+00  0.2685E-03  0.4091E+00  0.7785E-08  0.4344E-03  0.4037E+00 -0.8027E-02  0.2323E-02 -0.6193E-04  0.1526E-05 -0.5820E-03
   35  0.3288E+00  0.1200E-03  0.3334E+00  0.7803E-08  0.8885E-04  0.3289E+00 -0.7056E-02  0.1580E-02 -0.8216E-04  0.8639E-05 -0.4134E-03
   36  0.2604E+00  0.1587E-04  0.2645E+00  0.5227E-08 -0.1782E-03  0.2605E+00 -0.6937E-02  0.1018E-02 -0.7326E-04  0.2392E-04 -0.1961E-03
   37  0.1977E+00 -0.6513E-04  0.2013E+00  0.4136E-08 -0.3096E-03  0.1979E+00 -0.7325E-02  0.6823E-03 -0.4538E-04  0.2574E-04 -0.2032E-04
   38  0.1423E+00 -0.7781E-04  0.1453E+00  0.2935E-08 -0.3221E-03  0.1425E+00 -0.7566E-02  0.4992E-03 -0.1514E-04  0.2080E-04  0.8089E-04
   39  0.9619E-01 -0.5308E-04  0.9848E-01  0.1174E-08 -0.2622E-03  0.9636E-01 -0.7242E-02  0.3963E-03  0.6941E-05  0.1144E-04  0.1133E-03
   40  0.6069E-01  0.2413E-05  0.6230E-01 -0.1360E-08 -0.1798E-03  0.6077E-01 -0.6230E-02  0.3133E-03  0.1657E-04  0.3347E-05  0.1018E-03
   41  0.3562E-01  0.4608E-04  0.3664E-01 -0.2317E-08 -0.1066E-03  0.3561E-01 -0.4800E-02  0.2319E-03  0.1696E-04 -0.1225E-05  0.7374E-04
   42  0.1942E-01  0.6932E-04  0.1999E-01 -0.2222E-08 -0.5550E-04  0.1935E-01 -0.3307E-02  0.1538E-03  0.1254E-04 -0.2650E-05  0.4525E-04
   43  0.9830E-02  0.6711E-04  0.1012E-01 -0.1392E-08 -0.2564E-04  0.9745E-02 -0.2050E-02  0.9079E-04  0.7616E-05 -0.2328E-05  0.2436E-04
   44  0.4626E-02  0.5210E-04  0.4754E-02 -0.6786E-09 -0.1069E-04  0.4553E-02 -0.1147E-02  0.4746E-04  0.3938E-05 -0.1503E-05  0.1159E-04
   45  0.2027E-02  0.3382E-04  0.2077E-02 -0.3068E-09 -0.4078E-05  0.1976E-02 -0.5841E-03  0.2208E-04  0.1805E-05 -0.7840E-06  0.4935E-05
   46  0.8289E-03  0.1919E-04  0.8461E-03 -0.1545E-09 -0.1427E-05  0.7989E-03 -0.2717E-03  0.9200E-05  0.7364E-06 -0.3542E-06  0.1894E-05
   47  0.3170E-03  0.9630E-05  0.3220E-03 -0.9638E-10 -0.4639E-06  0.3015E-03 -0.1163E-03  0.3494E-05  0.2752E-06 -0.1420E-06  0.6723E-06
   48  0.1138E-03  0.4358E-05  0.1148E-03 -0.5818E-10 -0.1437E-06  0.1066E-03 -0.4597E-04  0.1233E-05  0.9586E-07 -0.5167E-07  0.2226E-06
   49  0.3844E-04  0.1791E-05  0.3853E-04 -0.2966E-10 -0.4178E-07  0.3544E-04 -0.1689E-04  0.4122E-06  0.3132E-07 -0.1668E-07  0.6796E-07
   50  0.1228E-04  0.6781E-06  0.1222E-04 -0.1233E-10 -0.1116E-07  0.1113E-04 -0.5803E-05  0.1318E-06  0.9427E-08 -0.4634E-08  0.1856E-07
   51  0.3726E-05  0.2382E-06  0.3678E-05 -0.4341E-11 -0.2559E-08  0.3318E-05 -0.1876E-05  0.4020E-07  0.2637E-08 -0.9250E-09  0.4162E-08
   52  0.1081E-05  0.7842E-07  0.1058E-05 -0.1363E-11 -0.1840E-09  0.9452E-06 -0.5738E-06  0.1195E-07  0.5353E-09 -0.9169E-10  0.6235E-09
   53  0.3008E-06  0.2437E-07  0.2921E-06 -0.4419E-12  0.1079E-09  0.2584E-06 -0.1673E-06  0.3336E-08  0.9952E-10  0.3400E-10  0.5083E-10
   54  0.8123E-07  0.7169E-08  0.7827E-07 -0.1812E-12  0.1143E-09  0.6869E-07 -0.4680E-07  0.1060E-08 -0.1190E-10  0.1729E-10 -0.1450E-10
   55  0.2158E-07  0.1991E-08  0.2067E-07 -0.7643E-13  0.4154E-10  0.1808E-07 -0.1280E-07  0.3904E-09 -0.5661E-11  0.5224E-11  0.3072E-11
   56  0.6408E-08  0.5342E-09  0.6172E-08 -0.3256E-13  0.1465E-10  0.5474E-08 -0.3616E-08  0.1660E-09 -0.5206E-11  0.1996E-11  0.2169E-11
   57  0.1693E-08  0.1367E-09  0.1626E-08 -0.1592E-13  0.4280E-11  0.1456E-08 -0.1003E-08  0.7583E-10 -0.7952E-12  0.7594E-12  0.8960E-13
   58  0.8740E-09  0.5316E-10  0.8564E-09 -0.9641E-14  0.1722E-12  0.7839E-09 -0.4469E-09  0.2893E-10 -0.2926E-12  0.1616E-12  0.1048E-11
   59  0.1849E-09  0.1216E-10  0.1792E-09 -0.5437E-14 -0.1330E-13  0.1647E-09 -0.1056E-09  0.1050E-10 -0.4227E-13  0.7363E-12 -0.1376E-11
   60  0.1446E-09  0.1060E-10  0.1403E-09 -0.2677E-14  0.1062E-13  0.1264E-09 -0.7839E-10  0.3090E-11  0.1826E-13 -0.1326E-12  0.3749E-12
   61  0.1874E-10  0.1478E-11  0.1781E-10 -0.1104E-14 -0.6119E-13  0.1628E-10 -0.1105E-10  0.8422E-12 -0.5515E-14  0.1730E-12 -0.3071E-12
   62  0.1837E-10  0.1824E-11  0.1753E-10 -0.3787E-15  0.9494E-14  0.1517E-10 -0.1103E-10  0.2617E-12  0.2829E-14 -0.2710E-13  0.4926E-13
   63  0.1021E-11  0.1013E-12  0.9327E-12 -0.1104E-15 -0.4860E-14  0.8539E-12 -0.6330E-12  0.3524E-13 -0.8661E-15  0.1477E-13 -0.2313E-13
   64  0.1565E-11  0.1875E-12  0.1451E-11 -0.3394E-16  0.2383E-15  0.1222E-11 -0.1013E-11  0.2059E-13  0.2456E-15 -0.1436E-14  0.2111E-14
   65  0.2016E-13  0.2190E-14  0.1650E-13 -0.1037E-16 -0.9773E-16  0.1731E-13 -0.1226E-13  0.5863E-15 -0.3926E-16  0.4988E-15 -0.6634E-15
   66  0.1039E-12  0.1518E-13  0.9608E-13 -0.1140E-17 -0.4347E-16  0.7710E-13 -0.7276E-13  0.1378E-14  0.1271E-16  0.1093E-17 -0.1848E-16
