 input file is 
mstm15_256_9598_171_0006.inp  
 input file comments follow:
***********************************************************
  This is the default mstm input file for v.3.0.
  The run is for a 7-sphere cluster of identical spheres.   The positions
  are embedded in the input file.

  The run makes use of the new_run and multiple_run options.

  14 April 2013
***********************************************************
 number of processors:
   1
 input parameters for run number 
    1
 number of spheres, volume size parameter:
  256  0.60944E+01
 position file:
position/n256/a15.out                                       
 output file:
output/256/x9598/171/0006/mt_15_256_9598_171_0006.dat       
 length, ref. indx. scale factors:
   0.960   1.710   0.006
 chiral factors:
  0.00000E+00  0.00000E+00
 scattering matrix directions based on incident frame
 automatic scattering angle calculation
 thetamin, thetamax:
      0.0    180.0
 number scattering angles:
      181
 epsmie, epssoln, max number iterations:
  0.1000E-05  0.1000E-07 5000
 medium refractive index:
  1.0000  0.0000
 target euler rotation angles:
    0.0000    0.0000    0.0000
 far field kr, iterations/correction:
 -0.1000E+01   20
 plane wave incidence
 random orientation calculations
 t matrix calculated, stored in file 
tmatrixfiles/1525695981710006                               
 t matrix convergence epsilon:
  0.1000E-06
 all spheres excited (total T matrix) 
 calculation results for run 
    1
 total ext, abs, scat efficiencies, w.r.t. xv, and asym. parm
  0.71500E+01  0.12546E+00  0.70245E+01  0.74303E+00
 scattering matrix elements (normalized w/ S11)
   theta      11           12           13           14           22           23           24           33           34           44      
    0.00  0.13940E+03  0.00000E+00  0.00000E+00  0.96753E-04  0.99970E+00  0.66487E-04  0.00000E+00  0.99970E+00  0.00000E+00  0.99945E+00 
    1.00  0.13515E+03 -0.26255E-03  0.26674E-06  0.10140E-03  0.99969E+00  0.58775E-04  0.33091E-06  0.99969E+00 -0.11187E-03  0.99943E+00 
    2.00  0.12330E+03 -0.10445E-02  0.10630E-05  0.11399E-03  0.99964E+00  0.34387E-04  0.13860E-05  0.99964E+00 -0.46243E-03  0.99935E+00 
    3.00  0.10623E+03 -0.23237E-02  0.23554E-05  0.12987E-03  0.99957E+00 -0.96849E-05  0.33465E-05  0.99956E+00 -0.10942E-02  0.99920E+00 
    4.00  0.87022E+02 -0.40483E-02  0.40103E-05  0.13939E-03  0.99945E+00 -0.75665E-04  0.64848E-05  0.99943E+00 -0.20672E-02  0.99898E+00 
    5.00  0.68519E+02 -0.61185E-02  0.56697E-05  0.12603E-03  0.99928E+00 -0.16009E-03  0.11087E-04  0.99924E+00 -0.34319E-02  0.99865E+00 
    6.00  0.52632E+02 -0.83853E-02  0.66348E-05  0.67331E-04  0.99906E+00 -0.24788E-03  0.17305E-04  0.99898E+00 -0.51813E-02  0.99822E+00 
    7.00  0.40112E+02 -0.10699E-01  0.59687E-05 -0.56990E-04  0.99879E+00 -0.31192E-03  0.24992E-04  0.99863E+00 -0.72019E-02  0.99767E+00 
    8.00  0.30758E+02 -0.13021E-01  0.30980E-05 -0.24944E-03  0.99847E+00 -0.32773E-03  0.33715E-04  0.99822E+00 -0.92947E-02  0.99702E+00 
    9.00  0.23873E+02 -0.15502E-01 -0.11969E-05 -0.48389E-03  0.99810E+00 -0.30014E-03  0.43044E-04  0.99772E+00 -0.11306E-01  0.99626E+00 
   10.00  0.18710E+02 -0.18427E-01 -0.41258E-05 -0.71334E-03  0.99765E+00 -0.27572E-03  0.52791E-04  0.99713E+00 -0.13268E-01  0.99537E+00 
   11.00  0.14729E+02 -0.22019E-01 -0.11470E-05 -0.88925E-03  0.99708E+00 -0.32024E-03  0.62675E-04  0.99640E+00 -0.15381E-01  0.99425E+00 
   12.00  0.11641E+02 -0.26280E-01  0.12720E-04 -0.97414E-03  0.99634E+00 -0.47128E-03  0.71475E-04  0.99547E+00 -0.17824E-01  0.99282E+00 
   13.00  0.93114E+01 -0.30928E-01  0.40042E-04 -0.94679E-03  0.99542E+00 -0.69050E-03  0.76541E-04  0.99435E+00 -0.20528E-01  0.99107E+00 
   14.00  0.76418E+01 -0.35504E-01  0.76806E-04 -0.81037E-03  0.99435E+00 -0.85559E-03  0.74878E-04  0.99312E+00 -0.23082E-01  0.98912E+00 
   15.00  0.65050E+01 -0.39671E-01  0.11092E-03 -0.60027E-03  0.99326E+00 -0.84100E-03  0.65999E-04  0.99189E+00 -0.24949E-01  0.98717E+00 
   16.00  0.57477E+01 -0.43474E-01  0.12816E-03 -0.37440E-03  0.99227E+00 -0.64901E-03  0.53787E-04  0.99079E+00 -0.25900E-01  0.98544E+00 
   17.00  0.52260E+01 -0.47281E-01  0.12150E-03 -0.18857E-03  0.99140E+00 -0.44145E-03  0.44524E-04  0.98982E+00 -0.26192E-01  0.98396E+00 
   18.00  0.48339E+01 -0.51476E-01  0.94508E-04 -0.80883E-04  0.99061E+00 -0.42303E-03  0.43041E-04  0.98893E+00 -0.26305E-01  0.98261E+00 
   19.00  0.45081E+01 -0.56267E-01  0.57712E-04 -0.69777E-04  0.98981E+00 -0.69709E-03  0.50662E-04  0.98805E+00 -0.26625E-01  0.98126E+00 
   20.00  0.42145E+01 -0.61690E-01  0.23113E-04 -0.15285E-03  0.98892E+00 -0.12021E-02  0.65583E-04  0.98711E+00 -0.27322E-01  0.97977E+00 
   21.00  0.39336E+01 -0.67682E-01 -0.33330E-08 -0.30389E-03  0.98789E+00 -0.17485E-02  0.84439E-04  0.98603E+00 -0.28393E-01  0.97805E+00 
   22.00  0.36533E+01 -0.74137E-01 -0.69472E-05 -0.47622E-03  0.98670E+00 -0.21181E-02  0.10389E-03  0.98475E+00 -0.29729E-01  0.97602E+00 
   23.00  0.33696E+01 -0.80905E-01  0.25922E-05 -0.61477E-03  0.98533E+00 -0.21635E-02  0.12154E-03  0.98321E+00 -0.31120E-01  0.97366E+00 
   24.00  0.30873E+01 -0.87795E-01  0.25621E-04 -0.67131E-03  0.98381E+00 -0.18616E-02  0.13617E-03  0.98140E+00 -0.32217E-01  0.97100E+00 
   25.00  0.28172E+01 -0.94590E-01  0.56602E-04 -0.61645E-03  0.98219E+00 -0.13132E-02  0.14792E-03  0.97936E+00 -0.32555E-01  0.96814E+00 
   26.00  0.25696E+01 -0.10112E+00  0.88074E-04 -0.44501E-03  0.98052E+00 -0.69978E-03  0.15851E-03  0.97718E+00 -0.31699E-01  0.96519E+00 
   27.00  0.23508E+01 -0.10735E+00  0.11224E-03 -0.17329E-03  0.97886E+00 -0.21076E-03  0.17108E-03  0.97493E+00 -0.29497E-01  0.96226E+00 
   28.00  0.21621E+01 -0.11341E+00  0.12378E-03  0.16886E-03  0.97727E+00  0.29235E-04  0.18850E-03  0.97265E+00 -0.26262E-01  0.95938E+00 
   29.00  0.20027E+01 -0.11950E+00  0.12257E-03  0.54416E-03  0.97576E+00 -0.33084E-05  0.21044E-03  0.97034E+00 -0.22722E-01  0.95656E+00 
   30.00  0.18718E+01 -0.12583E+00  0.11423E-03  0.90833E-03  0.97438E+00 -0.24405E-03  0.23050E-03  0.96798E+00 -0.19725E-01  0.95380E+00 
   31.00  0.17679E+01 -0.13254E+00  0.10761E-03  0.12122E-02  0.97319E+00 -0.58667E-03  0.23612E-03  0.96557E+00 -0.17866E-01  0.95113E+00 
   32.00  0.16870E+01 -0.13963E+00  0.11028E-03  0.14153E-02  0.97217E+00 -0.93400E-03  0.21267E-03  0.96313E+00 -0.17254E-01  0.94855E+00 
   33.00  0.16211E+01 -0.14707E+00  0.12488E-03  0.15068E-02  0.97125E+00 -0.12309E-02  0.14975E-03  0.96061E+00 -0.17586E-01  0.94601E+00 
   34.00  0.15596E+01 -0.15484E+00  0.14886E-03  0.15155E-02  0.97030E+00 -0.14659E-02  0.45304E-04  0.95793E+00 -0.18450E-01  0.94331E+00 
   35.00  0.14935E+01 -0.16300E+00  0.17708E-03  0.14993E-02  0.96914E+00 -0.16489E-02 -0.94785E-04  0.95495E+00 -0.19606E-01  0.94024E+00 
   36.00  0.14191E+01 -0.17167E+00  0.20437E-03  0.15211E-02  0.96764E+00 -0.17870E-02 -0.25926E-03  0.95155E+00 -0.21030E-01  0.93659E+00 
   37.00  0.13391E+01 -0.18097E+00  0.22635E-03  0.16265E-02  0.96578E+00 -0.18756E-02 -0.43308E-03  0.94768E+00 -0.22737E-01  0.93229E+00 
   38.00  0.12603E+01 -0.19099E+00  0.23916E-03  0.18285E-02  0.96363E+00 -0.19101E-02 -0.59809E-03  0.94343E+00 -0.24561E-01  0.92744E+00 
   39.00  0.11899E+01 -0.20168E+00  0.23988E-03  0.21031E-02  0.96138E+00 -0.19078E-02 -0.73553E-03  0.93895E+00 -0.26054E-01  0.92229E+00 
   40.00  0.11313E+01 -0.21280E+00  0.22824E-03  0.24017E-02  0.95924E+00 -0.19174E-02 -0.83171E-03  0.93442E+00 -0.26656E-01  0.91711E+00 
   41.00  0.10833E+01 -0.22405E+00  0.20828E-03  0.26773E-02  0.95731E+00 -0.19977E-02 -0.88390E-03  0.92991E+00 -0.26056E-01  0.91206E+00 
   42.00  0.10415E+01 -0.23524E+00  0.18729E-03  0.29079E-02  0.95553E+00 -0.21734E-02 -0.90124E-03  0.92533E+00 -0.24434E-01  0.90705E+00 
   43.00  0.10006E+01 -0.24640E+00  0.17157E-03  0.31031E-02  0.95373E+00 -0.23999E-02 -0.89967E-03  0.92046E+00 -0.22388E-01  0.90181E+00 
   44.00  0.95774E+00 -0.25777E+00  0.16138E-03  0.32931E-02  0.95166E+00 -0.25654E-02 -0.89467E-03  0.91506E+00 -0.20610E-01  0.89599E+00 
   45.00  0.91258E+00 -0.26966E+00  0.14840E-03  0.35117E-02  0.94918E+00 -0.25310E-02 -0.89574E-03  0.90896E+00 -0.19543E-01  0.88934E+00 
   46.00  0.86705E+00 -0.28227E+00  0.11830E-03  0.37779E-02  0.94624E+00 -0.21970E-02 -0.90373E-03  0.90214E+00 -0.19178E-01  0.88179E+00 
   47.00  0.82366E+00 -0.29553E+00  0.59259E-04  0.40804E-02  0.94296E+00 -0.15671E-02 -0.91142E-03  0.89470E+00 -0.19084E-01  0.87351E+00 
   48.00  0.78413E+00 -0.30907E+00 -0.26743E-04  0.43693E-02  0.93958E+00 -0.77299E-03 -0.90746E-03  0.88683E+00 -0.18666E-01  0.86481E+00 
   49.00  0.74875E+00 -0.32233E+00 -0.11748E-03  0.45638E-02  0.93632E+00 -0.29871E-04 -0.88267E-03  0.87875E+00 -0.17524E-01  0.85605E+00 
   50.00  0.71670E+00 -0.33488E+00 -0.17544E-03  0.45776E-02  0.93330E+00  0.45848E-03 -0.83551E-03  0.87062E+00 -0.15689E-01  0.84745E+00 
   51.00  0.68671E+00 -0.34655E+00 -0.16353E-03  0.43512E-02  0.93052E+00  0.58958E-03 -0.77352E-03  0.86246E+00 -0.13599E-01  0.83903E+00 
   52.00  0.65785E+00 -0.35754E+00 -0.63535E-04  0.38776E-02  0.92787E+00  0.39638E-03 -0.70992E-03  0.85419E+00 -0.11835E-01  0.83066E+00 
   53.00  0.62987E+00 -0.36832E+00  0.11186E-03  0.32081E-02  0.92519E+00  0.18479E-04 -0.65731E-03  0.84571E+00 -0.10821E-01  0.82215E+00 
   54.00  0.60315E+00 -0.37937E+00  0.31935E-03  0.24358E-02  0.92238E+00 -0.36388E-03 -0.62177E-03  0.83687E+00 -0.10630E-01  0.81331E+00 
   55.00  0.57838E+00 -0.39107E+00  0.49848E-03  0.16628E-02  0.91944E+00 -0.59807E-03 -0.60041E-03  0.82760E+00 -0.10977E-01  0.80405E+00 
   56.00  0.55607E+00 -0.40350E+00  0.59358E-03  0.96376E-03  0.91645E+00 -0.60198E-03 -0.58419E-03  0.81782E+00 -0.11381E-01  0.79438E+00 
   57.00  0.53632E+00 -0.41646E+00  0.57431E-03  0.36698E-03  0.91350E+00 -0.36892E-03 -0.56527E-03  0.80748E+00 -0.11389E-01  0.78428E+00 
   58.00  0.51867E+00 -0.42960E+00  0.44436E-03 -0.13759E-03  0.91066E+00  0.58682E-04 -0.54472E-03  0.79652E+00 -0.10750E-01  0.77374E+00 
   59.00  0.50226E+00 -0.44251E+00  0.23439E-03 -0.56934E-03  0.90788E+00  0.62440E-03 -0.53569E-03  0.78490E+00 -0.94533E-02  0.76269E+00 
   60.00  0.48610E+00 -0.45491E+00 -0.14664E-04 -0.92893E-03  0.90501E+00  0.12801E-02 -0.55944E-03  0.77258E+00 -0.76586E-02  0.75103E+00 
   61.00  0.46936E+00 -0.46662E+00 -0.26730E-03 -0.11903E-02  0.90184E+00  0.19887E-02 -0.63614E-03  0.75956E+00 -0.55856E-02  0.73869E+00 
   62.00  0.45164E+00 -0.47767E+00 -0.50050E-03 -0.13160E-02  0.89819E+00  0.27144E-02 -0.77494E-03  0.74590E+00 -0.34438E-02  0.72561E+00 
   63.00  0.43308E+00 -0.48818E+00 -0.70171E-03 -0.12842E-02  0.89396E+00  0.34158E-02 -0.96784E-03  0.73167E+00 -0.14177E-02  0.71181E+00 
   64.00  0.41432E+00 -0.49844E+00 -0.86248E-03 -0.11100E-02  0.88918E+00  0.40458E-02 -0.11901E-02  0.71693E+00  0.31776E-03  0.69731E+00 
   65.00  0.39630E+00 -0.50879E+00 -0.97352E-03 -0.84787E-03  0.88404E+00  0.45608E-02 -0.14080E-02  0.70172E+00  0.15959E-02  0.68215E+00 
   66.00  0.37995E+00 -0.51959E+00 -0.10252E-02 -0.57232E-03  0.87885E+00  0.49309E-02 -0.15916E-02  0.68605E+00  0.22914E-02  0.66638E+00 
   67.00  0.36594E+00 -0.53107E+00 -0.10130E-02 -0.34625E-03  0.87394E+00  0.51434E-02 -0.17280E-02  0.66990E+00  0.23786E-02  0.65006E+00 
   68.00  0.35446E+00 -0.54324E+00 -0.94394E-03 -0.19570E-03  0.86957E+00  0.51988E-02 -0.18275E-02  0.65331E+00  0.19691E-02  0.63331E+00 
   69.00  0.34517E+00 -0.55586E+00 -0.83697E-03 -0.10778E-03  0.86580E+00  0.51013E-02 -0.19184E-02  0.63635E+00  0.12890E-02  0.61632E+00 
   70.00  0.33736E+00 -0.56850E+00 -0.71721E-03 -0.51568E-04  0.86251E+00  0.48537E-02 -0.20334E-02  0.61917E+00  0.59442E-03  0.59927E+00 
   71.00  0.33018E+00 -0.58072E+00 -0.60559E-03 -0.48517E-05  0.85944E+00  0.44612E-02 -0.21944E-02  0.60189E+00  0.71974E-04  0.58229E+00 
   72.00  0.32284E+00 -0.59220E+00 -0.51138E-03  0.32713E-04  0.85629E+00  0.39410E-02 -0.24047E-02  0.58456E+00 -0.22430E-03  0.56541E+00 
   73.00  0.31488E+00 -0.60281E+00 -0.43130E-03  0.46722E-04  0.85284E+00  0.33310E-02 -0.26507E-02  0.56712E+00 -0.37651E-03  0.54847E+00 
   74.00  0.30616E+00 -0.61265E+00 -0.35512E-03  0.27302E-04  0.84895E+00  0.26897E-02 -0.29086E-02  0.54937E+00 -0.56013E-03  0.53118E+00 
   75.00  0.29690E+00 -0.62192E+00 -0.27488E-03 -0.14071E-04  0.84463E+00  0.20855E-02 -0.31534E-02  0.53100E+00 -0.98191E-03  0.51316E+00 
   76.00  0.28747E+00 -0.63086E+00 -0.19344E-03 -0.42531E-04  0.83999E+00  0.15774E-02 -0.33656E-02  0.51167E+00 -0.18231E-02  0.49406E+00 
   77.00  0.27830E+00 -0.63965E+00 -0.12792E-03 -0.16464E-04  0.83519E+00  0.11968E-02 -0.35327E-02  0.49114E+00 -0.32041E-02  0.47364E+00 
   78.00  0.26970E+00 -0.64831E+00 -0.10578E-03  0.84529E-04  0.83041E+00  0.93753E-03 -0.36471E-02  0.46930E+00 -0.51762E-02  0.45189E+00 
   79.00  0.26182E+00 -0.65675E+00 -0.15419E-03  0.23634E-03  0.82577E+00  0.76212E-03 -0.37021E-02  0.44629E+00 -0.77342E-02  0.42903E+00 
   80.00  0.25467E+00 -0.66479E+00 -0.28710E-03  0.36741E-03  0.82136E+00  0.62163E-03 -0.36885E-02  0.42237E+00 -0.10836E-01  0.40545E+00 
   81.00  0.24816E+00 -0.67226E+00 -0.49624E-03  0.38081E-03  0.81721E+00  0.47813E-03 -0.35952E-02  0.39789E+00 -0.14414E-01  0.38155E+00 
   82.00  0.24216E+00 -0.67905E+00 -0.74988E-03  0.19206E-03  0.81330E+00  0.31867E-03 -0.34135E-02  0.37314E+00 -0.18364E-01  0.35766E+00 
   83.00  0.23657E+00 -0.68518E+00 -0.10003E-02 -0.23537E-03  0.80964E+00  0.15440E-03 -0.31432E-02  0.34828E+00 -0.22538E-01  0.33390E+00 
   84.00  0.23134E+00 -0.69074E+00 -0.11967E-02 -0.87246E-03  0.80622E+00  0.72104E-05 -0.27967E-02  0.32331E+00 -0.26730E-01  0.31023E+00 
   85.00  0.22645E+00 -0.69584E+00 -0.13001E-02 -0.16320E-02  0.80303E+00 -0.10753E-03 -0.23985E-02  0.29813E+00 -0.30700E-01  0.28645E+00 
   86.00  0.22191E+00 -0.70054E+00 -0.12942E-02 -0.23968E-02  0.80006E+00 -0.19260E-03 -0.19804E-02  0.27261E+00 -0.34210E-01  0.26238E+00 
   87.00  0.21771E+00 -0.70485E+00 -0.11909E-02 -0.30565E-02  0.79726E+00 -0.26889E-03 -0.15743E-02  0.24663E+00 -0.37090E-01  0.23784E+00 
   88.00  0.21382E+00 -0.70868E+00 -0.10279E-02 -0.35377E-02  0.79457E+00 -0.36417E-03 -0.12052E-02  0.22018E+00 -0.39283E-01  0.21284E+00 
   89.00  0.21018E+00 -0.71192E+00 -0.85967E-03 -0.38168E-02  0.79193E+00 -0.49644E-03 -0.88869E-03  0.19332E+00 -0.40874E-01  0.18746E+00 
   90.00  0.20675E+00 -0.71445E+00 -0.74606E-03 -0.39131E-02  0.78928E+00 -0.66031E-03 -0.63251E-03  0.16620E+00 -0.42064E-01  0.16190E+00 
   91.00  0.20348E+00 -0.71621E+00 -0.74062E-03 -0.38687E-02  0.78659E+00 -0.82269E-03 -0.44145E-03  0.13898E+00 -0.43117E-01  0.13635E+00 
   92.00  0.20035E+00 -0.71719E+00 -0.88177E-03 -0.37251E-02  0.78388E+00 -0.92968E-03 -0.32194E-03  0.11179E+00 -0.44283E-01  0.11100E+00 
   93.00  0.19737E+00 -0.71748E+00 -0.11876E-02 -0.35081E-02  0.78119E+00 -0.92173E-03 -0.28336E-03  0.84721E-01 -0.45734E-01  0.85932E-01 
   94.00  0.19457E+00 -0.71716E+00 -0.16537E-02 -0.32230E-02  0.77861E+00 -0.75165E-03 -0.33486E-03  0.57816E-01 -0.47519E-01  0.61174E-01 
   95.00  0.19200E+00 -0.71632E+00 -0.22548E-02 -0.28616E-02  0.77623E+00 -0.39924E-03 -0.47886E-03  0.31075E-01 -0.49571E-01  0.36701E-01 
   96.00  0.18967E+00 -0.71499E+00 -0.29473E-02 -0.24138E-02  0.77415E+00  0.12187E-03 -0.70403E-03  0.44976E-02 -0.51740E-01  0.12470E-01 
   97.00  0.18759E+00 -0.71312E+00 -0.36745E-02 -0.18808E-02  0.77242E+00  0.76666E-03 -0.98147E-03 -0.21896E-01 -0.53857E-01 -0.11540E-01 
   98.00  0.18575E+00 -0.71063E+00 -0.43726E-02 -0.12817E-02  0.77109E+00  0.14689E-02 -0.12663E-02 -0.48056E-01 -0.55797E-01 -0.35326E-01 
   99.00  0.18410E+00 -0.70742E+00 -0.49774E-02 -0.65413E-03  0.77014E+00  0.21552E-02 -0.15047E-02 -0.73906E-01 -0.57512E-01 -0.58857E-01 
  100.00  0.18263E+00 -0.70339E+00 -0.54305E-02 -0.48864E-04  0.76955E+00  0.27582E-02 -0.16452E-02 -0.99371E-01 -0.59043E-01 -0.82100E-01 
  101.00  0.18131E+00 -0.69849E+00 -0.56857E-02  0.47975E-03  0.76929E+00  0.32267E-02 -0.16494E-02 -0.12439E+00 -0.60486E-01 -0.10504E+00 
  102.00  0.18012E+00 -0.69276E+00 -0.57142E-02  0.88358E-03  0.76930E+00  0.35307E-02 -0.15001E-02 -0.14896E+00 -0.61945E-01 -0.12768E+00 
  103.00  0.17909E+00 -0.68628E+00 -0.55083E-02  0.11294E-02  0.76953E+00  0.36613E-02 -0.12050E-02 -0.17310E+00 -0.63483E-01 -0.15007E+00 
  104.00  0.17822E+00 -0.67919E+00 -0.50828E-02  0.12049E-02  0.76993E+00  0.36284E-02 -0.79369E-03 -0.19687E+00 -0.65087E-01 -0.17226E+00 
  105.00  0.17753E+00 -0.67160E+00 -0.44732E-02  0.11212E-02  0.77044E+00  0.34552E-02 -0.31144E-03 -0.22037E+00 -0.66658E-01 -0.19427E+00 
  106.00  0.17704E+00 -0.66363E+00 -0.37301E-02  0.91147E-03  0.77101E+00  0.31722E-02  0.19089E-03 -0.24367E+00 -0.68034E-01 -0.21614E+00 
  107.00  0.17671E+00 -0.65532E+00 -0.29105E-02  0.62567E-03  0.77160E+00  0.28119E-02  0.66599E-03 -0.26684E+00 -0.69035E-01 -0.23785E+00 
  108.00  0.17654E+00 -0.64665E+00 -0.20679E-02  0.32202E-03  0.77218E+00  0.24037E-02  0.10772E-02 -0.28989E+00 -0.69511E-01 -0.25935E+00 
  109.00  0.17646E+00 -0.63755E+00 -0.12428E-02  0.57239E-04  0.77270E+00  0.19709E-02  0.14015E-02 -0.31283E+00 -0.69387E-01 -0.28059E+00 
  110.00  0.17642E+00 -0.62790E+00 -0.45705E-03 -0.12278E-03  0.77317E+00  0.15297E-02  0.16291E-02 -0.33563E+00 -0.68688E-01 -0.30151E+00 
  111.00  0.17639E+00 -0.61760E+00  0.28849E-03 -0.19006E-03  0.77359E+00  0.10894E-02  0.17600E-02 -0.35824E+00 -0.67536E-01 -0.32210E+00 
  112.00  0.17631E+00 -0.60655E+00  0.10103E-02 -0.13827E-03  0.77397E+00  0.65534E-03  0.17997E-02 -0.38063E+00 -0.66128E-01 -0.34233E+00 
  113.00  0.17617E+00 -0.59468E+00  0.17355E-02  0.17347E-04  0.77436E+00  0.23131E-03  0.17556E-02 -0.40276E+00 -0.64693E-01 -0.36221E+00 
  114.00  0.17597E+00 -0.58201E+00  0.24921E-02  0.24329E-03  0.77481E+00 -0.17758E-03  0.16350E-02 -0.42458E+00 -0.63454E-01 -0.38174E+00 
  115.00  0.17575E+00 -0.56860E+00  0.32998E-02  0.49380E-03  0.77536E+00 -0.56291E-03  0.14462E-02 -0.44607E+00 -0.62581E-01 -0.40093E+00 
  116.00  0.17553E+00 -0.55454E+00  0.41620E-02  0.71846E-03  0.77606E+00 -0.91229E-03  0.11991E-02 -0.46715E+00 -0.62172E-01 -0.41975E+00 
  117.00  0.17535E+00 -0.53998E+00  0.50618E-02  0.87015E-03  0.77694E+00 -0.12102E-02  0.90845E-03 -0.48777E+00 -0.62233E-01 -0.43814E+00 
  118.00  0.17527E+00 -0.52507E+00  0.59627E-02  0.91229E-03  0.77802E+00 -0.14403E-02  0.59480E-03 -0.50783E+00 -0.62687E-01 -0.45601E+00 
  119.00  0.17530E+00 -0.50996E+00  0.68134E-02  0.82410E-03  0.77931E+00 -0.15878E-02  0.28435E-03 -0.52723E+00 -0.63395E-01 -0.47326E+00 
  120.00  0.17546E+00 -0.49478E+00  0.75563E-02  0.60317E-03  0.78078E+00 -0.16426E-02  0.67217E-05 -0.54588E+00 -0.64187E-01 -0.48977E+00 
  121.00  0.17576E+00 -0.47963E+00  0.81374E-02  0.26515E-03  0.78241E+00 -0.16010E-02 -0.20915E-03 -0.56368E+00 -0.64893E-01 -0.50545E+00 
  122.00  0.17618E+00 -0.46456E+00  0.85147E-02 -0.15924E-03  0.78415E+00 -0.14661E-02 -0.33977E-03 -0.58056E+00 -0.65381E-01 -0.52022E+00 
  123.00  0.17669E+00 -0.44957E+00  0.86645E-02 -0.62906E-03  0.78597E+00 -0.12472E-02 -0.37139E-03 -0.59649E+00 -0.65569E-01 -0.53407E+00 
  124.00  0.17724E+00 -0.43464E+00  0.85840E-02 -0.10990E-02  0.78784E+00 -0.95815E-03 -0.30269E-03 -0.61146E+00 -0.65439E-01 -0.54699E+00 
  125.00  0.17782E+00 -0.41975E+00  0.82900E-02 -0.15252E-02  0.78972E+00 -0.61558E-03 -0.14526E-03 -0.62549E+00 -0.65030E-01 -0.55904E+00 
  126.00  0.17837E+00 -0.40484E+00  0.78160E-02 -0.18708E-02  0.79159E+00 -0.23763E-03  0.78237E-04 -0.63864E+00 -0.64427E-01 -0.57027E+00 
  127.00  0.17888E+00 -0.38988E+00  0.72065E-02 -0.21098E-02  0.79344E+00  0.15689E-03  0.33774E-03 -0.65096E+00 -0.63734E-01 -0.58076E+00 
  128.00  0.17933E+00 -0.37486E+00  0.65123E-02 -0.22299E-02  0.79525E+00  0.54879E-03  0.60062E-03 -0.66252E+00 -0.63061E-01 -0.59057E+00 
  129.00  0.17971E+00 -0.35979E+00  0.57846E-02 -0.22327E-02  0.79702E+00  0.91883E-03  0.83663E-03 -0.67336E+00 -0.62498E-01 -0.59976E+00 
  130.00  0.18002E+00 -0.34470E+00  0.50710E-02 -0.21336E-02  0.79874E+00  0.12485E-02  0.10222E-02 -0.68353E+00 -0.62107E-01 -0.60836E+00 
  131.00  0.18027E+00 -0.32964E+00  0.44117E-02 -0.19580E-02  0.80041E+00  0.15210E-02  0.11434E-02 -0.69307E+00 -0.61915E-01 -0.61639E+00 
  132.00  0.18048E+00 -0.31467E+00  0.38368E-02 -0.17379E-02  0.80201E+00  0.17234E-02  0.11967E-02 -0.70200E+00 -0.61914E-01 -0.62386E+00 
  133.00  0.18065E+00 -0.29987E+00  0.33657E-02 -0.15065E-02  0.80353E+00  0.18473E-02  0.11882E-02 -0.71035E+00 -0.62068E-01 -0.63078E+00 
  134.00  0.18082E+00 -0.28530E+00  0.30070E-02 -0.12937E-02  0.80496E+00  0.18896E-02  0.11314E-02 -0.71815E+00 -0.62325E-01 -0.63714E+00 
  135.00  0.18097E+00 -0.27101E+00  0.27597E-02 -0.11230E-02  0.80627E+00  0.18530E-02  0.10437E-02 -0.72541E+00 -0.62623E-01 -0.64294E+00 
  136.00  0.18113E+00 -0.25706E+00  0.26160E-02 -0.10096E-02  0.80745E+00  0.17443E-02  0.94347E-03 -0.73217E+00 -0.62900E-01 -0.64816E+00 
  137.00  0.18131E+00 -0.24350E+00  0.25631E-02 -0.96098E-03  0.80849E+00  0.15734E-02  0.84752E-03 -0.73843E+00 -0.63104E-01 -0.65282E+00 
  138.00  0.18151E+00 -0.23035E+00  0.25865E-02 -0.97896E-03  0.80939E+00  0.13519E-02  0.76987E-03 -0.74424E+00 -0.63192E-01 -0.65692E+00 
  139.00  0.18173E+00 -0.21764E+00  0.26719E-02 -0.10619E-02  0.81016E+00  0.10913E-02  0.72123E-03 -0.74962E+00 -0.63135E-01 -0.66048E+00 
  140.00  0.18198E+00 -0.20537E+00  0.28068E-02 -0.12073E-02  0.81079E+00  0.80276E-03  0.70923E-03 -0.75459E+00 -0.62918E-01 -0.66352E+00 
  141.00  0.18226E+00 -0.19353E+00  0.29809E-02 -0.14124E-02  0.81131E+00  0.49622E-03  0.73882E-03 -0.75918E+00 -0.62536E-01 -0.66608E+00 
  142.00  0.18258E+00 -0.18213E+00  0.31858E-02 -0.16751E-02  0.81172E+00  0.18123E-03  0.81256E-03 -0.76342E+00 -0.61994E-01 -0.66820E+00 
  143.00  0.18294E+00 -0.17114E+00  0.34138E-02 -0.19923E-02  0.81205E+00 -0.13265E-03  0.93071E-03 -0.76734E+00 -0.61302E-01 -0.66992E+00 
  144.00  0.18334E+00 -0.16055E+00  0.36567E-02 -0.23593E-02  0.81231E+00 -0.43536E-03  0.10912E-02 -0.77095E+00 -0.60470E-01 -0.67127E+00 
  145.00  0.18378E+00 -0.15035E+00  0.39051E-02 -0.27684E-02  0.81253E+00 -0.71646E-03  0.12895E-02 -0.77427E+00 -0.59508E-01 -0.67231E+00 
  146.00  0.18427E+00 -0.14051E+00  0.41479E-02 -0.32084E-02  0.81272E+00 -0.96596E-03  0.15192E-02 -0.77732E+00 -0.58423E-01 -0.67305E+00 
  147.00  0.18480E+00 -0.13101E+00  0.43726E-02 -0.36648E-02  0.81291E+00 -0.11754E-02  0.17721E-02 -0.78012E+00 -0.57217E-01 -0.67355E+00 
  148.00  0.18538E+00 -0.12182E+00  0.45663E-02 -0.41207E-02  0.81311E+00 -0.13392E-02  0.20393E-02 -0.78268E+00 -0.55886E-01 -0.67382E+00 
  149.00  0.18600E+00 -0.11291E+00  0.47164E-02 -0.45584E-02  0.81333E+00 -0.14547E-02  0.23122E-02 -0.78502E+00 -0.54424E-01 -0.67391E+00 
  150.00  0.18666E+00 -0.10425E+00  0.48106E-02 -0.49606E-02  0.81357E+00 -0.15222E-02  0.25828E-02 -0.78716E+00 -0.52825E-01 -0.67383E+00 
  151.00  0.18737E+00 -0.95799E-01  0.48377E-02 -0.53126E-02  0.81384E+00 -0.15443E-02  0.28443E-02 -0.78911E+00 -0.51086E-01 -0.67359E+00 
  152.00  0.18811E+00 -0.87514E-01  0.47886E-02 -0.56023E-02  0.81413E+00 -0.15252E-02  0.30911E-02 -0.79089E+00 -0.49209E-01 -0.67323E+00 
  153.00  0.18889E+00 -0.79364E-01  0.46573E-02 -0.58220E-02  0.81442E+00 -0.14711E-02  0.33177E-02 -0.79253E+00 -0.47205E-01 -0.67274E+00 
  154.00  0.18972E+00 -0.71327E-01  0.44426E-02 -0.59673E-02  0.81470E+00 -0.13901E-02  0.35182E-02 -0.79403E+00 -0.45095E-01 -0.67212E+00 
  155.00  0.19058E+00 -0.63401E-01  0.41490E-02 -0.60379E-02  0.81496E+00 -0.12923E-02  0.36851E-02 -0.79540E+00 -0.42903E-01 -0.67138E+00 
  156.00  0.19151E+00 -0.55600E-01  0.37865E-02 -0.60369E-02  0.81518E+00 -0.11886E-02  0.38104E-02 -0.79666E+00 -0.40661E-01 -0.67050E+00 
  157.00  0.19249E+00 -0.47955E-01  0.33688E-02 -0.59710E-02  0.81534E+00 -0.10892E-02  0.38861E-02 -0.79779E+00 -0.38399E-01 -0.66948E+00 
  158.00  0.19356E+00 -0.40508E-01  0.29120E-02 -0.58496E-02  0.81544E+00 -0.10017E-02  0.39060E-02 -0.79882E+00 -0.36150E-01 -0.66833E+00 
  159.00  0.19471E+00 -0.33306E-01  0.24318E-02 -0.56852E-02  0.81547E+00 -0.92962E-03  0.38672E-02 -0.79975E+00 -0.33943E-01 -0.66703E+00 
  160.00  0.19597E+00 -0.26404E-01  0.19433E-02 -0.54919E-02  0.81542E+00 -0.87269E-03  0.37709E-02 -0.80060E+00 -0.31800E-01 -0.66561E+00 
  161.00  0.19736E+00 -0.19861E-01  0.14601E-02 -0.52839E-02  0.81529E+00 -0.82764E-03  0.36225E-02 -0.80138E+00 -0.29740E-01 -0.66405E+00 
  162.00  0.19888E+00 -0.13741E-01  0.99449E-03 -0.50744E-02  0.81507E+00 -0.78971E-03  0.34296E-02 -0.80211E+00 -0.27769E-01 -0.66234E+00 
  163.00  0.20057E+00 -0.81115E-02  0.55716E-03 -0.48737E-02  0.81476E+00 -0.75375E-03  0.32012E-02 -0.80279E+00 -0.25883E-01 -0.66046E+00 
  164.00  0.20243E+00 -0.30407E-02  0.15708E-03 -0.46885E-02  0.81436E+00 -0.71487E-03  0.29458E-02 -0.80341E+00 -0.24067E-01 -0.65838E+00 
  165.00  0.20449E+00  0.14119E-02 -0.19864E-03 -0.45223E-02  0.81387E+00 -0.66890E-03  0.26717E-02 -0.80397E+00 -0.22297E-01 -0.65607E+00 
  166.00  0.20675E+00  0.51994E-02 -0.50428E-03 -0.43760E-02  0.81331E+00 -0.61296E-03  0.23870E-02 -0.80446E+00 -0.20548E-01 -0.65350E+00 
  167.00  0.20922E+00  0.82912E-02 -0.75476E-03 -0.42492E-02  0.81268E+00 -0.54622E-03  0.21002E-02 -0.80488E+00 -0.18793E-01 -0.65067E+00 
  168.00  0.21189E+00  0.10673E-01 -0.94515E-03 -0.41412E-02  0.81199E+00 -0.47037E-03  0.18208E-02 -0.80522E+00 -0.17015E-01 -0.64757E+00 
  169.00  0.21476E+00  0.12343E-01 -0.10711E-02 -0.40506E-02  0.81123E+00 -0.38944E-03  0.15578E-02 -0.80549E+00 -0.15204E-01 -0.64421E+00 
  170.00  0.21781E+00  0.13305E-01 -0.11302E-02 -0.39744E-02  0.81043E+00 -0.30869E-03  0.13188E-02 -0.80569E+00 -0.13362E-01 -0.64061E+00 
  171.00  0.22102E+00  0.13566E-01 -0.11236E-02 -0.39075E-02  0.80957E+00 -0.23322E-03  0.11071E-02 -0.80582E+00 -0.11499E-01 -0.63677E+00 
  172.00  0.22435E+00  0.13142E-01 -0.10565E-02 -0.38416E-02  0.80866E+00 -0.16684E-03  0.92155E-03 -0.80585E+00 -0.96358E-02 -0.63272E+00 
  173.00  0.22775E+00  0.12063E-01 -0.93870E-03 -0.37677E-02  0.80772E+00 -0.11172E-03  0.75649E-03 -0.80576E+00 -0.78030E-02 -0.62848E+00 
  174.00  0.23115E+00  0.10404E-01 -0.78343E-03 -0.36780E-02  0.80678E+00 -0.68623E-04  0.60454E-03 -0.80553E+00 -0.60402E-02 -0.62412E+00 
  175.00  0.23443E+00  0.83016E-02 -0.60628E-03 -0.35699E-02  0.80586E+00 -0.37401E-04  0.45998E-03 -0.80517E+00 -0.43971E-02 -0.61977E+00 
  176.00  0.23748E+00  0.59677E-02 -0.42457E-03 -0.34483E-02  0.80502E+00 -0.17108E-04  0.32201E-03 -0.80470E+00 -0.29312E-02 -0.61564E+00 
  177.00  0.24011E+00  0.36807E-02 -0.25653E-03 -0.33254E-02  0.80430E+00 -0.59398E-05  0.19605E-03 -0.80419E+00 -0.17043E-02 -0.61198E+00 
  178.00  0.24215E+00  0.17487E-02 -0.12012E-03 -0.32185E-02  0.80375E+00 -0.12587E-05  0.92666E-04 -0.80373E+00 -0.77625E-03 -0.60908E+00 
  179.00  0.24345E+00  0.45522E-03 -0.31003E-04 -0.31454E-02  0.80340E+00 -0.82182E-07  0.24084E-04 -0.80340E+00 -0.19700E-03 -0.60722E+00 
  180.00  0.24390E+00  0.11436E-13 -0.77664E-15 -0.31194E-02  0.80329E+00 -0.51234E-28  0.60487E-15 -0.80329E+00 -0.49071E-14 -0.60657E+00 
 scattering matrix expansion coefficients
    w  a11         a22         a33         a23         a32         a44         a12         a34         a13         a24         a14
    0  0.1000E+01  0.0000E+00  0.0000E+00  0.0000E+00  0.0000E+00  0.8101E+00  0.0000E+00  0.0000E+00  0.0000E+00  0.0000E+00  0.4836E-04
    1  0.2229E+01  0.0000E+00  0.0000E+00  0.0000E+00  0.0000E+00  0.2364E+01  0.0000E+00  0.0000E+00  0.0000E+00  0.0000E+00  0.7185E-03
    2  0.3188E+01  0.1944E+00  0.3925E+01  0.1941E-06 -0.1653E-02  0.3161E+01 -0.3038E+00 -0.1973E-01  0.3079E-04 -0.5500E-03 -0.2446E-03
    3  0.3769E+01  0.3364E-01  0.4140E+01 -0.5015E-06 -0.2601E-02  0.3764E+01 -0.1683E+00 -0.4013E-02 -0.6074E-03 -0.7806E-03 -0.7262E-03
    4  0.4247E+01  0.1392E-01  0.4505E+01  0.1027E-06 -0.1668E-02  0.4253E+01 -0.1313E+00 -0.3070E-01  0.1193E-02  0.2265E-03 -0.2341E-02
    5  0.4639E+01  0.1165E-01  0.4830E+01  0.1675E-06 -0.4365E-03  0.4639E+01 -0.1071E+00 -0.3566E-01 -0.3257E-03  0.1350E-03 -0.2271E-02
    6  0.4972E+01  0.1056E-01  0.5117E+01  0.4518E-07  0.2985E-03  0.4960E+01 -0.7363E-01 -0.4357E-01 -0.2051E-03  0.3192E-03 -0.1215E-02
    7  0.5209E+01 -0.2723E-02  0.5347E+01  0.6397E-07 -0.2494E-04  0.5218E+01 -0.7019E-01 -0.3827E-01  0.6585E-03 -0.2280E-03 -0.3571E-03
    8  0.5402E+01  0.5744E-02  0.5515E+01  0.4111E-07 -0.1084E-02  0.5394E+01 -0.6490E-01 -0.4201E-01  0.5541E-04  0.6585E-03  0.6662E-03
    9  0.5517E+01 -0.1949E-02  0.5623E+01 -0.2301E-07 -0.1404E-02  0.5520E+01 -0.6212E-01 -0.4506E-01 -0.7556E-03  0.4075E-03  0.1232E-02
   10  0.5583E+01  0.2341E-02  0.5679E+01  0.6994E-07 -0.2683E-03  0.5581E+01 -0.5953E-01 -0.4774E-01  0.6258E-03  0.5793E-03  0.1450E-02
   11  0.5586E+01 -0.4091E-03  0.5676E+01 -0.4003E-08  0.1038E-02  0.5589E+01 -0.6143E-01 -0.4748E-01  0.4421E-03 -0.8397E-04  0.1108E-03
   12  0.5553E+01  0.1541E-02  0.5632E+01  0.8992E-07 -0.9445E-05  0.5551E+01 -0.5484E-01 -0.4564E-01 -0.6792E-03 -0.3188E-03 -0.1276E-03
   13  0.5476E+01 -0.1019E-02  0.5552E+01  0.2297E-07  0.3159E-03  0.5477E+01 -0.5098E-01 -0.4255E-01  0.4234E-03 -0.3374E-03  0.8300E-03
   14  0.5369E+01  0.1683E-02  0.5436E+01  0.2716E-07  0.4957E-03  0.5366E+01 -0.4407E-01 -0.4043E-01 -0.1174E-05  0.1917E-03  0.1580E-02
   15  0.5224E+01 -0.1834E-03  0.5288E+01  0.9222E-07  0.1498E-03  0.5223E+01 -0.4392E-01 -0.3664E-01  0.3285E-04  0.2429E-03  0.2056E-02
   16  0.5054E+01  0.2320E-02  0.5112E+01  0.2706E-07  0.1980E-03  0.5050E+01 -0.4136E-01 -0.3228E-01  0.2111E-03 -0.1544E-03  0.1490E-02
   17  0.4851E+01  0.3619E-03  0.4908E+01 -0.6527E-07 -0.1999E-03  0.4852E+01 -0.4311E-01 -0.2819E-01  0.2479E-03  0.4055E-03  0.1502E-02
   18  0.4626E+01  0.1391E-02  0.4679E+01  0.9267E-07 -0.1029E-02  0.4626E+01 -0.4169E-01 -0.2852E-01  0.2294E-04  0.5782E-03  0.1639E-02
   19  0.4374E+01  0.1612E-02  0.4424E+01  0.9216E-07 -0.1279E-02  0.4374E+01 -0.4168E-01 -0.2919E-01 -0.2481E-03  0.1106E-03  0.1322E-02
   20  0.4100E+01  0.1705E-02  0.4147E+01  0.4648E-07 -0.6412E-03  0.4099E+01 -0.4529E-01 -0.3026E-01 -0.3443E-03  0.1019E-03  0.1887E-02
   21  0.3812E+01  0.1729E-03  0.3857E+01  0.8253E-07  0.5179E-03  0.3814E+01 -0.5035E-01 -0.3288E-01  0.2101E-03  0.2273E-03  0.2796E-02
   22  0.3529E+01  0.9993E-03  0.3569E+01  0.7539E-07  0.1033E-02  0.3531E+01 -0.4928E-01 -0.3540E-01  0.2548E-03  0.1022E-03  0.2847E-02
   23  0.3255E+01  0.9971E-03  0.3291E+01  0.2906E-07  0.1070E-02  0.3257E+01 -0.4612E-01 -0.3429E-01 -0.1757E-03  0.2243E-04  0.2414E-02
   24  0.2993E+01  0.1268E-02  0.3025E+01  0.4346E-07  0.1066E-02  0.2994E+01 -0.4265E-01 -0.3156E-01 -0.1385E-03  0.2014E-05  0.2054E-02
   25  0.2742E+01  0.8870E-03  0.2770E+01  0.8463E-07  0.1230E-02  0.2743E+01 -0.4215E-01 -0.2749E-01 -0.3130E-04  0.1781E-04  0.1543E-02
   26  0.2510E+01  0.1719E-03  0.2535E+01  0.8499E-07  0.1309E-02  0.2512E+01 -0.4353E-01 -0.2339E-01 -0.2491E-03  0.1014E-03  0.1235E-02
   27  0.2305E+01 -0.3280E-03  0.2327E+01  0.6826E-07  0.1516E-02  0.2308E+01 -0.4207E-01 -0.2046E-01 -0.1551E-03  0.1239E-03  0.9543E-03
   28  0.2132E+01  0.8646E-03  0.2149E+01  0.3646E-07  0.1592E-02  0.2133E+01 -0.3434E-01 -0.1705E-01  0.5363E-04  0.1812E-03  0.3862E-03
   29  0.1982E+01  0.1351E-02  0.1995E+01  0.5693E-07  0.1238E-02  0.1981E+01 -0.2658E-01 -0.1305E-01  0.1221E-03  0.1219E-03 -0.1244E-03
   30  0.1843E+01  0.1111E-02  0.1855E+01  0.4987E-07  0.5170E-03  0.1842E+01 -0.2264E-01 -0.1096E-01  0.5884E-04 -0.3332E-05 -0.3661E-03
   31  0.1710E+01  0.4034E-03  0.1722E+01  0.2964E-07 -0.1956E-03  0.1710E+01 -0.2253E-01 -0.1083E-01 -0.6915E-05 -0.3134E-04 -0.5774E-03
   32  0.1583E+01  0.1428E-04  0.1595E+01  0.3182E-07 -0.6561E-03  0.1585E+01 -0.2312E-01 -0.1133E-01 -0.1479E-04 -0.2625E-05 -0.7896E-03
   33  0.1463E+01  0.2597E-04  0.1474E+01  0.2802E-07 -0.7446E-03  0.1465E+01 -0.2240E-01 -0.1197E-01  0.9562E-04 -0.5350E-04 -0.8423E-03
   34  0.1347E+01  0.7633E-03  0.1356E+01  0.1705E-07 -0.3773E-03  0.1347E+01 -0.1982E-01 -0.1230E-01  0.2089E-03 -0.6540E-04 -0.6469E-03
   35  0.1232E+01  0.9291E-03  0.1240E+01 -0.1150E-07  0.2847E-03  0.1231E+01 -0.1846E-01 -0.1153E-01  0.2191E-03 -0.3688E-04 -0.4550E-03
   36  0.1118E+01  0.2834E-03  0.1126E+01 -0.2260E-07  0.8639E-03  0.1119E+01 -0.1984E-01 -0.1001E-01  0.1664E-03 -0.1293E-04 -0.4385E-03
   37  0.1012E+01 -0.3915E-03  0.1020E+01 -0.1898E-07  0.1161E-02  0.1014E+01 -0.2206E-01 -0.8668E-02  0.1191E-03  0.2293E-04 -0.5155E-03
   38  0.9172E+00 -0.1319E-03  0.9240E+00 -0.1049E-07  0.1267E-02  0.9192E+00 -0.2178E-01 -0.7845E-02  0.6600E-04  0.8100E-04 -0.5658E-03
   39  0.8339E+00  0.4682E-03  0.8394E+00  0.3387E-08  0.1351E-02  0.8348E+00 -0.1892E-01 -0.7142E-02  0.1075E-04  0.8515E-04 -0.6109E-03
   40  0.7570E+00  0.7203E-03  0.7617E+00  0.4573E-08  0.1457E-02  0.7571E+00 -0.1547E-01 -0.6221E-02 -0.7346E-05  0.3915E-04 -0.6485E-03
   41  0.6815E+00  0.4473E-03  0.6860E+00  0.5268E-08  0.1527E-02  0.6817E+00 -0.1324E-01 -0.5014E-02  0.1816E-04 -0.1477E-04 -0.6260E-03
   42  0.6059E+00  0.1650E-03  0.6101E+00  0.6001E-08  0.1518E-02  0.6060E+00 -0.1212E-01 -0.3592E-02  0.4665E-04 -0.8917E-05 -0.4832E-03
   43  0.5308E+00  0.3334E-04  0.5347E+00  0.3692E-08  0.1421E-02  0.5308E+00 -0.1167E-01 -0.2092E-02  0.4373E-04  0.1738E-04 -0.3254E-03
   44  0.4586E+00  0.3681E-04  0.4621E+00  0.1328E-08  0.1185E-02  0.4585E+00 -0.1150E-01 -0.8773E-03  0.5000E-05  0.3156E-04 -0.2721E-03
   45  0.3918E+00  0.1276E-04  0.3950E+00  0.1286E-08  0.7988E-03  0.3918E+00 -0.1142E-01 -0.2787E-03 -0.3117E-04  0.1636E-04 -0.3237E-03
   46  0.3324E+00 -0.1195E-04  0.3352E+00  0.2384E-08  0.3426E-03  0.3325E+00 -0.1100E-01 -0.3600E-03 -0.3909E-04  0.3227E-06 -0.3659E-03
   47  0.2809E+00 -0.1683E-04  0.2833E+00  0.4640E-08 -0.4652E-04  0.2812E+00 -0.9987E-02 -0.7986E-03 -0.2213E-04 -0.5538E-05 -0.3337E-03
   48  0.2367E+00  0.2857E-04  0.2387E+00  0.5162E-08 -0.2799E-03  0.2369E+00 -0.8410E-02 -0.1139E-02 -0.1849E-05 -0.2394E-06 -0.2514E-03
   49  0.1982E+00  0.7056E-04  0.1998E+00  0.3207E-08 -0.3675E-03  0.1982E+00 -0.6703E-02 -0.1080E-02  0.5463E-05  0.4582E-05 -0.1819E-03
   50  0.1638E+00  0.8996E-04  0.1651E+00  0.7423E-09 -0.3758E-03  0.1636E+00 -0.5290E-02 -0.6316E-03 -0.1486E-06  0.5993E-05 -0.1449E-03
   51  0.1323E+00  0.7813E-04  0.1335E+00 -0.7101E-09 -0.3633E-03  0.1322E+00 -0.4393E-02 -0.1800E-04 -0.9767E-05  0.3625E-05 -0.1219E-03
   52  0.1038E+00  0.6298E-04  0.1048E+00 -0.6587E-09 -0.3519E-03  0.1037E+00 -0.3925E-02  0.5025E-03 -0.1527E-04 -0.6708E-07 -0.9041E-04
   53  0.7840E-01  0.5480E-04  0.7933E-01 -0.4067E-09 -0.3349E-03  0.7839E-01 -0.3660E-02  0.7834E-03 -0.1347E-04 -0.3332E-05 -0.4734E-04
   54  0.5680E-01  0.6004E-04  0.5759E-01 -0.3868E-09 -0.3043E-03  0.5686E-01 -0.3374E-02  0.8220E-03 -0.8406E-05 -0.5333E-05 -0.4866E-05
   55  0.3933E-01  0.6550E-04  0.3995E-01 -0.2642E-09 -0.2555E-03  0.3941E-01 -0.2969E-02  0.7006E-03 -0.1581E-05 -0.6191E-05  0.2438E-04
   56  0.2597E-01  0.6824E-04  0.2642E-01 -0.1394E-09 -0.1980E-03  0.2603E-01 -0.2446E-02  0.5163E-03  0.2478E-05 -0.5826E-05  0.3644E-04
   57  0.1631E-01  0.6255E-04  0.1662E-01 -0.3357E-10 -0.1401E-03  0.1635E-01 -0.1880E-02  0.3396E-03  0.4891E-05 -0.4943E-05  0.3513E-04
   58  0.9740E-02  0.5250E-04  0.9932E-02  0.1440E-09 -0.9141E-04  0.9753E-02 -0.1344E-02  0.2027E-03  0.4780E-05 -0.3670E-05  0.2721E-04
   59  0.5523E-02  0.3971E-04  0.5634E-02  0.4199E-09 -0.5487E-04  0.5520E-02 -0.8970E-03  0.1115E-03  0.4003E-05 -0.2504E-05  0.1807E-04
   60  0.2974E-02  0.2787E-04  0.3032E-02  0.5197E-09 -0.3058E-04  0.2963E-02 -0.5588E-03  0.5677E-04  0.2738E-05 -0.1520E-05  0.1055E-04
   61  0.1520E-02  0.1807E-04  0.1548E-02  0.3754E-09 -0.1581E-04  0.1508E-02 -0.3259E-03  0.2688E-04  0.1725E-05 -0.8552E-06  0.5561E-05
   62  0.7372E-03  0.1098E-04  0.7499E-03  0.1767E-09 -0.7640E-05  0.7273E-03 -0.1782E-03  0.1176E-04  0.9567E-06 -0.4336E-06  0.2679E-05
   63  0.3394E-03  0.6222E-05  0.3445E-03  0.8815E-10 -0.3439E-05  0.3326E-03 -0.9150E-04  0.4753E-05  0.4934E-06 -0.2070E-06  0.1198E-05
   64  0.1483E-03  0.3305E-05  0.1501E-03  0.9754E-10 -0.1452E-05  0.1442E-03 -0.4414E-04  0.1748E-05  0.2291E-06 -0.9230E-07  0.5108E-06
   65  0.6154E-04  0.1640E-05  0.6206E-04  0.1120E-09 -0.5768E-06  0.5930E-04 -0.2004E-04  0.5739E-06  0.1006E-06 -0.4012E-07  0.2105E-06
   66  0.2425E-04  0.7630E-06  0.2436E-04  0.9103E-10 -0.2174E-06  0.2314E-04 -0.8565E-05  0.1624E-06  0.4068E-07 -0.1595E-07  0.8220E-07
   67  0.9086E-05  0.3325E-06  0.9084E-05  0.5866E-10 -0.7762E-07  0.8575E-05 -0.3454E-05  0.3598E-07  0.1540E-07 -0.5497E-08  0.2993E-07
   68  0.3242E-05  0.1364E-06  0.3224E-05  0.4735E-10 -0.2631E-07  0.3023E-05 -0.1317E-05  0.3575E-08  0.5101E-08 -0.1137E-08  0.9863E-08
   69  0.1104E-05  0.5276E-07  0.1092E-05  0.5798E-10 -0.8416E-08  0.1017E-05 -0.4767E-06 -0.1466E-08  0.1338E-08  0.4133E-09  0.2848E-08
   70  0.3605E-06  0.1929E-07  0.3545E-06  0.7072E-10 -0.2543E-08  0.3277E-06 -0.1643E-06 -0.1187E-08  0.8908E-10  0.7851E-09  0.7085E-09
   71  0.1137E-06  0.6682E-08  0.1112E-06  0.7095E-10 -0.7059E-09  0.1021E-06 -0.5438E-07 -0.4477E-09 -0.2326E-09  0.7446E-09  0.8162E-10
   72  0.3555E-07  0.2209E-08  0.3457E-07  0.5892E-10 -0.1803E-09  0.3164E-07 -0.1759E-07 -0.1162E-11 -0.2545E-09  0.5670E-09 -0.4585E-10
   73  0.1175E-07  0.6848E-09  0.1141E-07  0.4219E-10 -0.3291E-10  0.1052E-07 -0.5834E-08  0.1813E-09 -0.1991E-09  0.3837E-09 -0.6099E-10
   74  0.4784E-08  0.1988E-09  0.4698E-08  0.2718E-10  0.6714E-11  0.4439E-08 -0.2174E-08  0.2477E-09 -0.1365E-09  0.2327E-09 -0.4087E-10
   75  0.2475E-08  0.5906E-10  0.2458E-08  0.1633E-10  0.8567E-11  0.2379E-08 -0.1026E-08  0.1988E-09 -0.8427E-10  0.1288E-09 -0.2547E-10
   76  0.1644E-08  0.3948E-10  0.1631E-08  0.9296E-11  0.5650E-11  0.1584E-08 -0.6410E-09  0.9266E-10 -0.4831E-10  0.6631E-10 -0.1207E-10
   77  0.1145E-08  0.2552E-10  0.1126E-08  0.4933E-11  0.2391E-11  0.1100E-08 -0.4753E-09  0.4320E-10 -0.2558E-10  0.3284E-10 -0.7387E-11
   78  0.1141E-08  0.1425E-10  0.1132E-08  0.2351E-11  0.3220E-11  0.1116E-08 -0.4180E-09  0.2784E-10 -0.1300E-10  0.1603E-10 -0.5198E-11
   79  0.1017E-08 -0.4688E-11  0.1021E-08  0.9549E-12 -0.2111E-11  0.1025E-08 -0.3454E-09  0.5495E-10 -0.4795E-11  0.8002E-11 -0.1517E-11
   80  0.1010E-08 -0.2817E-11  0.1019E-08  0.2819E-12 -0.5238E-11  0.1021E-08 -0.3233E-09  0.6591E-10 -0.1410E-11  0.4681E-11 -0.3001E-12
   81  0.8101E-09 -0.4452E-11  0.8144E-09  0.2805E-14 -0.2205E-11  0.8184E-09 -0.2987E-09  0.5886E-10  0.6641E-12  0.2152E-11 -0.8105E-12
   82  0.8744E-09  0.4952E-11  0.8853E-09 -0.7429E-13 -0.1021E-10  0.8739E-09 -0.2799E-09  0.3085E-10  0.2083E-11  0.1287E-11  0.2771E-11
   83  0.3441E-09  0.1653E-11  0.3415E-09 -0.6524E-13 -0.9195E-12  0.3421E-09 -0.1488E-09  0.2609E-10  0.7818E-12  0.6590E-12 -0.4219E-12
   84  0.5167E-09  0.1227E-10  0.5174E-09 -0.3885E-13 -0.5927E-11  0.4988E-09 -0.1908E-09  0.1715E-11  0.1482E-11  0.1975E-12  0.1824E-11
   85  0.8064E-10  0.1199E-11  0.7861E-10 -0.1972E-13 -0.2130E-12  0.7901E-10 -0.3944E-10  0.6228E-11  0.2273E-12  0.1897E-12 -0.1244E-12
   86  0.1871E-09  0.7917E-11  0.1847E-09 -0.8911E-14 -0.1788E-11  0.1739E-09 -0.7989E-10 -0.2282E-11  0.4828E-12  0.2233E-15  0.5717E-12
   87  0.1113E-10  0.2577E-12  0.1064E-10 -0.3299E-14 -0.2925E-13  0.1080E-10 -0.5950E-11  0.8855E-12  0.3509E-13  0.3926E-13 -0.2014E-13
   88  0.4288E-10  0.2518E-11  0.4160E-10 -0.1056E-14 -0.3310E-12  0.3843E-10 -0.2049E-10 -0.8022E-12  0.9396E-13 -0.6708E-14  0.1106E-12
   89  0.9392E-12  0.2766E-13  0.8681E-12 -0.3512E-15 -0.2497E-14  0.9130E-12 -0.5324E-12  0.7759E-13  0.3222E-14  0.6125E-14 -0.2800E-14
   90  0.6730E-11  0.5058E-12  0.6457E-11 -0.1100E-15 -0.4218E-13  0.5826E-11 -0.3537E-11 -0.1435E-12  0.1262E-13 -0.1671E-14  0.1494E-13
   91  0.4501E-13  0.1547E-14  0.4028E-13 -0.2456E-16 -0.1061E-15  0.4399E-13 -0.2663E-13  0.3862E-14  0.1830E-15  0.5972E-15 -0.1815E-15
   92  0.7044E-12  0.6071E-13  0.6598E-12 -0.5670E-17 -0.3640E-14  0.5910E-12 -0.3935E-12 -0.1530E-13  0.1142E-14 -0.1726E-15  0.1372E-14
   93  0.1247E-14  0.3588E-16  0.8351E-15 -0.5295E-18 -0.2232E-17  0.1376E-14 -0.6418E-15  0.1006E-15  0.4246E-17  0.6383E-16 -0.2417E-16
   94  0.7253E-13  0.7666E-14  0.6856E-13  0.1133E-19 -0.3143E-15  0.5891E-13 -0.4402E-13 -0.1569E-14  0.1022E-15 -0.3181E-16  0.1277E-15
