 input file is 
mstm7_512_0437.inp            
 input file comments follow:
***********************************************************
  This is the default mstm input file for v.3.0.
  The run is for a 7-sphere cluster of identical spheres.   The positions
  are embedded in the input file.

  The run makes use of the new_run and multiple_run options.

  14 April 2013
***********************************************************
 number of processors:
   1
 input parameters for run number 
    1
 number of spheres, volume size parameter:
  512  0.34960E+01
 position file:
position/n512/a7.out                                        
 output file:
output/512/x0437/mt_7_512_0437.dat                          
 length, ref. indx. scale factors:
   0.437   1.660   0.002
 chiral factors:
  0.00000E+00  0.00000E+00
 scattering matrix directions based on incident frame
 automatic scattering angle calculation
 thetamin, thetamax:
      0.0    180.0
 number scattering angles:
      181
 epsmie, epssoln, max number iterations:
  0.1000E-05  0.1000E-07 5000
 medium refractive index:
  1.0000  0.0000
 target euler rotation angles:
    0.0000    0.0000    0.0000
 far field kr, iterations/correction:
  0.1000E-07   20
 plane wave incidence
 random orientation calculations
 t matrix calculated from end of file 
tmatrixfiles/tmf_7_512_0437_166_000219                      
 t matrix convergence epsilon:
  0.1000E-06
 all spheres excited (total T matrix) 
 calculation results for run 
    1
 total ext, abs, scat efficiencies, w.r.t. xv, and asym. parm
  0.14306E+01  0.19015E-01  0.14116E+01  0.72934E+00
 scattering matrix elements (normalized w/ S11)
   theta      11           12           13           14           22           23           24           33           34           44     
    0.00  0.75030E+02  0.00000E+00  0.00000E+00 -0.19448E-04  0.99992E+00 -0.85306E-04  0.00000E+00  0.99992E+00  0.00000E+00  0.99985E+00
    1.00  0.73857E+02 -0.10021E-03 -0.14398E-07 -0.22864E-04  0.99992E+00 -0.86357E-04 -0.20053E-07  0.99992E+00  0.15450E-04  0.99984E+00
    2.00  0.70451E+02 -0.40242E-03 -0.57421E-07 -0.33338E-04  0.99991E+00 -0.89595E-04 -0.82531E-07  0.99991E+00  0.59958E-04  0.99983E+00
    3.00  0.65138E+02 -0.91183E-03 -0.12854E-06 -0.51551E-04  0.99990E+00 -0.95280E-04 -0.19416E-06  0.99989E+00  0.12765E-03  0.99979E+00
    4.00  0.58407E+02 -0.16390E-02 -0.22690E-06 -0.78620E-04  0.99987E+00 -0.10385E-03 -0.36523E-06  0.99987E+00  0.20752E-03  0.99975E+00
    5.00  0.50842E+02 -0.26027E-02 -0.35169E-06 -0.11603E-03  0.99984E+00 -0.11592E-03 -0.60752E-06  0.99984E+00  0.28162E-03  0.99969E+00
    6.00  0.43046E+02 -0.38353E-02 -0.50344E-06 -0.16541E-03  0.99981E+00 -0.13221E-03 -0.93002E-06  0.99979E+00  0.32251E-03  0.99961E+00
    7.00  0.35560E+02 -0.53886E-02 -0.68739E-06 -0.22800E-03  0.99976E+00 -0.15345E-03 -0.13310E-05  0.99973E+00  0.29074E-03  0.99950E+00
    8.00  0.28812E+02 -0.73412E-02 -0.92077E-06 -0.30350E-03  0.99971E+00 -0.17997E-03 -0.17849E-05  0.99965E+00  0.13467E-03  0.99938E+00
    9.00  0.23080E+02 -0.97984E-02 -0.12450E-05 -0.38814E-03  0.99965E+00 -0.21102E-03 -0.22271E-05  0.99956E+00 -0.20271E-03  0.99923E+00
   10.00  0.18480E+02 -0.12874E-01 -0.17408E-05 -0.47230E-03  0.99958E+00 -0.24388E-03 -0.25460E-05  0.99944E+00 -0.76243E-03  0.99904E+00
   11.00  0.14986E+02 -0.16643E-01 -0.25316E-05 -0.53955E-03  0.99951E+00 -0.27311E-03 -0.26110E-05  0.99929E+00 -0.15313E-02  0.99883E+00
   12.00  0.12465E+02 -0.21063E-01 -0.37554E-05 -0.57030E-03  0.99943E+00 -0.29141E-03 -0.23562E-05  0.99912E+00 -0.24058E-02  0.99860E+00
   13.00  0.10715E+02 -0.25950E-01 -0.54942E-05 -0.55118E-03  0.99934E+00 -0.29261E-03 -0.18937E-05  0.99894E+00 -0.32036E-02  0.99834E+00
   14.00  0.95149E+01 -0.31036E-01 -0.77089E-05 -0.48371E-03  0.99925E+00 -0.27521E-03 -0.15544E-05  0.99873E+00 -0.37425E-02  0.99805E+00
   15.00  0.86571E+01 -0.36111E-01 -0.10236E-04 -0.38359E-03  0.99914E+00 -0.24291E-03 -0.18006E-05  0.99850E+00 -0.39306E-02  0.99774E+00
   16.00  0.79748E+01 -0.41100E-01 -0.12842E-04 -0.27153E-03  0.99902E+00 -0.20205E-03 -0.30929E-05  0.99824E+00 -0.37894E-02  0.99737E+00
   17.00  0.73536E+01 -0.46056E-01 -0.15269E-04 -0.16472E-03  0.99888E+00 -0.15851E-03 -0.58207E-05  0.99793E+00 -0.34138E-02  0.99694E+00
   18.00  0.67321E+01 -0.51096E-01 -0.17241E-04 -0.73979E-04  0.99872E+00 -0.11643E-03 -0.10301E-04  0.99755E+00 -0.29214E-02  0.99642E+00
   19.00  0.60931E+01 -0.56358E-01 -0.18453E-04 -0.49773E-05  0.99854E+00 -0.78375E-04 -0.16786E-04  0.99708E+00 -0.24259E-02  0.99581E+00
   20.00  0.54499E+01 -0.61977E-01 -0.18572E-04  0.39810E-04  0.99834E+00 -0.46102E-04 -0.25422E-04  0.99651E+00 -0.20300E-02  0.99509E+00
   21.00  0.48314E+01 -0.68075E-01 -0.17275E-04  0.59954E-04  0.99814E+00 -0.21066E-04 -0.36146E-04  0.99582E+00 -0.18248E-02  0.99425E+00
   22.00  0.42693E+01 -0.74755E-01 -0.14356E-04  0.57143E-04  0.99794E+00 -0.45633E-05 -0.48540E-04  0.99500E+00 -0.18819E-02  0.99330E+00
   23.00  0.37888E+01 -0.82074E-01 -0.98701E-05  0.36005E-04  0.99775E+00  0.26481E-05 -0.61710E-04  0.99405E+00 -0.22343E-02  0.99224E+00
   24.00  0.34030E+01 -0.90030E-01 -0.42583E-05  0.47243E-05  0.99759E+00  0.10874E-05 -0.74354E-04  0.99299E+00 -0.28527E-02  0.99110E+00
   25.00  0.31123E+01 -0.98549E-01  0.16996E-05 -0.25862E-04  0.99746E+00 -0.68537E-05 -0.85113E-04  0.99186E+00 -0.36345E-02  0.98993E+00
   26.00  0.29059E+01 -0.10751E+00  0.71634E-05 -0.45120E-04  0.99736E+00 -0.17113E-04 -0.93119E-04  0.99068E+00 -0.44282E-02  0.98873E+00
   27.00  0.27652E+01 -0.11681E+00  0.11619E-04 -0.46014E-04  0.99726E+00 -0.25123E-04 -0.98385E-04  0.98948E+00 -0.50881E-02  0.98750E+00
   28.00  0.26684E+01 -0.12640E+00  0.15102E-04 -0.26738E-04  0.99715E+00 -0.27218E-04 -0.10173E-03  0.98822E+00 -0.55253E-02  0.98619E+00
   29.00  0.25938E+01 -0.13629E+00  0.18125E-04  0.10237E-04  0.99700E+00 -0.21373E-04 -0.10432E-03  0.98687E+00 -0.57247E-02  0.98475E+00
   30.00  0.25234E+01 -0.14656E+00  0.21411E-04  0.60426E-04  0.99681E+00 -0.70531E-05 -0.10721E-03  0.98536E+00 -0.57283E-02  0.98311E+00
   31.00  0.24445E+01 -0.15728E+00  0.25601E-04  0.11925E-03  0.99656E+00  0.15390E-04 -0.11102E-03  0.98364E+00 -0.56058E-02  0.98121E+00
   32.00  0.23504E+01 -0.16856E+00  0.31046E-04  0.18294E-03  0.99626E+00  0.45254E-04 -0.11588E-03  0.98166E+00 -0.54313E-02  0.97901E+00
   33.00  0.22397E+01 -0.18043E+00  0.37685E-04  0.24859E-03  0.99592E+00  0.81726E-04 -0.12143E-03  0.97937E+00 -0.52682E-02  0.97646E+00
   34.00  0.21153E+01 -0.19292E+00  0.44976E-04  0.31380E-03  0.99555E+00  0.12380E-03 -0.12695E-03  0.97673E+00 -0.51616E-02  0.97356E+00
   35.00  0.19828E+01 -0.20599E+00  0.51918E-04  0.37627E-03  0.99516E+00  0.16993E-03 -0.13146E-03  0.97373E+00 -0.51323E-02  0.97029E+00
   36.00  0.18485E+01 -0.21955E+00  0.57173E-04  0.43349E-03  0.99477E+00  0.21758E-03 -0.13389E-03  0.97037E+00 -0.51728E-02  0.96668E+00
   37.00  0.17185E+01 -0.23345E+00  0.59347E-04  0.48268E-03  0.99439E+00  0.26275E-03 -0.13332E-03  0.96669E+00 -0.52456E-02  0.96278E+00
   38.00  0.15970E+01 -0.24751E+00  0.57410E-04  0.52103E-03  0.99404E+00  0.29982E-03 -0.12920E-03  0.96273E+00 -0.52873E-02  0.95864E+00
   39.00  0.14866E+01 -0.26151E+00  0.51163E-04  0.54608E-03  0.99372E+00  0.32194E-03 -0.12149E-03  0.95855E+00 -0.52212E-02  0.95432E+00
   40.00  0.13879E+01 -0.27532E+00  0.41569E-04  0.55607E-03  0.99342E+00  0.32193E-03 -0.11072E-03  0.95420E+00 -0.49762E-02  0.94987E+00
   41.00  0.13000E+01 -0.28884E+00  0.30767E-04  0.55010E-03  0.99313E+00  0.29372E-03 -0.97735E-04  0.94973E+00 -0.45086E-02  0.94531E+00
   42.00  0.12216E+01 -0.30210E+00  0.21720E-04  0.52799E-03  0.99281E+00  0.23383E-03 -0.83403E-04  0.94513E+00 -0.38177E-02  0.94062E+00
   43.00  0.11509E+01 -0.31519E+00  0.17568E-04  0.48978E-03  0.99246E+00  0.14259E-03 -0.68227E-04  0.94039E+00 -0.29501E-02  0.93576E+00
   44.00  0.10865E+01 -0.32832E+00  0.20877E-04  0.43544E-03  0.99205E+00  0.24971E-04 -0.52101E-04  0.93542E+00 -0.19937E-02  0.93065E+00
   45.00  0.10278E+01 -0.34170E+00  0.32935E-04  0.36461E-03  0.99159E+00 -0.10928E-03 -0.34246E-04  0.93013E+00 -0.10607E-02  0.92519E+00
   46.00  0.97422E+00 -0.35557E+00  0.53252E-04  0.27681E-03  0.99109E+00 -0.24620E-03 -0.13362E-04  0.92443E+00 -0.26637E-03  0.91927E+00
   47.00  0.92580E+00 -0.37014E+00  0.79386E-04  0.17192E-03  0.99056E+00 -0.36920E-03  0.12046E-04  0.91818E+00  0.29548E-03  0.91279E+00
   48.00  0.88245E+00 -0.38557E+00  0.10722E-03  0.50755E-04  0.99003E+00 -0.46176E-03  0.43234E-04  0.91129E+00  0.57333E-03  0.90568E+00
   49.00  0.84384E+00 -0.40192E+00  0.13169E-03 -0.84499E-04  0.98953E+00 -0.51077E-03  0.80801E-04  0.90367E+00  0.57039E-03  0.89787E+00
   50.00  0.80929E+00 -0.41916E+00  0.14791E-03 -0.23020E-03  0.98907E+00 -0.50967E-03  0.12442E-03  0.89527E+00  0.34291E-03  0.88930E+00
   51.00  0.77779E+00 -0.43718E+00  0.15223E-03 -0.38167E-03  0.98864E+00 -0.46027E-03  0.17285E-03  0.88607E+00 -0.16190E-04  0.87997E+00
   52.00  0.74810E+00 -0.45579E+00  0.14311E-03 -0.53382E-03  0.98824E+00 -0.37262E-03  0.22410E-03  0.87607E+00 -0.40296E-03  0.86988E+00
   53.00  0.71904E+00 -0.47478E+00  0.12129E-03 -0.68192E-03  0.98782E+00 -0.26314E-03  0.27584E-03  0.86533E+00 -0.72848E-03  0.85905E+00
   54.00  0.68965E+00 -0.49393E+00  0.89655E-04 -0.82208E-03  0.98738E+00 -0.15181E-03  0.32575E-03  0.85389E+00 -0.93735E-03  0.84751E+00
   55.00  0.65939E+00 -0.51305E+00  0.52660E-04 -0.95149E-03  0.98688E+00 -0.59286E-04  0.37177E-03  0.84182E+00 -0.10153E-02  0.83532E+00
   56.00  0.62822E+00 -0.53198E+00  0.15712E-04 -0.10685E-02  0.98630E+00 -0.44325E-05  0.41229E-03  0.82917E+00 -0.98652E-03  0.82252E+00
   57.00  0.59650E+00 -0.55059E+00 -0.15480E-04 -0.11724E-02  0.98563E+00 -0.22613E-05  0.44623E-03  0.81600E+00 -0.90319E-03  0.80916E+00
   58.00  0.56496E+00 -0.56883E+00 -0.35556E-04 -0.12638E-02  0.98489E+00 -0.62150E-04  0.47314E-03  0.80237E+00 -0.83018E-03  0.79531E+00
   59.00  0.53444E+00 -0.58666E+00 -0.40179E-04 -0.13439E-02  0.98407E+00 -0.18628E-03  0.49321E-03  0.78830E+00 -0.82705E-03  0.78100E+00
   60.00  0.50575E+00 -0.60414E+00 -0.26708E-04 -0.14148E-02  0.98321E+00 -0.36861E-03  0.50726E-03  0.77381E+00 -0.93024E-03  0.76626E+00
   61.00  0.47952E+00 -0.62132E+00  0.52479E-05 -0.14791E-02  0.98233E+00 -0.59480E-03  0.51659E-03  0.75887E+00 -0.11395E-02  0.75106E+00
   62.00  0.45611E+00 -0.63834E+00  0.53599E-04 -0.15389E-02  0.98146E+00 -0.84378E-03  0.52268E-03  0.74340E+00 -0.14129E-02  0.73535E+00
   63.00  0.43557E+00 -0.65532E+00  0.11399E-03 -0.15954E-02  0.98061E+00 -0.10908E-02  0.52682E-03  0.72729E+00 -0.16738E-02  0.71903E+00
   64.00  0.41773E+00 -0.67236E+00  0.18048E-03 -0.16482E-02  0.97979E+00 -0.13114E-02  0.52963E-03  0.71044E+00 -0.18280E-02  0.70198E+00
   65.00  0.40222E+00 -0.68952E+00  0.24650E-03 -0.16947E-02  0.97899E+00 -0.14853E-02  0.53081E-03  0.69271E+00 -0.17867E-02  0.68407E+00
   66.00  0.38860E+00 -0.70681E+00  0.30573E-03 -0.17304E-02  0.97822E+00 -0.15987E-02  0.52907E-03  0.67402E+00 -0.14874E-02  0.66521E+00
   67.00  0.37641E+00 -0.72419E+00  0.35282E-03 -0.17495E-02  0.97746E+00 -0.16453E-02  0.52234E-03  0.65429E+00 -0.90673E-03  0.64532E+00
   68.00  0.36530E+00 -0.74156E+00  0.38361E-03 -0.17463E-02  0.97670E+00 -0.16253E-02  0.50817E-03  0.63350E+00 -0.62748E-04  0.62439E+00
   69.00  0.35498E+00 -0.75882E+00  0.39526E-03 -0.17156E-02  0.97595E+00 -0.15445E-02  0.48435E-03  0.61166E+00  0.99099E-03  0.60244E+00
   70.00  0.34526E+00 -0.77583E+00  0.38605E-03 -0.16547E-02  0.97522E+00 -0.14120E-02  0.44935E-03  0.58881E+00  0.21779E-02  0.57950E+00
   71.00  0.33604E+00 -0.79249E+00  0.35533E-03 -0.15638E-02  0.97451E+00 -0.12388E-02  0.40283E-03  0.56500E+00  0.34130E-02  0.55565E+00
   72.00  0.32726E+00 -0.80868E+00  0.30336E-03 -0.14461E-02  0.97385E+00 -0.10366E-02  0.34581E-03  0.54028E+00  0.46174E-02  0.53096E+00
   73.00  0.31886E+00 -0.82431E+00  0.23127E-03 -0.13082E-02  0.97323E+00 -0.81631E-03  0.28066E-03  0.51472E+00  0.57293E-02  0.50548E+00
   74.00  0.31078E+00 -0.83931E+00  0.14092E-03 -0.11584E-02  0.97266E+00 -0.58782E-03  0.21077E-03  0.48836E+00  0.67109E-02  0.47927E+00
   75.00  0.30294E+00 -0.85362E+00  0.34802E-04 -0.10060E-02  0.97213E+00 -0.35892E-03  0.14004E-03  0.46122E+00  0.75492E-02  0.45235E+00
   76.00  0.29525E+00 -0.86718E+00 -0.84156E-04 -0.85937E-03  0.97164E+00 -0.13534E-03  0.72283E-04  0.43335E+00  0.82529E-02  0.42475E+00
   77.00  0.28761E+00 -0.87993E+00 -0.21272E-03 -0.72502E-03  0.97116E+00  0.79153E-04  0.10643E-04  0.40477E+00  0.88443E-02  0.39647E+00
   78.00  0.27993E+00 -0.89184E+00 -0.34750E-03 -0.60652E-03  0.97067E+00  0.28236E-03 -0.42749E-04  0.37549E+00  0.93514E-02  0.36753E+00
   79.00  0.27217E+00 -0.90283E+00 -0.48493E-03 -0.50446E-03  0.97015E+00  0.47294E-03 -0.86934E-04  0.34555E+00  0.97998E-02  0.33795E+00
   80.00  0.26432E+00 -0.91287E+00 -0.62126E-03 -0.41674E-03  0.96957E+00  0.64965E-03 -0.12203E-03  0.31498E+00  0.10208E-01  0.30774E+00
   81.00  0.25643E+00 -0.92192E+00 -0.75241E-03 -0.33940E-03  0.96893E+00  0.81063E-03 -0.14896E-03  0.28382E+00  0.10582E-01  0.27695E+00
   82.00  0.24858E+00 -0.92992E+00 -0.87392E-03 -0.26775E-03  0.96821E+00  0.95292E-03 -0.16902E-03  0.25213E+00  0.10922E-01  0.24563E+00
   83.00  0.24090E+00 -0.93686E+00 -0.98087E-03 -0.19751E-03  0.96742E+00  0.10723E-02 -0.18347E-03  0.21995E+00  0.11219E-01  0.21382E+00
   84.00  0.23349E+00 -0.94271E+00 -0.10681E-02 -0.12585E-03  0.96658E+00  0.11636E-02 -0.19315E-03  0.18734E+00  0.11462E-01  0.18159E+00
   85.00  0.22649E+00 -0.94745E+00 -0.11305E-02 -0.52181E-04  0.96568E+00  0.12213E-02 -0.19814E-03  0.15438E+00  0.11640E-01  0.14901E+00
   86.00  0.21998E+00 -0.95107E+00 -0.11636E-02  0.21658E-04  0.96476E+00  0.12404E-02 -0.19773E-03  0.12112E+00  0.11748E-01  0.11615E+00
   87.00  0.21399E+00 -0.95358E+00 -0.11641E-02  0.91627E-04  0.96383E+00  0.12179E-02 -0.19048E-03  0.87642E-01  0.11786E-01  0.83056E-01
   88.00  0.20855E+00 -0.95498E+00 -0.11308E-02  0.15228E-03  0.96290E+00  0.11533E-02 -0.17452E-03  0.54006E-01  0.11758E-01  0.49809E-01
   89.00  0.20359E+00 -0.95525E+00 -0.10643E-02  0.19785E-03  0.96200E+00  0.10494E-02 -0.14795E-03  0.20284E-01  0.11671E-01  0.16469E-01
   90.00  0.19906E+00 -0.95440E+00 -0.96789E-03  0.22342E-03  0.96111E+00  0.91234E-03 -0.10928E-03 -0.13454E-01  0.11525E-01 -0.16899E-01
   91.00  0.19487E+00 -0.95243E+00 -0.84668E-03  0.22583E-03  0.96026E+00  0.75058E-03 -0.57772E-04 -0.47138E-01  0.11316E-01 -0.50226E-01
   92.00  0.19090E+00 -0.94932E+00 -0.70746E-03  0.20426E-03  0.95942E+00  0.57448E-03  0.63656E-05 -0.80698E-01  0.11029E-01 -0.83441E-01
   93.00  0.18710E+00 -0.94508E+00 -0.55797E-03  0.16033E-03  0.95859E+00  0.39489E-03  0.81903E-04 -0.11406E+00  0.10635E-01 -0.11647E+00
   94.00  0.18339E+00 -0.93972E+00 -0.40623E-03  0.97869E-04  0.95778E+00  0.22218E-03  0.16669E-03 -0.14717E+00  0.10101E-01 -0.14924E+00
   95.00  0.17977E+00 -0.93325E+00 -0.26003E-03  0.22344E-04  0.95698E+00  0.65381E-04  0.25782E-03 -0.17993E+00  0.93847E-02 -0.18166E+00
   96.00  0.17623E+00 -0.92570E+00 -0.12636E-03 -0.59791E-04  0.95620E+00 -0.68430E-04  0.35190E-03 -0.21230E+00  0.84474E-02 -0.21366E+00
   97.00  0.17283E+00 -0.91712E+00 -0.11108E-04 -0.14180E-03  0.95545E+00 -0.17445E-03  0.44531E-03 -0.24420E+00  0.72572E-02 -0.24515E+00
   98.00  0.16964E+00 -0.90756E+00  0.81231E-04 -0.21734E-03  0.95475E+00 -0.25025E-03  0.53449E-03 -0.27556E+00  0.57977E-02 -0.27605E+00
   99.00  0.16675E+00 -0.89709E+00  0.14775E-03 -0.28101E-03  0.95412E+00 -0.29569E-03  0.61624E-03 -0.30631E+00  0.40743E-02 -0.30629E+00
  100.00  0.16425E+00 -0.88579E+00  0.18718E-03 -0.32879E-03  0.95359E+00 -0.31265E-03  0.68803E-03 -0.33641E+00  0.21180E-02 -0.33580E+00
  101.00  0.16221E+00 -0.87374E+00  0.19989E-03 -0.35832E-03  0.95317E+00 -0.30456E-03  0.74821E-03 -0.36577E+00 -0.14126E-04 -0.36452E+00
  102.00  0.16070E+00 -0.86104E+00  0.18766E-03 -0.36890E-03  0.95290E+00 -0.27595E-03  0.79625E-03 -0.39437E+00 -0.22427E-02 -0.39241E+00
  103.00  0.15975E+00 -0.84776E+00  0.15343E-03 -0.36136E-03  0.95279E+00 -0.23178E-03  0.83275E-03 -0.42215E+00 -0.44745E-02 -0.41944E+00
  104.00  0.15936E+00 -0.83398E+00  0.10086E-03 -0.33771E-03  0.95282E+00 -0.17696E-03  0.85940E-03 -0.44908E+00 -0.66133E-02 -0.44560E+00
  105.00  0.15949E+00 -0.81976E+00  0.33957E-04 -0.30067E-03  0.95300E+00 -0.11591E-03  0.87876E-03 -0.47515E+00 -0.85711E-02 -0.47087E+00
  106.00  0.16010E+00 -0.80513E+00 -0.43372E-04 -0.25330E-03  0.95330E+00 -0.52272E-04  0.89398E-03 -0.50035E+00 -0.10278E-01 -0.49527E+00
  107.00  0.16109E+00 -0.79013E+00 -0.12754E-03 -0.19856E-03  0.95369E+00  0.11117E-04  0.90848E-03 -0.52467E+00 -0.11690E-01 -0.51881E+00
  108.00  0.16238E+00 -0.77479E+00 -0.21544E-03 -0.13917E-03  0.95416E+00  0.72184E-04  0.92559E-03 -0.54811E+00 -0.12785E-01 -0.54149E+00
  109.00  0.16387E+00 -0.75912E+00 -0.30448E-03 -0.77505E-04  0.95467E+00  0.12944E-03  0.94835E-03 -0.57070E+00 -0.13568E-01 -0.56335E+00
  110.00  0.16545E+00 -0.74314E+00 -0.39249E-03 -0.15623E-04  0.95520E+00  0.18179E-03  0.97931E-03 -0.59243E+00 -0.14061E-01 -0.58439E+00
  111.00  0.16706E+00 -0.72687E+00 -0.47766E-03  0.44597E-04  0.95572E+00  0.22840E-03  0.10204E-02 -0.61332E+00 -0.14299E-01 -0.60463E+00
  112.00  0.16861E+00 -0.71031E+00 -0.55841E-03  0.10138E-03  0.95623E+00  0.26856E-03  0.10730E-02 -0.63339E+00 -0.14321E-01 -0.62407E+00
  113.00  0.17006E+00 -0.69351E+00 -0.63334E-03  0.15297E-03  0.95670E+00  0.30168E-03  0.11376E-02 -0.65264E+00 -0.14172E-01 -0.64272E+00
  114.00  0.17138E+00 -0.67649E+00 -0.70120E-03  0.19763E-03  0.95713E+00  0.32730E-03  0.12142E-02 -0.67110E+00 -0.13890E-01 -0.66060E+00
  115.00  0.17255E+00 -0.65927E+00 -0.76089E-03  0.23366E-03  0.95753E+00  0.34514E-03  0.13021E-02 -0.68877E+00 -0.13512E-01 -0.67771E+00
  116.00  0.17358E+00 -0.64189E+00 -0.81152E-03  0.25955E-03  0.95789E+00  0.35512E-03  0.13999E-02 -0.70568E+00 -0.13067E-01 -0.69406E+00
  117.00  0.17449E+00 -0.62440E+00 -0.85246E-03  0.27405E-03  0.95822E+00  0.35748E-03  0.15056E-02 -0.72183E+00 -0.12578E-01 -0.70966E+00
  118.00  0.17532E+00 -0.60682E+00 -0.88337E-03  0.27637E-03  0.95853E+00  0.35276E-03  0.16165E-02 -0.73724E+00 -0.12062E-01 -0.72453E+00
  119.00  0.17609E+00 -0.58919E+00 -0.90430E-03  0.26627E-03  0.95882E+00  0.34180E-03  0.17297E-02 -0.75194E+00 -0.11530E-01 -0.73869E+00
  120.00  0.17684E+00 -0.57155E+00 -0.91561E-03  0.24418E-03  0.95910E+00  0.32572E-03  0.18416E-02 -0.76594E+00 -0.10991E-01 -0.75214E+00
  121.00  0.17761E+00 -0.55392E+00 -0.91804E-03  0.21118E-03  0.95938E+00  0.30583E-03  0.19487E-02 -0.77926E+00 -0.10447E-01 -0.76492E+00
  122.00  0.17842E+00 -0.53634E+00 -0.91256E-03  0.16905E-03  0.95966E+00  0.28355E-03  0.20474E-02 -0.79193E+00 -0.98988E-02 -0.77704E+00
  123.00  0.17929E+00 -0.51884E+00 -0.90039E-03  0.12011E-03  0.95994E+00  0.26033E-03  0.21341E-02 -0.80395E+00 -0.93473E-02 -0.78853E+00
  124.00  0.18023E+00 -0.50143E+00 -0.88282E-03  0.67073E-04  0.96022E+00  0.23750E-03  0.22058E-02 -0.81537E+00 -0.87909E-02 -0.79940E+00
  125.00  0.18125E+00 -0.48413E+00 -0.86119E-03  0.12902E-04  0.96051E+00  0.21623E-03  0.22595E-02 -0.82618E+00 -0.82286E-02 -0.80968E+00
  126.00  0.18235E+00 -0.46698E+00 -0.83674E-03 -0.39443E-04  0.96080E+00  0.19747E-03  0.22932E-02 -0.83642E+00 -0.76597E-02 -0.81938E+00
  127.00  0.18352E+00 -0.44997E+00 -0.81061E-03 -0.87177E-04  0.96109E+00  0.18185E-03  0.23052E-02 -0.84610E+00 -0.70844E-02 -0.82853E+00
  128.00  0.18473E+00 -0.43313E+00 -0.78374E-03 -0.12788E-03  0.96138E+00  0.16972E-03  0.22947E-02 -0.85524E+00 -0.65039E-02 -0.83714E+00
  129.00  0.18598E+00 -0.41647E+00 -0.75688E-03 -0.15964E-03  0.96166E+00  0.16112E-03  0.22611E-02 -0.86385E+00 -0.59203E-02 -0.84522E+00
  130.00  0.18725E+00 -0.40002E+00 -0.73059E-03 -0.18114E-03  0.96192E+00  0.15584E-03  0.22048E-02 -0.87194E+00 -0.53369E-02 -0.85280E+00
  131.00  0.18852E+00 -0.38379E+00 -0.70519E-03 -0.19172E-03  0.96218E+00  0.15342E-03  0.21266E-02 -0.87954E+00 -0.47578E-02 -0.85989E+00
  132.00  0.18977E+00 -0.36780E+00 -0.68085E-03 -0.19138E-03  0.96241E+00  0.15322E-03  0.20277E-02 -0.88666E+00 -0.41879E-02 -0.86650E+00
  133.00  0.19098E+00 -0.35205E+00 -0.65755E-03 -0.18075E-03  0.96263E+00  0.15448E-03  0.19098E-02 -0.89332E+00 -0.36327E-02 -0.87264E+00
  134.00  0.19214E+00 -0.33657E+00 -0.63516E-03 -0.16100E-03  0.96284E+00  0.15639E-03  0.17751E-02 -0.89953E+00 -0.30976E-02 -0.87835E+00
  135.00  0.19325E+00 -0.32138E+00 -0.61338E-03 -0.13374E-03  0.96302E+00  0.15817E-03  0.16262E-02 -0.90530E+00 -0.25886E-02 -0.88362E+00
  136.00  0.19429E+00 -0.30648E+00 -0.59188E-03 -0.10091E-03  0.96318E+00  0.15907E-03  0.14658E-02 -0.91067E+00 -0.21110E-02 -0.88849E+00
  137.00  0.19527E+00 -0.29188E+00 -0.57023E-03 -0.64662E-04  0.96333E+00  0.15850E-03  0.12970E-02 -0.91565E+00 -0.16701E-02 -0.89298E+00
  138.00  0.19618E+00 -0.27759E+00 -0.54801E-03 -0.27186E-04  0.96345E+00  0.15600E-03  0.11230E-02 -0.92025E+00 -0.12707E-02 -0.89709E+00
  139.00  0.19702E+00 -0.26363E+00 -0.52479E-03  0.93749E-05  0.96357E+00  0.15129E-03  0.94711E-03 -0.92450E+00 -0.91708E-03 -0.90086E+00
  140.00  0.19780E+00 -0.25000E+00 -0.50022E-03  0.43054E-04  0.96367E+00  0.14426E-03  0.77262E-03 -0.92842E+00 -0.61284E-03 -0.90431E+00
  141.00  0.19853E+00 -0.23670E+00 -0.47404E-03  0.72146E-04  0.96376E+00  0.13500E-03  0.60267E-03 -0.93203E+00 -0.36091E-03 -0.90745E+00
  142.00  0.19922E+00 -0.22375E+00 -0.44609E-03  0.95286E-04  0.96383E+00  0.12370E-03  0.44016E-03 -0.93534E+00 -0.16343E-03 -0.91030E+00
  143.00  0.19986E+00 -0.21114E+00 -0.41639E-03  0.11148E-03  0.96391E+00  0.11069E-03  0.28766E-03 -0.93837E+00 -0.21689E-04 -0.91288E+00
  144.00  0.20047E+00 -0.19889E+00 -0.38509E-03  0.12016E-03  0.96397E+00  0.96365E-04  0.14729E-03 -0.94115E+00  0.64022E-04 -0.91522E+00
  145.00  0.20106E+00 -0.18700E+00 -0.35250E-03  0.12113E-03  0.96403E+00  0.81169E-04  0.20665E-04 -0.94369E+00  0.94471E-04 -0.91732E+00
  146.00  0.20163E+00 -0.17547E+00 -0.31905E-03  0.11457E-03  0.96408E+00  0.65558E-04 -0.91141E-04 -0.94600E+00  0.71585E-04 -0.91920E+00
  147.00  0.20219E+00 -0.16430E+00 -0.28529E-03  0.10099E-03  0.96412E+00  0.49982E-04 -0.18761E-03 -0.94809E+00 -0.15038E-05 -0.92088E+00
  148.00  0.20276E+00 -0.15351E+00 -0.25181E-03  0.81136E-04  0.96417E+00  0.34863E-04 -0.26875E-03 -0.94999E+00 -0.12047E-03 -0.92237E+00
  149.00  0.20332E+00 -0.14310E+00 -0.21924E-03  0.55898E-04  0.96421E+00  0.20583E-04 -0.33502E-03 -0.95171E+00 -0.27988E-03 -0.92368E+00
  150.00  0.20389E+00 -0.13307E+00 -0.18815E-03  0.26234E-04  0.96424E+00  0.74767E-05 -0.38724E-03 -0.95325E+00 -0.47330E-03 -0.92483E+00
  151.00  0.20447E+00 -0.12343E+00 -0.15904E-03 -0.69436E-05  0.96427E+00 -0.41850E-05 -0.42647E-03 -0.95463E+00 -0.69355E-03 -0.92582E+00
  152.00  0.20507E+00 -0.11416E+00 -0.13229E-03 -0.42842E-04  0.96429E+00 -0.14198E-04 -0.45390E-03 -0.95586E+00 -0.93292E-03 -0.92667E+00
  153.00  0.20567E+00 -0.10529E+00 -0.10816E-03 -0.80849E-04  0.96430E+00 -0.22435E-04 -0.47077E-03 -0.95695E+00 -0.11835E-02 -0.92737E+00
  154.00  0.20630E+00 -0.96800E-01 -0.86738E-04 -0.12056E-03  0.96431E+00 -0.28848E-04 -0.47824E-03 -0.95791E+00 -0.14373E-02 -0.92796E+00
  155.00  0.20694E+00 -0.88698E-01 -0.68009E-04 -0.16178E-03  0.96431E+00 -0.33471E-04 -0.47736E-03 -0.95875E+00 -0.16867E-02 -0.92842E+00
  156.00  0.20759E+00 -0.80979E-01 -0.51833E-04 -0.20446E-03  0.96429E+00 -0.36412E-04 -0.46909E-03 -0.95948E+00 -0.19246E-02 -0.92877E+00
  157.00  0.20826E+00 -0.73642E-01 -0.37996E-04 -0.24867E-03  0.96427E+00 -0.37840E-04 -0.45427E-03 -0.96011E+00 -0.21445E-02 -0.92902E+00
  158.00  0.20894E+00 -0.66683E-01 -0.26252E-04 -0.29446E-03  0.96423E+00 -0.37967E-04 -0.43370E-03 -0.96064E+00 -0.23407E-02 -0.92918E+00
  159.00  0.20963E+00 -0.60098E-01 -0.16351E-04 -0.34186E-03  0.96418E+00 -0.37032E-04 -0.40816E-03 -0.96108E+00 -0.25081E-02 -0.92924E+00
  160.00  0.21033E+00 -0.53881E-01 -0.80774E-05 -0.39076E-03  0.96412E+00 -0.35272E-04 -0.37848E-03 -0.96144E+00 -0.26427E-02 -0.92922E+00
  161.00  0.21103E+00 -0.48029E-01 -0.12611E-05 -0.44089E-03  0.96403E+00 -0.32910E-04 -0.34557E-03 -0.96173E+00 -0.27413E-02 -0.92912E+00
  162.00  0.21173E+00 -0.42535E-01  0.42139E-05 -0.49183E-03  0.96393E+00 -0.30139E-04 -0.31042E-03 -0.96195E+00 -0.28014E-02 -0.92895E+00
  163.00  0.21243E+00 -0.37395E-01  0.84215E-05 -0.54301E-03  0.96381E+00 -0.27118E-04 -0.27406E-03 -0.96212E+00 -0.28214E-02 -0.92870E+00
  164.00  0.21312E+00 -0.32605E-01  0.11412E-04 -0.59377E-03  0.96367E+00 -0.23974E-04 -0.23756E-03 -0.96222E+00 -0.28006E-02 -0.92840E+00
  165.00  0.21382E+00 -0.28161E-01  0.13237E-04 -0.64340E-03  0.96350E+00 -0.20803E-04 -0.20194E-03 -0.96228E+00 -0.27391E-02 -0.92803E+00
  166.00  0.21450E+00 -0.24062E-01  0.13975E-04 -0.69122E-03  0.96331E+00 -0.17684E-04 -0.16812E-03 -0.96229E+00 -0.26380E-02 -0.92760E+00
  167.00  0.21518E+00 -0.20307E-01  0.13745E-04 -0.73661E-03  0.96309E+00 -0.14683E-04 -0.13688E-03 -0.96225E+00 -0.24991E-02 -0.92711E+00
  168.00  0.21584E+00 -0.16897E-01  0.12716E-04 -0.77908E-03  0.96285E+00 -0.11860E-04 -0.10878E-03 -0.96218E+00 -0.23255E-02 -0.92656E+00
  169.00  0.21650E+00 -0.13830E-01  0.11099E-04 -0.81821E-03  0.96259E+00 -0.92732E-05 -0.84217E-04 -0.96206E+00 -0.21212E-02 -0.92597E+00
  170.00  0.21713E+00 -0.11106E-01  0.91319E-05 -0.85376E-03  0.96230E+00 -0.69742E-05 -0.63341E-04 -0.96190E+00 -0.18916E-02 -0.92532E+00
  171.00  0.21775E+00 -0.87210E-02  0.70527E-05 -0.88556E-03  0.96200E+00 -0.50052E-05 -0.46128E-04 -0.96170E+00 -0.16431E-02 -0.92463E+00
  172.00  0.21834E+00 -0.66678E-02  0.50746E-05 -0.91357E-03  0.96168E+00 -0.33922E-05 -0.32388E-04 -0.96148E+00 -0.13835E-02 -0.92391E+00
  173.00  0.21889E+00 -0.49344E-02  0.33614E-05 -0.93780E-03  0.96136E+00 -0.21408E-05 -0.21801E-04 -0.96124E+00 -0.11213E-02 -0.92319E+00
  174.00  0.21941E+00 -0.35036E-02  0.20121E-05 -0.95835E-03  0.96105E+00 -0.12331E-05 -0.13960E-04 -0.96098E+00 -0.86610E-03 -0.92248E+00
  175.00  0.21987E+00 -0.23541E-02  0.10565E-05 -0.97534E-03  0.96076E+00 -0.62861E-06 -0.84064E-05 -0.96073E+00 -0.62785E-03 -0.92180E+00
  176.00  0.22027E+00 -0.14618E-02  0.46247E-06 -0.98893E-03  0.96050E+00 -0.26954E-06 -0.46690E-05 -0.96049E+00 -0.41636E-03 -0.92119E+00
  177.00  0.22059E+00 -0.80122E-03  0.15312E-06 -0.99929E-03  0.96029E+00 -0.88392E-07 -0.23018E-05 -0.96028E+00 -0.24083E-03 -0.92069E+00
  178.00  0.22083E+00 -0.34908E-03  0.30628E-07 -0.10066E-02  0.96012E+00 -0.17914E-07 -0.91666E-06 -0.96012E+00 -0.10921E-03 -0.92030E+00
  179.00  0.22098E+00 -0.86180E-04  0.16807E-08 -0.10109E-02  0.96002E+00 -0.11370E-08 -0.21287E-06 -0.96002E+00 -0.27635E-04 -0.92006E+00
  180.00  0.22103E+00 -0.21267E-14 -0.92557E-20 -0.10123E-02  0.95999E+00 -0.70201E-30 -0.51397E-17 -0.95999E+00 -0.68767E-15 -0.91998E+00
 scattering matrix expansion coefficients
    w  a11         a22         a33         a23         a32         a44         a12         a34         a13         a24         a14
    0  0.1000E+01  0.0000E+00  0.0000E+00  0.0000E+00  0.0000E+00  0.7887E+00  0.0000E+00  0.0000E+00  0.0000E+00  0.0000E+00 -0.1992E-03
    1  0.2188E+01  0.0000E+00  0.0000E+00  0.0000E+00  0.0000E+00  0.2385E+01  0.0000E+00  0.0000E+00  0.0000E+00  0.0000E+00 -0.3837E-03
    2  0.3037E+01  0.2555E+00  0.3897E+01 -0.6350E-07 -0.4977E-03  0.3022E+01 -0.4045E+00 -0.6047E-03 -0.1069E-03  0.2336E-03 -0.3778E-03
    3  0.3383E+01  0.6141E-01  0.3873E+01  0.2080E-07 -0.4667E-03  0.3396E+01 -0.2664E+00 -0.1093E-02  0.1526E-03 -0.1880E-03 -0.3927E-03
    4  0.3594E+01  0.3325E-01  0.3919E+01 -0.1182E-06 -0.4143E-03  0.3606E+01 -0.2041E+00 -0.6994E-02  0.3942E-04  0.1232E-03 -0.9133E-03
    5  0.3736E+01  0.2716E-01  0.3955E+01  0.5099E-07 -0.7750E-03  0.3722E+01 -0.1398E+00 -0.8249E-02  0.4911E-04 -0.1243E-03 -0.1420E-02
    6  0.3801E+01  0.7161E-02  0.3976E+01 -0.4863E-07 -0.1079E-02  0.3802E+01 -0.1078E+00 -0.5090E-02 -0.5963E-04 -0.4591E-03 -0.1678E-02
    7  0.3826E+01  0.1388E-02  0.3970E+01 -0.2938E-07 -0.1064E-02  0.3840E+01 -0.9379E-01 -0.6333E-02 -0.1317E-03 -0.6954E-05 -0.1274E-02
    8  0.3844E+01  0.1030E-01  0.3951E+01 -0.4311E-07 -0.6059E-03  0.3836E+01 -0.5840E-01 -0.8257E-02  0.9520E-04 -0.7980E-04 -0.7526E-03
    9  0.3812E+01  0.5719E-02  0.3906E+01 -0.1773E-07 -0.3118E-03  0.3803E+01 -0.3635E-01 -0.5064E-02  0.7325E-04  0.1343E-03 -0.3641E-03
   10  0.3724E+01 -0.1406E-02  0.3814E+01 -0.2846E-07 -0.5069E-03  0.3725E+01 -0.4032E-01 -0.3064E-02 -0.1677E-03  0.1276E-03 -0.4250E-03
   11  0.3597E+01 -0.2135E-02  0.3680E+01 -0.1028E-07 -0.6080E-03  0.3604E+01 -0.4399E-01 -0.2195E-02 -0.1661E-03 -0.8248E-04 -0.4853E-03
   12  0.3453E+01  0.3837E-02  0.3521E+01  0.2450E-07 -0.2734E-03  0.3448E+01 -0.3456E-01 -0.2615E-02  0.7559E-04  0.5579E-04 -0.3279E-03
   13  0.3277E+01  0.2336E-02  0.3339E+01  0.4324E-07  0.2154E-04  0.3272E+01 -0.3061E-01 -0.3218E-02  0.9536E-04  0.3461E-04 -0.2574E-03
   14  0.3073E+01 -0.1728E-02  0.3133E+01  0.3120E-07 -0.1445E-03  0.3075E+01 -0.3725E-01 -0.4959E-02 -0.7053E-04 -0.1894E-04 -0.1103E-03
   15  0.2863E+01 -0.1304E-03  0.2914E+01 -0.2727E-08 -0.3524E-03  0.2863E+01 -0.4401E-01 -0.5485E-02 -0.1001E-03  0.1904E-04  0.1897E-03
   16  0.2660E+01 -0.9967E-03  0.2705E+01 -0.1584E-07 -0.2919E-03  0.2663E+01 -0.4707E-01 -0.4271E-02 -0.8987E-05  0.2353E-04  0.4484E-03
   17  0.2486E+01 -0.2239E-02  0.2524E+01 -0.1511E-07 -0.5720E-05  0.2493E+01 -0.4054E-01 -0.3101E-02  0.7058E-04  0.5412E-05  0.6787E-03
   18  0.2350E+01  0.2337E-02  0.2377E+01 -0.5987E-08  0.3064E-03  0.2348E+01 -0.1900E-01 -0.2346E-02  0.7352E-04 -0.2484E-05  0.8561E-03
   19  0.2228E+01  0.3781E-02  0.2249E+01 -0.1153E-07  0.4531E-03  0.2220E+01  0.1538E-02 -0.9433E-03  0.2997E-04 -0.1332E-04  0.9239E-03
   20  0.2091E+01  0.1924E-03  0.2114E+01 -0.2551E-09  0.3742E-03  0.2089E+01  0.7290E-02  0.7025E-03 -0.8851E-05 -0.2177E-04  0.9144E-03
   21  0.1933E+01 -0.1169E-02  0.1958E+01 -0.1335E-08  0.1391E-03  0.1935E+01  0.4870E-02  0.1922E-02 -0.3817E-04 -0.2890E-04  0.8527E-03
   22  0.1754E+01 -0.7152E-04  0.1778E+01 -0.2046E-08 -0.7430E-04  0.1754E+01  0.2331E-02  0.2802E-02 -0.3691E-04 -0.7142E-05  0.8003E-03
   23  0.1552E+01 -0.2387E-03  0.1576E+01 -0.4369E-08 -0.1119E-03  0.1553E+01 -0.1398E-02  0.3641E-02  0.3344E-05  0.5759E-05  0.7310E-03
   24  0.1337E+01 -0.4313E-03  0.1360E+01 -0.7642E-08 -0.1616E-04  0.1339E+01 -0.5113E-02  0.4456E-02  0.4177E-04 -0.8872E-05  0.5857E-03
   25  0.1119E+01  0.5464E-03  0.1140E+01 -0.7707E-08  0.6394E-04  0.1119E+01 -0.6324E-02  0.5369E-02  0.4215E-04 -0.3260E-04  0.3965E-03
   26  0.9061E+00  0.1173E-02  0.9242E+00 -0.2667E-08  0.5944E-04  0.9053E+00 -0.7278E-02  0.6206E-02  0.1310E-04 -0.3752E-04  0.2482E-03
   27  0.7048E+00  0.4902E-03  0.7207E+00 -0.7144E-09  0.7072E-05  0.7048E+00 -0.1112E-01  0.6428E-02 -0.1322E-04 -0.1770E-04  0.1682E-03
   28  0.5250E+00 -0.3864E-03  0.5387E+00  0.5020E-09 -0.4272E-04  0.5264E+00 -0.1598E-01  0.5713E-02 -0.2760E-04  0.2427E-05  0.1157E-03
   29  0.3768E+00 -0.5111E-03  0.3875E+00  0.1304E-08 -0.6573E-04  0.3785E+00 -0.1780E-01  0.4399E-02 -0.2832E-04  0.1117E-04  0.6474E-04
   30  0.2644E+00 -0.7911E-04  0.2717E+00  0.1310E-08 -0.5919E-04  0.2652E+00 -0.1533E-01  0.3101E-02 -0.1814E-04  0.1078E-04  0.2035E-04
   31  0.1839E+00  0.2819E-03  0.1885E+00  0.1516E-08 -0.3412E-04  0.1838E+00 -0.1073E-01  0.2175E-02 -0.5015E-05  0.8325E-05 -0.6526E-05
   32  0.1274E+00  0.3355E-03  0.1304E+00  0.1028E-08 -0.1022E-04  0.1271E+00 -0.6662E-02  0.1615E-02  0.2749E-05  0.6002E-05 -0.1719E-04
   33  0.8715E-01  0.1923E-03  0.8927E-01  0.3946E-09  0.1184E-05  0.8702E-01 -0.4269E-02  0.1257E-02  0.4087E-05  0.3676E-05 -0.1866E-04
   34  0.5789E-01  0.4350E-04  0.5947E-01  0.3444E-11  0.1707E-05  0.5796E-01 -0.3234E-02  0.9619E-03  0.2493E-05  0.1835E-05 -0.1622E-04
   35  0.3665E-01 -0.2771E-04  0.3780E-01 -0.2235E-09 -0.1759E-05  0.3681E-01 -0.2769E-02  0.6882E-03  0.9996E-06  0.6167E-06 -0.1280E-04
   36  0.2182E-01 -0.2907E-04  0.2258E-01 -0.3279E-09 -0.4117E-05  0.2195E-01 -0.2327E-02  0.4482E-03  0.4253E-06  0.2013E-06 -0.9063E-05
   37  0.1210E-01 -0.4900E-05  0.1256E-01 -0.2352E-09 -0.4308E-05  0.1217E-01 -0.1773E-02  0.2638E-03  0.3313E-06  0.8156E-07 -0.5784E-05
   38  0.6232E-02  0.1482E-04  0.6469E-02 -0.5562E-10 -0.3236E-05  0.6237E-02 -0.1196E-02  0.1402E-03  0.3284E-06  0.9677E-07 -0.3311E-05
   39  0.2973E-02  0.2101E-04  0.3082E-02  0.5394E-10 -0.1970E-05  0.2952E-02 -0.7160E-03  0.6766E-04  0.2675E-06  0.8759E-07 -0.1719E-05
   40  0.1314E-02  0.1791E-04  0.1358E-02  0.7074E-10 -0.1018E-05  0.1291E-02 -0.3826E-03  0.2972E-04  0.1779E-06  0.6359E-07 -0.8059E-06
   41  0.5395E-03  0.1179E-04  0.5544E-03  0.4474E-10 -0.4587E-06  0.5222E-03 -0.1841E-03  0.1196E-04  0.9666E-07  0.3505E-07 -0.3435E-06
   42  0.2060E-03  0.6489E-05  0.2102E-03  0.1810E-10 -0.1845E-06  0.1959E-03 -0.8037E-04  0.4428E-05  0.4536E-07  0.1724E-07 -0.1355E-06
   43  0.7341E-04  0.3103E-05  0.7427E-04  0.4684E-11 -0.6715E-07  0.6840E-04 -0.3208E-04  0.1517E-05  0.1858E-07  0.7893E-08 -0.5111E-07
   44  0.2448E-04  0.1320E-05  0.2452E-04  0.5968E-12 -0.2224E-07  0.2230E-04 -0.1178E-04  0.4825E-06  0.6872E-08  0.3356E-08 -0.1853E-07
   45  0.7669E-05  0.5065E-06  0.7600E-05  0.2570E-12 -0.6746E-08  0.6817E-05 -0.4012E-05  0.1441E-06  0.2295E-08  0.1191E-08 -0.6271E-08
   46  0.2274E-05  0.1772E-06  0.2228E-05  0.5733E-12 -0.1895E-08  0.1972E-05 -0.1277E-05  0.4123E-07  0.7100E-09  0.3185E-09 -0.1854E-08
   47  0.6467E-06  0.5708E-07  0.6271E-06  0.6419E-12 -0.5019E-09  0.5488E-06 -0.3846E-06  0.1158E-07  0.1933E-09  0.5855E-10 -0.5044E-09
   48  0.1817E-06  0.1733E-07  0.1748E-06  0.4693E-12 -0.1366E-09  0.1519E-06 -0.1123E-06  0.3417E-08  0.5172E-10  0.1813E-10 -0.1553E-09
   49  0.5043E-07  0.5115E-08  0.4809E-07  0.2552E-12 -0.4157E-10  0.4163E-07 -0.3236E-07  0.9848E-09  0.1506E-10  0.1571E-10 -0.7299E-10
   50  0.1591E-07  0.1619E-08  0.1517E-07  0.1133E-12 -0.1396E-10  0.1313E-07 -0.1014E-07  0.3282E-09  0.4076E-11  0.1359E-10 -0.3954E-10
   51  0.4141E-08  0.4670E-09  0.3883E-08  0.4281E-13 -0.4067E-11  0.3341E-08 -0.2769E-08  0.8060E-10  0.1226E-11  0.7483E-11 -0.1964E-10
   52  0.1712E-08  0.1988E-09  0.1609E-08  0.1345E-13 -0.1485E-11  0.1368E-08 -0.1125E-08  0.2911E-10  0.3933E-12  0.3725E-11 -0.8781E-11
   53  0.3293E-09  0.4337E-10  0.3020E-09  0.3886E-14 -0.2279E-12  0.2540E-09 -0.2288E-09  0.4628E-11  0.5064E-13  0.1374E-11 -0.3164E-11
   54  0.1579E-09  0.2240E-10  0.1451E-09  0.9750E-15 -0.9297E-13  0.1184E-09 -0.1107E-09  0.1917E-11  0.2761E-13  0.4225E-12 -0.9283E-12
   55  0.1668E-10  0.2584E-11  0.1497E-10  0.2179E-15 -0.3736E-14  0.1208E-10 -0.1222E-10  0.1499E-12 -0.2305E-15  0.9777E-13 -0.2095E-12
   56  0.8735E-11  0.1453E-11  0.7786E-11  0.3903E-16 -0.3620E-14  0.6108E-11 -0.6507E-11  0.8713E-13  0.1384E-14  0.1617E-13 -0.3406E-13
   57  0.2896E-12  0.5076E-13  0.2515E-12  0.6301E-17  0.7206E-17  0.2004E-12 -0.2212E-12  0.1997E-14 -0.1640E-16  0.1858E-14 -0.3853E-14
   58  0.3625E-12  0.7237E-13  0.3207E-12  0.8550E-18 -0.1334E-15  0.2368E-12 -0.2890E-12  0.3186E-14  0.6410E-16  0.3601E-16 -0.1552E-15
