 input file is 
mstm6_256_6398_20_000438.inp  
 input file comments follow:
***********************************************************
  This is the default mstm input file for v.3.0.
  The run is for a 7-sphere cluster of identical spheres.   The positions
  are embedded in the input file.

  The run makes use of the new_run and multiple_run options.

  14 April 2013
***********************************************************
 number of processors:
   1
 input parameters for run number 
    1
 number of spheres, volume size parameter:
  256  0.40625E+01
 position file:
position/n256/a6.out                                        
 output file:
output/256/x6398/20/000438/mt_6_256_6398_20_000438.dat      
 length, ref. indx. scale factors:
   0.640   2.000   0.004
 chiral factors:
  0.00000E+00  0.00000E+00
 scattering matrix directions based on incident frame
 automatic scattering angle calculation
 thetamin, thetamax:
      0.0    180.0
 number scattering angles:
      181
 epsmie, epssoln, max number iterations:
  0.1000E-05  0.1000E-07 5000
 medium refractive index:
  1.0000  0.0000
 target euler rotation angles:
    0.0000    0.0000    0.0000
 far field kr, iterations/correction:
  0.1000E-07   20
 plane wave incidence
 random orientation calculations
 t matrix calculated, stored in file 
tmatrixfiles/tmf_6_256_6398_20_000438                       
 t matrix convergence epsilon:
  0.1000E-06
 all spheres excited (total T matrix) 
 calculation results for run 
    1
 total ext, abs, scat efficiencies, w.r.t. xv, and asym. parm
  0.54000E+01  0.49937E-01  0.53501E+01  0.70920E+00
 scattering matrix elements (normalized w/ S11)
   theta      11           12           13           14           22           23           24           33           34           44     
    0.00  0.75725E+02  0.00000E+00  0.00000E+00  0.71661E-03  0.99955E+00  0.66601E-03  0.00000E+00  0.99955E+00  0.00000E+00  0.99915E+00
    1.00  0.74479E+02 -0.10185E-03 -0.25098E-06  0.71501E-03  0.99954E+00  0.66998E-03  0.23080E-06  0.99954E+00  0.71878E-04  0.99913E+00
    2.00  0.70863E+02 -0.40912E-03 -0.10234E-05  0.71022E-03  0.99951E+00  0.68237E-03  0.92305E-06  0.99951E+00  0.28440E-03  0.99907E+00
    3.00  0.65227E+02 -0.92767E-03 -0.23793E-05  0.70230E-03  0.99946E+00  0.70471E-03  0.20742E-05  0.99946E+00  0.62685E-03  0.99897E+00
    4.00  0.58100E+02 -0.16697E-02 -0.44333E-05  0.69144E-03  0.99938E+00  0.73967E-03  0.36717E-05  0.99937E+00  0.10762E-02  0.99882E+00
    5.00  0.50118E+02 -0.26583E-02 -0.73705E-05  0.67798E-03  0.99925E+00  0.79120E-03  0.56780E-05  0.99925E+00  0.15882E-02  0.99859E+00
    6.00  0.41940E+02 -0.39349E-02 -0.11469E-04  0.66265E-03  0.99908E+00  0.86448E-03  0.80028E-05  0.99907E+00  0.20816E-02  0.99826E+00
    7.00  0.34166E+02 -0.55704E-02 -0.17117E-04  0.64678E-03  0.99883E+00  0.96527E-03  0.10459E-04  0.99881E+00  0.24153E-02  0.99780E+00
    8.00  0.27272E+02 -0.76779E-02 -0.24794E-04  0.63261E-03  0.99850E+00  0.10976E-02  0.12702E-04  0.99845E+00  0.23633E-02  0.99717E+00
    9.00  0.21565E+02 -0.10414E-01 -0.34940E-04  0.62346E-03  0.99806E+00  0.12584E-02  0.14201E-04  0.99797E+00  0.16111E-02  0.99632E+00
   10.00  0.17169E+02 -0.13944E-01 -0.47618E-04  0.62302E-03  0.99752E+00  0.14287E-02  0.14320E-04  0.99737E+00 -0.16557E-03  0.99528E+00
   11.00  0.14036E+02 -0.18331E-01 -0.62033E-04  0.63314E-03  0.99693E+00  0.15678E-02  0.12697E-04  0.99669E+00 -0.30774E-02  0.99413E+00
   12.00  0.11987E+02 -0.23404E-01 -0.76407E-04  0.65072E-03  0.99639E+00  0.16227E-02  0.98003E-05  0.99603E+00 -0.67441E-02  0.99303E+00
   13.00  0.10757E+02 -0.28766E-01 -0.88838E-04  0.66742E-03  0.99597E+00  0.15603E-02  0.70819E-05  0.99547E+00 -0.10317E-01  0.99216E+00
   14.00  0.10050E+02 -0.34025E-01 -0.98641E-04  0.67436E-03  0.99570E+00  0.13911E-02  0.62486E-05  0.99505E+00 -0.12962E-01  0.99154E+00
   15.00  0.95946E+01 -0.39021E-01 -0.10671E-03  0.66728E-03  0.99552E+00  0.11565E-02  0.83649E-05  0.99471E+00 -0.14321E-01  0.99109E+00
   16.00  0.91728E+01 -0.43823E-01 -0.11479E-03  0.64716E-03  0.99534E+00  0.89956E-03  0.13686E-04  0.99436E+00 -0.14510E-01  0.99062E+00
   17.00  0.86460E+01 -0.48607E-01 -0.12466E-03  0.61790E-03  0.99508E+00  0.64954E-03  0.22041E-04  0.99390E+00 -0.13860E-01  0.99000E+00
   18.00  0.79566E+01 -0.53562E-01 -0.13795E-03  0.58443E-03  0.99468E+00  0.42390E-03  0.33198E-04  0.99328E+00 -0.12723E-01  0.98909E+00
   19.00  0.71164E+01 -0.58855E-01 -0.15613E-03  0.55239E-03  0.99405E+00  0.23601E-03  0.46981E-04  0.99240E+00 -0.11418E-01  0.98775E+00
   20.00  0.61858E+01 -0.64637E-01 -0.18051E-03  0.52859E-03  0.99313E+00  0.10249E-03  0.63209E-04  0.99119E+00 -0.10262E-01  0.98587E+00
   21.00  0.52482E+01 -0.71050E-01 -0.21180E-03  0.52153E-03  0.99186E+00  0.47827E-04  0.81503E-04  0.98958E+00 -0.96194E-02  0.98331E+00
   22.00  0.43862E+01 -0.78211E-01 -0.24907E-03  0.54080E-03  0.99017E+00  0.10384E-03  0.10099E-03  0.98751E+00 -0.99302E-02  0.97999E+00
   23.00  0.36636E+01 -0.86157E-01 -0.28783E-03  0.59354E-03  0.98812E+00  0.29812E-03  0.12006E-03  0.98501E+00 -0.11637E-01  0.97598E+00
   24.00  0.31147E+01 -0.94756E-01 -0.31860E-03  0.67693E-03  0.98589E+00  0.62646E-03  0.13651E-03  0.98227E+00 -0.14945E-01  0.97160E+00
   25.00  0.27425E+01 -0.10367E+00 -0.32853E-03  0.77090E-03  0.98384E+00  0.10219E-02  0.14859E-03  0.97962E+00 -0.19483E-01  0.96748E+00
   26.00  0.25233E+01 -0.11249E+00 -0.30790E-03  0.84197E-03  0.98233E+00  0.13611E-02  0.15647E-03  0.97739E+00 -0.24249E-01  0.96421E+00
   27.00  0.24163E+01 -0.12100E+00 -0.25638E-03  0.86141E-03  0.98148E+00  0.15258E-02  0.16250E-03  0.97568E+00 -0.28119E-01  0.96199E+00
   28.00  0.23741E+01 -0.12930E+00 -0.18190E-03  0.82067E-03  0.98113E+00  0.14636E-02  0.16955E-03  0.97431E+00 -0.30477E-01  0.96052E+00
   29.00  0.23530E+01 -0.13769E+00 -0.94196E-04  0.72985E-03  0.98100E+00  0.11896E-02  0.17916E-03  0.97297E+00 -0.31352E-01  0.95926E+00
   30.00  0.23198E+01 -0.14649E+00 -0.19160E-06  0.60703E-03  0.98080E+00  0.75033E-03  0.19098E-03  0.97137E+00 -0.31125E-01  0.95771E+00
   31.00  0.22552E+01 -0.15592E+00  0.96339E-04  0.47104E-03  0.98035E+00  0.19568E-03  0.20297E-03  0.96928E+00 -0.30232E-01  0.95552E+00
   32.00  0.21540E+01 -0.16613E+00  0.19312E-03  0.34015E-03  0.97955E+00 -0.42828E-03  0.21175E-03  0.96657E+00 -0.29026E-01  0.95250E+00
   33.00  0.20221E+01 -0.17719E+00  0.28758E-03  0.23359E-03  0.97836E+00 -0.10742E-02  0.21282E-03  0.96318E+00 -0.27750E-01  0.94854E+00
   34.00  0.18720E+01 -0.18903E+00  0.37559E-03  0.17303E-03  0.97677E+00 -0.16861E-02  0.20088E-03  0.95910E+00 -0.26548E-01  0.94366E+00
   35.00  0.17181E+01 -0.20148E+00  0.45117E-03  0.18189E-03  0.97483E+00 -0.21965E-02  0.17074E-03  0.95441E+00 -0.25471E-01  0.93798E+00
   36.00  0.15734E+01 -0.21424E+00  0.50743E-03  0.28119E-03  0.97267E+00 -0.25336E-02  0.11888E-03  0.94929E+00 -0.24492E-01  0.93175E+00
   37.00  0.14465E+01 -0.22692E+00  0.53889E-03  0.48235E-03  0.97044E+00 -0.26412E-02  0.45460E-04  0.94397E+00 -0.23513E-01  0.92532E+00
   38.00  0.13408E+01 -0.23913E+00  0.54452E-03  0.78009E-03  0.96829E+00 -0.25036E-02 -0.44510E-04  0.93872E+00 -0.22415E-01  0.91909E+00
   39.00  0.12557E+01 -0.25063E+00  0.52958E-03  0.11503E-02  0.96636E+00 -0.21615E-02 -0.14182E-03  0.93373E+00 -0.21113E-01  0.91329E+00
   40.00  0.11869E+01 -0.26139E+00  0.50496E-03  0.15551E-02  0.96467E+00 -0.17059E-02 -0.23578E-03  0.92904E+00 -0.19608E-01  0.90800E+00
   41.00  0.11291E+01 -0.27163E+00  0.48404E-03  0.19526E-02  0.96318E+00 -0.12510E-02 -0.31750E-03  0.92451E+00 -0.18014E-01  0.90306E+00
   42.00  0.10774E+01 -0.28167E+00  0.47888E-03  0.23047E-02  0.96177E+00 -0.90337E-03 -0.38197E-03  0.91992E+00 -0.16529E-01  0.89817E+00
   43.00  0.10279E+01 -0.29189E+00  0.49747E-03  0.25804E-02  0.96031E+00 -0.74009E-03 -0.42838E-03  0.91502E+00 -0.15400E-01  0.89300E+00
   44.00  0.97875E+00 -0.30264E+00  0.54218E-03  0.27544E-02  0.95871E+00 -0.79902E-03 -0.45922E-03  0.90955E+00 -0.14867E-01  0.88724E+00
   45.00  0.92987E+00 -0.31419E+00  0.60911E-03  0.28063E-02  0.95692E+00 -0.10763E-02 -0.47896E-03  0.90335E+00 -0.15121E-01  0.88070E+00
   46.00  0.88231E+00 -0.32673E+00  0.68802E-03  0.27212E-02  0.95492E+00 -0.15270E-02 -0.49282E-03  0.89633E+00 -0.16248E-01  0.87326E+00
   47.00  0.83762E+00 -0.34032E+00  0.76309E-03  0.24929E-02  0.95277E+00 -0.20698E-02 -0.50556E-03  0.88849E+00 -0.18191E-01  0.86494E+00
   48.00  0.79719E+00 -0.35489E+00  0.81501E-03  0.21289E-02  0.95053E+00 -0.25979E-02 -0.52035E-03  0.87993E+00 -0.20733E-01  0.85585E+00
   49.00  0.76173E+00 -0.37026E+00  0.82473E-03  0.16540E-02  0.94827E+00 -0.29995E-02 -0.53799E-03  0.87081E+00 -0.23515E-01  0.84617E+00
   50.00  0.73113E+00 -0.38614E+00  0.77786E-03  0.11086E-02  0.94603E+00 -0.31827E-02 -0.55665E-03  0.86129E+00 -0.26120E-01  0.83606E+00
   51.00  0.70450E+00 -0.40216E+00  0.66824E-03  0.54257E-03  0.94383E+00 -0.30978E-02 -0.57251E-03  0.85152E+00 -0.28170E-01  0.82568E+00
   52.00  0.68043E+00 -0.41801E+00  0.49927E-03  0.56132E-05  0.94161E+00 -0.27468E-02 -0.58092E-03  0.84157E+00 -0.29418E-01  0.81509E+00
   53.00  0.65740E+00 -0.43338E+00  0.28298E-03 -0.46153E-03  0.93928E+00 -0.21787E-02 -0.57788E-03  0.83147E+00 -0.29795E-01  0.80426E+00
   54.00  0.63413E+00 -0.44810E+00  0.37652E-04 -0.83221E-03  0.93674E+00 -0.14752E-02 -0.56122E-03  0.82118E+00 -0.29400E-01  0.79315E+00
   55.00  0.60979E+00 -0.46205E+00 -0.21465E-03 -0.10953E-02  0.93390E+00 -0.73344E-03 -0.53140E-03  0.81062E+00 -0.28458E-01  0.78165E+00
   56.00  0.58415E+00 -0.47519E+00 -0.45015E-03 -0.12542E-02  0.93070E+00 -0.51494E-04 -0.49187E-03  0.79973E+00 -0.27265E-01  0.76969E+00
   57.00  0.55756E+00 -0.48761E+00 -0.64513E-03 -0.13245E-02  0.92711E+00  0.48436E-03 -0.44910E-03  0.78843E+00 -0.26137E-01  0.75721E+00
   58.00  0.53078E+00 -0.49943E+00 -0.77796E-03 -0.13313E-02  0.92318E+00  0.80987E-03 -0.41210E-03  0.77667E+00 -0.25355E-01  0.74419E+00
   59.00  0.50479E+00 -0.51090E+00 -0.83184E-03 -0.13055E-02  0.91900E+00  0.89239E-03 -0.39146E-03  0.76440E+00 -0.25128E-01  0.73064E+00
   60.00  0.48058E+00 -0.52236E+00 -0.79827E-03 -0.12780E-02  0.91474E+00  0.73847E-03 -0.39765E-03  0.75157E+00 -0.25554E-01  0.71659E+00
   61.00  0.45893E+00 -0.53415E+00 -0.68019E-03 -0.12734E-02  0.91059E+00  0.39624E-03 -0.43885E-03  0.73810E+00 -0.26601E-01  0.70208E+00
   62.00  0.44032E+00 -0.54666E+00 -0.49340E-03 -0.13025E-02  0.90676E+00 -0.51277E-04 -0.51873E-03  0.72392E+00 -0.28117E-01  0.68711E+00
   63.00  0.42490E+00 -0.56014E+00 -0.26490E-03 -0.13579E-02  0.90344E+00 -0.50301E-03 -0.63521E-03  0.70893E+00 -0.29866E-01  0.67166E+00
   64.00  0.41248E+00 -0.57472E+00 -0.27835E-04 -0.14133E-02  0.90073E+00 -0.86336E-03 -0.78064E-03  0.69307E+00 -0.31596E-01  0.65571E+00
   65.00  0.40263E+00 -0.59035E+00  0.18553E-03 -0.14293E-02  0.89867E+00 -0.10648E-02 -0.94363E-03  0.67627E+00 -0.33102E-01  0.63920E+00
   66.00  0.39479E+00 -0.60681E+00  0.35046E-03 -0.13625E-02  0.89719E+00 -0.10822E-02 -0.11119E-02  0.65852E+00 -0.34272E-01  0.62209E+00
   67.00  0.38836E+00 -0.62377E+00  0.45400E-03 -0.11756E-02  0.89620E+00 -0.93475E-03 -0.12748E-02  0.63987E+00 -0.35103E-01  0.60437E+00
   68.00  0.38278E+00 -0.64087E+00  0.49610E-03 -0.84594E-03  0.89555E+00 -0.67713E-03 -0.14258E-02  0.62040E+00 -0.35678E-01  0.58607E+00
   69.00  0.37763E+00 -0.65776E+00  0.48790E-03 -0.37043E-03  0.89511E+00 -0.38453E-03 -0.15625E-02  0.60024E+00 -0.36134E-01  0.56725E+00
   70.00  0.37259E+00 -0.67415E+00  0.44816E-03  0.23337E-03  0.89474E+00 -0.13545E-03 -0.16868E-02  0.57954E+00 -0.36613E-01  0.54800E+00
   71.00  0.36749E+00 -0.68981E+00  0.39882E-03  0.92960E-03  0.89434E+00  0.37346E-05 -0.18039E-02  0.55844E+00 -0.37226E-01  0.52839E+00
   72.00  0.36225E+00 -0.70462E+00  0.36050E-03  0.16695E-02  0.89382E+00 -0.95112E-05 -0.19208E-02  0.53705E+00 -0.38030E-01  0.50851E+00
   73.00  0.35688E+00 -0.71855E+00  0.34843E-03  0.23986E-02  0.89311E+00 -0.18703E-03 -0.20445E-02  0.51545E+00 -0.39012E-01  0.48839E+00
   74.00  0.35141E+00 -0.73160E+00  0.36951E-03  0.30655E-02  0.89219E+00 -0.50876E-03 -0.21807E-02  0.49364E+00 -0.40093E-01  0.46803E+00
   75.00  0.34585E+00 -0.74383E+00  0.42079E-03  0.36296E-02  0.89102E+00 -0.92715E-03 -0.23327E-02  0.47160E+00 -0.41145E-01  0.44736E+00
   76.00  0.34023E+00 -0.75533E+00  0.48981E-03  0.40668E-02  0.88961E+00 -0.13763E-02 -0.25006E-02  0.44924E+00 -0.42014E-01  0.42630E+00
   77.00  0.33453E+00 -0.76615E+00  0.55661E-03  0.43726E-02  0.88796E+00 -0.17843E-02 -0.26812E-02  0.42645E+00 -0.42552E-01  0.40473E+00
   78.00  0.32872E+00 -0.77634E+00  0.59725E-03  0.45610E-02  0.88608E+00 -0.20857E-02 -0.28682E-02  0.40308E+00 -0.42640E-01  0.38255E+00
   79.00  0.32276E+00 -0.78590E+00  0.58796E-03  0.46596E-02  0.88400E+00 -0.22333E-02 -0.30533E-02  0.37905E+00 -0.42211E-01  0.35967E+00
   80.00  0.31660E+00 -0.79480E+00  0.50934E-03  0.47026E-02  0.88176E+00 -0.22049E-02 -0.32264E-02  0.35427E+00 -0.41259E-01  0.33603E+00
   81.00  0.31024E+00 -0.80297E+00  0.34984E-03  0.47232E-02  0.87938E+00 -0.20064E-02 -0.33770E-02  0.32872E+00 -0.39838E-01  0.31164E+00
   82.00  0.30366E+00 -0.81034E+00  0.10810E-03  0.47459E-02  0.87690E+00 -0.16705E-02 -0.34943E-02  0.30242E+00 -0.38058E-01  0.28655E+00
   83.00  0.29691E+00 -0.81683E+00 -0.20628E-03  0.47815E-02  0.87435E+00 -0.12505E-02 -0.35679E-02  0.27546E+00 -0.36064E-01  0.26086E+00
   84.00  0.29007E+00 -0.82238E+00 -0.57336E-03  0.48239E-02  0.87178E+00 -0.81249E-03 -0.35882E-02  0.24796E+00 -0.34026E-01  0.23470E+00
   85.00  0.28322E+00 -0.82695E+00 -0.96518E-03  0.48511E-02  0.86921E+00 -0.42456E-03 -0.35465E-02  0.22006E+00 -0.32114E-01  0.20821E+00
   86.00  0.27648E+00 -0.83054E+00 -0.13491E-02  0.48287E-02  0.86668E+00 -0.14712E-03 -0.34354E-02  0.19192E+00 -0.30479E-01  0.18155E+00
   87.00  0.26996E+00 -0.83318E+00 -0.16922E-02  0.47163E-02  0.86422E+00 -0.23541E-04 -0.32492E-02  0.16368E+00 -0.29241E-01  0.15484E+00
   88.00  0.26377E+00 -0.83493E+00 -0.19657E-02  0.44759E-02  0.86188E+00 -0.73674E-04 -0.29847E-02  0.13545E+00 -0.28472E-01  0.12818E+00
   89.00  0.25801E+00 -0.83588E+00 -0.21494E-02  0.40803E-02  0.85967E+00 -0.29090E-03 -0.26417E-02  0.10733E+00 -0.28191E-01  0.10164E+00
   90.00  0.25275E+00 -0.83609E+00 -0.22342E-02  0.35199E-02  0.85762E+00 -0.64348E-03 -0.22238E-02  0.79358E-01 -0.28364E-01  0.75234E-01
   91.00  0.24801E+00 -0.83566E+00 -0.22235E-02  0.28071E-02  0.85575E+00 -0.10800E-02 -0.17391E-02  0.51535E-01 -0.28911E-01  0.48953E-01
   92.00  0.24380E+00 -0.83461E+00 -0.21326E-02  0.19768E-02  0.85406E+00 -0.15379E-02 -0.11998E-02  0.23839E-01 -0.29716E-01  0.22764E-01
   93.00  0.24011E+00 -0.83297E+00 -0.19852E-02  0.10824E-02  0.85255E+00 -0.19536E-02 -0.62209E-03 -0.37691E-02 -0.30648E-01 -0.33750E-02
   94.00  0.23688E+00 -0.83072E+00 -0.18099E-02  0.18829E-03  0.85121E+00 -0.22721E-02 -0.25388E-04 -0.31330E-01 -0.31574E-01 -0.29497E-01
   95.00  0.23405E+00 -0.82779E+00 -0.16353E-02 -0.63853E-03  0.85001E+00 -0.24540E-02  0.56941E-03 -0.58873E-01 -0.32379E-01 -0.55619E-01
   96.00  0.23152E+00 -0.82412E+00 -0.14862E-02 -0.13381E-02  0.84893E+00 -0.24800E-02  0.11414E-02 -0.86410E-01 -0.32973E-01 -0.81728E-01
   97.00  0.22922E+00 -0.81961E+00 -0.13802E-02 -0.18651E-02  0.84793E+00 -0.23503E-02  0.16712E-02 -0.11392E+00 -0.33305E-01 -0.10779E+00
   98.00  0.22706E+00 -0.81417E+00 -0.13263E-02 -0.21933E-02  0.84697E+00 -0.20827E-02  0.21429E-02 -0.14138E+00 -0.33357E-01 -0.13374E+00
   99.00  0.22495E+00 -0.80774E+00 -0.13253E-02 -0.23178E-02  0.84602E+00 -0.17070E-02  0.25447E-02 -0.16871E+00 -0.33148E-01 -0.15951E+00
  100.00  0.22284E+00 -0.80024E+00 -0.13707E-02 -0.22538E-02  0.84504E+00 -0.12593E-02  0.28699E-02 -0.19584E+00 -0.32725E-01 -0.18501E+00
  101.00  0.22067E+00 -0.79166E+00 -0.14512E-02 -0.20327E-02  0.84401E+00 -0.77628E-03  0.31169E-02 -0.22270E+00 -0.32155E-01 -0.21015E+00
  102.00  0.21841E+00 -0.78198E+00 -0.15526E-02 -0.16970E-02  0.84291E+00 -0.29060E-03  0.32891E-02 -0.24919E+00 -0.31519E-01 -0.23485E+00
  103.00  0.21605E+00 -0.77123E+00 -0.16611E-02 -0.12948E-02  0.84173E+00  0.17241E-03  0.33939E-02 -0.27524E+00 -0.30899E-01 -0.25905E+00
  104.00  0.21360E+00 -0.75947E+00 -0.17645E-02 -0.87360E-03  0.84047E+00  0.59631E-03  0.34417E-02 -0.30078E+00 -0.30377E-01 -0.28268E+00
  105.00  0.21109E+00 -0.74675E+00 -0.18541E-02 -0.47556E-03  0.83914E+00  0.97358E-03  0.34446E-02 -0.32575E+00 -0.30024E-01 -0.30570E+00
  106.00  0.20853E+00 -0.73316E+00 -0.19249E-02 -0.13324E-03  0.83776E+00  0.13045E-02  0.34148E-02 -0.35008E+00 -0.29898E-01 -0.32807E+00
  107.00  0.20600E+00 -0.71882E+00 -0.19760E-02  0.13278E-03  0.83635E+00  0.15950E-02  0.33632E-02 -0.37375E+00 -0.30035E-01 -0.34978E+00
  108.00  0.20352E+00 -0.70382E+00 -0.20100E-02  0.31493E-03  0.83496E+00  0.18544E-02  0.32986E-02 -0.39672E+00 -0.30457E-01 -0.37079E+00
  109.00  0.20115E+00 -0.68828E+00 -0.20315E-02  0.41803E-03  0.83360E+00  0.20926E-02  0.32263E-02 -0.41896E+00 -0.31162E-01 -0.39110E+00
  110.00  0.19894E+00 -0.67231E+00 -0.20462E-02  0.45741E-03  0.83232E+00  0.23182E-02  0.31484E-02 -0.44047E+00 -0.32132E-01 -0.41069E+00
  111.00  0.19693E+00 -0.65603E+00 -0.20596E-02  0.45588E-03  0.83114E+00  0.25369E-02  0.30634E-02 -0.46124E+00 -0.33332E-01 -0.42954E+00
  112.00  0.19515E+00 -0.63952E+00 -0.20756E-02  0.44013E-03  0.83008E+00  0.27507E-02  0.29675E-02 -0.48128E+00 -0.34716E-01 -0.44763E+00
  113.00  0.19362E+00 -0.62289E+00 -0.20965E-02  0.43711E-03  0.82917E+00  0.29582E-02  0.28554E-02 -0.50058E+00 -0.36228E-01 -0.46497E+00
  114.00  0.19235E+00 -0.60619E+00 -0.21221E-02  0.47075E-03  0.82840E+00  0.31553E-02  0.27214E-02 -0.51917E+00 -0.37813E-01 -0.48152E+00
  115.00  0.19134E+00 -0.58949E+00 -0.21504E-02  0.55949E-03  0.82777E+00  0.33358E-02  0.25612E-02 -0.53706E+00 -0.39413E-01 -0.49729E+00
  116.00  0.19058E+00 -0.57282E+00 -0.21777E-02  0.71495E-03  0.82727E+00  0.34938E-02  0.23727E-02 -0.55427E+00 -0.40976E-01 -0.51227E+00
  117.00  0.19006E+00 -0.55623E+00 -0.22000E-02  0.94156E-03  0.82690E+00  0.36240E-02  0.21564E-02 -0.57081E+00 -0.42455E-01 -0.52645E+00
  118.00  0.18976E+00 -0.53972E+00 -0.22134E-02  0.12372E-02  0.82663E+00  0.37228E-02  0.19158E-02 -0.58671E+00 -0.43813E-01 -0.53985E+00
  119.00  0.18963E+00 -0.52331E+00 -0.22151E-02  0.15947E-02  0.82643E+00  0.37890E-02  0.16572E-02 -0.60197E+00 -0.45018E-01 -0.55246E+00
  120.00  0.18967E+00 -0.50699E+00 -0.22038E-02  0.20029E-02  0.82631E+00  0.38238E-02  0.13885E-02 -0.61660E+00 -0.46048E-01 -0.56431E+00
  121.00  0.18984E+00 -0.49076E+00 -0.21798E-02  0.24488E-02  0.82623E+00  0.38298E-02  0.11189E-02 -0.63061E+00 -0.46888E-01 -0.57541E+00
  122.00  0.19012E+00 -0.47462E+00 -0.21453E-02  0.29186E-02  0.82620E+00  0.38114E-02  0.85744E-03 -0.64401E+00 -0.47529E-01 -0.58580E+00
  123.00  0.19047E+00 -0.45856E+00 -0.21038E-02  0.33986E-02  0.82620E+00  0.37730E-02  0.61261E-03 -0.65681E+00 -0.47968E-01 -0.59550E+00
  124.00  0.19089E+00 -0.44259E+00 -0.20594E-02  0.38761E-02  0.82623E+00  0.37192E-02  0.39133E-03 -0.66902E+00 -0.48206E-01 -0.60457E+00
  125.00  0.19135E+00 -0.42670E+00 -0.20169E-02  0.43388E-02  0.82630E+00  0.36537E-02  0.19881E-03 -0.68065E+00 -0.48251E-01 -0.61304E+00
  126.00  0.19184E+00 -0.41089E+00 -0.19804E-02  0.47754E-02  0.82641E+00  0.35790E-02  0.38394E-04 -0.69170E+00 -0.48111E-01 -0.62096E+00
  127.00  0.19236E+00 -0.39518E+00 -0.19530E-02  0.51750E-02  0.82657E+00  0.34962E-02 -0.88281E-04 -0.70221E+00 -0.47803E-01 -0.62840E+00
  128.00  0.19290E+00 -0.37956E+00 -0.19369E-02  0.55274E-02  0.82679E+00  0.34055E-02 -0.18103E-03 -0.71220E+00 -0.47341E-01 -0.63540E+00
  129.00  0.19345E+00 -0.36405E+00 -0.19323E-02  0.58225E-02  0.82707E+00  0.33059E-02 -0.24079E-03 -0.72168E+00 -0.46746E-01 -0.64201E+00
  130.00  0.19403E+00 -0.34866E+00 -0.19380E-02  0.60510E-02  0.82744E+00  0.31956E-02 -0.26930E-03 -0.73068E+00 -0.46038E-01 -0.64828E+00
  131.00  0.19463E+00 -0.33342E+00 -0.19514E-02  0.62046E-02  0.82789E+00  0.30728E-02 -0.26890E-03 -0.73922E+00 -0.45238E-01 -0.65426E+00
  132.00  0.19526E+00 -0.31834E+00 -0.19686E-02  0.62768E-02  0.82843E+00  0.29360E-02 -0.24242E-03 -0.74732E+00 -0.44366E-01 -0.65998E+00
  133.00  0.19592E+00 -0.30345E+00 -0.19853E-02  0.62634E-02  0.82907E+00  0.27841E-02 -0.19316E-03 -0.75501E+00 -0.43442E-01 -0.66547E+00
  134.00  0.19663E+00 -0.28878E+00 -0.19968E-02  0.61633E-02  0.82982E+00  0.26171E-02 -0.12496E-03 -0.76230E+00 -0.42482E-01 -0.67074E+00
  135.00  0.19740E+00 -0.27435E+00 -0.19989E-02  0.59785E-02  0.83066E+00  0.24363E-02 -0.42220E-04 -0.76920E+00 -0.41501E-01 -0.67581E+00
  136.00  0.19823E+00 -0.26020E+00 -0.19880E-02  0.57147E-02  0.83160E+00  0.22438E-02  0.50045E-04 -0.77572E+00 -0.40511E-01 -0.68069E+00
  137.00  0.19913E+00 -0.24636E+00 -0.19620E-02  0.53809E-02  0.83263E+00  0.20431E-02  0.14635E-03 -0.78188E+00 -0.39521E-01 -0.68536E+00
  138.00  0.20010E+00 -0.23285E+00 -0.19198E-02  0.49891E-02  0.83373E+00  0.18383E-02  0.24095E-03 -0.78768E+00 -0.38537E-01 -0.68982E+00
  139.00  0.20116E+00 -0.21971E+00 -0.18619E-02  0.45532E-02  0.83491E+00  0.16341E-02  0.32819E-03 -0.79313E+00 -0.37563E-01 -0.69407E+00
  140.00  0.20230E+00 -0.20696E+00 -0.17900E-02  0.40882E-02  0.83613E+00  0.14352E-02  0.40294E-03 -0.79823E+00 -0.36598E-01 -0.69809E+00
  141.00  0.20353E+00 -0.19462E+00 -0.17070E-02  0.36094E-02  0.83740E+00  0.12458E-02  0.46104E-03 -0.80301E+00 -0.35641E-01 -0.70186E+00
  142.00  0.20484E+00 -0.18270E+00 -0.16164E-02  0.31311E-02  0.83868E+00  0.10694E-02  0.49976E-03 -0.80746E+00 -0.34690E-01 -0.70539E+00
  143.00  0.20625E+00 -0.17122E+00 -0.15223E-02  0.26656E-02  0.83998E+00  0.90856E-03  0.51802E-03 -0.81159E+00 -0.33741E-01 -0.70864E+00
  144.00  0.20773E+00 -0.16018E+00 -0.14288E-02  0.22230E-02  0.84126E+00  0.76450E-03  0.51659E-03 -0.81542E+00 -0.32788E-01 -0.71162E+00
  145.00  0.20930E+00 -0.14958E+00 -0.13401E-02  0.18110E-02  0.84251E+00  0.63729E-03  0.49801E-03 -0.81896E+00 -0.31827E-01 -0.71432E+00
  146.00  0.21093E+00 -0.13943E+00 -0.12597E-02  0.14340E-02  0.84373E+00  0.52598E-03  0.46629E-03 -0.82222E+00 -0.30854E-01 -0.71673E+00
  147.00  0.21264E+00 -0.12971E+00 -0.11907E-02  0.10944E-02  0.84490E+00  0.42884E-03  0.42655E-03 -0.82522E+00 -0.29865E-01 -0.71886E+00
  148.00  0.21440E+00 -0.12040E+00 -0.11355E-02  0.79242E-03  0.84601E+00  0.34372E-03  0.38441E-03 -0.82797E+00 -0.28860E-01 -0.72070E+00
  149.00  0.21622E+00 -0.11148E+00 -0.10959E-02  0.52672E-03  0.84705E+00  0.26840E-03  0.34547E-03 -0.83048E+00 -0.27837E-01 -0.72225E+00
  150.00  0.21807E+00 -0.10295E+00 -0.10729E-02  0.29519E-03  0.84801E+00  0.20092E-03  0.31468E-03 -0.83278E+00 -0.26797E-01 -0.72353E+00
  151.00  0.21996E+00 -0.94786E-01 -0.10669E-02  0.95452E-04  0.84888E+00  0.13984E-03  0.29591E-03 -0.83488E+00 -0.25743E-01 -0.72454E+00
  152.00  0.22188E+00 -0.86966E-01 -0.10773E-02 -0.74646E-04  0.84965E+00  0.84331E-04  0.29159E-03 -0.83678E+00 -0.24678E-01 -0.72528E+00
  153.00  0.22383E+00 -0.79484E-01 -0.11030E-02 -0.21665E-03  0.85031E+00  0.34223E-04  0.30249E-03 -0.83851E+00 -0.23605E-01 -0.72575E+00
  154.00  0.22580E+00 -0.72332E-01 -0.11420E-02 -0.33133E-03  0.85087E+00 -0.10127E-04  0.32774E-03 -0.84005E+00 -0.22526E-01 -0.72595E+00
  155.00  0.22778E+00 -0.65509E-01 -0.11918E-02 -0.41863E-03  0.85131E+00 -0.48017E-04  0.36500E-03 -0.84142E+00 -0.21445E-01 -0.72588E+00
  156.00  0.22979E+00 -0.59013E-01 -0.12489E-02 -0.47782E-03  0.85163E+00 -0.78644E-04  0.41070E-03 -0.84260E+00 -0.20364E-01 -0.72554E+00
  157.00  0.23181E+00 -0.52848E-01 -0.13093E-02 -0.50778E-03  0.85185E+00 -0.10134E-03  0.46051E-03 -0.84362E+00 -0.19285E-01 -0.72495E+00
  158.00  0.23385E+00 -0.47015E-01 -0.13685E-02 -0.50733E-03  0.85196E+00 -0.11580E-03  0.50973E-03 -0.84445E+00 -0.18210E-01 -0.72409E+00
  159.00  0.23590E+00 -0.41510E-01 -0.14218E-02 -0.47565E-03  0.85197E+00 -0.12216E-03  0.55382E-03 -0.84512E+00 -0.17139E-01 -0.72300E+00
  160.00  0.23796E+00 -0.36330E-01 -0.14646E-02 -0.41260E-03  0.85190E+00 -0.12110E-03  0.58879E-03 -0.84564E+00 -0.16075E-01 -0.72169E+00
  161.00  0.24003E+00 -0.31468E-01 -0.14927E-02 -0.31905E-03  0.85173E+00 -0.11377E-03  0.61155E-03 -0.84601E+00 -0.15020E-01 -0.72019E+00
  162.00  0.24210E+00 -0.26914E-01 -0.15023E-02 -0.19704E-03  0.85149E+00 -0.10169E-03  0.62015E-03 -0.84625E+00 -0.13975E-01 -0.71852E+00
  163.00  0.24417E+00 -0.22662E-01 -0.14910E-02 -0.49801E-04  0.85118E+00 -0.86542E-04  0.61388E-03 -0.84639E+00 -0.12942E-01 -0.71671E+00
  164.00  0.24624E+00 -0.18709E-01 -0.14570E-02  0.11830E-03  0.85080E+00 -0.70034E-04  0.59320E-03 -0.84645E+00 -0.11923E-01 -0.71478E+00
  165.00  0.24831E+00 -0.15059E-01 -0.14004E-02  0.30201E-03  0.85035E+00 -0.53694E-04  0.55965E-03 -0.84644E+00 -0.10918E-01 -0.71276E+00
  166.00  0.25037E+00 -0.11726E-01 -0.13220E-02  0.49552E-03  0.84983E+00 -0.38746E-04  0.51551E-03 -0.84636E+00 -0.99276E-02 -0.71063E+00
  167.00  0.25243E+00 -0.87326E-02 -0.12244E-02  0.69280E-03  0.84924E+00 -0.26027E-04  0.46360E-03 -0.84623E+00 -0.89503E-02 -0.70841E+00
  168.00  0.25450E+00 -0.61069E-02 -0.11107E-02  0.88804E-03  0.84857E+00 -0.15966E-04  0.40693E-03 -0.84603E+00 -0.79852E-02 -0.70609E+00
  169.00  0.25656E+00 -0.38777E-02 -0.98532E-03  0.10759E-02  0.84783E+00 -0.86155E-05  0.34841E-03 -0.84576E+00 -0.70320E-02 -0.70365E+00
  170.00  0.25862E+00 -0.20685E-02 -0.85276E-03  0.12520E-02  0.84703E+00 -0.37306E-05  0.29067E-03 -0.84541E+00 -0.60921E-02 -0.70110E+00
  171.00  0.26067E+00 -0.68973E-03 -0.71791E-03  0.14129E-02  0.84618E+00 -0.86694E-06  0.23585E-03 -0.84497E+00 -0.51696E-02 -0.69845E+00
  172.00  0.26268E+00  0.26682E-03 -0.58547E-03  0.15561E-02  0.84529E+00  0.50929E-06  0.18554E-03 -0.84445E+00 -0.42726E-02 -0.69575E+00
  173.00  0.26462E+00  0.83239E-03 -0.45979E-03  0.16805E-02  0.84440E+00  0.92531E-06  0.14083E-03 -0.84386E+00 -0.34131E-02 -0.69303E+00
  174.00  0.26645E+00  0.10617E-02 -0.34460E-03  0.17857E-02  0.84354E+00  0.82902E-06  0.10231E-03 -0.84322E+00 -0.26072E-02 -0.69037E+00
  175.00  0.26813E+00  0.10298E-02 -0.24296E-03  0.18719E-02  0.84273E+00  0.54762E-06  0.70169E-04 -0.84256E+00 -0.18743E-02 -0.68788E+00
  176.00  0.26960E+00  0.82559E-03 -0.15724E-03  0.19403E-02  0.84201E+00  0.27770E-06  0.44367E-04 -0.84194E+00 -0.12353E-02 -0.68565E+00
  177.00  0.27081E+00  0.54221E-03 -0.89148E-04  0.19917E-02  0.84141E+00  0.10178E-06  0.24691E-04 -0.84139E+00 -0.71143E-03 -0.68378E+00
  178.00  0.27172E+00  0.26693E-03 -0.39827E-04  0.20275E-02  0.84096E+00  0.22153E-07  0.10883E-04 -0.84096E+00 -0.32167E-03 -0.68236E+00
  179.00  0.27228E+00  0.70755E-04 -0.99856E-05  0.20486E-02  0.84069E+00  0.14635E-08  0.27065E-05 -0.84069E+00 -0.81262E-04 -0.68148E+00
  180.00  0.27247E+00  0.17873E-14 -0.24771E-15  0.20555E-02  0.84059E+00  0.91528E-30  0.66958E-16 -0.84059E+00 -0.20211E-14 -0.68118E+00
 scattering matrix expansion coefficients
    w  a11         a22         a33         a23         a32         a44         a12         a34         a13         a24         a14
    0  0.1000E+01  0.0000E+00  0.0000E+00  0.0000E+00  0.0000E+00  0.7704E+00  0.0000E+00  0.0000E+00  0.0000E+00  0.0000E+00  0.8671E-03
    1  0.2128E+01  0.0000E+00  0.0000E+00  0.0000E+00  0.0000E+00  0.2290E+01  0.0000E+00  0.0000E+00  0.0000E+00  0.0000E+00  0.1257E-02
    2  0.2967E+01  0.2416E+00  0.3791E+01  0.3173E-07  0.1668E-02  0.2958E+01 -0.3956E+00 -0.2397E-01 -0.3647E-03 -0.2814E-03  0.1866E-02
    3  0.3388E+01  0.6017E-01  0.3806E+01 -0.1072E-07  0.3370E-02  0.3397E+01 -0.2194E+00 -0.1624E-01  0.5982E-03 -0.7556E-03  0.2307E-02
    4  0.3691E+01  0.3715E-01  0.3975E+01 -0.6260E-07  0.4977E-02  0.3663E+01 -0.1379E+00 -0.2729E-01  0.7159E-04  0.2276E-03  0.2250E-02
    5  0.3796E+01 -0.6815E-03  0.4049E+01  0.2539E-07  0.4462E-02  0.3809E+01 -0.1365E+00 -0.2281E-01  0.2920E-04  0.8888E-03  0.2971E-02
    6  0.3823E+01  0.6924E-02  0.4021E+01  0.2591E-07  0.5739E-02  0.3830E+01 -0.1343E+00 -0.2917E-01 -0.2124E-03 -0.1940E-04  0.1698E-02
    7  0.3793E+01  0.6902E-02  0.3950E+01  0.3339E-07  0.4513E-02  0.3799E+01 -0.1085E+00 -0.3138E-01 -0.1472E-03 -0.4977E-03  0.1326E-02
    8  0.3736E+01  0.8793E-02  0.3859E+01  0.4191E-07  0.3246E-02  0.3733E+01 -0.7532E-01 -0.2784E-01 -0.5288E-03  0.6718E-03  0.3840E-02
    9  0.3627E+01  0.3462E-02  0.3736E+01  0.1820E-07  0.3024E-02  0.3625E+01 -0.6149E-01 -0.2100E-01 -0.7714E-03  0.6572E-03  0.3847E-02
   10  0.3481E+01  0.1259E-02  0.3576E+01 -0.1173E-07  0.2615E-02  0.3478E+01 -0.5982E-01 -0.1694E-01 -0.9099E-03 -0.2101E-03  0.2869E-02
   11  0.3308E+01 -0.2753E-02  0.3392E+01 -0.1659E-07  0.2658E-02  0.3311E+01 -0.6585E-01 -0.1170E-01 -0.2591E-03 -0.3848E-03  0.1427E-02
   12  0.3140E+01 -0.2136E-02  0.3210E+01  0.2392E-07  0.2916E-02  0.3146E+01 -0.6255E-01 -0.8783E-02  0.6912E-04 -0.6584E-04  0.1089E-02
   13  0.2991E+01  0.3171E-02  0.3045E+01  0.2551E-07  0.2911E-02  0.2989E+01 -0.4460E-01 -0.5593E-02  0.1743E-03 -0.3186E-04  0.1898E-02
   14  0.2847E+01  0.5201E-02  0.2891E+01 -0.1210E-07  0.2231E-02  0.2839E+01 -0.3223E-01 -0.3186E-02 -0.2285E-03 -0.5780E-04  0.1943E-02
   15  0.2697E+01 -0.1699E-02  0.2740E+01 -0.3272E-07  0.1696E-02  0.2701E+01 -0.4199E-01 -0.5323E-02 -0.9759E-04 -0.9668E-04  0.1975E-02
   16  0.2574E+01 -0.2636E-02  0.2610E+01 -0.2598E-07  0.1655E-02  0.2582E+01 -0.4718E-01 -0.9668E-02  0.8752E-04  0.2015E-03  0.2690E-02
   17  0.2492E+01  0.2171E-04  0.2518E+01 -0.1727E-07  0.1286E-02  0.2496E+01 -0.3502E-01 -0.8923E-02  0.1164E-03  0.1899E-03  0.2607E-02
   18  0.2441E+01  0.1654E-02  0.2461E+01 -0.2962E-07  0.3142E-03  0.2442E+01 -0.1439E-01 -0.3616E-02  0.8967E-04 -0.5660E-04  0.1901E-02
   19  0.2399E+01  0.2208E-02  0.2416E+01 -0.1259E-07 -0.5265E-03  0.2399E+01  0.3907E-02  0.3259E-02  0.1129E-03 -0.8040E-05  0.1540E-02
   20  0.2346E+01  0.3256E-02  0.2362E+01 -0.3675E-08 -0.1069E-02  0.2343E+01  0.1799E-01  0.1054E-01  0.8627E-04  0.6196E-04  0.1219E-02
   21  0.2258E+01  0.1740E-02  0.2277E+01 -0.7636E-08 -0.1687E-02  0.2255E+01  0.2229E-01  0.1845E-01 -0.2342E-03  0.4305E-04  0.7783E-03
   22  0.2123E+01 -0.5954E-03  0.2146E+01 -0.1146E-07 -0.2058E-02  0.2124E+01  0.1763E-01  0.2460E-01 -0.4792E-03 -0.3277E-04  0.7783E-03
   23  0.1941E+01 -0.1400E-02  0.1967E+01 -0.8846E-08 -0.1220E-02  0.1945E+01  0.1087E-01  0.2727E-01 -0.2605E-03 -0.1955E-04  0.1466E-02
   24  0.1718E+01 -0.2282E-03  0.1744E+01 -0.1855E-08  0.5929E-03  0.1719E+01  0.7793E-02  0.2755E-01  0.1147E-03  0.3285E-05  0.1867E-02
   25  0.1459E+01  0.5005E-03  0.1484E+01 -0.5086E-08  0.1861E-02  0.1458E+01  0.4590E-02  0.2760E-01  0.1895E-03  0.5750E-04  0.1565E-02
   26  0.1175E+01  0.2705E-03  0.1200E+01 -0.9101E-08  0.1937E-02  0.1173E+01 -0.2943E-02  0.2739E-01  0.7065E-04  0.1491E-03  0.1141E-02
   27  0.8865E+00 -0.5336E-03  0.9096E+00 -0.7246E-08  0.1360E-02  0.8864E+00 -0.1461E-01  0.2565E-01 -0.1501E-04  0.1597E-03  0.9426E-03
   28  0.6205E+00 -0.8518E-03  0.6401E+00 -0.2278E-08  0.8128E-03  0.6216E+00 -0.2474E-01  0.2153E-01 -0.2194E-04  0.9977E-04  0.8357E-03
   29  0.4000E+00 -0.6551E-03  0.4148E+00 -0.3875E-11  0.4845E-03  0.4013E+00 -0.2894E-01  0.1584E-01 -0.1595E-04  0.3936E-04  0.6573E-03
   30  0.2368E+00 -0.1587E-03  0.2466E+00 -0.2206E-08  0.2972E-03  0.2375E+00 -0.2643E-01  0.1012E-01 -0.2063E-04  0.6392E-05  0.4263E-03
   31  0.1286E+00  0.2015E-03  0.1342E+00 -0.2801E-08  0.1787E-03  0.1286E+00 -0.2006E-01  0.5649E-02 -0.2278E-04 -0.3525E-05  0.2298E-03
   32  0.6407E-01  0.3473E-03  0.6691E-01 -0.5913E-09  0.9936E-04  0.6373E-01 -0.1303E-01  0.2766E-02 -0.1900E-04 -0.2392E-05  0.1092E-03
   33  0.2935E-01  0.3141E-03  0.3061E-01  0.9368E-09  0.5025E-04  0.2895E-01 -0.7404E-02  0.1200E-02 -0.1264E-04 -0.1106E-05  0.4784E-04
   34  0.1239E-01  0.2176E-03  0.1288E-01  0.7377E-09  0.2296E-04  0.1208E-01 -0.3734E-02  0.4650E-03 -0.7085E-05 -0.4917E-06  0.2019E-04
   35  0.4837E-02  0.1243E-03  0.5005E-02  0.7430E-10  0.9427E-05  0.4651E-02 -0.1692E-02  0.1627E-03 -0.3354E-05 -0.4201E-06  0.8159E-05
   36  0.1752E-02  0.6150E-04  0.1800E-02 -0.1877E-09  0.3508E-05  0.1656E-02 -0.6948E-03  0.5180E-04 -0.1385E-05 -0.2700E-06  0.3124E-05
   37  0.5906E-03  0.2685E-04  0.6020E-03 -0.9193E-10  0.1190E-05  0.5475E-03 -0.2607E-03  0.1516E-04 -0.5115E-06 -0.1478E-06  0.1127E-05
   38  0.1859E-03  0.1053E-04  0.1877E-03  0.2814E-10  0.3652E-06  0.1687E-03 -0.8993E-04  0.4100E-05 -0.1661E-06 -0.6750E-07  0.3874E-06
   39  0.5480E-04  0.3745E-05  0.5478E-04  0.7433E-10  0.1043E-06  0.4857E-04 -0.2870E-04  0.1032E-05 -0.4978E-07 -0.2721E-07  0.1256E-06
   40  0.1518E-04  0.1222E-05  0.1500E-04  0.7378E-10  0.2798E-07  0.1312E-04 -0.8511E-05  0.2435E-06 -0.1384E-07 -0.9593E-08  0.3792E-07
   41  0.3963E-05  0.3672E-06  0.3871E-05  0.5358E-10  0.6626E-08  0.3337E-05 -0.2359E-05  0.5529E-07 -0.3389E-08 -0.2930E-08  0.1046E-07
   42  0.9823E-06  0.1022E-06  0.9485E-06  0.3047E-10  0.1342E-08  0.8068E-06 -0.6146E-06  0.1389E-07 -0.7497E-09 -0.7269E-09  0.2553E-08
   43  0.2356E-06  0.2643E-07  0.2253E-06  0.1299E-10  0.3079E-09  0.1900E-06 -0.1529E-06  0.4470E-08 -0.2075E-09 -0.1363E-09  0.5760E-09
   44  0.5746E-07  0.6535E-08  0.5467E-07  0.3929E-11  0.1039E-09  0.4619E-07 -0.3777E-07  0.1653E-08 -0.6519E-10 -0.9544E-11  0.1632E-09
   45  0.1551E-07  0.1603E-08  0.1478E-07  0.7774E-12  0.4389E-10  0.1275E-07 -0.9995E-08  0.7032E-09 -0.2965E-10  0.1101E-10  0.5630E-10
   46  0.5486E-08  0.4119E-09  0.5306E-08  0.9933E-13  0.9558E-11  0.4781E-08 -0.3242E-08  0.4234E-09 -0.9792E-11  0.1321E-10  0.1805E-10
   47  0.2563E-08  0.9144E-10  0.2532E-08  0.2228E-13  0.1487E-11  0.2415E-08 -0.1462E-08  0.3386E-09 -0.3079E-11  0.1047E-10 -0.2952E-11
   48  0.1904E-08  0.3365E-10  0.1941E-08 -0.2717E-14 -0.4162E-11  0.1861E-08 -0.8967E-09  0.2458E-09 -0.3935E-12  0.5416E-11 -0.1214E-11
   49  0.6714E-09  0.1224E-10  0.6654E-09 -0.1333E-13 -0.1388E-11  0.6605E-09 -0.3944E-09  0.1191E-09  0.3971E-12  0.2805E-11 -0.3919E-11
   50  0.7701E-09  0.4079E-10  0.7698E-09 -0.1279E-13 -0.2625E-11  0.7047E-09 -0.4128E-09  0.5951E-10  0.6853E-12  0.8245E-12 -0.2154E-12
   51  0.1033E-09  0.4770E-11  0.9922E-10 -0.7543E-14 -0.2129E-12  0.9766E-10 -0.6616E-10  0.1566E-10  0.1437E-12  0.4031E-12 -0.6994E-12
   52  0.1626E-09  0.1596E-10  0.1562E-09 -0.3351E-14 -0.5204E-12  0.1350E-09 -0.1012E-09  0.6752E-11  0.1778E-12  0.4676E-13  0.2897E-13
   53  0.7224E-11  0.5133E-12  0.6639E-11 -0.1115E-14 -0.1550E-13  0.6630E-11 -0.4906E-11  0.9638E-12  0.1394E-13  0.3035E-13 -0.5177E-13
   54  0.1857E-10  0.2511E-11  0.1724E-10 -0.2411E-15 -0.5236E-13  0.1415E-10 -0.1282E-10  0.3999E-12  0.2046E-13  0.1087E-14  0.4284E-14
   55  0.2508E-12  0.2427E-13  0.2165E-12 -0.5106E-16 -0.4242E-15  0.2252E-12 -0.1759E-12  0.2797E-13  0.5336E-15  0.1187E-14 -0.1884E-14
   56  0.1243E-11  0.2013E-12  0.1113E-11 -0.1870E-16 -0.2901E-14  0.8788E-12 -0.9169E-12  0.1479E-13  0.1258E-14 -0.6156E-16  0.3605E-15
   57  0.3473E-14  0.2813E-15  0.2163E-14 -0.4080E-17  0.3734E-17  0.3837E-14 -0.1958E-14  0.3015E-15  0.1313E-16  0.2343E-16 -0.3512E-16
   58  0.6049E-13  0.1168E-13  0.5378E-13 -0.4678E-18 -0.1178E-15  0.3999E-13 -0.4770E-13  0.4227E-15  0.5457E-16 -0.1293E-16  0.2630E-16
