 input file is 
mstm19_512_0437.inp           
 input file comments follow:
***********************************************************
  This is the default mstm input file for v.3.0.
  The run is for a 7-sphere cluster of identical spheres.   The positions
  are embedded in the input file.

  The run makes use of the new_run and multiple_run options.

  14 April 2013
***********************************************************
 number of processors:
   1
 input parameters for run number 
    1
 number of spheres, volume size parameter:
  512  0.34960E+01
 position file:
position/n512/a19.out                                       
 output file:
output/512/x0437/mt_19_512_0437.dat                         
 length, ref. indx. scale factors:
   0.437   1.660   0.002
 chiral factors:
  0.00000E+00  0.00000E+00
 scattering matrix directions based on incident frame
 automatic scattering angle calculation
 thetamin, thetamax:
      0.0    180.0
 number scattering angles:
      181
 epsmie, epssoln, max number iterations:
  0.1000E-05  0.1000E-07 5000
 medium refractive index:
  1.0000  0.0000
 target euler rotation angles:
    0.0000    0.0000    0.0000
 far field kr, iterations/correction:
  0.1000E-07   20
 plane wave incidence
 random orientation calculations
 t matrix calculated from end of file 
tmatrixfiles/tmf_19_512_0437_166_000219                     
 t matrix convergence epsilon:
  0.1000E-06
 all spheres excited (total T matrix) 
 calculation results for run 
    1
 total ext, abs, scat efficiencies, w.r.t. xv, and asym. parm
  0.14425E+01  0.18951E-01  0.14236E+01  0.72938E+00
 scattering matrix elements (normalized w/ S11)
   theta      11           12           13           14           22           23           24           33           34           44     
    0.00  0.74241E+02  0.00000E+00  0.00000E+00  0.21046E-04  0.99991E+00  0.34778E-04  0.00000E+00  0.99991E+00  0.00000E+00  0.99982E+00
    1.00  0.73135E+02 -0.14748E-03  0.48677E-08  0.22813E-04  0.99991E+00  0.34596E-04 -0.23942E-07  0.99991E+00  0.39681E-05  0.99981E+00
    2.00  0.69933E+02 -0.59015E-03  0.17670E-07  0.27868E-04  0.99990E+00  0.33966E-04 -0.98887E-07  0.99990E+00  0.14433E-04  0.99981E+00
    3.00  0.64967E+02 -0.13287E-02  0.33113E-07  0.35419E-04  0.99990E+00  0.32627E-04 -0.23340E-06  0.99989E+00  0.26981E-04  0.99979E+00
    4.00  0.58727E+02 -0.23645E-02  0.42900E-07  0.44000E-04  0.99989E+00  0.30150E-04 -0.43885E-06  0.99988E+00  0.34018E-04  0.99977E+00
    5.00  0.51787E+02 -0.36992E-02  0.37104E-07  0.51294E-04  0.99987E+00  0.25957E-04 -0.72401E-06  0.99986E+00  0.24757E-04  0.99974E+00
    6.00  0.44714E+02 -0.53345E-02  0.73151E-08  0.53986E-04  0.99985E+00  0.19413E-04 -0.10862E-05  0.99983E+00 -0.13979E-04  0.99969E+00
    7.00  0.37994E+02 -0.72715E-02 -0.47432E-07  0.47862E-04  0.99982E+00  0.10033E-04 -0.14987E-05  0.99979E+00 -0.95132E-04  0.99962E+00
    8.00  0.31975E+02 -0.95088E-02 -0.11168E-06  0.28458E-04  0.99978E+00 -0.21339E-05 -0.18993E-05  0.99973E+00 -0.22590E-03  0.99953E+00
    9.00  0.26844E+02 -0.12040E-01 -0.14399E-06 -0.74536E-05  0.99974E+00 -0.16009E-04 -0.21886E-05  0.99966E+00 -0.39949E-03  0.99941E+00
   10.00  0.22635E+02 -0.14851E-01 -0.73504E-07 -0.59764E-04  0.99968E+00 -0.29101E-04 -0.22537E-05  0.99956E+00 -0.58749E-03  0.99926E+00
   11.00  0.19257E+02 -0.17921E-01  0.18936E-06 -0.12342E-03  0.99962E+00 -0.37640E-04 -0.20212E-05  0.99945E+00 -0.73943E-03  0.99909E+00
   12.00  0.16545E+02 -0.21222E-01  0.72797E-06 -0.18884E-03  0.99956E+00 -0.37428E-04 -0.15180E-05  0.99931E+00 -0.79448E-03  0.99890E+00
   13.00  0.14313E+02 -0.24725E-01  0.15938E-05 -0.24476E-03  0.99949E+00 -0.24999E-04 -0.90040E-06  0.99915E+00 -0.70101E-03  0.99868E+00
   14.00  0.12393E+02 -0.28408E-01  0.27968E-05 -0.28167E-03  0.99942E+00  0.16441E-05 -0.42948E-06  0.99897E+00 -0.43268E-03  0.99844E+00
   15.00  0.10665E+02 -0.32252E-01  0.43135E-05 -0.29395E-03  0.99933E+00  0.43022E-04 -0.41284E-06  0.99876E+00  0.60536E-05  0.99815E+00
   16.00  0.90653E+01 -0.36252E-01  0.61021E-05 -0.28000E-03  0.99922E+00  0.98506E-04 -0.11388E-05  0.99851E+00  0.58073E-03  0.99780E+00
   17.00  0.75852E+01 -0.40425E-01  0.81096E-05 -0.24164E-03  0.99908E+00  0.16630E-03 -0.28028E-05  0.99819E+00  0.12247E-02  0.99736E+00
   18.00  0.62485E+01 -0.44834E-01  0.10269E-04 -0.18405E-03  0.99888E+00  0.24257E-03 -0.53927E-05  0.99779E+00  0.18284E-02  0.99680E+00
   19.00  0.50928E+01 -0.49628E-01  0.12490E-04 -0.11675E-03  0.99862E+00  0.31968E-03 -0.84925E-05  0.99728E+00  0.22240E-02  0.99606E+00
   20.00  0.41490E+01 -0.55088E-01  0.14667E-04 -0.55114E-04  0.99829E+00  0.38430E-03 -0.11038E-04  0.99663E+00  0.21857E-02  0.99513E+00
   21.00  0.34290E+01 -0.61608E-01  0.16724E-04 -0.19416E-04  0.99790E+00  0.41787E-03 -0.11256E-04  0.99581E+00  0.14876E-02  0.99398E+00
   22.00  0.29200E+01 -0.69561E-01  0.18714E-04 -0.27776E-04  0.99749E+00  0.40345E-03 -0.72197E-05  0.99481E+00  0.41778E-04  0.99265E+00
   23.00  0.25881E+01 -0.79041E-01  0.20895E-04 -0.84213E-04  0.99712E+00  0.33738E-03  0.18825E-05  0.99368E+00 -0.19650E-02  0.99122E+00
   24.00  0.23865E+01 -0.89732E-01  0.23676E-04 -0.17321E-03  0.99684E+00  0.23516E-03  0.14806E-04  0.99244E+00 -0.41152E-02  0.98977E+00
   25.00  0.22655E+01 -0.10108E+00  0.27428E-04 -0.26936E-03  0.99665E+00  0.12238E-03  0.28789E-04  0.99114E+00 -0.59989E-02  0.98834E+00
   26.00  0.21823E+01 -0.11262E+00  0.32337E-04 -0.35247E-03  0.99651E+00  0.19994E-04  0.41021E-04  0.98978E+00 -0.74112E-02  0.98689E+00
   27.00  0.21066E+01 -0.12409E+00  0.38379E-04 -0.41421E-03  0.99638E+00 -0.62571E-04  0.49584E-04  0.98833E+00 -0.83621E-02  0.98537E+00
   28.00  0.20231E+01 -0.13540E+00  0.45332E-04 -0.45575E-03  0.99624E+00 -0.12561E-03  0.53565E-04  0.98677E+00 -0.89792E-02  0.98373E+00
   29.00  0.19292E+01 -0.14655E+00  0.52755E-04 -0.48274E-03  0.99606E+00 -0.17478E-03  0.52875E-04  0.98508E+00 -0.94209E-02  0.98193E+00
   30.00  0.18314E+01 -0.15756E+00  0.59949E-04 -0.50117E-03  0.99584E+00 -0.21768E-03  0.48194E-04  0.98326E+00 -0.98249E-02  0.97997E+00
   31.00  0.17398E+01 -0.16845E+00  0.65972E-04 -0.51438E-03  0.99559E+00 -0.26145E-03  0.41004E-04  0.98131E+00 -0.10280E-01  0.97787E+00
   32.00  0.16635E+01 -0.17926E+00  0.69811E-04 -0.52139E-03  0.99534E+00 -0.31075E-03  0.33469E-04  0.97925E+00 -0.10807E-01  0.97565E+00
   33.00  0.16080E+01 -0.19008E+00  0.70691E-04 -0.51675E-03  0.99512E+00 -0.36633E-03  0.27906E-04  0.97708E+00 -0.11358E-01  0.97335E+00
   34.00  0.15733E+01 -0.20101E+00  0.68374E-04 -0.49275E-03  0.99494E+00 -0.42487E-03  0.25980E-04  0.97477E+00 -0.11839E-01  0.97095E+00
   35.00  0.15549E+01 -0.21218E+00  0.63239E-04 -0.44278E-03  0.99481E+00 -0.48061E-03  0.28058E-04  0.97231E+00 -0.12150E-01  0.96844E+00
   36.00  0.15454E+01 -0.22369E+00  0.56087E-04 -0.36404E-03  0.99472E+00 -0.52777E-03  0.33170E-04  0.96963E+00 -0.12228E-01  0.96576E+00
   37.00  0.15363E+01 -0.23559E+00  0.47822E-04 -0.25826E-03  0.99465E+00 -0.56250E-03  0.39500E-04  0.96671E+00 -0.12058E-01  0.96285E+00
   38.00  0.15201E+01 -0.24788E+00  0.39227E-04 -0.13095E-03  0.99458E+00 -0.58350E-03  0.45023E-04  0.96350E+00 -0.11667E-01  0.95966E+00
   39.00  0.14919E+01 -0.26054E+00  0.30880E-04  0.10027E-04  0.99449E+00 -0.59182E-03  0.47998E-04  0.95998E+00 -0.11112E-01  0.95616E+00
   40.00  0.14493E+01 -0.27352E+00  0.23188E-04  0.15551E-03  0.99437E+00 -0.59030E-03  0.47222E-04  0.95614E+00 -0.10460E-01  0.95231E+00
   41.00  0.13928E+01 -0.28678E+00  0.16451E-04  0.29586E-03  0.99420E+00 -0.58315E-03  0.42152E-04  0.95196E+00 -0.97811E-02  0.94809E+00
   42.00  0.13249E+01 -0.30030E+00  0.10920E-04  0.42161E-03  0.99396E+00 -0.57552E-03  0.32941E-04  0.94743E+00 -0.91423E-02  0.94347E+00
   43.00  0.12494E+01 -0.31410E+00  0.68147E-05  0.52435E-03  0.99365E+00 -0.57304E-03  0.20421E-04  0.94252E+00 -0.85998E-02  0.93844E+00
   44.00  0.11706E+01 -0.32820E+00  0.43096E-05  0.59773E-03  0.99326E+00 -0.58120E-03  0.60065E-05  0.93721E+00 -0.81942E-02  0.93296E+00
   45.00  0.10924E+01 -0.34267E+00  0.34859E-05  0.63852E-03  0.99279E+00 -0.60443E-03 -0.85176E-05  0.93145E+00 -0.79432E-02  0.92699E+00
   46.00  0.10179E+01 -0.35760E+00  0.42740E-05  0.64739E-03  0.99225E+00 -0.64503E-03 -0.21336E-04  0.92521E+00 -0.78366E-02  0.92050E+00
   47.00  0.94935E+00 -0.37305E+00  0.64122E-05  0.62905E-03  0.99164E+00 -0.70220E-03 -0.31013E-04  0.91844E+00 -0.78346E-02  0.91344E+00
   48.00  0.88812E+00 -0.38908E+00  0.94495E-05  0.59140E-03  0.99099E+00 -0.77169E-03 -0.36869E-04  0.91109E+00 -0.78727E-02  0.90580E+00
   49.00  0.83465E+00 -0.40567E+00  0.12815E-04  0.54389E-03  0.99032E+00 -0.84616E-03 -0.39181E-04  0.90315E+00 -0.78731E-02  0.89757E+00
   50.00  0.78873E+00 -0.42275E+00  0.15949E-04  0.49545E-03  0.98967E+00 -0.91656E-03 -0.39104E-04  0.89462E+00 -0.77604E-02  0.88879E+00
   51.00  0.74965E+00 -0.44018E+00  0.18467E-04  0.45268E-03  0.98905E+00 -0.97415E-03 -0.38334E-04  0.88556E+00 -0.74777E-02  0.87951E+00
   52.00  0.71633E+00 -0.45778E+00  0.20299E-04  0.41895E-03  0.98849E+00 -0.10125E-02 -0.38611E-04  0.87600E+00 -0.69987E-02  0.86978E+00
   53.00  0.68752E+00 -0.47539E+00  0.21770E-04  0.39450E-03  0.98798E+00 -0.10289E-02 -0.41275E-04  0.86601E+00 -0.63316E-02  0.85966E+00
   54.00  0.66191E+00 -0.49286E+00  0.23588E-04  0.37736E-03  0.98754E+00 -0.10250E-02 -0.47000E-04  0.85564E+00 -0.55153E-02  0.84920E+00
   55.00  0.63825E+00 -0.51012E+00  0.26755E-04  0.36465E-03  0.98712E+00 -0.10058E-02 -0.55777E-04  0.84490E+00 -0.46099E-02  0.83839E+00
   56.00  0.61549E+00 -0.52716E+00  0.32431E-04  0.35364E-03  0.98672E+00 -0.97887E-03 -0.67092E-04  0.83377E+00 -0.36849E-02  0.82719E+00
   57.00  0.59283E+00 -0.54403E+00  0.41778E-04  0.34242E-03  0.98631E+00 -0.95237E-03 -0.80196E-04  0.82218E+00 -0.28078E-02  0.81553E+00
   58.00  0.56978E+00 -0.56083E+00  0.55804E-04  0.32999E-03  0.98585E+00 -0.93389E-03 -0.94352E-04  0.81005E+00 -0.20341E-02  0.80330E+00
   59.00  0.54619E+00 -0.57766E+00  0.75224E-04  0.31613E-03  0.98532E+00 -0.92909E-03 -0.10900E-03  0.79725E+00 -0.14005E-02  0.79037E+00
   60.00  0.52215E+00 -0.59465E+00  0.10032E-03  0.30100E-03  0.98471E+00 -0.94086E-03 -0.12381E-03  0.78366E+00 -0.91876E-03  0.77660E+00
   61.00  0.49797E+00 -0.61188E+00  0.13083E-03  0.28488E-03  0.98401E+00 -0.96879E-03 -0.13866E-03  0.76915E+00 -0.57276E-03  0.76189E+00
   62.00  0.47409E+00 -0.62944E+00  0.16585E-03  0.26797E-03  0.98321E+00 -0.10090E-02 -0.15354E-03  0.75361E+00 -0.31766E-03  0.74611E+00
   63.00  0.45092E+00 -0.64732E+00  0.20384E-03  0.25053E-03  0.98233E+00 -0.10545E-02 -0.16845E-03  0.73695E+00 -0.83453E-04  0.72920E+00
   64.00  0.42885E+00 -0.66552E+00  0.24271E-03  0.23314E-03  0.98138E+00 -0.10959E-02 -0.18336E-03  0.71914E+00  0.21630E-03  0.71111E+00
   65.00  0.40812E+00 -0.68394E+00  0.28002E-03  0.21709E-03  0.98037E+00 -0.11229E-02 -0.19820E-03  0.70015E+00  0.67076E-03  0.69186E+00
   66.00  0.38885E+00 -0.70248E+00  0.31332E-03  0.20473E-03  0.97934E+00 -0.11259E-02 -0.21296E-03  0.68003E+00  0.13550E-02  0.67149E+00
   67.00  0.37102E+00 -0.72099E+00  0.34046E-03  0.19957E-03  0.97830E+00 -0.10976E-02 -0.22783E-03  0.65882E+00  0.23141E-02  0.65006E+00
   68.00  0.35451E+00 -0.73934E+00  0.35992E-03  0.20611E-03  0.97727E+00 -0.10342E-02 -0.24333E-03  0.63659E+00  0.35520E-02  0.62766E+00
   69.00  0.33917E+00 -0.75738E+00  0.37096E-03  0.22925E-03  0.97626E+00 -0.93623E-03 -0.26036E-03  0.61342E+00  0.50284E-02  0.60436E+00
   70.00  0.32482E+00 -0.77499E+00  0.37365E-03  0.27357E-03  0.97527E+00 -0.80794E-03 -0.28019E-03  0.58937E+00  0.66645E-02  0.58022E+00
   71.00  0.31133E+00 -0.79206E+00  0.36872E-03  0.34237E-03  0.97432E+00 -0.65687E-03 -0.30429E-03  0.56450E+00  0.83545E-02  0.55532E+00
   72.00  0.29860E+00 -0.80852E+00  0.35735E-03  0.43690E-03  0.97338E+00 -0.49247E-03 -0.33405E-03  0.53886E+00  0.99831E-02  0.52969E+00
   73.00  0.28660E+00 -0.82429E+00  0.34086E-03  0.55576E-03  0.97246E+00 -0.32476E-03 -0.37047E-03  0.51248E+00  0.11442E-01  0.50337E+00
   74.00  0.27534E+00 -0.83932E+00  0.32047E-03  0.69477E-03  0.97156E+00 -0.16294E-03 -0.41390E-03  0.48541E+00  0.12644E-01  0.47642E+00
   75.00  0.26482E+00 -0.85355E+00  0.29708E-03  0.84728E-03  0.97068E+00 -0.14252E-04 -0.46382E-03  0.45769E+00  0.13537E-01  0.44886E+00
   76.00  0.25509E+00 -0.86694E+00  0.27113E-03  0.10050E-02  0.96980E+00  0.11690E-03 -0.51888E-03  0.42937E+00  0.14106E-01  0.42075E+00
   77.00  0.24616E+00 -0.87947E+00  0.24266E-03  0.11594E-02  0.96894E+00  0.22931E-03 -0.57709E-03  0.40048E+00  0.14367E-01  0.39210E+00
   78.00  0.23801E+00 -0.89111E+00  0.21138E-03  0.13030E-02  0.96809E+00  0.32479E-03 -0.63628E-03  0.37105E+00  0.14366E-01  0.36296E+00
   79.00  0.23062E+00 -0.90183E+00  0.17696E-03  0.14308E-02  0.96725E+00  0.40744E-03 -0.69463E-03  0.34109E+00  0.14158E-01  0.33332E+00
   80.00  0.22393E+00 -0.91164E+00  0.13925E-03  0.15410E-02  0.96643E+00  0.48256E-03 -0.75123E-03  0.31062E+00  0.13796E-01  0.30319E+00
   81.00  0.21789E+00 -0.92051E+00  0.98670E-04  0.16355E-02  0.96563E+00  0.55533E-03 -0.80648E-03  0.27963E+00  0.13317E-01  0.27257E+00
   82.00  0.21244E+00 -0.92843E+00  0.56321E-04  0.17191E-02  0.96486E+00  0.62957E-03 -0.86226E-03  0.24812E+00  0.12740E-01  0.24145E+00
   83.00  0.20754E+00 -0.93539E+00  0.14157E-04  0.17990E-02  0.96412E+00  0.70692E-03 -0.92177E-03  0.21612E+00  0.12062E-01  0.20985E+00
   84.00  0.20316E+00 -0.94136E+00 -0.25086E-04  0.18828E-02  0.96343E+00  0.78633E-03 -0.98915E-03  0.18365E+00  0.11269E-01  0.17781E+00
   85.00  0.19928E+00 -0.94634E+00 -0.58081E-04  0.19773E-02  0.96279E+00  0.86414E-03 -0.10689E-02  0.15077E+00  0.10341E-01  0.14538E+00
   86.00  0.19589E+00 -0.95029E+00 -0.81229E-04  0.20872E-02  0.96222E+00  0.93463E-03 -0.11650E-02  0.11758E+00  0.92690E-02  0.11265E+00
   87.00  0.19300E+00 -0.95321E+00 -0.91065E-04  0.22145E-02  0.96173E+00  0.99086E-03 -0.12804E-02  0.84185E-01  0.80594E-02  0.79725E-01
   88.00  0.19059E+00 -0.95508E+00 -0.84687E-04  0.23575E-02  0.96132E+00  0.10257E-02 -0.14165E-02  0.50708E-01  0.67410E-02  0.46736E-01
   89.00  0.18864E+00 -0.95589E+00 -0.60118E-04  0.25113E-02  0.96099E+00  0.10331E-02 -0.15729E-02  0.17276E-01  0.53631E-02  0.13803E-01
   90.00  0.18710E+00 -0.95565E+00 -0.16561E-04  0.26688E-02  0.96074E+00  0.10086E-02 -0.17469E-02 -0.15996E-01  0.39896E-02 -0.18963E-01
   91.00  0.18593E+00 -0.95435E+00  0.45510E-04  0.28211E-02  0.96056E+00  0.95043E-03 -0.19349E-02 -0.49013E-01  0.26893E-02 -0.51470E-01
   92.00  0.18505E+00 -0.95201E+00  0.12440E-03  0.29595E-02  0.96043E+00  0.85912E-03 -0.21319E-02 -0.81703E-01  0.15247E-02 -0.83651E-01
   93.00  0.18439E+00 -0.94862E+00  0.21734E-03  0.30758E-02  0.96033E+00  0.73780E-03 -0.23324E-02 -0.11402E+00  0.54276E-03 -0.11546E+00
   94.00  0.18387E+00 -0.94420E+00  0.32074E-03  0.31636E-02  0.96026E+00  0.59164E-03 -0.25314E-02 -0.14594E+00 -0.23124E-03 -0.14688E+00
   95.00  0.18341E+00 -0.93876E+00  0.43033E-03  0.32183E-02  0.96019E+00  0.42728E-03 -0.27239E-02 -0.17746E+00 -0.79599E-03 -0.17789E+00
   96.00  0.18297E+00 -0.93229E+00  0.54138E-03  0.32376E-02  0.96011E+00  0.25237E-03 -0.29058E-02 -0.20857E+00 -0.11723E-02 -0.20850E+00
   97.00  0.18251E+00 -0.92483E+00  0.64878E-03  0.32211E-02  0.96003E+00  0.74930E-04 -0.30738E-02 -0.23928E+00 -0.13986E-02 -0.23869E+00
   98.00  0.18202E+00 -0.91637E+00  0.74721E-03  0.31699E-02  0.95994E+00 -0.97030E-04 -0.32251E-02 -0.26957E+00 -0.15243E-02 -0.26848E+00
   99.00  0.18150E+00 -0.90696E+00  0.83119E-03  0.30866E-02  0.95984E+00 -0.25600E-03 -0.33574E-02 -0.29945E+00 -0.16026E-02 -0.29783E+00
  100.00  0.18098E+00 -0.89661E+00  0.89534E-03  0.29746E-02  0.95974E+00 -0.39531E-03 -0.34688E-02 -0.32891E+00 -0.16842E-02 -0.32674E+00
  101.00  0.18049E+00 -0.88536E+00  0.93461E-03  0.28382E-02  0.95966E+00 -0.50953E-03 -0.35579E-02 -0.35791E+00 -0.18111E-02 -0.35518E+00
  102.00  0.18006E+00 -0.87325E+00  0.94462E-03  0.26820E-02  0.95960E+00 -0.59471E-03 -0.36232E-02 -0.38643E+00 -0.20133E-02 -0.38312E+00
  103.00  0.17974E+00 -0.86032E+00  0.92208E-03  0.25110E-02  0.95957E+00 -0.64867E-03 -0.36636E-02 -0.41444E+00 -0.23061E-02 -0.41052E+00
  104.00  0.17957E+00 -0.84663E+00  0.86517E-03  0.23305E-02  0.95959E+00 -0.67103E-03 -0.36784E-02 -0.44190E+00 -0.26909E-02 -0.43735E+00
  105.00  0.17956E+00 -0.83222E+00  0.77381E-03  0.21455E-02  0.95965E+00 -0.66325E-03 -0.36671E-02 -0.46876E+00 -0.31566E-02 -0.46355E+00
  106.00  0.17973E+00 -0.81714E+00  0.64986E-03  0.19614E-02  0.95975E+00 -0.62838E-03 -0.36299E-02 -0.49498E+00 -0.36834E-02 -0.48910E+00
  107.00  0.18009E+00 -0.80146E+00  0.49708E-03  0.17826E-02  0.95990E+00 -0.57081E-03 -0.35675E-02 -0.52050E+00 -0.42462E-02 -0.51395E+00
  108.00  0.18063E+00 -0.78523E+00  0.32093E-03  0.16133E-02  0.96010E+00 -0.49579E-03 -0.34812E-02 -0.54529E+00 -0.48188E-02 -0.53804E+00
  109.00  0.18131E+00 -0.76851E+00  0.12820E-03  0.14568E-02  0.96032E+00 -0.40902E-03 -0.33732E-02 -0.56929E+00 -0.53774E-02 -0.56135E+00
  110.00  0.18214E+00 -0.75135E+00 -0.73512E-04  0.13155E-02  0.96057E+00 -0.31615E-03 -0.32460E-02 -0.59245E+00 -0.59026E-02 -0.58383E+00
  111.00  0.18306E+00 -0.73382E+00 -0.27632E-03  0.11905E-02  0.96084E+00 -0.22243E-03 -0.31028E-02 -0.61474E+00 -0.63806E-02 -0.60544E+00
  112.00  0.18405E+00 -0.71598E+00 -0.47257E-03  0.10821E-02  0.96111E+00 -0.13235E-03 -0.29473E-02 -0.63613E+00 -0.68034E-02 -0.62616E+00
  113.00  0.18508E+00 -0.69790E+00 -0.65535E-03  0.98946E-03  0.96137E+00 -0.49481E-04 -0.27830E-02 -0.65658E+00 -0.71681E-02 -0.64596E+00
  114.00  0.18613E+00 -0.67964E+00 -0.81882E-03  0.91070E-03  0.96163E+00  0.23650E-04 -0.26140E-02 -0.67609E+00 -0.74757E-02 -0.66484E+00
  115.00  0.18716E+00 -0.66125E+00 -0.95848E-03  0.84330E-03  0.96188E+00  0.85541E-04 -0.24440E-02 -0.69464E+00 -0.77297E-02 -0.68278E+00
  116.00  0.18817E+00 -0.64280E+00 -0.10713E-02  0.78412E-03  0.96210E+00  0.13563E-03 -0.22765E-02 -0.71225E+00 -0.79346E-02 -0.69978E+00
  117.00  0.18914E+00 -0.62434E+00 -0.11559E-02  0.72966E-03  0.96230E+00  0.17416E-03 -0.21147E-02 -0.72891E+00 -0.80954E-02 -0.71587E+00
  118.00  0.19007E+00 -0.60592E+00 -0.12121E-02  0.67625E-03  0.96248E+00  0.20197E-03 -0.19615E-02 -0.74467E+00 -0.82163E-02 -0.73106E+00
  119.00  0.19095E+00 -0.58757E+00 -0.12413E-02  0.62029E-03  0.96264E+00  0.22031E-03 -0.18193E-02 -0.75953E+00 -0.83003E-02 -0.74538E+00
  120.00  0.19179E+00 -0.56933E+00 -0.12460E-02  0.55841E-03  0.96278E+00  0.23064E-03 -0.16897E-02 -0.77354E+00 -0.83494E-02 -0.75885E+00
  121.00  0.19260E+00 -0.55124E+00 -0.12293E-02  0.48769E-03  0.96290E+00  0.23450E-03 -0.15742E-02 -0.78674E+00 -0.83645E-02 -0.77151E+00
  122.00  0.19338E+00 -0.53331E+00 -0.11952E-02  0.40577E-03  0.96301E+00  0.23330E-03 -0.14733E-02 -0.79915E+00 -0.83455E-02 -0.78340E+00
  123.00  0.19414E+00 -0.51556E+00 -0.11477E-02  0.31098E-03  0.96310E+00  0.22831E-03 -0.13872E-02 -0.81084E+00 -0.82921E-02 -0.79456E+00
  124.00  0.19489E+00 -0.49800E+00 -0.10913E-02  0.20243E-03  0.96318E+00  0.22058E-03 -0.13155E-02 -0.82183E+00 -0.82039E-02 -0.80503E+00
  125.00  0.19564E+00 -0.48065E+00 -0.10297E-02  0.80044E-04  0.96325E+00  0.21091E-03 -0.12574E-02 -0.83217E+00 -0.80810E-02 -0.81485E+00
  126.00  0.19639E+00 -0.46351E+00 -0.96677E-03 -0.55485E-04  0.96332E+00  0.19993E-03 -0.12116E-02 -0.84189E+00 -0.79245E-02 -0.82406E+00
  127.00  0.19716E+00 -0.44659E+00 -0.90554E-03 -0.20270E-03  0.96340E+00  0.18803E-03 -0.11765E-02 -0.85104E+00 -0.77360E-02 -0.83269E+00
  128.00  0.19795E+00 -0.42990E+00 -0.84854E-03 -0.35951E-03  0.96347E+00  0.17551E-03 -0.11504E-02 -0.85965E+00 -0.75186E-02 -0.84079E+00
  129.00  0.19877E+00 -0.41344E+00 -0.79765E-03 -0.52328E-03  0.96355E+00  0.16252E-03 -0.11312E-02 -0.86774E+00 -0.72760E-02 -0.84838E+00
  130.00  0.19961E+00 -0.39722E+00 -0.75413E-03 -0.69098E-03  0.96364E+00  0.14916E-03 -0.11168E-02 -0.87535E+00 -0.70129E-02 -0.85549E+00
  131.00  0.20048E+00 -0.38126E+00 -0.71861E-03 -0.85935E-03  0.96373E+00  0.13550E-03 -0.11053E-02 -0.88250E+00 -0.67343E-02 -0.86215E+00
  132.00  0.20137E+00 -0.36556E+00 -0.69121E-03 -0.10250E-02  0.96384E+00  0.12156E-03 -0.10946E-02 -0.88922E+00 -0.64454E-02 -0.86838E+00
  133.00  0.20228E+00 -0.35013E+00 -0.67158E-03 -0.11848E-02  0.96396E+00  0.10741E-03 -0.10830E-02 -0.89551E+00 -0.61513E-02 -0.87422E+00
  134.00  0.20322E+00 -0.33500E+00 -0.65899E-03 -0.13355E-02  0.96409E+00  0.93091E-04 -0.10691E-02 -0.90142E+00 -0.58569E-02 -0.87967E+00
  135.00  0.20417E+00 -0.32016E+00 -0.65242E-03 -0.14744E-02  0.96423E+00  0.78706E-04 -0.10515E-02 -0.90694E+00 -0.55661E-02 -0.88475E+00
  136.00  0.20513E+00 -0.30563E+00 -0.65068E-03 -0.15993E-02  0.96438E+00  0.64370E-04 -0.10292E-02 -0.91210E+00 -0.52824E-02 -0.88949E+00
  137.00  0.20609E+00 -0.29143E+00 -0.65244E-03 -0.17082E-02  0.96454E+00  0.50226E-04 -0.10017E-02 -0.91692E+00 -0.50086E-02 -0.89390E+00
  138.00  0.20705E+00 -0.27756E+00 -0.65638E-03 -0.17998E-02  0.96471E+00  0.36437E-04 -0.96866E-03 -0.92140E+00 -0.47466E-02 -0.89799E+00
  139.00  0.20800E+00 -0.26403E+00 -0.66123E-03 -0.18736E-02  0.96487E+00  0.23183E-04 -0.93003E-03 -0.92557E+00 -0.44978E-02 -0.90178E+00
  140.00  0.20894E+00 -0.25085E+00 -0.66585E-03 -0.19291E-02  0.96504E+00  0.10649E-04 -0.88608E-03 -0.92944E+00 -0.42629E-02 -0.90528E+00
  141.00  0.20985E+00 -0.23802E+00 -0.66927E-03 -0.19668E-02  0.96521E+00 -0.96964E-06 -0.83726E-03 -0.93302E+00 -0.40424E-02 -0.90850E+00
  142.00  0.21073E+00 -0.22555E+00 -0.67075E-03 -0.19875E-02  0.96537E+00 -0.11473E-04 -0.78419E-03 -0.93633E+00 -0.38363E-02 -0.91146E+00
  143.00  0.21158E+00 -0.21343E+00 -0.66975E-03 -0.19922E-02  0.96553E+00 -0.20655E-04 -0.72761E-03 -0.93937E+00 -0.36446E-02 -0.91416E+00
  144.00  0.21239E+00 -0.20166E+00 -0.66592E-03 -0.19826E-02  0.96567E+00 -0.28306E-04 -0.66831E-03 -0.94216E+00 -0.34672E-02 -0.91662E+00
  145.00  0.21315E+00 -0.19025E+00 -0.65914E-03 -0.19605E-02  0.96580E+00 -0.34224E-04 -0.60711E-03 -0.94472E+00 -0.33043E-02 -0.91884E+00
  146.00  0.21387E+00 -0.17918E+00 -0.64936E-03 -0.19279E-02  0.96592E+00 -0.38226E-04 -0.54483E-03 -0.94705E+00 -0.31560E-02 -0.92084E+00
  147.00  0.21453E+00 -0.16845E+00 -0.63668E-03 -0.18869E-02  0.96602E+00 -0.40175E-04 -0.48226E-03 -0.94916E+00 -0.30226E-02 -0.92262E+00
  148.00  0.21514E+00 -0.15806E+00 -0.62120E-03 -0.18396E-02  0.96611E+00 -0.40006E-04 -0.42014E-03 -0.95108E+00 -0.29044E-02 -0.92420E+00
  149.00  0.21570E+00 -0.14799E+00 -0.60303E-03 -0.17881E-02  0.96617E+00 -0.37753E-04 -0.35920E-03 -0.95281E+00 -0.28019E-02 -0.92559E+00
  150.00  0.21620E+00 -0.13826E+00 -0.58227E-03 -0.17344E-02  0.96622E+00 -0.33571E-04 -0.30014E-03 -0.95436E+00 -0.27154E-02 -0.92681E+00
  151.00  0.21666E+00 -0.12884E+00 -0.55896E-03 -0.16803E-02  0.96625E+00 -0.27739E-04 -0.24363E-03 -0.95575E+00 -0.26448E-02 -0.92785E+00
  152.00  0.21706E+00 -0.11974E+00 -0.53315E-03 -0.16274E-02  0.96625E+00 -0.20657E-04 -0.19031E-03 -0.95699E+00 -0.25898E-02 -0.92873E+00
  153.00  0.21742E+00 -0.11095E+00 -0.50486E-03 -0.15767E-02  0.96624E+00 -0.12814E-04 -0.14080E-03 -0.95809E+00 -0.25494E-02 -0.92947E+00
  154.00  0.21773E+00 -0.10248E+00 -0.47418E-03 -0.15295E-02  0.96620E+00 -0.47462E-05 -0.95698E-04 -0.95906E+00 -0.25222E-02 -0.93006E+00
  155.00  0.21801E+00 -0.94322E-01 -0.44127E-03 -0.14863E-02  0.96614E+00  0.30138E-05 -0.55503E-04 -0.95990E+00 -0.25062E-02 -0.93053E+00
  156.00  0.21825E+00 -0.86481E-01 -0.40640E-03 -0.14477E-02  0.96605E+00  0.99926E-05 -0.20638E-04 -0.96063E+00 -0.24985E-02 -0.93087E+00
  157.00  0.21847E+00 -0.78963E-01 -0.36998E-03 -0.14140E-02  0.96595E+00  0.15820E-04  0.85991E-05 -0.96126E+00 -0.24959E-02 -0.93110E+00
  158.00  0.21867E+00 -0.71773E-01 -0.33254E-03 -0.13853E-02  0.96582E+00  0.20261E-04  0.32059E-04 -0.96178E+00 -0.24949E-02 -0.93121E+00
  159.00  0.21886E+00 -0.64917E-01 -0.29474E-03 -0.13616E-02  0.96566E+00  0.23227E-04  0.49758E-04 -0.96221E+00 -0.24916E-02 -0.93121E+00
  160.00  0.21904E+00 -0.58403E-01 -0.25730E-03 -0.13428E-02  0.96549E+00  0.24763E-04  0.61889E-04 -0.96255E+00 -0.24820E-02 -0.93111E+00
  161.00  0.21922E+00 -0.52235E-01 -0.22094E-03 -0.13285E-02  0.96529E+00  0.25026E-04  0.68811E-04 -0.96281E+00 -0.24622E-02 -0.93092E+00
  162.00  0.21940E+00 -0.46419E-01 -0.18637E-03 -0.13186E-02  0.96508E+00  0.24245E-04  0.71039E-04 -0.96299E+00 -0.24288E-02 -0.93064E+00
  163.00  0.21959E+00 -0.40958E-01 -0.15419E-03 -0.13125E-02  0.96484E+00  0.22680E-04  0.69220E-04 -0.96310E+00 -0.23787E-02 -0.93028E+00
  164.00  0.21979E+00 -0.35854E-01 -0.12486E-03 -0.13099E-02  0.96459E+00  0.20588E-04  0.64098E-04 -0.96315E+00 -0.23095E-02 -0.92985E+00
  165.00  0.22000E+00 -0.31107E-01 -0.98716E-04 -0.13101E-02  0.96432E+00  0.18194E-04  0.56481E-04 -0.96313E+00 -0.22195E-02 -0.92935E+00
  166.00  0.22022E+00 -0.26717E-01 -0.75905E-04 -0.13126E-02  0.96404E+00  0.15679E-04  0.47206E-04 -0.96307E+00 -0.21080E-02 -0.92880E+00
  167.00  0.22045E+00 -0.22683E-01 -0.56457E-04 -0.13171E-02  0.96374E+00  0.13176E-04  0.37100E-04 -0.96297E+00 -0.19748E-02 -0.92819E+00
  168.00  0.22069E+00 -0.19004E-01 -0.40279E-04 -0.13229E-02  0.96343E+00  0.10779E-04  0.26941E-04 -0.96282E+00 -0.18212E-02 -0.92755E+00
  169.00  0.22095E+00 -0.15678E-01 -0.27195E-04 -0.13298E-02  0.96312E+00  0.85530E-05  0.17425E-04 -0.96265E+00 -0.16493E-02 -0.92688E+00
  170.00  0.22121E+00 -0.12703E-01 -0.16969E-04 -0.13374E-02  0.96280E+00  0.65450E-05  0.91226E-05 -0.96245E+00 -0.14621E-02 -0.92619E+00
  171.00  0.22148E+00 -0.10074E-01 -0.93203E-05 -0.13454E-02  0.96247E+00  0.47908E-05  0.24499E-05 -0.96222E+00 -0.12640E-02 -0.92548E+00
  172.00  0.22175E+00 -0.77858E-02 -0.39402E-05 -0.13538E-02  0.96215E+00  0.33175E-05 -0.23594E-05 -0.96198E+00 -0.10601E-02 -0.92476E+00
  173.00  0.22201E+00 -0.58273E-02 -0.49156E-06 -0.13621E-02  0.96184E+00  0.21409E-05 -0.52676E-05 -0.96173E+00 -0.85646E-03 -0.92406E+00
  174.00  0.22227E+00 -0.41859E-02  0.13858E-05 -0.13703E-02  0.96154E+00  0.12606E-05 -0.64299E-05 -0.96148E+00 -0.65985E-03 -0.92339E+00
  175.00  0.22251E+00 -0.28448E-02  0.20700E-05 -0.13781E-02  0.96127E+00  0.65600E-06 -0.61707E-05 -0.96124E+00 -0.47735E-03 -0.92276E+00
  176.00  0.22272E+00 -0.17852E-02  0.19449E-05 -0.13851E-02  0.96103E+00  0.28646E-06 -0.49392E-05 -0.96102E+00 -0.31605E-03 -0.92221E+00
  177.00  0.22289E+00 -0.98756E-03  0.13809E-05 -0.13910E-02  0.96083E+00  0.95366E-07 -0.32482E-05 -0.96083E+00 -0.18259E-03 -0.92176E+00
  178.00  0.22302E+00 -0.43335E-03  0.70881E-06 -0.13955E-02  0.96068E+00  0.19545E-07 -0.16021E-05 -0.96068E+00 -0.82728E-04 -0.92141E+00
  179.00  0.22310E+00 -0.10747E-03  0.19189E-06 -0.13983E-02  0.96059E+00  0.12492E-08 -0.42527E-06 -0.96059E+00 -0.20924E-04 -0.92120E+00
  180.00  0.22313E+00 -0.26563E-14  0.48791E-17 -0.13993E-02  0.96056E+00  0.77304E-30 -0.10749E-16 -0.96056E+00 -0.52059E-15 -0.92113E+00
 scattering matrix expansion coefficients
    w  a11         a22         a33         a23         a32         a44         a12         a34         a13         a24         a14
    0  0.1000E+01  0.0000E+00  0.0000E+00  0.0000E+00  0.0000E+00  0.7831E+00  0.0000E+00  0.0000E+00  0.0000E+00  0.0000E+00  0.6314E-04
    1  0.2188E+01  0.0000E+00  0.0000E+00  0.0000E+00  0.0000E+00  0.2406E+01  0.0000E+00  0.0000E+00  0.0000E+00  0.0000E+00 -0.6249E-05
    2  0.3110E+01  0.2696E+00  0.3913E+01  0.1814E-06 -0.3661E-03  0.3088E+01 -0.3949E+00 -0.1834E-02  0.1536E-04 -0.5484E-03 -0.7669E-03
    3  0.3560E+01  0.5972E-01  0.3997E+01 -0.9850E-07  0.1497E-03  0.3555E+01 -0.2381E+00 -0.3479E-02  0.1865E-03  0.3518E-03 -0.2399E-03
    4  0.3876E+01  0.1836E-01  0.4177E+01  0.1289E-07  0.6279E-03  0.3904E+01 -0.1973E+00 -0.1030E-01 -0.1439E-03  0.1603E-03 -0.9184E-04
    5  0.4167E+01  0.2596E-01  0.4361E+01  0.1201E-06  0.6151E-03  0.4167E+01 -0.1344E+00 -0.1035E-01  0.8342E-04 -0.2029E-03 -0.4402E-03
    6  0.4398E+01  0.1677E-01  0.4547E+01 -0.6077E-07  0.1860E-03  0.4387E+01 -0.6478E-01 -0.5652E-02  0.6770E-04  0.2397E-04 -0.1809E-04
    7  0.4520E+01  0.5933E-02  0.4664E+01 -0.6789E-07 -0.2204E-03  0.4515E+01 -0.3514E-01 -0.1069E-02 -0.5339E-04  0.1868E-03  0.3451E-03
    8  0.4510E+01  0.1952E-03  0.4655E+01  0.9690E-07 -0.1465E-03  0.4511E+01 -0.3430E-01  0.1533E-02  0.6827E-04 -0.3345E-04  0.5181E-03
    9  0.4377E+01  0.1403E-02  0.4516E+01  0.1319E-06 -0.6229E-04  0.4376E+01 -0.3792E-01  0.3071E-02  0.1545E-03 -0.1662E-03  0.4078E-03
   10  0.4136E+01  0.1174E-02  0.4267E+01  0.2696E-07 -0.3495E-03  0.4134E+01 -0.3908E-01  0.3864E-02 -0.1133E-03  0.8112E-04  0.1201E-03
   11  0.3807E+01  0.4778E-03  0.3929E+01 -0.3670E-07 -0.4197E-03  0.3805E+01 -0.4781E-01  0.5136E-02 -0.1410E-03 -0.1637E-05  0.1873E-03
   12  0.3422E+01  0.9890E-04  0.3531E+01  0.7079E-08 -0.1898E-03  0.3420E+01 -0.6407E-01  0.4109E-02  0.1084E-03 -0.1002E-03  0.1016E-03
   13  0.3021E+01 -0.2721E-02  0.3117E+01  0.4599E-07 -0.6771E-04  0.3027E+01 -0.7924E-01  0.1446E-02  0.1045E-04 -0.4698E-05  0.1501E-03
   14  0.2660E+01 -0.3251E-03  0.2734E+01 -0.2357E-07  0.1295E-04  0.2663E+01 -0.8115E-01 -0.9482E-03 -0.6731E-04  0.1073E-04  0.4989E-03
   15  0.2358E+01  0.1481E-02  0.2413E+01 -0.4251E-07  0.1838E-03  0.2357E+01 -0.7213E-01 -0.1949E-02  0.2874E-04 -0.4115E-05  0.6938E-03
   16  0.2115E+01  0.2994E-03  0.2158E+01 -0.2125E-07  0.3168E-03  0.2117E+01 -0.5848E-01 -0.2951E-02  0.2815E-04 -0.1478E-04  0.7777E-03
   17  0.1920E+01  0.7492E-03  0.1954E+01 -0.1389E-07  0.3367E-03  0.1921E+01 -0.4256E-01 -0.4136E-02 -0.1954E-04 -0.2526E-05  0.8607E-03
   18  0.1752E+01  0.2440E-02  0.1778E+01 -0.2770E-07  0.4128E-03  0.1749E+01 -0.2894E-01 -0.4902E-02  0.1549E-04  0.1112E-04  0.8254E-03
   19  0.1590E+01  0.1379E-02  0.1614E+01 -0.3048E-07  0.4797E-03  0.1588E+01 -0.2545E-01 -0.4865E-02  0.2359E-04  0.9043E-05  0.6119E-03
   20  0.1436E+01 -0.6544E-03  0.1457E+01 -0.2377E-07  0.4224E-03  0.1437E+01 -0.2999E-01 -0.4415E-02 -0.7119E-05 -0.1219E-04  0.3213E-03
   21  0.1302E+01 -0.9970E-03  0.1320E+01 -0.2631E-07  0.3199E-03  0.1304E+01 -0.3297E-01 -0.3697E-02 -0.2438E-04  0.9924E-06  0.1100E-03
   22  0.1199E+01 -0.4704E-03  0.1213E+01 -0.1165E-07  0.2891E-03  0.1201E+01 -0.2919E-01 -0.2978E-02 -0.2652E-04  0.2390E-04  0.1167E-04
   23  0.1125E+01  0.6504E-05  0.1136E+01 -0.3360E-08  0.3096E-03  0.1127E+01 -0.1939E-01 -0.2610E-02 -0.1679E-04  0.2181E-04 -0.4893E-04
   24  0.1070E+01  0.8920E-03  0.1078E+01 -0.5435E-09  0.2850E-03  0.1070E+01 -0.6306E-02 -0.2176E-02 -0.2683E-05 -0.3761E-05 -0.1296E-03
   25  0.1014E+01  0.1591E-02  0.1021E+01  0.3136E-08  0.1800E-03  0.1012E+01  0.5018E-02 -0.8951E-03  0.4761E-05 -0.2326E-04 -0.2203E-03
   26  0.9423E+00  0.1278E-02  0.9500E+00  0.3557E-08  0.3313E-04  0.9399E+00  0.9657E-02  0.1063E-02  0.6283E-06 -0.3119E-04 -0.3043E-03
   27  0.8466E+00  0.3408E-03  0.8560E+00  0.2200E-08 -0.8665E-04  0.8454E+00  0.7162E-02  0.2779E-02 -0.1502E-05 -0.3563E-04 -0.3865E-03
   28  0.7312E+00 -0.2524E-03  0.7415E+00  0.1549E-08 -0.1446E-03  0.7309E+00  0.1272E-02  0.3660E-02  0.2254E-05 -0.3480E-04 -0.4582E-03
   29  0.6047E+00 -0.3690E-03  0.6149E+00  0.6143E-09 -0.1516E-03  0.6048E+00 -0.4736E-02  0.3801E-02  0.4822E-05 -0.2318E-04 -0.4874E-03
   30  0.4767E+00 -0.3435E-03  0.4862E+00  0.4689E-09 -0.1301E-03  0.4769E+00 -0.9723E-02  0.3497E-02  0.5268E-05 -0.5711E-05 -0.4544E-03
   31  0.3563E+00 -0.3597E-03  0.3645E+00  0.2969E-09 -0.9884E-04  0.3566E+00 -0.1341E-01  0.2925E-02  0.4194E-05  0.8829E-05 -0.3704E-03
   32  0.2512E+00 -0.3217E-03  0.2579E+00 -0.2863E-09 -0.6662E-04  0.2517E+00 -0.1520E-01  0.2193E-02  0.3724E-05  0.1466E-04 -0.2669E-03
   33  0.1667E+00 -0.1859E-03  0.1717E+00 -0.8407E-09 -0.3996E-04  0.1671E+00 -0.1476E-01  0.1447E-02  0.3076E-05  0.1357E-04 -0.1708E-03
   34  0.1041E+00 -0.1325E-04  0.1074E+00 -0.5269E-09 -0.2116E-04  0.1043E+00 -0.1251E-01  0.8284E-03  0.2194E-05  0.9409E-05 -0.9768E-04
   35  0.6130E-01  0.1087E-03  0.6331E-01  0.4768E-09 -0.1019E-04  0.6126E-01 -0.9421E-02  0.4084E-03  0.1315E-05  0.5552E-05 -0.4977E-04
   36  0.3406E-01  0.1544E-03  0.3518E-01  0.9990E-09 -0.4564E-05  0.3390E-01 -0.6409E-02  0.1728E-03  0.7557E-06  0.2941E-05 -0.2243E-04
   37  0.1788E-01  0.1437E-03  0.1845E-01  0.5366E-09 -0.1797E-05  0.1769E-01 -0.3994E-02  0.6244E-04  0.4005E-06  0.1468E-05 -0.8587E-05
   38  0.8866E-02  0.1095E-03  0.9130E-02 -0.1978E-09 -0.6447E-06  0.8711E-02 -0.2301E-02  0.1843E-04  0.2238E-06  0.7093E-06 -0.2588E-05
   39  0.4149E-02  0.7291E-04  0.4260E-02 -0.4849E-09 -0.2505E-06  0.4039E-02 -0.1232E-02  0.3752E-05  0.1448E-06  0.3631E-06 -0.5383E-06
   40  0.1829E-02  0.4360E-04  0.1871E-02 -0.3386E-09 -0.8806E-07  0.1761E-02 -0.6139E-03  0.9629E-07  0.7811E-07  0.1958E-06 -0.1668E-07
   41  0.7592E-03  0.2363E-04  0.7725E-03 -0.1318E-09 -0.1268E-07  0.7212E-03 -0.2846E-03 -0.3300E-06  0.3323E-07  0.1002E-06  0.7271E-07
   42  0.2965E-03  0.1171E-04  0.2998E-03 -0.6688E-10  0.7445E-08  0.2772E-03 -0.1229E-03 -0.1922E-06  0.1231E-07  0.4465E-07  0.6183E-07
   43  0.1088E-03  0.5334E-05  0.1092E-03 -0.8603E-10  0.5644E-08  0.9993E-04 -0.4939E-04 -0.7908E-07  0.4924E-08  0.1815E-07  0.3379E-07
   44  0.3749E-04  0.2238E-05  0.3730E-04 -0.9268E-10  0.2225E-08  0.3371E-04 -0.1848E-04 -0.2587E-07  0.1939E-08  0.7346E-08  0.1311E-07
   45  0.1208E-04  0.8631E-06  0.1190E-04 -0.6849E-10  0.2658E-09  0.1060E-04 -0.6422E-05 -0.5909E-08  0.8149E-09  0.2995E-08  0.3561E-08
   46  0.3628E-05  0.3056E-06  0.3533E-05 -0.3700E-10 -0.1787E-09  0.3099E-05 -0.2066E-05 -0.1184E-08  0.3392E-09  0.1144E-08  0.4271E-09
   47  0.1011E-05  0.9888E-07  0.9726E-06 -0.1475E-10 -0.1335E-09  0.8385E-06 -0.6128E-06  0.1911E-11  0.1129E-09  0.3538E-09 -0.1655E-09
   48  0.2619E-06  0.2914E-07  0.2486E-06 -0.2914E-11 -0.6781E-10  0.2106E-06 -0.1675E-06  0.2138E-09  0.3750E-10  0.4353E-10 -0.1473E-09
   49  0.6446E-07  0.7683E-08  0.6054E-07  0.2020E-11 -0.2858E-10  0.5081E-07 -0.4268E-07  0.2352E-09  0.1571E-10 -0.4325E-10 -0.5429E-10
   50  0.1705E-07  0.1761E-08  0.1613E-07  0.2933E-11 -0.1192E-10  0.1392E-07 -0.1083E-07  0.2666E-09  0.1128E-10 -0.4461E-10 -0.1553E-10
   51  0.6030E-08  0.3417E-09  0.5875E-08  0.2013E-11 -0.5091E-11  0.5446E-08 -0.3452E-08  0.2504E-09  0.1013E-10 -0.2808E-10 -0.8044E-12
   52  0.3727E-08  0.1150E-09  0.3688E-08  0.8730E-12 -0.3342E-11  0.3534E-08 -0.1901E-08  0.1491E-09  0.9005E-11 -0.1437E-10  0.4226E-11
   53  0.2688E-08  0.2396E-10  0.2682E-08  0.1988E-12 -0.3263E-11  0.2649E-08 -0.1308E-08  0.1212E-09  0.6803E-11 -0.5098E-11  0.1521E-11
   54  0.2431E-08  0.3420E-11  0.2454E-08 -0.5466E-13 -0.3041E-11  0.2432E-08 -0.1048E-08  0.1090E-09  0.4485E-11 -0.5962E-12 -0.2060E-11
   55  0.1688E-08 -0.1112E-10  0.1696E-08 -0.1026E-12 -0.1412E-11  0.1724E-08 -0.8926E-09  0.9766E-10  0.2819E-11  0.9175E-12 -0.2402E-11
   56  0.2018E-08  0.1746E-10  0.2063E-08 -0.7954E-13 -0.1015E-11  0.2002E-08 -0.8677E-09  0.7010E-10  0.1426E-11  0.8854E-12 -0.2554E-11
   57  0.5469E-09  0.3491E-11  0.5407E-09 -0.4576E-13 -0.2779E-12  0.5532E-09 -0.3250E-09  0.3559E-10  0.6714E-12  0.7233E-12 -0.1318E-11
   58  0.9168E-09  0.4794E-10  0.9091E-09 -0.2171E-13 -0.4553E-13  0.8372E-09 -0.4775E-09  0.1785E-10  0.2468E-12  0.2638E-12 -0.8133E-12
   59  0.8461E-10  0.2463E-11  0.8128E-10 -0.9289E-14 -0.3129E-13  0.8330E-10 -0.5492E-10  0.5499E-11  0.9281E-13  0.1449E-12 -0.2281E-12
   60  0.2118E-09  0.1952E-10  0.2025E-09 -0.3688E-14  0.3012E-13  0.1776E-09 -0.1277E-09  0.2186E-11  0.2029E-13  0.4499E-13 -0.1420E-12
   61  0.6604E-11  0.3340E-12  0.6084E-11 -0.1277E-14 -0.1879E-14  0.6391E-11 -0.4531E-11  0.4149E-12  0.8083E-14  0.1364E-13 -0.1706E-13
   62  0.2799E-10  0.3528E-11  0.2596E-10 -0.3758E-15  0.6761E-14  0.2173E-10 -0.1871E-10  0.1520E-12  0.3632E-16  0.5474E-14 -0.1559E-13
   63  0.2476E-12  0.1585E-13  0.2171E-12 -0.1007E-15 -0.1678E-16  0.2420E-12 -0.1744E-12  0.1538E-13  0.4262E-15  0.5877E-15 -0.5096E-15
   64  0.2235E-11  0.3344E-12  0.2000E-11 -0.2586E-16  0.6475E-15  0.1623E-11 -0.1594E-11  0.6667E-14 -0.1197E-15  0.3844E-15 -0.1007E-14
   65  0.3496E-14  0.1590E-16  0.1991E-14 -0.6347E-17  0.6252E-17  0.4844E-14 -0.1757E-14  0.2379E-15  0.1719E-16  0.1412E-16  0.6880E-17
   66  0.1444E-12  0.2622E-13  0.1289E-12 -0.1045E-17  0.4715E-16  0.9844E-13 -0.1108E-12  0.2585E-15 -0.1452E-16  0.2865E-16 -0.6198E-16
