 input file is 
mstm17_1024_6398_20_00226.inp 
 input file comments follow:
***********************************************************
  This is the default mstm input file for v.3.0.
  The run is for a 7-sphere cluster of identical spheres.   The positions
  are embedded in the input file.

  The run makes use of the new_run and multiple_run options.

  14 April 2013
***********************************************************
 number of processors:
   1
 input parameters for run number 
    1
 number of spheres, volume size parameter:
 1024  0.64488E+01
 position file:
position/n1024/a17.out                                      
 output file:
output/1024/x6398/20/00226/mt_17_1024_6398_20_00226.dat     
 length, ref. indx. scale factors:
   0.640   2.000   0.023
 chiral factors:
  0.00000E+00  0.00000E+00
 scattering matrix directions based on incident frame
 automatic scattering angle calculation
 thetamin, thetamax:
      0.0    180.0
 number scattering angles:
      181
 epsmie, epssoln, max number iterations:
  0.1000E-05  0.1000E-07 5000
 medium refractive index:
  1.0000  0.0000
 target euler rotation angles:
    0.0000    0.0000    0.0000
 far field kr, iterations/correction:
  0.1000E-07   20
 plane wave incidence
 random orientation calculations
 t matrix calculated from end of file 
tmatrixfiles/17102463982000226                              
 t matrix convergence epsilon:
  0.1000E-06
 all spheres excited (total T matrix) 
 calculation results for run 
    1
 total ext, abs, scat efficiencies, w.r.t. xv, and asym. parm
  0.93295E+01  0.39957E+00  0.89299E+01  0.75146E+00
 scattering matrix elements (normalized w/ S11)
   theta      11           12           13           14           22           23           24           33           34           44      
    0.00  0.24568E+03  0.00000E+00  0.00000E+00 -0.23633E-03  0.99987E+00 -0.40634E-03  0.00000E+00  0.99987E+00  0.00000E+00  0.99976E+00 
    1.00  0.22746E+03 -0.33340E-04 -0.11209E-06 -0.22403E-03  0.99986E+00 -0.39625E-03 -0.30098E-06  0.99986E+00 -0.90945E-04  0.99973E+00 
    2.00  0.18220E+03 -0.21532E-03 -0.29080E-06 -0.18777E-03  0.99981E+00 -0.37473E-03 -0.10673E-05  0.99981E+00 -0.44674E-03  0.99964E+00 
    3.00  0.13063E+03 -0.83203E-03 -0.34498E-07 -0.13062E-03  0.99971E+00 -0.37296E-03 -0.18300E-05  0.99971E+00 -0.12844E-02  0.99947E+00 
    4.00  0.89826E+02 -0.23385E-02  0.12831E-05 -0.60335E-04  0.99958E+00 -0.43997E-03 -0.19536E-05  0.99957E+00 -0.27112E-02  0.99921E+00 
    5.00  0.64356E+02 -0.48370E-02  0.33839E-05  0.11165E-04  0.99942E+00 -0.57517E-03 -0.18601E-05  0.99939E+00 -0.42173E-02  0.99891E+00 
    6.00  0.49234E+02 -0.76762E-02  0.48791E-05  0.66973E-04  0.99925E+00 -0.66732E-03 -0.38640E-05  0.99920E+00 -0.50209E-02  0.99857E+00 
    7.00  0.38360E+02 -0.10499E-01  0.57415E-05  0.67319E-04  0.99903E+00 -0.61786E-03 -0.98632E-05  0.99892E+00 -0.52894E-02  0.99812E+00 
    8.00  0.29344E+02 -0.13817E-01  0.82736E-05 -0.53042E-04  0.99870E+00 -0.44639E-03 -0.19642E-04  0.99847E+00 -0.58483E-02  0.99741E+00 
    9.00  0.22458E+02 -0.17931E-01  0.14708E-04 -0.30420E-03  0.99825E+00 -0.25764E-03 -0.31179E-04  0.99786E+00 -0.69750E-02  0.99644E+00 
   10.00  0.17832E+02 -0.21795E-01  0.22924E-04 -0.52775E-03  0.99773E+00 -0.14404E-03 -0.41580E-04  0.99721E+00 -0.78330E-02  0.99537E+00 
   11.00  0.14627E+02 -0.23950E-01  0.26179E-04 -0.52288E-03  0.99718E+00 -0.59670E-04 -0.48585E-04  0.99664E+00 -0.75709E-02  0.99435E+00 
   12.00  0.11970E+02 -0.24564E-01  0.19677E-04 -0.29547E-03  0.99654E+00  0.12175E-03 -0.49177E-04  0.99608E+00 -0.66680E-02  0.99329E+00 
   13.00  0.96350E+01 -0.25423E-01  0.51878E-05 -0.10602E-04  0.99576E+00  0.42623E-03 -0.38072E-04  0.99539E+00 -0.63269E-02  0.99201E+00 
   14.00  0.77881E+01 -0.28548E-01 -0.78832E-05  0.20055E-03  0.99489E+00  0.70162E-03 -0.13636E-04  0.99453E+00 -0.71279E-02  0.99052E+00 
   15.00  0.64950E+01 -0.34432E-01 -0.84377E-05  0.33764E-03  0.99404E+00  0.73808E-03  0.14518E-04  0.99353E+00 -0.84189E-02  0.98892E+00 
   16.00  0.56048E+01 -0.41575E-01  0.19681E-05  0.42608E-03  0.99323E+00  0.53500E-03  0.35031E-04  0.99238E+00 -0.93326E-02  0.98723E+00 
   17.00  0.49133E+01 -0.48458E-01  0.75154E-05  0.38618E-03  0.99233E+00  0.33429E-03  0.52798E-04  0.99100E+00 -0.10058E-01  0.98525E+00 
   18.00  0.43108E+01 -0.54911E-01 -0.37117E-05  0.14381E-03  0.99121E+00  0.34324E-03  0.84528E-04  0.98930E+00 -0.11311E-01  0.98280E+00 
   19.00  0.38041E+01 -0.61554E-01 -0.23076E-04 -0.20069E-03  0.98993E+00  0.49706E-03  0.13573E-03  0.98738E+00 -0.13226E-01  0.98001E+00 
   20.00  0.34373E+01 -0.68968E-01 -0.25678E-04 -0.43551E-03  0.98875E+00  0.49335E-03  0.18503E-03  0.98551E+00 -0.15335E-01  0.97735E+00 
   21.00  0.31858E+01 -0.77289E-01 -0.11897E-05 -0.49314E-03  0.98782E+00  0.15210E-03  0.19950E-03  0.98380E+00 -0.17426E-01  0.97504E+00 
   22.00  0.29430E+01 -0.86133E-01  0.26789E-04 -0.51642E-03  0.98679E+00 -0.32616E-03  0.16709E-03  0.98193E+00 -0.19900E-01  0.97250E+00 
   23.00  0.26321E+01 -0.94769E-01  0.25264E-04 -0.64683E-03  0.98508E+00 -0.60888E-03  0.99462E-04  0.97948E+00 -0.23119E-01  0.96892E+00 
   24.00  0.23085E+01 -0.10245E+00 -0.14807E-04 -0.89004E-03  0.98266E+00 -0.56854E-03  0.21146E-04  0.97660E+00 -0.26655E-01  0.96439E+00 
   25.00  0.21037E+01 -0.10916E+00 -0.61397E-04 -0.11082E-02  0.98057E+00 -0.40530E-03 -0.26989E-04  0.97424E+00 -0.28949E-01  0.96067E+00 
   26.00  0.20717E+01 -0.11592E+00 -0.75180E-04 -0.11097E-02  0.98002E+00 -0.40682E-03 -0.16048E-04  0.97313E+00 -0.28651E-01  0.95935E+00 
   27.00  0.21282E+01 -0.12311E+00 -0.72765E-04 -0.83623E-03  0.98051E+00 -0.52146E-03  0.27526E-04  0.97255E+00 -0.26398E-01  0.95933E+00 
   28.00  0.21465E+01 -0.12966E+00 -0.92902E-04 -0.36733E-03  0.98070E+00 -0.55307E-03  0.59180E-04  0.97157E+00 -0.23546E-01  0.95874E+00 
   29.00  0.20752E+01 -0.13477E+00 -0.13303E-03  0.15015E-03  0.97999E+00 -0.53883E-03  0.61971E-04  0.97009E+00 -0.20844E-01  0.95704E+00 
   30.00  0.19479E+01 -0.13920E+00 -0.14816E-03  0.48883E-03  0.97858E+00 -0.71899E-03  0.50705E-04  0.96832E+00 -0.18708E-01  0.95462E+00 
   31.00  0.18114E+01 -0.14494E+00 -0.10343E-03  0.42036E-03  0.97695E+00 -0.12234E-02  0.58614E-04  0.96620E+00 -0.17378E-01  0.95178E+00 
   32.00  0.16824E+01 -0.15305E+00 -0.29276E-04 -0.99209E-04  0.97535E+00 -0.18323E-02  0.10777E-03  0.96345E+00 -0.16779E-01  0.94837E+00 
   33.00  0.15631E+01 -0.16281E+00  0.37092E-05 -0.87536E-03  0.97372E+00 -0.21779E-02  0.18421E-03  0.96005E+00 -0.16766E-01  0.94431E+00 
   34.00  0.14639E+01 -0.17316E+00 -0.32640E-04 -0.15884E-02  0.97214E+00 -0.21430E-02  0.24268E-03  0.95648E+00 -0.17380E-01  0.94006E+00 
   35.00  0.13923E+01 -0.18409E+00 -0.94309E-04 -0.19829E-02  0.97079E+00 -0.19411E-02  0.24177E-03  0.95309E+00 -0.18490E-01  0.93612E+00 
   36.00  0.13352E+01 -0.19596E+00 -0.13505E-03 -0.20606E-02  0.96954E+00 -0.17719E-02  0.18525E-03  0.94954E+00 -0.19521E-01  0.93209E+00 
   37.00  0.12690E+01 -0.20847E+00 -0.17336E-03 -0.20438E-02  0.96792E+00 -0.15504E-02  0.11902E-03  0.94508E+00 -0.20027E-01  0.92701E+00 
   38.00  0.11883E+01 -0.22085E+00 -0.25390E-03 -0.21111E-02  0.96568E+00 -0.10930E-02  0.86517E-04  0.93953E+00 -0.20234E-01  0.92054E+00 
   39.00  0.11113E+01 -0.23266E+00 -0.36506E-03 -0.21995E-02  0.96322E+00 -0.45242E-03  0.89818E-04  0.93358E+00 -0.20624E-01  0.91361E+00 
   40.00  0.10564E+01 -0.24393E+00 -0.42871E-03 -0.20816E-02  0.96126E+00  0.59497E-04  0.88267E-04  0.92827E+00 -0.21027E-01  0.90768E+00 
   41.00  0.10198E+01 -0.25468E+00 -0.39608E-03 -0.16880E-02  0.95993E+00  0.25924E-03  0.49938E-04  0.92392E+00 -0.20636E-01  0.90310E+00 
   42.00  0.98255E+00 -0.26483E+00 -0.31052E-03 -0.12346E-02  0.95856E+00  0.32470E-03 -0.33030E-05  0.91983E+00 -0.19121E-01  0.89882E+00 
   43.00  0.93470E+00 -0.27459E+00 -0.24296E-03 -0.97489E-03  0.95663E+00  0.52268E-03 -0.23248E-04  0.91523E+00 -0.17094E-01  0.89377E+00 
   44.00  0.88496E+00 -0.28461E+00 -0.21369E-03 -0.95270E-03  0.95436E+00  0.89630E-03  0.64269E-05  0.90992E+00 -0.15331E-01  0.88793E+00 
   45.00  0.84744E+00 -0.29540E+00 -0.19347E-03 -0.10035E-02  0.95250E+00  0.12826E-02  0.49066E-04  0.90427E+00 -0.13874E-01  0.88206E+00 
   46.00  0.82469E+00 -0.30696E+00 -0.16478E-03 -0.96695E-03  0.95138E+00  0.15780E-02  0.59672E-04  0.89856E+00 -0.12170E-01  0.87658E+00 
   47.00  0.80709E+00 -0.31922E+00 -0.15144E-03 -0.82998E-03  0.95051E+00  0.18558E-02  0.36736E-04  0.89250E+00 -0.10105E-01  0.87089E+00 
   48.00  0.78475E+00 -0.33269E+00 -0.17869E-03 -0.62362E-03  0.94927E+00  0.21840E-02  0.19115E-05  0.88540E+00 -0.83578E-02  0.86395E+00 
   49.00  0.75541E+00 -0.34790E+00 -0.23782E-03 -0.32233E-03  0.94736E+00  0.24875E-02 -0.49311E-04  0.87678E+00 -0.77229E-02  0.85509E+00 
   50.00  0.72168E+00 -0.36441E+00 -0.30344E-03  0.61677E-04  0.94481E+00  0.26570E-02 -0.14374E-03  0.86677E+00 -0.84665E-02  0.84439E+00 
   51.00  0.68567E+00 -0.38066E+00 -0.36787E-03  0.34902E-03  0.94163E+00  0.27088E-02 -0.27534E-03  0.85607E+00 -0.10397E-01  0.83256E+00 
   52.00  0.64848E+00 -0.39539E+00 -0.43860E-03  0.27527E-03  0.93784E+00  0.27364E-02 -0.37588E-03  0.84536E+00 -0.13261E-01  0.82032E+00 
   53.00  0.61259E+00 -0.40884E+00 -0.50514E-03 -0.24601E-03  0.93367E+00  0.27191E-02 -0.36353E-03  0.83482E+00 -0.16673E-01  0.80806E+00 
   54.00  0.58140E+00 -0.42239E+00 -0.53439E-03 -0.96927E-03  0.92963E+00  0.24991E-02 -0.22571E-03  0.82409E+00 -0.19675E-01  0.79574E+00 
   55.00  0.55614E+00 -0.43701E+00 -0.51399E-03 -0.14939E-02  0.92611E+00  0.20168E-02 -0.40098E-04  0.81279E+00 -0.20956E-01  0.78320E+00 
   56.00  0.53477E+00 -0.45213E+00 -0.48062E-03 -0.16203E-02  0.92301E+00  0.14880E-02  0.10357E-03  0.80096E+00 -0.19911E-01  0.77051E+00 
   57.00  0.51418E+00 -0.46635E+00 -0.48059E-03 -0.14758E-02  0.91989E+00  0.12324E-02  0.19002E-03  0.78891E+00 -0.17320E-01  0.75779E+00 
   58.00  0.49289E+00 -0.47894E+00 -0.51162E-03 -0.13196E-02  0.91644E+00  0.13538E-02  0.27531E-03  0.77670E+00 -0.14805E-01  0.74497E+00 
   59.00  0.47139E+00 -0.49053E+00 -0.52332E-03 -0.13146E-02  0.91263E+00  0.16483E-02  0.41763E-03  0.76394E+00 -0.13671E-01  0.73158E+00 
   60.00  0.45058E+00 -0.50237E+00 -0.47698E-03 -0.14803E-02  0.90862E+00  0.18221E-02  0.62449E-03  0.75013E+00 -0.14135E-01  0.71716E+00 
   61.00  0.43087E+00 -0.51510E+00 -0.39129E-03 -0.17799E-02  0.90455E+00  0.17613E-02  0.85864E-03  0.73531E+00 -0.15488E-01  0.70180E+00 
   62.00  0.41238E+00 -0.52833E+00 -0.31631E-03 -0.21750E-02  0.90055E+00  0.15560E-02  0.10775E-02  0.71998E+00 -0.16918E-01  0.68611E+00 
   63.00  0.39541E+00 -0.54134E+00 -0.26934E-03 -0.25899E-02  0.89678E+00  0.13007E-02  0.12576E-02  0.70456E+00 -0.18148E-01  0.67058E+00 
   64.00  0.38031E+00 -0.55400E+00 -0.21453E-03 -0.28832E-02  0.89337E+00  0.95408E-03  0.13895E-02  0.68887E+00 -0.19340E-01  0.65506E+00 
   65.00  0.36718E+00 -0.56698E+00 -0.11261E-03 -0.29213E-02  0.89036E+00  0.42482E-03  0.14660E-02  0.67249E+00 -0.20568E-01  0.63910E+00 
   66.00  0.35579E+00 -0.58092E+00  0.19986E-04 -0.26947E-02  0.88774E+00 -0.25290E-03  0.14828E-02  0.65526E+00 -0.21543E-01  0.62256E+00 
   67.00  0.34554E+00 -0.59576E+00  0.11542E-03 -0.23420E-02  0.88536E+00 -0.89376E-03  0.14486E-02  0.63739E+00 -0.21974E-01  0.60554E+00 
   68.00  0.33564E+00 -0.61065E+00  0.11932E-03 -0.20409E-02  0.88289E+00 -0.13201E-02  0.13874E-02  0.61889E+00 -0.22071E-01  0.58788E+00 
   69.00  0.32540E+00 -0.62459E+00  0.47570E-04 -0.18703E-02  0.87992E+00 -0.15203E-02  0.13284E-02  0.59933E+00 -0.22484E-01  0.56896E+00 
   70.00  0.31482E+00 -0.63709E+00 -0.16907E-04 -0.17640E-02  0.87627E+00 -0.16497E-02  0.12859E-02  0.57844E+00 -0.23599E-01  0.54839E+00 
   71.00  0.30468E+00 -0.64840E+00  0.23344E-04 -0.15765E-02  0.87223E+00 -0.19058E-02  0.12462E-02  0.55668E+00 -0.24939E-01  0.52683E+00 
   72.00  0.29606E+00 -0.65920E+00  0.22024E-03 -0.11945E-02  0.86847E+00 -0.23995E-02  0.11710E-02  0.53515E+00 -0.25413E-01  0.50571E+00 
   73.00  0.28938E+00 -0.67003E+00  0.54978E-03 -0.61874E-03  0.86552E+00 -0.31033E-02  0.10258E-02  0.51454E+00 -0.24326E-01  0.48597E+00 
   74.00  0.28392E+00 -0.68087E+00  0.92985E-03  0.31840E-04  0.86326E+00 -0.38809E-02  0.81341E-03  0.49446E+00 -0.22116E-01  0.46721E+00 
   75.00  0.27845E+00 -0.69115E+00  0.12720E-02  0.58160E-03  0.86098E+00 -0.45610E-02  0.58661E-03  0.47393E+00 -0.19975E-01  0.44817E+00 
   76.00  0.27216E+00 -0.70030E+00  0.15294E-02  0.87558E-03  0.85800E+00 -0.50151E-02  0.42232E-03  0.45236E+00 -0.18840E-01  0.42802E+00 
   77.00  0.26528E+00 -0.70832E+00  0.17159E-02  0.84637E-03  0.85418E+00 -0.52238E-02  0.37343E-03  0.42996E+00 -0.18781E-01  0.40687E+00 
   78.00  0.25866E+00 -0.71582E+00  0.18859E-02  0.56269E-03  0.84998E+00 -0.52989E-02  0.42425E-03  0.40715E+00 -0.19175E-01  0.38523E+00 
   79.00  0.25296E+00 -0.72359E+00  0.20817E-02  0.22290E-03  0.84605E+00 -0.54101E-02  0.48413E-03  0.38387E+00 -0.19333E-01  0.36313E+00 
   80.00  0.24801E+00 -0.73183E+00  0.22821E-02  0.58244E-04  0.84266E+00 -0.56387E-02  0.43908E-03  0.35954E+00 -0.18968E-01  0.34002E+00 
   81.00  0.24309E+00 -0.73990E+00  0.24031E-02  0.19473E-03  0.83957E+00 -0.58853E-02  0.23062E-03  0.33371E+00 -0.18242E-01  0.31544E+00 
   82.00  0.23751E+00 -0.74675E+00  0.23613E-02  0.57808E-03  0.83630E+00 -0.59381E-02 -0.99878E-04  0.30666E+00 -0.17560E-01  0.28968E+00 
   83.00  0.23117E+00 -0.75174E+00  0.21484E-02  0.10094E-02  0.83257E+00 -0.56447E-02 -0.43190E-03  0.27925E+00 -0.17390E-01  0.26366E+00 
   84.00  0.22461E+00 -0.75510E+00  0.18555E-02  0.12596E-02  0.82848E+00 -0.50429E-02 -0.63661E-03  0.25229E+00 -0.18118E-01  0.23827E+00 
   85.00  0.21854E+00 -0.75770E+00  0.16170E-02  0.11968E-02  0.82444E+00 -0.43357E-02 -0.65858E-03  0.22599E+00 -0.19795E-01  0.21375E+00 
   86.00  0.21339E+00 -0.76036E+00  0.15093E-02  0.85818E-03  0.82088E+00 -0.37199E-02 -0.55705E-03  0.20000E+00 -0.21946E-01  0.18966E+00 
   87.00  0.20916E+00 -0.76325E+00  0.14891E-02  0.41641E-03  0.81793E+00 -0.32164E-02 -0.47024E-03  0.17384E+00 -0.23716E-01  0.16538E+00 
   88.00  0.20556E+00 -0.76595E+00  0.14293E-02  0.70353E-04  0.81551E+00 -0.26624E-02 -0.52325E-03  0.14728E+00 -0.24387E-01  0.14062E+00 
   89.00  0.20233E+00 -0.76797E+00  0.12180E-02 -0.59836E-04  0.81346E+00 -0.18684E-02 -0.74675E-03  0.12039E+00 -0.23844E-01  0.11547E+00 
   90.00  0.19942E+00 -0.76923E+00  0.83144E-03  0.28576E-04  0.81167E+00 -0.79469E-03 -0.10591E-02  0.93246E-01 -0.22596E-01  0.90032E-01 
   91.00  0.19688E+00 -0.77005E+00  0.33074E-03  0.25042E-03  0.81013E+00  0.39732E-03 -0.13174E-02  0.65750E-01 -0.21349E-01  0.64252E-01 
   92.00  0.19470E+00 -0.77068E+00 -0.19916E-03  0.49748E-03  0.80875E+00  0.14472E-02 -0.14024E-02  0.37704E-01 -0.20510E-01  0.37904E-01 
   93.00  0.19272E+00 -0.77090E+00 -0.70802E-03  0.69687E-03  0.80734E+00  0.21566E-02 -0.12840E-02  0.90509E-02 -0.20026E-01  0.10871E-01 
   94.00  0.19065E+00 -0.77009E+00 -0.11904E-02  0.83131E-03  0.80570E+00  0.24835E-02 -0.10282E-02 -0.19991E-01 -0.19621E-01 -0.16668E-01 
   95.00  0.18831E+00 -0.76762E+00 -0.16531E-02  0.91710E-03  0.80374E+00  0.25171E-02 -0.74651E-03 -0.49023E-01 -0.19128E-01 -0.44277E-01 
   96.00  0.18572E+00 -0.76329E+00 -0.20810E-02  0.96331E-03  0.80155E+00  0.23843E-02 -0.52677E-03 -0.77701E-01 -0.18620E-01 -0.71497E-01 
   97.00  0.18309E+00 -0.75741E+00 -0.24336E-02  0.94449E-03  0.79939E+00  0.21698E-02 -0.38568E-03 -0.10594E+00 -0.18287E-01 -0.98090E-01 
   98.00  0.18069E+00 -0.75057E+00 -0.26699E-02  0.80866E-03  0.79750E+00  0.18932E-02 -0.26827E-03 -0.13393E+00 -0.18275E-01 -0.12414E+00 
   99.00  0.17870E+00 -0.74318E+00 -0.27753E-02  0.51763E-03  0.79601E+00  0.15408E-02 -0.93791E-04 -0.16200E+00 -0.18641E-01 -0.14991E+00 
  100.00  0.17716E+00 -0.73530E+00 -0.27673E-02  0.90742E-04  0.79489E+00  0.11109E-02  0.18080E-03 -0.19031E+00 -0.19432E-01 -0.17563E+00 
  101.00  0.17598E+00 -0.72671E+00 -0.26777E-02 -0.38412E-03  0.79404E+00  0.64001E-03  0.52267E-03 -0.21867E+00 -0.20748E-01 -0.20126E+00 
  102.00  0.17505E+00 -0.71722E+00 -0.25317E-02 -0.78678E-03  0.79336E+00  0.19381E-03  0.83706E-03 -0.24657E+00 -0.22675E-01 -0.22643E+00 
  103.00  0.17427E+00 -0.70684E+00 -0.23394E-02 -0.10285E-02  0.79277E+00 -0.16253E-03  0.10239E-02 -0.27339E+00 -0.25132E-01 -0.25063E+00 
  104.00  0.17357E+00 -0.69582E+00 -0.21015E-02 -0.11033E-02  0.79221E+00 -0.39387E-03  0.10402E-02 -0.29866E+00 -0.27814E-01 -0.27345E+00 
  105.00  0.17288E+00 -0.68443E+00 -0.18193E-02 -0.10944E-02  0.79165E+00 -0.50775E-03  0.92893E-03 -0.32222E+00 -0.30296E-01 -0.29473E+00 
  106.00  0.17218E+00 -0.67284E+00 -0.14991E-02 -0.11300E-02  0.79107E+00 -0.54625E-03  0.79674E-03 -0.34431E+00 -0.32250E-01 -0.31461E+00 
  107.00  0.17148E+00 -0.66109E+00 -0.11519E-02 -0.13153E-02  0.79055E+00 -0.56376E-03  0.75573E-03 -0.36536E+00 -0.33605E-01 -0.33346E+00 
  108.00  0.17086E+00 -0.64913E+00 -0.79349E-03 -0.16773E-02  0.79021E+00 -0.60294E-03  0.86352E-03 -0.38582E+00 -0.34550E-01 -0.35168E+00 
  109.00  0.17038E+00 -0.63695E+00 -0.44836E-03 -0.21529E-02  0.79025E+00 -0.67924E-03  0.10942E-02 -0.40600E+00 -0.35374E-01 -0.36958E+00 
  110.00  0.17010E+00 -0.62459E+00 -0.15416E-03 -0.26226E-02  0.79076E+00 -0.77924E-03  0.13528E-02 -0.42599E+00 -0.36273E-01 -0.38725E+00 
  111.00  0.17002E+00 -0.61206E+00  0.40053E-04 -0.29688E-02  0.79170E+00 -0.87105E-03  0.15222E-02 -0.44568E+00 -0.37254E-01 -0.40463E+00 
  112.00  0.17004E+00 -0.59932E+00  0.84844E-04 -0.31252E-02  0.79287E+00 -0.92015E-03  0.15129E-02 -0.46489E+00 -0.38173E-01 -0.42155E+00 
  113.00  0.17004E+00 -0.58627E+00 -0.52298E-04 -0.30935E-02  0.79404E+00 -0.90321E-03  0.12922E-02 -0.48343E+00 -0.38866E-01 -0.43785E+00 
  114.00  0.16992E+00 -0.57274E+00 -0.37130E-03 -0.29260E-02  0.79498E+00 -0.81548E-03  0.88413E-03 -0.50125E+00 -0.39265E-01 -0.45348E+00 
  115.00  0.16961E+00 -0.55861E+00 -0.83254E-03 -0.26900E-02  0.79562E+00 -0.67153E-03  0.35004E-03 -0.51837E+00 -0.39432E-01 -0.46846E+00 
  116.00  0.16915E+00 -0.54383E+00 -0.13618E-02 -0.24371E-02  0.79602E+00 -0.50115E-03 -0.23478E-03 -0.53495E+00 -0.39507E-01 -0.48296E+00 
  117.00  0.16862E+00 -0.52847E+00 -0.18660E-02 -0.21892E-02  0.79633E+00 -0.34248E-03 -0.79761E-03 -0.55113E+00 -0.39623E-01 -0.49715E+00 
  118.00  0.16810E+00 -0.51263E+00 -0.22554E-02 -0.19434E-02  0.79672E+00 -0.23338E-03 -0.12771E-02 -0.56703E+00 -0.39839E-01 -0.51116E+00 
  119.00  0.16767E+00 -0.49646E+00 -0.24647E-02 -0.16863E-02  0.79729E+00 -0.20276E-03 -0.16285E-02 -0.58269E+00 -0.40137E-01 -0.52500E+00 
  120.00  0.16737E+00 -0.48007E+00 -0.24658E-02 -0.14087E-02  0.79806E+00 -0.26382E-03 -0.18281E-02 -0.59803E+00 -0.40449E-01 -0.53858E+00 
  121.00  0.16720E+00 -0.46360E+00 -0.22688E-02 -0.11112E-02  0.79897E+00 -0.41100E-03 -0.18793E-02 -0.61291E+00 -0.40719E-01 -0.55173E+00 
  122.00  0.16716E+00 -0.44715E+00 -0.19110E-02 -0.80055E-03  0.79995E+00 -0.62201E-03 -0.18141E-02 -0.62717E+00 -0.40930E-01 -0.56428E+00 
  123.00  0.16726E+00 -0.43087E+00 -0.14416E-02 -0.48173E-03  0.80097E+00 -0.86428E-03 -0.16892E-02 -0.64070E+00 -0.41109E-01 -0.57610E+00 
  124.00  0.16752E+00 -0.41489E+00 -0.90670E-03 -0.15419E-03  0.80205E+00 -0.11042E-02 -0.15722E-02 -0.65345E+00 -0.41306E-01 -0.58718E+00 
  125.00  0.16795E+00 -0.39934E+00 -0.34063E-03  0.18528E-03  0.80326E+00 -0.13161E-02 -0.15227E-02 -0.66544E+00 -0.41561E-01 -0.59756E+00 
  126.00  0.16858E+00 -0.38430E+00  0.23414E-03  0.53468E-03  0.80469E+00 -0.14878E-02 -0.15736E-02 -0.67674E+00 -0.41889E-01 -0.60733E+00 
  127.00  0.16940E+00 -0.36977E+00  0.80102E-03  0.88011E-03  0.80636E+00 -0.16206E-02 -0.17219E-02 -0.68745E+00 -0.42272E-01 -0.61659E+00 
  128.00  0.17036E+00 -0.35569E+00  0.13412E-02  0.11953E-02  0.80828E+00 -0.17247E-02 -0.19315E-02 -0.69763E+00 -0.42667E-01 -0.62540E+00 
  129.00  0.17140E+00 -0.34198E+00  0.18279E-02  0.14484E-02  0.81036E+00 -0.18128E-02 -0.21476E-02 -0.70732E+00 -0.43022E-01 -0.63377E+00 
  130.00  0.17243E+00 -0.32852E+00  0.22266E-02  0.16121E-02  0.81250E+00 -0.18942E-02 -0.23157E-02 -0.71651E+00 -0.43285E-01 -0.64163E+00 
  131.00  0.17340E+00 -0.31524E+00  0.25003E-02  0.16729E-02  0.81457E+00 -0.19723E-02 -0.23988E-02 -0.72516E+00 -0.43416E-01 -0.64891E+00 
  132.00  0.17426E+00 -0.30208E+00  0.26176E-02  0.16356E-02  0.81648E+00 -0.20447E-02 -0.23851E-02 -0.73325E+00 -0.43384E-01 -0.65558E+00 
  133.00  0.17501E+00 -0.28903E+00  0.25617E-02  0.15209E-02  0.81820E+00 -0.21046E-02 -0.22879E-02 -0.74079E+00 -0.43174E-01 -0.66162E+00 
  134.00  0.17567E+00 -0.27612E+00  0.23347E-02  0.13590E-02  0.81975E+00 -0.21427E-02 -0.21378E-02 -0.74782E+00 -0.42782E-01 -0.66710E+00 
  135.00  0.17630E+00 -0.26340E+00  0.19593E-02  0.11797E-02  0.82119E+00 -0.21487E-02 -0.19709E-02 -0.75442E+00 -0.42208E-01 -0.67214E+00 
  136.00  0.17695E+00 -0.25092E+00  0.14757E-02  0.10051E-02  0.82260E+00 -0.21119E-02 -0.18188E-02 -0.76066E+00 -0.41464E-01 -0.67687E+00 
  137.00  0.17768E+00 -0.23871E+00  0.93541E-03  0.84595E-03  0.82408E+00 -0.20239E-02 -0.17012E-02 -0.76664E+00 -0.40565E-01 -0.68142E+00 
  138.00  0.17853E+00 -0.22680E+00  0.39500E-03  0.70344E-03  0.82566E+00 -0.18814E-02 -0.16244E-02 -0.77240E+00 -0.39537E-01 -0.68588E+00 
  139.00  0.17950E+00 -0.21517E+00 -0.91405E-04  0.57381E-03  0.82737E+00 -0.16897E-02 -0.15846E-02 -0.77799E+00 -0.38409E-01 -0.69028E+00 
  140.00  0.18059E+00 -0.20382E+00 -0.47933E-03  0.45349E-03  0.82917E+00 -0.14619E-02 -0.15731E-02 -0.78342E+00 -0.37210E-01 -0.69462E+00 
  141.00  0.18177E+00 -0.19268E+00 -0.74010E-03  0.34199E-03  0.83100E+00 -0.12166E-02 -0.15810E-02 -0.78866E+00 -0.35966E-01 -0.69885E+00 
  142.00  0.18298E+00 -0.18173E+00 -0.86384E-03  0.24200E-03  0.83280E+00 -0.97239E-03 -0.16021E-02 -0.79369E+00 -0.34699E-01 -0.70286E+00 
  143.00  0.18421E+00 -0.17092E+00 -0.85859E-03  0.15744E-03  0.83449E+00 -0.74504E-03 -0.16321E-02 -0.79844E+00 -0.33425E-01 -0.70657E+00 
  144.00  0.18540E+00 -0.16025E+00 -0.74660E-03  0.91042E-04  0.83603E+00 -0.54431E-03 -0.16671E-02 -0.80288E+00 -0.32161E-01 -0.70989E+00 
  145.00  0.18653E+00 -0.14971E+00 -0.56013E-03  0.42718E-04  0.83739E+00 -0.37218E-03 -0.17026E-02 -0.80698E+00 -0.30921E-01 -0.71276E+00 
  146.00  0.18762E+00 -0.13933E+00 -0.33738E-03  0.90874E-05  0.83856E+00 -0.22207E-03 -0.17329E-02 -0.81073E+00 -0.29724E-01 -0.71517E+00 
  147.00  0.18865E+00 -0.12915E+00 -0.11783E-03 -0.15474E-04  0.83954E+00 -0.81125E-04 -0.17523E-02 -0.81414E+00 -0.28595E-01 -0.71714E+00 
  148.00  0.18965E+00 -0.11921E+00  0.64090E-04 -0.36334E-04  0.84038E+00  0.64077E-04 -0.17585E-02 -0.81724E+00 -0.27560E-01 -0.71869E+00 
  149.00  0.19063E+00 -0.10958E+00  0.18558E-03 -0.55229E-04  0.84109E+00  0.22058E-03 -0.17561E-02 -0.82005E+00 -0.26645E-01 -0.71988E+00 
  150.00  0.19162E+00 -0.10028E+00  0.23937E-03 -0.67909E-04  0.84173E+00  0.38517E-03 -0.17576E-02 -0.82259E+00 -0.25862E-01 -0.72074E+00 
  151.00  0.19262E+00 -0.91337E-01  0.23288E-03 -0.65117E-04  0.84231E+00  0.54595E-03 -0.17807E-02 -0.82488E+00 -0.25209E-01 -0.72134E+00 
  152.00  0.19366E+00 -0.82737E-01  0.18346E-03 -0.37415E-04  0.84286E+00  0.68789E-03 -0.18405E-02 -0.82695E+00 -0.24665E-01 -0.72173E+00 
  153.00  0.19474E+00 -0.74451E-01  0.11285E-03  0.18710E-04  0.84339E+00  0.79831E-03 -0.19424E-02 -0.82886E+00 -0.24203E-01 -0.72200E+00 
  154.00  0.19586E+00 -0.66467E-01  0.43624E-04  0.97483E-04  0.84393E+00  0.86908E-03 -0.20801E-02 -0.83063E+00 -0.23792E-01 -0.72218E+00 
  155.00  0.19703E+00 -0.58804E-01 -0.22243E-05  0.18528E-03  0.84450E+00  0.89541E-03 -0.22394E-02 -0.83228E+00 -0.23410E-01 -0.72232E+00 
  156.00  0.19829E+00 -0.51505E-01 -0.48210E-05  0.26538E-03  0.84511E+00  0.87396E-03 -0.24041E-02 -0.83383E+00 -0.23043E-01 -0.72244E+00 
  157.00  0.19965E+00 -0.44615E-01  0.49985E-04  0.32272E-03  0.84579E+00  0.80339E-03 -0.25615E-02 -0.83529E+00 -0.22690E-01 -0.72254E+00 
  158.00  0.20113E+00 -0.38165E-01  0.16552E-03  0.34648E-03  0.84653E+00  0.68724E-03 -0.27028E-02 -0.83667E+00 -0.22360E-01 -0.72266E+00 
  159.00  0.20274E+00 -0.32171E-01  0.33092E-03  0.33034E-03  0.84731E+00  0.53673E-03 -0.28228E-02 -0.83800E+00 -0.22062E-01 -0.72280E+00 
  160.00  0.20450E+00 -0.26642E-01  0.52259E-03  0.27173E-03  0.84810E+00  0.37012E-03 -0.29188E-02 -0.83928E+00 -0.21789E-01 -0.72293E+00 
  161.00  0.20642E+00 -0.21574E-01  0.71014E-03  0.17100E-03  0.84889E+00  0.20869E-03 -0.29904E-02 -0.84049E+00 -0.21519E-01 -0.72303E+00 
  162.00  0.20848E+00 -0.16942E-01  0.86391E-03  0.31061E-04  0.84965E+00  0.71829E-04 -0.30383E-02 -0.84164E+00 -0.21209E-01 -0.72307E+00 
  163.00  0.21069E+00 -0.12705E-01  0.96067E-03 -0.14211E-03  0.85035E+00 -0.26039E-04 -0.30640E-02 -0.84273E+00 -0.20813E-01 -0.72301E+00 
  164.00  0.21302E+00 -0.88257E-02  0.98718E-03 -0.33825E-03  0.85097E+00 -0.76456E-04 -0.30694E-02 -0.84377E+00 -0.20283E-01 -0.72283E+00 
  165.00  0.21547E+00 -0.52898E-02  0.94264E-03 -0.54229E-03  0.85149E+00 -0.77702E-04 -0.30573E-02 -0.84477E+00 -0.19580E-01 -0.72250E+00 
  166.00  0.21803E+00 -0.21144E-02  0.84024E-03 -0.73615E-03  0.85189E+00 -0.36080E-04 -0.30299E-02 -0.84569E+00 -0.18674E-01 -0.72197E+00 
  167.00  0.22070E+00  0.66880E-03  0.70599E-03 -0.90339E-03  0.85217E+00  0.33650E-04 -0.29844E-02 -0.84652E+00 -0.17550E-01 -0.72120E+00 
  168.00  0.22346E+00  0.30311E-02  0.57274E-03 -0.10343E-02  0.85232E+00  0.11070E-03 -0.29101E-02 -0.84724E+00 -0.16214E-01 -0.72016E+00 
  169.00  0.22630E+00  0.49529E-02  0.47011E-03 -0.11277E-02  0.85233E+00  0.17382E-03 -0.27884E-02 -0.84784E+00 -0.14692E-01 -0.71883E+00 
  170.00  0.22921E+00  0.64182E-02  0.41433E-03 -0.11876E-02  0.85219E+00  0.20778E-03 -0.26005E-02 -0.84829E+00 -0.13021E-01 -0.71716E+00 
  171.00  0.23216E+00  0.74125E-02  0.40297E-03 -0.12171E-02  0.85188E+00  0.20776E-03 -0.23382E-02 -0.84858E+00 -0.11247E-01 -0.71514E+00 
  172.00  0.23513E+00  0.79335E-02  0.41748E-03 -0.12147E-02  0.85140E+00  0.17952E-03 -0.20108E-02 -0.84868E+00 -0.94247E-02 -0.71275E+00 
  173.00  0.23809E+00  0.79969E-02  0.43197E-03 -0.11757E-02  0.85076E+00  0.13549E-03 -0.16432E-02 -0.84859E+00 -0.76139E-02 -0.71001E+00 
  174.00  0.24100E+00  0.76164E-02  0.42355E-03 -0.10983E-02  0.84995E+00  0.89090E-04 -0.12677E-02 -0.84834E+00 -0.58776E-02 -0.70695E+00 
  175.00  0.24383E+00  0.67769E-02  0.37970E-03 -0.98876E-03  0.84900E+00  0.50162E-04 -0.91344E-03 -0.84793E+00 -0.42748E-02 -0.70363E+00 
  176.00  0.24654E+00  0.54596E-02  0.30102E-03 -0.86229E-03  0.84794E+00  0.23209E-04 -0.60177E-03 -0.84735E+00 -0.28568E-02 -0.70008E+00 
  177.00  0.24901E+00  0.37492E-02  0.20064E-03 -0.73915E-03  0.84687E+00  0.80701E-05 -0.34646E-03 -0.84664E+00 -0.16708E-02 -0.69649E+00 
  178.00  0.25108E+00  0.19445E-02  0.10086E-03 -0.63840E-03  0.84593E+00  0.17073E-05 -0.15675E-03 -0.84588E+00 -0.76658E-03 -0.69324E+00 
  179.00  0.25247E+00  0.53585E-03  0.27174E-04 -0.57343E-03  0.84528E+00  0.11130E-06 -0.39637E-04 -0.84528E+00 -0.19572E-03 -0.69094E+00 
  180.00  0.25297E+00  0.13730E-13  0.69059E-15 -0.55112E-03  0.84505E+00  0.69343E-28 -0.98624E-15 -0.84505E+00 -0.48867E-14 -0.69009E+00 
 scattering matrix expansion coefficients
    w  a11         a22         a33         a23         a32         a44         a12         a34         a13         a24         a14
    0  0.1000E+01  0.0000E+00  0.0000E+00  0.0000E+00  0.0000E+00  0.8042E+00  0.0000E+00  0.0000E+00  0.0000E+00  0.0000E+00 -0.3620E-03
    1  0.2254E+01  0.0000E+00  0.0000E+00  0.0000E+00  0.0000E+00  0.2395E+01  0.0000E+00  0.0000E+00  0.0000E+00  0.0000E+00 -0.7280E-03
    2  0.3277E+01  0.2046E+00  0.3964E+01  0.5755E-09 -0.1036E-02  0.3252E+01 -0.3129E+00 -0.1489E-01 -0.6166E-04  0.3124E-04 -0.6079E-03
    3  0.3928E+01  0.3807E-01  0.4286E+01  0.4439E-07 -0.9388E-03  0.3938E+01 -0.1854E+00 -0.8356E-02  0.1065E-04  0.3947E-03 -0.3390E-03
    4  0.4509E+01  0.2630E-01  0.4739E+01  0.1168E-07 -0.2015E-02  0.4502E+01 -0.1346E+00 -0.2162E-01 -0.1793E-03 -0.2016E-03 -0.1584E-04
    5  0.4997E+01  0.7324E-02  0.5174E+01 -0.1306E-07 -0.2303E-02  0.5005E+01 -0.1075E+00 -0.1850E-01 -0.5062E-03  0.2200E-03  0.1127E-03
    6  0.5447E+01  0.1194E-01  0.5580E+01  0.1929E-07 -0.1793E-02  0.5438E+01 -0.7841E-01 -0.2293E-01  0.1388E-03 -0.3023E-03 -0.6337E-03
    7  0.5815E+01  0.1813E-02  0.5936E+01 -0.3060E-07 -0.2771E-03  0.5818E+01 -0.6317E-01 -0.2419E-01  0.4982E-03  0.1825E-03 -0.4493E-03
    8  0.6122E+01  0.4887E-02  0.6230E+01 -0.2177E-07 -0.1129E-02  0.6119E+01 -0.5273E-01 -0.2463E-01 -0.9178E-04  0.3622E-03 -0.7377E-04
    9  0.6337E+01 -0.2996E-03  0.6444E+01 -0.4468E-08 -0.3302E-02  0.6343E+01 -0.5223E-01 -0.2020E-01 -0.2844E-03  0.3187E-03 -0.7340E-03
   10  0.6486E+01  0.4328E-02  0.6582E+01  0.1332E-07 -0.4383E-02  0.6480E+01 -0.5005E-01 -0.1865E-01  0.7927E-04 -0.5562E-03 -0.1295E-02
   11  0.6555E+01 -0.2432E-02  0.6651E+01  0.1250E-07 -0.4486E-02  0.6561E+01 -0.5386E-01 -0.1569E-01  0.1633E-03 -0.1783E-05 -0.1180E-02
   12  0.6586E+01  0.2264E-02  0.6669E+01 -0.1432E-07 -0.4156E-02  0.6584E+01 -0.4696E-01 -0.1597E-01  0.3217E-03 -0.1103E-03 -0.1348E-02
   13  0.6561E+01  0.1627E-02  0.6640E+01  0.1988E-08 -0.4886E-02  0.6559E+01 -0.4101E-01 -0.1436E-01 -0.3548E-03  0.6557E-04 -0.6682E-03
   14  0.6488E+01  0.2906E-02  0.6561E+01  0.1285E-07 -0.4444E-02  0.6483E+01 -0.3845E-01 -0.1702E-01 -0.2823E-04 -0.1817E-04 -0.1019E-04
   15  0.6366E+01  0.2423E-03  0.6438E+01  0.4593E-08 -0.3306E-02  0.6367E+01 -0.4247E-01 -0.1679E-01  0.4198E-03  0.1336E-03 -0.3023E-03
   16  0.6216E+01  0.5056E-03  0.6282E+01 -0.1696E-07 -0.3043E-02  0.6217E+01 -0.4891E-01 -0.1714E-01 -0.2207E-03 -0.2480E-03 -0.7454E-03
   17  0.6051E+01 -0.6987E-03  0.6111E+01  0.3015E-08 -0.3300E-02  0.6053E+01 -0.5430E-01 -0.1885E-01 -0.7315E-04 -0.2418E-03 -0.1115E-02
   18  0.5891E+01  0.3817E-03  0.5943E+01  0.1875E-07 -0.3340E-02  0.5892E+01 -0.5064E-01 -0.2133E-01  0.3333E-03 -0.2356E-03 -0.1146E-02
   19  0.5740E+01  0.1386E-02  0.5785E+01 -0.1590E-07 -0.3094E-02  0.5738E+01 -0.4746E-01 -0.2199E-01 -0.1274E-03 -0.1206E-03 -0.1082E-02
   20  0.5594E+01  0.4498E-04  0.5636E+01 -0.1285E-07 -0.3037E-02  0.5596E+01 -0.4723E-01 -0.2402E-01  0.1369E-03 -0.1618E-03 -0.8363E-03
   21  0.5457E+01 -0.1574E-03  0.5495E+01  0.9282E-08 -0.2834E-02  0.5460E+01 -0.4577E-01 -0.2769E-01  0.1876E-03 -0.1235E-03 -0.5201E-03
   22  0.5324E+01  0.8978E-03  0.5357E+01  0.9860E-08 -0.2400E-02  0.5324E+01 -0.4161E-01 -0.3151E-01 -0.1628E-03 -0.2729E-03  0.2497E-04
   23  0.5178E+01 -0.8658E-03  0.5212E+01 -0.8668E-08 -0.1808E-02  0.5182E+01 -0.4170E-01 -0.3236E-01 -0.4077E-04 -0.2174E-03  0.3752E-03
   24  0.5023E+01 -0.1261E-03  0.5054E+01 -0.7414E-08 -0.1481E-02  0.5025E+01 -0.4129E-01 -0.3032E-01 -0.2888E-04 -0.3792E-04  0.5815E-03
   25  0.4859E+01 -0.6019E-04  0.4888E+01 -0.4218E-08 -0.1242E-02  0.4861E+01 -0.3910E-01 -0.2685E-01  0.1325E-03 -0.4060E-04  0.4614E-03
   26  0.4694E+01  0.3671E-03  0.4721E+01  0.2667E-08 -0.8377E-03  0.4695E+01 -0.3427E-01 -0.2320E-01  0.1507E-03  0.8932E-05  0.1128E-03
   27  0.4531E+01  0.1396E-02  0.4554E+01 -0.9505E-08 -0.4452E-03  0.4530E+01 -0.3012E-01 -0.2051E-01  0.1112E-03  0.2638E-03 -0.3463E-03
   28  0.4370E+01  0.8187E-03  0.4391E+01  0.8237E-09 -0.2715E-03  0.4369E+01 -0.2867E-01 -0.1978E-01  0.6727E-04  0.7525E-04 -0.9178E-03
   29  0.4214E+01  0.8783E-04  0.4234E+01  0.9147E-08 -0.2993E-03  0.4215E+01 -0.2805E-01 -0.2026E-01  0.2009E-05  0.3619E-04 -0.1305E-02
   30  0.4069E+01  0.1104E-02  0.4087E+01  0.4424E-08 -0.3163E-03  0.4068E+01 -0.2462E-01 -0.2043E-01  0.1065E-03  0.1609E-03 -0.1650E-02
   31  0.3932E+01  0.6809E-03  0.3948E+01  0.4681E-08 -0.7529E-03  0.3932E+01 -0.2300E-01 -0.1986E-01 -0.8840E-04 -0.7165E-05 -0.2196E-02
   32  0.3804E+01 -0.2336E-03  0.3820E+01  0.6947E-08 -0.1047E-02  0.3805E+01 -0.2318E-01 -0.1859E-01 -0.1956E-03 -0.7306E-04 -0.2437E-02
   33  0.3689E+01 -0.5258E-03  0.3703E+01  0.6359E-08 -0.9575E-03  0.3691E+01 -0.2115E-01 -0.1740E-01 -0.1008E-03  0.5495E-04 -0.2119E-02
   34  0.3590E+01  0.9599E-03  0.3601E+01  0.2406E-08 -0.5807E-03  0.3589E+01 -0.1407E-01 -0.1697E-01  0.1911E-05  0.5449E-04 -0.1799E-02
   35  0.3499E+01  0.1675E-02  0.3509E+01  0.1397E-08 -0.2191E-03  0.3497E+01 -0.5454E-02 -0.1707E-01 -0.2197E-04  0.1000E-04 -0.1752E-02
   36  0.3407E+01  0.9336E-03  0.3417E+01 -0.7445E-09 -0.2424E-04  0.3406E+01  0.1562E-02 -0.1689E-01  0.5271E-04  0.4667E-04 -0.1727E-02
   37  0.3306E+01  0.1130E-02  0.3316E+01 -0.7725E-08 -0.7083E-04  0.3304E+01  0.6316E-02 -0.1566E-01  0.3659E-04 -0.1720E-04 -0.1804E-02
   38  0.3191E+01  0.1435E-02  0.3200E+01 -0.2605E-08 -0.1449E-03  0.3188E+01  0.7829E-02 -0.1377E-01  0.6824E-05 -0.3290E-04 -0.2112E-02
   39  0.3061E+01  0.8725E-04  0.3071E+01 -0.3515E-08 -0.1745E-03  0.3060E+01  0.5076E-02 -0.1156E-01 -0.4523E-05  0.6185E-05 -0.2497E-02
   40  0.2924E+01 -0.5012E-03  0.2935E+01  0.1298E-08 -0.1973E-03  0.2924E+01  0.1752E-02 -0.9539E-02 -0.8416E-05 -0.7177E-05 -0.2634E-02
   41  0.2790E+01 -0.1340E-03  0.2799E+01 -0.1459E-10 -0.2854E-03  0.2790E+01  0.4466E-03 -0.8829E-02 -0.1705E-04 -0.2708E-04 -0.2426E-02
   42  0.2662E+01  0.1458E-03  0.2671E+01 -0.8881E-09 -0.4362E-03  0.2662E+01  0.8549E-03 -0.9642E-02 -0.3493E-05  0.6170E-04 -0.2027E-02
   43  0.2542E+01  0.2231E-03  0.2550E+01  0.2950E-09 -0.6610E-03  0.2542E+01  0.9069E-03 -0.1015E-01 -0.4567E-04  0.1492E-03 -0.1716E-02
   44  0.2431E+01  0.2384E-03  0.2438E+01  0.1434E-08 -0.8139E-03  0.2431E+01 -0.3384E-03 -0.9233E-02 -0.7521E-04  0.5532E-04 -0.1689E-02
   45  0.2330E+01 -0.3817E-03  0.2337E+01 -0.3430E-09 -0.7309E-03  0.2331E+01 -0.2727E-02 -0.8095E-02 -0.2023E-04 -0.8915E-04 -0.1663E-02
   46  0.2242E+01 -0.6710E-03  0.2249E+01 -0.3203E-08 -0.5737E-03  0.2244E+01 -0.3612E-02 -0.7821E-02  0.3730E-04 -0.2057E-05 -0.1215E-02
   47  0.2169E+01 -0.3158E-03  0.2174E+01 -0.3132E-08 -0.5752E-03  0.2170E+01 -0.1669E-02 -0.8044E-02  0.2169E-04  0.1209E-03 -0.5896E-03
   48  0.2105E+01  0.1480E-03  0.2110E+01 -0.1248E-08 -0.6793E-03  0.2106E+01  0.1907E-02 -0.8103E-02 -0.2712E-04  0.6562E-04 -0.2058E-03
   49  0.2045E+01  0.1448E-03  0.2049E+01  0.4119E-09 -0.6418E-03  0.2045E+01  0.4593E-02 -0.7764E-02 -0.2149E-04 -0.3449E-04 -0.7390E-04
   50  0.1981E+01  0.3590E-04  0.1985E+01  0.1797E-08 -0.4965E-03  0.1982E+01  0.5753E-02 -0.7254E-02  0.3809E-04 -0.4459E-04 -0.5209E-04
   51  0.1911E+01  0.1166E-03  0.1915E+01  0.2288E-08 -0.4720E-03  0.1911E+01  0.6010E-02 -0.6834E-02  0.5755E-04 -0.5091E-04 -0.1489E-03
   52  0.1832E+01  0.3865E-03  0.1836E+01  0.1575E-08 -0.5419E-03  0.1831E+01  0.5301E-02 -0.6386E-02  0.6070E-05 -0.1124E-03 -0.3415E-03
   53  0.1743E+01  0.1500E-03  0.1748E+01  0.1426E-08 -0.4938E-03  0.1743E+01  0.1857E-02 -0.5791E-02 -0.2507E-04 -0.1414E-03 -0.4875E-03
   54  0.1649E+01 -0.5212E-03  0.1654E+01  0.8050E-09 -0.3521E-03  0.1650E+01 -0.3742E-02 -0.5526E-02  0.2397E-04 -0.1076E-03 -0.4981E-03
   55  0.1557E+01 -0.8379E-03  0.1562E+01 -0.3290E-09 -0.3469E-03  0.1558E+01 -0.7812E-02 -0.5859E-02  0.7823E-04 -0.4333E-04 -0.3787E-03
   56  0.1475E+01 -0.4182E-03  0.1479E+01 -0.3914E-09 -0.5440E-03  0.1476E+01 -0.7874E-02 -0.6206E-02  0.5388E-04 -0.4412E-06 -0.2062E-03
   57  0.1404E+01 -0.1150E-03  0.1407E+01  0.9947E-09 -0.7551E-03  0.1404E+01 -0.6068E-02 -0.5952E-02 -0.2799E-05  0.1339E-04 -0.4670E-04
   58  0.1341E+01 -0.3171E-03  0.1344E+01  0.1777E-08 -0.8443E-03  0.1341E+01 -0.4960E-02 -0.5207E-02 -0.1331E-04  0.1512E-04  0.6130E-04
   59  0.1284E+01 -0.5239E-03  0.1287E+01  0.1557E-08 -0.8617E-03  0.1285E+01 -0.4131E-02 -0.4338E-02  0.1877E-04  0.2976E-04  0.1235E-03
   60  0.1232E+01 -0.2573E-03  0.1234E+01  0.9804E-09 -0.9164E-03  0.1232E+01 -0.1861E-02 -0.3546E-02  0.3546E-04  0.4913E-04  0.1498E-03
   61  0.1181E+01  0.1430E-03  0.1183E+01  0.4864E-09 -0.1026E-02  0.1181E+01  0.1555E-02 -0.2905E-02  0.2874E-04  0.5099E-04  0.1406E-03
   62  0.1129E+01  0.3357E-03  0.1131E+01 -0.9553E-10 -0.1165E-02  0.1129E+01  0.4537E-02 -0.2331E-02  0.1753E-04  0.2391E-04  0.8972E-04
   63  0.1074E+01  0.3453E-03  0.1077E+01  0.5978E-10 -0.1319E-02  0.1074E+01  0.6230E-02 -0.1583E-02 -0.1954E-05 -0.1426E-04  0.5153E-06
   64  0.1017E+01  0.3420E-03  0.1019E+01  0.1527E-09 -0.1457E-02  0.1017E+01  0.7090E-02 -0.6407E-03 -0.3246E-04 -0.4532E-04 -0.1143E-03
   65  0.9574E+00  0.2665E-03  0.9597E+00  0.1591E-09 -0.1534E-02  0.9574E+00  0.7726E-02  0.1860E-03 -0.6198E-04 -0.5354E-04 -0.2206E-03
   66  0.8957E+00  0.1186E-03  0.8981E+00  0.3678E-09 -0.1536E-02  0.8959E+00  0.8401E-02  0.6949E-03 -0.7206E-04 -0.3927E-04 -0.2777E-03
   67  0.8304E+00 -0.5005E-05  0.8329E+00  0.7135E-09 -0.1493E-02  0.8307E+00  0.8862E-02  0.1110E-02 -0.7158E-04 -0.1169E-04 -0.2680E-03
   68  0.7602E+00  0.1448E-04  0.7628E+00  0.9386E-09 -0.1420E-02  0.7604E+00  0.8724E-02  0.1737E-02 -0.7030E-04  0.9539E-05 -0.2301E-03
   69  0.6852E+00  0.8032E-04  0.6877E+00  0.9386E-09 -0.1282E-02  0.6851E+00  0.7582E-02  0.2530E-02 -0.6293E-04  0.1049E-04 -0.2298E-03
   70  0.6073E+00  0.6352E-04  0.6097E+00  0.7895E-09 -0.1039E-02  0.6071E+00  0.5431E-02  0.3153E-02 -0.3677E-04 -0.6689E-05 -0.3033E-03
   71  0.5298E+00 -0.8516E-04  0.5322E+00  0.6190E-09 -0.7238E-03  0.5299E+00  0.2699E-02  0.3385E-02  0.4740E-05 -0.2915E-04 -0.4279E-03
   72  0.4571E+00 -0.2369E-03  0.4594E+00  0.5141E-09 -0.4319E-03  0.4575E+00  0.2599E-03  0.3284E-02  0.4110E-04 -0.4093E-04 -0.5419E-03
   73  0.3929E+00 -0.2577E-03  0.3950E+00  0.4388E-09 -0.2553E-03  0.3935E+00 -0.1026E-02  0.3062E-02  0.5307E-04 -0.3744E-04 -0.5965E-03
   74  0.3395E+00 -0.1059E-03  0.3411E+00  0.2667E-09 -0.2180E-03  0.3399E+00 -0.7424E-03  0.2891E-02  0.3846E-04 -0.2355E-04 -0.5835E-03
   75  0.2963E+00  0.1204E-03  0.2974E+00  0.5594E-10 -0.2741E-03  0.2963E+00  0.7630E-03  0.2853E-02  0.9627E-05 -0.1006E-04 -0.5311E-03
   76  0.2609E+00  0.2897E-03  0.2617E+00 -0.8425E-10 -0.3500E-03  0.2606E+00  0.2589E-02  0.2939E-02 -0.1663E-04 -0.4181E-05 -0.4750E-03
   77  0.2298E+00  0.3206E-03  0.2305E+00 -0.1129E-09 -0.3912E-03  0.2295E+00  0.3796E-02  0.3066E-02 -0.3001E-04 -0.6273E-05 -0.4349E-03
   78  0.2006E+00  0.2333E-03  0.2012E+00 -0.1371E-09 -0.3798E-03  0.2003E+00  0.3924E-02  0.3106E-02 -0.2931E-04 -0.1161E-04 -0.4083E-03
   79  0.1719E+00  0.9848E-04  0.1726E+00 -0.1711E-09 -0.3272E-03  0.1718E+00  0.3105E-02  0.2950E-02 -0.1987E-04 -0.1473E-04 -0.3801E-03
   80  0.1439E+00 -0.1049E-04  0.1446E+00 -0.1715E-09 -0.2565E-03  0.1440E+00  0.1834E-02  0.2572E-02 -0.8623E-05 -0.1329E-04 -0.3371E-03
   81  0.1175E+00 -0.6521E-04  0.1182E+00 -0.1355E-09 -0.1876E-03  0.1176E+00  0.6004E-03  0.2043E-02 -0.4735E-06 -0.8290E-05 -0.2761E-03
   82  0.9352E-01 -0.7129E-04  0.9417E-01 -0.9386E-10 -0.1308E-03  0.9366E-01 -0.3153E-03  0.1485E-02  0.3244E-05 -0.2436E-05 -0.2041E-03
   83  0.7252E-01 -0.5381E-04  0.7305E-01 -0.6609E-10 -0.8879E-04  0.7262E-01 -0.8633E-03  0.1001E-02  0.3381E-05  0.1949E-05 -0.1333E-03
   84  0.5465E-01 -0.3188E-04  0.5508E-01 -0.5090E-10 -0.5904E-04  0.5471E-01 -0.1116E-02  0.6440E-03  0.1908E-05  0.3969E-05 -0.7400E-04
   85  0.3989E-01 -0.1572E-04  0.4023E-01 -0.4038E-10 -0.3830E-04  0.3992E-01 -0.1174E-02  0.4114E-03  0.2218E-06  0.3982E-05 -0.3165E-04
   86  0.2809E-01 -0.5878E-05  0.2835E-01 -0.4202E-10 -0.2383E-04  0.2811E-01 -0.1109E-02  0.2716E-03 -0.8900E-06  0.2910E-05 -0.6074E-05
   87  0.1901E-01 -0.5729E-06  0.1920E-01 -0.4766E-10 -0.1395E-04  0.1902E-01 -0.9727E-03  0.1881E-03 -0.1342E-05  0.1614E-05  0.6299E-05
   88  0.1233E-01  0.2500E-05  0.1246E-01 -0.5331E-10 -0.7505E-05  0.1233E-01 -0.7968E-03  0.1340E-03 -0.1315E-05  0.5847E-06  0.1010E-04
   89  0.7646E-02  0.4148E-05  0.7732E-02 -0.5143E-10 -0.3600E-05  0.7643E-02 -0.6111E-03  0.9488E-04 -0.1058E-05 -0.2455E-07  0.9437E-05
   90  0.4528E-02  0.4818E-05  0.4580E-02 -0.4454E-10 -0.1450E-05  0.4522E-02 -0.4387E-03  0.6473E-04 -0.7518E-06 -0.2800E-06  0.7111E-05
   91  0.2559E-02  0.4629E-05  0.2589E-02 -0.3578E-10 -0.4036E-06  0.2552E-02 -0.2951E-03  0.4185E-04 -0.4877E-06 -0.3168E-06  0.4696E-05
   92  0.1380E-02  0.3902E-05  0.1397E-02 -0.2704E-10  0.1956E-07  0.1374E-02 -0.1862E-03  0.2545E-04 -0.2948E-06 -0.2565E-06  0.2809E-05
   93  0.7113E-03  0.2937E-05  0.7193E-03 -0.1987E-10  0.1377E-06  0.7065E-03 -0.1105E-03  0.1455E-04 -0.1675E-06 -0.1747E-06  0.1554E-05
   94  0.3503E-03  0.2011E-05  0.3540E-03 -0.1379E-10  0.1311E-06  0.3469E-03 -0.6182E-04  0.7825E-05 -0.9016E-07 -0.1059E-06  0.8048E-06
   95  0.1651E-03  0.1262E-05  0.1666E-03 -0.9454E-11  0.9133E-07  0.1629E-03 -0.3268E-04  0.3974E-05 -0.4623E-07 -0.5881E-07  0.3942E-06
   96  0.7457E-04  0.7337E-06  0.7515E-04 -0.6366E-11  0.5424E-07  0.7327E-04 -0.1638E-04  0.1909E-05 -0.2274E-07 -0.3033E-07  0.1839E-06
   97  0.3233E-04  0.3976E-06  0.3253E-04 -0.4203E-11  0.2920E-07  0.3162E-04 -0.7798E-05  0.8707E-06 -0.1083E-07 -0.1472E-07  0.8209E-07
   98  0.1348E-04  0.2024E-06  0.1353E-04 -0.2719E-11  0.1479E-07  0.1312E-04 -0.3539E-05  0.3772E-06 -0.5052E-08 -0.6735E-08  0.3520E-07
   99  0.5416E-05  0.9713E-07  0.5424E-05 -0.1615E-11  0.7234E-08  0.5239E-05 -0.1535E-05  0.1555E-06 -0.2324E-08 -0.2931E-08  0.1452E-07
  100  0.2100E-05  0.4423E-07  0.2097E-05 -0.8722E-12  0.3498E-08  0.2018E-05 -0.6378E-06  0.6107E-07 -0.1063E-08 -0.1209E-08  0.5757E-08
  101  0.7862E-06  0.1916E-07  0.7830E-06 -0.4184E-12  0.1673E-08  0.7508E-06 -0.2543E-06  0.2288E-07 -0.4809E-09 -0.4751E-09  0.2189E-08
  102  0.2849E-06  0.7928E-08  0.2829E-06 -0.1669E-12  0.7954E-09  0.2702E-06 -0.9753E-07  0.8179E-08 -0.2155E-09 -0.1770E-09  0.7981E-09
  103  0.9954E-07  0.3129E-08  0.9852E-07 -0.5668E-13  0.3654E-09  0.9372E-07 -0.3591E-07  0.2792E-08 -0.9405E-10 -0.6224E-10  0.2763E-09
  104  0.3377E-07  0.1186E-08  0.3332E-07 -0.1177E-13  0.1630E-09  0.3156E-07 -0.1276E-07  0.9151E-09 -0.4005E-10 -0.2075E-10  0.9230E-10
  105  0.1088E-07  0.4247E-09  0.1070E-07 -0.8661E-18  0.6738E-10  0.1009E-07 -0.4305E-08  0.2838E-09 -0.1615E-10 -0.6409E-11  0.2862E-10
  106  0.3435E-08  0.1472E-09  0.3366E-08  0.2237E-14  0.2654E-10  0.3159E-08 -0.1413E-08  0.8625E-10 -0.6243E-11 -0.1918E-11  0.8942E-11
  107  0.9866E-09  0.4647E-10  0.9630E-09  0.1637E-14  0.9287E-11  0.8990E-09 -0.4234E-09  0.2371E-10 -0.2196E-11 -0.5062E-12  0.2423E-11
  108  0.2847E-09  0.1451E-10  0.2770E-09  0.8863E-15  0.3084E-11  0.2573E-09 -0.1262E-09  0.6752E-11 -0.7325E-12 -0.1438E-12  0.7456E-12
  109  0.6810E-10  0.3786E-11  0.6598E-10  0.3668E-15  0.8657E-12  0.6090E-10 -0.3147E-10  0.1531E-11 -0.2106E-12 -0.3078E-13  0.1658E-12
  110  0.1770E-10  0.1051E-11  0.1711E-10  0.1019E-15  0.2339E-12  0.1571E-10 -0.8390E-11  0.4189E-12 -0.5769E-13 -0.9454E-14  0.5396E-13
  111  0.3056E-11  0.1964E-12  0.2940E-11  0.3359E-16  0.4846E-13  0.2679E-11 -0.1509E-11  0.6557E-13 -0.1227E-13 -0.1359E-14  0.8400E-14
  112  0.7386E-12  0.4930E-13  0.7080E-12  0.2263E-16  0.1010E-13  0.6446E-12 -0.3684E-12  0.1911E-13 -0.2619E-14 -0.5649E-15  0.3102E-14
  113  0.5857E-13  0.4194E-14  0.5601E-13  0.7268E-17  0.1210E-14  0.5046E-13 -0.3046E-13  0.1202E-14 -0.3322E-15 -0.2519E-16  0.2183E-15
  114  0.2979E-13  0.2304E-14  0.2873E-13 -0.4272E-19  0.2212E-15  0.2571E-13 -0.1560E-13  0.1057E-14 -0.5885E-16 -0.4264E-16  0.2047E-15
