 input file is 
mstm23_256_9598_20_0045.inp   
 input file comments follow:
***********************************************************
  This is the default mstm input file for v.3.0.
  The run is for a 7-sphere cluster of identical spheres.   The positions
  are embedded in the input file.

  The run makes use of the new_run and multiple_run options.

  14 April 2013
***********************************************************
 number of processors:
   1
 input parameters for run number 
    1
 number of spheres, volume size parameter:
  256  0.60944E+01
 position file:
position/n256/a23.out                                       
 output file:
output/256/x9598/20/0045/mt_23_256_9598_20_0045.dat         
 length, ref. indx. scale factors:
   0.960   2.000   0.045
 chiral factors:
  0.00000E+00  0.00000E+00
 scattering matrix directions based on incident frame
 automatic scattering angle calculation
 thetamin, thetamax:
      0.0    180.0
 number scattering angles:
      181
 epsmie, epssoln, max number iterations:
  0.1000E-05  0.1000E-07 5000
 medium refractive index:
  1.0000  0.0000
 target euler rotation angles:
    0.0000    0.0000    0.0000
 far field kr, iterations/correction:
 -0.1000E+01   20
 plane wave incidence
 random orientation calculations
 t matrix calculated, stored in file 
tmatrixfiles/232569598200045                                
 t matrix convergence epsilon:
  0.1000E-06
 all spheres excited (total T matrix) 
 calculation results for run 
    1
 total ext, abs, scat efficiencies, w.r.t. xv, and asym. parm
  0.10005E+02  0.93231E+00  0.90727E+01  0.72432E+00
 scattering matrix elements (normalized w/ S11)
   theta      11           12           13           14           22           23           24           33           34           44      
    0.00  0.14029E+03  0.00000E+00  0.00000E+00  0.91249E-03  0.99953E+00 -0.44571E-03  0.00000E+00  0.99953E+00  0.00000E+00  0.99920E+00 
    1.00  0.13650E+03 -0.16714E-03 -0.27007E-06  0.93241E-03  0.99951E+00 -0.45451E-03 -0.15796E-06  0.99951E+00 -0.41189E-04  0.99918E+00 
    2.00  0.12577E+03 -0.66682E-03 -0.11087E-05  0.99203E-03  0.99948E+00 -0.48327E-03 -0.59180E-06  0.99948E+00 -0.17023E-03  0.99913E+00 
    3.00  0.10983E+03 -0.14927E-02 -0.25915E-05  0.10903E-02  0.99941E+00 -0.53952E-03 -0.11685E-05  0.99941E+00 -0.40483E-03  0.99902E+00 
    4.00  0.91070E+02 -0.26299E-02 -0.48049E-05  0.12235E-02  0.99930E+00 -0.63672E-03 -0.16239E-05  0.99929E+00 -0.77881E-03  0.99884E+00 
    5.00  0.71977E+02 -0.40493E-02 -0.77672E-05  0.13806E-02  0.99911E+00 -0.79482E-03 -0.15057E-05  0.99910E+00 -0.13487E-02  0.99855E+00 
    6.00  0.54590E+02 -0.57012E-02 -0.11284E-04  0.15372E-02  0.99882E+00 -0.10383E-02 -0.13635E-06  0.99880E+00 -0.22014E-02  0.99808E+00 
    7.00  0.40184E+02 -0.75180E-02 -0.14750E-04  0.16458E-02  0.99837E+00 -0.13869E-02  0.32888E-05  0.99832E+00 -0.34550E-02  0.99734E+00 
    8.00  0.29198E+02 -0.94445E-02 -0.17065E-04  0.16335E-02  0.99770E+00 -0.18321E-02  0.92341E-05  0.99763E+00 -0.52351E-02  0.99625E+00 
    9.00  0.21387E+02 -0.11513E-01 -0.17031E-04  0.14211E-02  0.99678E+00 -0.23030E-02  0.16831E-04  0.99667E+00 -0.76037E-02  0.99475E+00 
   10.00  0.16106E+02 -0.13920E-01 -0.14542E-04  0.97487E-03  0.99562E+00 -0.26532E-02  0.22921E-04  0.99546E+00 -0.10459E-01  0.99288E+00 
   11.00  0.12608E+02 -0.16982E-01 -0.11716E-04  0.35251E-03  0.99430E+00 -0.27118E-02  0.22618E-04  0.99408E+00 -0.13500E-01  0.99076E+00 
   12.00  0.10253E+02 -0.20917E-01 -0.12333E-04 -0.32144E-03  0.99290E+00 -0.23740E-02  0.11788E-04  0.99259E+00 -0.16311E-01  0.98854E+00 
   13.00  0.86016E+01 -0.25622E-01 -0.19703E-04 -0.93371E-03  0.99145E+00 -0.16399E-02 -0.10545E-04  0.99104E+00 -0.18449E-01  0.98629E+00 
   14.00  0.73997E+01 -0.30637E-01 -0.35002E-04 -0.14286E-02  0.99000E+00 -0.58631E-03 -0.41459E-04  0.98945E+00 -0.19464E-01  0.98404E+00 
   15.00  0.65137E+01 -0.35315E-01 -0.57249E-04 -0.17975E-02  0.98856E+00  0.66776E-03 -0.74736E-04  0.98789E+00 -0.18955E-01  0.98186E+00 
   16.00  0.58587E+01 -0.39122E-01 -0.84727E-04 -0.20506E-02  0.98718E+00  0.19860E-02 -0.10273E-03  0.98640E+00 -0.16742E-01  0.97981E+00 
   17.00  0.53581E+01 -0.41913E-01 -0.11681E-03 -0.21996E-02  0.98585E+00  0.32475E-02 -0.11936E-03  0.98501E+00 -0.13026E-01  0.97789E+00 
   18.00  0.49375E+01 -0.43957E-01 -0.15461E-03 -0.22543E-02  0.98448E+00  0.43762E-02 -0.12232E-03  0.98363E+00 -0.82991E-02  0.97595E+00 
   19.00  0.45385E+01 -0.45704E-01 -0.19943E-03 -0.22257E-02  0.98295E+00  0.53335E-02 -0.11272E-03  0.98211E+00 -0.31244E-02  0.97379E+00 
   20.00  0.41330E+01 -0.47557E-01 -0.25001E-03 -0.21293E-02  0.98114E+00  0.60806E-02 -0.93296E-04  0.98030E+00  0.19942E-02  0.97119E+00 
   21.00  0.37246E+01 -0.49792E-01 -0.29974E-03 -0.19873E-02  0.97899E+00  0.65446E-02 -0.67204E-04  0.97810E+00  0.65430E-02  0.96805E+00 
   22.00  0.33358E+01 -0.52602E-01 -0.33589E-03 -0.18253E-02  0.97653E+00  0.66193E-02 -0.37901E-04  0.97550E+00  0.98740E-02  0.96439E+00 
   23.00  0.29902E+01 -0.56153E-01 -0.34273E-03 -0.16577E-02  0.97388E+00  0.62139E-02 -0.94771E-05  0.97258E+00  0.11212E-01  0.96035E+00 
   24.00  0.26991E+01 -0.60594E-01 -0.30937E-03 -0.14647E-02  0.97115E+00  0.53238E-02  0.13769E-04  0.96945E+00  0.98987E-02  0.95612E+00 
   25.00  0.24582E+01 -0.65979E-01 -0.23742E-03 -0.11750E-02  0.96837E+00  0.40607E-02  0.28810E-04  0.96619E+00  0.57439E-02  0.95181E+00 
   26.00  0.22545E+01 -0.72202E-01 -0.14161E-03 -0.67766E-03  0.96544E+00  0.25998E-02  0.35435E-04  0.96277E+00 -0.80486E-03  0.94736E+00 
   27.00  0.20750E+01 -0.78976E-01 -0.42029E-04  0.13479E-03  0.96223E+00  0.10843E-02  0.36783E-04  0.95914E+00 -0.87834E-02  0.94265E+00 
   28.00  0.19136E+01 -0.85892E-01  0.45769E-04  0.13038E-02  0.95870E+00 -0.43287E-03  0.38858E-04  0.95526E+00 -0.16953E-01  0.93763E+00 
   29.00  0.17718E+01 -0.92533E-01  0.11703E-03  0.27423E-02  0.95498E+00 -0.19790E-02  0.49508E-04  0.95125E+00 -0.24025E-01  0.93251E+00 
   30.00  0.16541E+01 -0.98652E-01  0.17833E-03  0.42039E-02  0.95144E+00 -0.36029E-02  0.76765E-04  0.94733E+00 -0.28938E-01  0.92767E+00 
   31.00  0.15625E+01 -0.10434E+00  0.24187E-03  0.53339E-02  0.94844E+00 -0.53093E-02  0.12645E-03  0.94370E+00 -0.31218E-01  0.92349E+00 
   32.00  0.14935E+01 -0.11003E+00  0.31559E-03  0.58108E-02  0.94615E+00 -0.70286E-02  0.20027E-03  0.94035E+00 -0.31202E-01  0.92004E+00 
   33.00  0.14385E+01 -0.11631E+00  0.39536E-03  0.54862E-02  0.94442E+00 -0.86402E-02  0.29606E-03  0.93703E+00 -0.29845E-01  0.91700E+00 
   34.00  0.13876E+01 -0.12361E+00  0.46472E-03  0.44231E-02  0.94284E+00 -0.10018E-01  0.40998E-03  0.93336E+00 -0.28204E-01  0.91378E+00 
   35.00  0.13340E+01 -0.13203E+00  0.50114E-03  0.28335E-02  0.94099E+00 -0.11061E-01  0.53832E-03  0.92902E+00 -0.26985E-01  0.90987E+00 
   36.00  0.12759E+01 -0.14130E+00  0.48468E-03  0.99607E-03  0.93859E+00 -0.11688E-01  0.67769E-03  0.92392E+00 -0.26394E-01  0.90500E+00 
   37.00  0.12165E+01 -0.15087E+00  0.40615E-03 -0.80151E-03  0.93563E+00 -0.11840E-01  0.82366E-03  0.91825E+00 -0.26227E-01  0.89930E+00 
   38.00  0.11613E+01 -0.16016E+00  0.27299E-03 -0.23053E-02  0.93233E+00 -0.11486E-01  0.96936E-03  0.91242E+00 -0.26098E-01  0.89321E+00 
   39.00  0.11147E+01 -0.16874E+00  0.10916E-03 -0.33425E-02  0.92906E+00 -0.10637E-01  0.11055E-02  0.90690E+00 -0.25699E-01  0.88732E+00 
   40.00  0.10785E+01 -0.17662E+00 -0.53755E-04 -0.38621E-02  0.92612E+00 -0.93648E-02  0.12221E-02  0.90199E+00 -0.24976E-01  0.88207E+00 
   41.00  0.10511E+01 -0.18424E+00 -0.19043E-03 -0.39329E-02  0.92365E+00 -0.77902E-02  0.13105E-02  0.89765E+00 -0.24129E-01  0.87758E+00 
   42.00  0.10290E+01 -0.19222E+00 -0.29130E-03 -0.36926E-02  0.92156E+00 -0.60609E-02  0.13652E-02  0.89359E+00 -0.23443E-01  0.87358E+00 
   43.00  0.10082E+01 -0.20109E+00 -0.36136E-03 -0.32801E-02  0.91959E+00 -0.43359E-02  0.13823E-02  0.88937E+00 -0.23092E-01  0.86963E+00 
   44.00  0.98578E+00 -0.21106E+00 -0.41065E-03 -0.27932E-02  0.91751E+00 -0.27824E-02  0.13598E-02  0.88467E+00 -0.23041E-01  0.86530E+00 
   45.00  0.96031E+00 -0.22197E+00 -0.44353E-03 -0.22822E-02  0.91511E+00 -0.15749E-02  0.12963E-02  0.87930E+00 -0.23086E-01  0.86031E+00 
   46.00  0.93196E+00 -0.23338E+00 -0.45245E-03 -0.17681E-02  0.91233E+00 -0.87769E-03  0.11925E-02  0.87328E+00 -0.22981E-01  0.85459E+00 
   47.00  0.90169E+00 -0.24474E+00 -0.41887E-03 -0.12628E-02  0.90919E+00 -0.80527E-03  0.10519E-02  0.86674E+00 -0.22576E-01  0.84821E+00 
   48.00  0.87064E+00 -0.25556E+00 -0.32116E-03 -0.78234E-03  0.90576E+00 -0.13731E-02  0.88140E-03  0.85982E+00 -0.21911E-01  0.84132E+00 
   49.00  0.83971E+00 -0.26559E+00 -0.14639E-03 -0.34456E-03  0.90212E+00 -0.24633E-02  0.69022E-03  0.85260E+00 -0.21203E-01  0.83406E+00 
   50.00  0.80939E+00 -0.27487E+00  0.98839E-04  0.41138E-04  0.89830E+00 -0.38285E-02  0.48850E-03  0.84508E+00 -0.20748E-01  0.82654E+00 
   51.00  0.77980E+00 -0.28365E+00  0.38394E-03  0.38494E-03  0.89429E+00 -0.51403E-02  0.28565E-03  0.83718E+00 -0.20768E-01  0.81879E+00 
   52.00  0.75083E+00 -0.29230E+00  0.65856E-03  0.71859E-03  0.89004E+00 -0.60695E-02  0.89377E-04  0.82879E+00 -0.21292E-01  0.81074E+00 
   53.00  0.72218E+00 -0.30110E+00  0.86466E-03  0.10842E-02  0.88545E+00 -0.63683E-02 -0.94299E-04  0.81981E+00 -0.22119E-01  0.80230E+00 
   54.00  0.69350E+00 -0.31015E+00  0.95218E-03  0.15136E-02  0.88040E+00 -0.59288E-02 -0.26035E-03  0.81021E+00 -0.22885E-01  0.79334E+00 
   55.00  0.66447E+00 -0.31934E+00  0.89269E-03  0.20062E-02  0.87480E+00 -0.47974E-02 -0.40377E-03  0.79997E+00 -0.23189E-01  0.78373E+00 
   56.00  0.63493E+00 -0.32838E+00  0.68684E-03  0.25172E-02  0.86858E+00 -0.31450E-02 -0.51887E-03  0.78912E+00 -0.22743E-01  0.77337E+00 
   57.00  0.60501E+00 -0.33694E+00  0.36389E-03  0.29612E-02  0.86171E+00 -0.12085E-02 -0.59894E-03  0.77773E+00 -0.21469E-01  0.76224E+00 
   58.00  0.57514E+00 -0.34472E+00 -0.25459E-04  0.32346E-02  0.85426E+00  0.77443E-03 -0.63691E-03  0.76586E+00 -0.19532E-01  0.75039E+00 
   59.00  0.54606E+00 -0.35156E+00 -0.42030E-03  0.32500E-02  0.84637E+00  0.26192E-02 -0.62683E-03  0.75361E+00 -0.17294E-01  0.73799E+00 
   60.00  0.51864E+00 -0.35752E+00 -0.76221E-03  0.29754E-02  0.83828E+00  0.42219E-02 -0.56630E-03  0.74110E+00 -0.15220E-01  0.72528E+00 
   61.00  0.49366E+00 -0.36288E+00 -0.10066E-02  0.24615E-02  0.83023E+00  0.55589E-02 -0.45907E-03  0.72848E+00 -0.13749E-01  0.71257E+00 
   62.00  0.47167E+00 -0.36803E+00 -0.11303E-02  0.18416E-02  0.82249E+00  0.66601E-02 -0.31643E-03  0.71586E+00 -0.13173E-01  0.70013E+00 
   63.00  0.45282E+00 -0.37342E+00 -0.11328E-02  0.12969E-02  0.81522E+00  0.75673E-02 -0.15593E-03  0.70333E+00 -0.13575E-01  0.68813E+00 
   64.00  0.43693E+00 -0.37939E+00 -0.10305E-02  0.99501E-03  0.80848E+00  0.82962E-02  0.31834E-05  0.69091E+00 -0.14829E-01  0.67658E+00 
   65.00  0.42354E+00 -0.38616E+00 -0.84812E-03  0.10285E-02  0.80220E+00  0.88176E-02  0.14653E-03  0.67849E+00 -0.16674E-01  0.66529E+00 
   66.00  0.41204E+00 -0.39376E+00 -0.60917E-03  0.13792E-02  0.79624E+00  0.90664E-02  0.27080E-03  0.66594E+00 -0.18806E-01  0.65401E+00 
   67.00  0.40189E+00 -0.40212E+00 -0.33156E-03  0.19240E-02  0.79045E+00  0.89705E-02  0.38693E-03  0.65306E+00 -0.20956E-01  0.64247E+00 
   68.00  0.39260E+00 -0.41113E+00 -0.27574E-04  0.24764E-02  0.78474E+00  0.84866E-02  0.51882E-03  0.63969E+00 -0.22915E-01  0.63043E+00 
   69.00  0.38385E+00 -0.42062E+00  0.29298E-03  0.28459E-02  0.77904E+00  0.76270E-02  0.69751E-03  0.62571E+00 -0.24526E-01  0.61778E+00 
   70.00  0.37540E+00 -0.43043E+00  0.61933E-03  0.28965E-02  0.77335E+00  0.64707E-02  0.95189E-03  0.61105E+00 -0.25665E-01  0.60447E+00 
   71.00  0.36710E+00 -0.44037E+00  0.93795E-03  0.25846E-02  0.76769E+00  0.51540E-02  0.12984E-02  0.59568E+00 -0.26232E-01  0.59052E+00 
   72.00  0.35879E+00 -0.45019E+00  0.12331E-02  0.19690E-02  0.76205E+00  0.38463E-02  0.17321E-02  0.57960E+00 -0.26166E-01  0.57600E+00 
   73.00  0.35035E+00 -0.45959E+00  0.14888E-02  0.11916E-02  0.75635E+00  0.27183E-02  0.22221E-02  0.56282E+00 -0.25477E-01  0.56091E+00 
   74.00  0.34167E+00 -0.46828E+00  0.16910E-02  0.43672E-03  0.75051E+00  0.19116E-02  0.27124E-02  0.54536E+00 -0.24280E-01  0.54527E+00 
   75.00  0.33272E+00 -0.47600E+00  0.18283E-02 -0.11519E-03  0.74438E+00  0.15175E-02  0.31282E-02  0.52722E+00 -0.22810E-01  0.52904E+00 
   76.00  0.32354E+00 -0.48261E+00  0.18914E-02 -0.32784E-03  0.73788E+00  0.15678E-02  0.33864E-02  0.50843E+00 -0.21408E-01  0.51223E+00 
   77.00  0.31430E+00 -0.48812E+00  0.18714E-02 -0.13431E-03  0.73096E+00  0.20351E-02  0.34089E-02  0.48905E+00 -0.20462E-01  0.49484E+00 
   78.00  0.30525E+00 -0.49276E+00  0.17583E-02  0.45533E-03  0.72370E+00  0.28420E-02  0.31366E-02  0.46917E+00 -0.20326E-01  0.47695E+00 
   79.00  0.29668E+00 -0.49692E+00  0.15402E-02  0.13630E-02  0.71628E+00  0.38756E-02  0.25426E-02  0.44896E+00 -0.21229E-01  0.45869E+00 
   80.00  0.28887E+00 -0.50108E+00  0.12057E-02  0.24649E-02  0.70900E+00  0.50063E-02  0.16418E-02  0.42861E+00 -0.23198E-01  0.44024E+00 
   81.00  0.28200E+00 -0.50571E+00  0.74690E-03  0.36214E-02  0.70215E+00  0.61086E-02  0.49311E-03  0.40832E+00 -0.26034E-01  0.42178E+00 
   82.00  0.27614E+00 -0.51114E+00  0.16452E-03  0.47077E-02  0.69600E+00  0.70789E-02 -0.80779E-03  0.38825E+00 -0.29352E-01  0.40344E+00 
   83.00  0.27121E+00 -0.51744E+00 -0.52868E-03  0.56370E-02  0.69070E+00  0.78475E-02 -0.21444E-02  0.36849E+00 -0.32681E-01  0.38529E+00 
   84.00  0.26703E+00 -0.52445E+00 -0.13060E-02  0.63705E-02  0.68626E+00  0.83801E-02 -0.33997E-02  0.34903E+00 -0.35588E-01  0.36733E+00 
   85.00  0.26334E+00 -0.53177E+00 -0.21276E-02  0.69123E-02  0.68254E+00  0.86702E-02 -0.44753E-02  0.32979E+00 -0.37785E-01  0.34948E+00 
   86.00  0.25987E+00 -0.53894E+00 -0.29447E-02  0.72954E-02  0.67929E+00  0.87269E-02 -0.53033E-02  0.31062E+00 -0.39179E-01  0.33163E+00 
   87.00  0.25638E+00 -0.54546E+00 -0.37045E-02  0.75632E-02  0.67627E+00  0.85639E-02 -0.58518E-02  0.29134E+00 -0.39869E-01  0.31367E+00 
   88.00  0.25272E+00 -0.55099E+00 -0.43569E-02  0.77540E-02  0.67322E+00  0.81948E-02 -0.61223E-02  0.27176E+00 -0.40086E-01  0.29549E+00 
   89.00  0.24882E+00 -0.55531E+00 -0.48620E-02  0.78922E-02  0.66997E+00  0.76339E-02 -0.61448E-02  0.25176E+00 -0.40117E-01  0.27703E+00 
   90.00  0.24470E+00 -0.55841E+00 -0.51966E-02  0.79847E-02  0.66645E+00  0.69038E-02 -0.59704E-02  0.23124E+00 -0.40227E-01  0.25825E+00 
   91.00  0.24047E+00 -0.56040E+00 -0.53600E-02  0.80243E-02  0.66267E+00  0.60429E-02 -0.56645E-02  0.21017E+00 -0.40599E-01  0.23917E+00 
   92.00  0.23622E+00 -0.56149E+00 -0.53768E-02  0.79959E-02  0.65870E+00  0.51117E-02 -0.52996E-02  0.18857E+00 -0.41295E-01  0.21981E+00 
   93.00  0.23209E+00 -0.56189E+00 -0.52939E-02  0.78845E-02  0.65466E+00  0.41908E-02 -0.49486E-02  0.16652E+00 -0.42253E-01  0.20022E+00 
   94.00  0.22816E+00 -0.56177E+00 -0.51739E-02  0.76821E-02  0.65069E+00  0.33731E-02 -0.46780E-02  0.14414E+00 -0.43317E-01  0.18049E+00 
   95.00  0.22449E+00 -0.56123E+00 -0.50821E-02  0.73924E-02  0.64689E+00  0.27476E-02 -0.45421E-02  0.12158E+00 -0.44281E-01  0.16070E+00 
   96.00  0.22109E+00 -0.56024E+00 -0.50737E-02  0.70313E-02  0.64332E+00  0.23833E-02 -0.45776E-02  0.98988E-01 -0.44954E-01  0.14094E+00 
   97.00  0.21794E+00 -0.55869E+00 -0.51813E-02  0.66239E-02  0.63998E+00  0.23137E-02 -0.48004E-02  0.76502E-01 -0.45207E-01  0.12131E+00 
   98.00  0.21500E+00 -0.55642E+00 -0.54085E-02  0.61994E-02  0.63686E+00  0.25298E-02 -0.52038E-02  0.54245E-01 -0.45011E-01  0.10193E+00 
   99.00  0.21221E+00 -0.55327E+00 -0.57291E-02  0.57852E-02  0.63390E+00  0.29804E-02 -0.57585E-02  0.32316E-01 -0.44442E-01  0.82877E-01 
  100.00  0.20953E+00 -0.54916E+00 -0.60934E-02  0.54015E-02  0.63104E+00  0.35811E-02 -0.64141E-02  0.10791E-01 -0.43665E-01  0.64227E-01 
  101.00  0.20696E+00 -0.54408E+00 -0.64385E-02  0.50584E-02  0.62825E+00  0.42278E-02 -0.71036E-02 -0.10276E-01 -0.42898E-01  0.46033E-01 
  102.00  0.20447E+00 -0.53813E+00 -0.67008E-02  0.47552E-02  0.62552E+00  0.48135E-02 -0.77491E-02 -0.30852E-01 -0.42361E-01  0.28313E-01 
  103.00  0.20209E+00 -0.53149E+00 -0.68279E-02  0.44822E-02  0.62286E+00  0.52437E-02 -0.82705E-02 -0.50928E-01 -0.42233E-01  0.11050E-01 
  104.00  0.19984E+00 -0.52439E+00 -0.67876E-02  0.42234E-02  0.62034E+00  0.54497E-02 -0.85953E-02 -0.70519E-01 -0.42616E-01 -0.58054E-02 
  105.00  0.19775E+00 -0.51708E+00 -0.65730E-02  0.39614E-02  0.61799E+00  0.53968E-02 -0.86690E-02 -0.89671E-01 -0.43524E-01 -0.22335E-01 
  106.00  0.19583E+00 -0.50975E+00 -0.62029E-02  0.36815E-02  0.61588E+00  0.50876E-02 -0.84638E-02 -0.10845E+00 -0.44883E-01 -0.38638E-01 
  107.00  0.19410E+00 -0.50249E+00 -0.57178E-02  0.33748E-02  0.61403E+00  0.45586E-02 -0.79838E-02 -0.12696E+00 -0.46562E-01 -0.54815E-01 
  108.00  0.19255E+00 -0.49530E+00 -0.51728E-02  0.30406E-02  0.61244E+00  0.38732E-02 -0.72648E-02 -0.14527E+00 -0.48405E-01 -0.70949E-01 
  109.00  0.19118E+00 -0.48810E+00 -0.46291E-02  0.26859E-02  0.61110E+00  0.31096E-02 -0.63686E-02 -0.16349E+00 -0.50277E-01 -0.87093E-01 
  110.00  0.18997E+00 -0.48071E+00 -0.41448E-02  0.23237E-02  0.60997E+00  0.23484E-02 -0.53731E-02 -0.18167E+00 -0.52088E-01 -0.10326E+00 
  111.00  0.18888E+00 -0.47295E+00 -0.37678E-02  0.19690E-02  0.60898E+00  0.16606E-02 -0.43598E-02 -0.19982E+00 -0.53811E-01 -0.11941E+00 
  112.00  0.18790E+00 -0.46465E+00 -0.35296E-02  0.16348E-02  0.60809E+00  0.10984E-02 -0.34007E-02 -0.21794E+00 -0.55480E-01 -0.13547E+00 
  113.00  0.18700E+00 -0.45570E+00 -0.34428E-02  0.13274E-02  0.60728E+00  0.69008E-03 -0.25488E-02 -0.23594E+00 -0.57168E-01 -0.15134E+00 
  114.00  0.18618E+00 -0.44606E+00 -0.34997E-02  0.10438E-02  0.60653E+00  0.43902E-03 -0.18315E-02 -0.25375E+00 -0.58961E-01 -0.16692E+00 
  115.00  0.18543E+00 -0.43578E+00 -0.36739E-02  0.77026E-03  0.60586E+00  0.32704E-03 -0.12491E-02 -0.27127E+00 -0.60932E-01 -0.18211E+00 
  116.00  0.18474E+00 -0.42498E+00 -0.39237E-02  0.48324E-03  0.60532E+00  0.32031E-03 -0.77795E-03 -0.28839E+00 -0.63112E-01 -0.19684E+00 
  117.00  0.18412E+00 -0.41382E+00 -0.41967E-02  0.15281E-03  0.60497E+00  0.37686E-03 -0.37691E-03 -0.30505E+00 -0.65484E-01 -0.21107E+00 
  118.00  0.18357E+00 -0.40248E+00 -0.44365E-02 -0.25275E-03  0.60487E+00  0.45420E-03  0.41381E-05 -0.32120E+00 -0.67978E-01 -0.22479E+00 
  119.00  0.18311E+00 -0.39112E+00 -0.45888E-02 -0.76166E-03  0.60508E+00  0.51576E-03  0.41533E-03 -0.33684E+00 -0.70482E-01 -0.23803E+00 
  120.00  0.18272E+00 -0.37987E+00 -0.46080E-02 -0.13936E-02  0.60565E+00  0.53523E-03  0.89898E-03 -0.35200E+00 -0.72863E-01 -0.25085E+00 
  121.00  0.18242E+00 -0.36882E+00 -0.44626E-02 -0.21560E-02  0.60660E+00  0.49862E-03  0.14840E-02 -0.36674E+00 -0.74985E-01 -0.26331E+00 
  122.00  0.18219E+00 -0.35798E+00 -0.41383E-02 -0.30424E-02  0.60792E+00  0.40396E-03  0.21833E-02 -0.38113E+00 -0.76731E-01 -0.27547E+00 
  123.00  0.18204E+00 -0.34733E+00 -0.36397E-02 -0.40329E-02  0.60959E+00  0.25929E-03  0.29935E-02 -0.39524E+00 -0.78014E-01 -0.28739E+00 
  124.00  0.18195E+00 -0.33682E+00 -0.29885E-02 -0.50961E-02  0.61156E+00  0.79591E-04  0.38976E-02 -0.40915E+00 -0.78789E-01 -0.29911E+00 
  125.00  0.18193E+00 -0.32637E+00 -0.22201E-02 -0.61931E-02  0.61377E+00 -0.11671E-03  0.48687E-02 -0.42290E+00 -0.79054E-01 -0.31064E+00 
  126.00  0.18196E+00 -0.31590E+00 -0.13786E-02 -0.72817E-02  0.61614E+00 -0.31093E-03  0.58745E-02 -0.43652E+00 -0.78844E-01 -0.32199E+00 
  127.00  0.18205E+00 -0.30535E+00 -0.51127E-03 -0.83209E-02  0.61861E+00 -0.48673E-03  0.68810E-02 -0.45001E+00 -0.78222E-01 -0.33317E+00 
  128.00  0.18220E+00 -0.29465E+00  0.33705E-03 -0.92747E-02  0.62113E+00 -0.63176E-03  0.78565E-02 -0.46335E+00 -0.77276E-01 -0.34415E+00 
  129.00  0.18241E+00 -0.28379E+00  0.11283E-02 -0.10115E-01  0.62364E+00 -0.73835E-03  0.87732E-02 -0.47650E+00 -0.76100E-01 -0.35491E+00 
  130.00  0.18268E+00 -0.27275E+00  0.18342E-02 -0.10824E-01  0.62612E+00 -0.80348E-03  0.96089E-02 -0.48940E+00 -0.74790E-01 -0.36542E+00 
  131.00  0.18302E+00 -0.26156E+00  0.24371E-02 -0.11393E-01  0.62855E+00 -0.82811E-03  0.10347E-01 -0.50198E+00 -0.73431E-01 -0.37561E+00 
  132.00  0.18344E+00 -0.25028E+00  0.29302E-02 -0.11824E-01  0.63094E+00 -0.81618E-03  0.10977E-01 -0.51415E+00 -0.72095E-01 -0.38543E+00 
  133.00  0.18393E+00 -0.23896E+00  0.33153E-02 -0.12128E-01  0.63329E+00 -0.77362E-03  0.11492E-01 -0.52582E+00 -0.70832E-01 -0.39481E+00 
  134.00  0.18451E+00 -0.22768E+00  0.36008E-02 -0.12322E-01  0.63564E+00 -0.70735E-03  0.11893E-01 -0.53690E+00 -0.69671E-01 -0.40367E+00 
  135.00  0.18519E+00 -0.21652E+00  0.37988E-02 -0.12431E-01  0.63801E+00 -0.62448E-03  0.12182E-01 -0.54732E+00 -0.68622E-01 -0.41195E+00 
  136.00  0.18596E+00 -0.20556E+00  0.39227E-02 -0.12480E-01  0.64043E+00 -0.53151E-03  0.12367E-01 -0.55703E+00 -0.67680E-01 -0.41958E+00 
  137.00  0.18682E+00 -0.19484E+00  0.39850E-02 -0.12496E-01  0.64290E+00 -0.43363E-03  0.12460E-01 -0.56599E+00 -0.66826E-01 -0.42656E+00 
  138.00  0.18776E+00 -0.18441E+00  0.39960E-02 -0.12504E-01  0.64545E+00 -0.33412E-03  0.12476E-01 -0.57421E+00 -0.66038E-01 -0.43287E+00 
  139.00  0.18878E+00 -0.17428E+00  0.39632E-02 -0.12524E-01  0.64805E+00 -0.23409E-03  0.12431E-01 -0.58173E+00 -0.65295E-01 -0.43857E+00 
  140.00  0.18986E+00 -0.16445E+00  0.38914E-02 -0.12569E-01  0.65070E+00 -0.13251E-03  0.12345E-01 -0.58863E+00 -0.64575E-01 -0.44371E+00 
  141.00  0.19099E+00 -0.15492E+00  0.37840E-02 -0.12645E-01  0.65338E+00 -0.26982E-04  0.12235E-01 -0.59498E+00 -0.63862E-01 -0.44839E+00 
  142.00  0.19215E+00 -0.14565E+00  0.36437E-02 -0.12747E-01  0.65608E+00  0.85080E-04  0.12121E-01 -0.60091E+00 -0.63140E-01 -0.45272E+00 
  143.00  0.19334E+00 -0.13663E+00  0.34746E-02 -0.12862E-01  0.65880E+00  0.20494E-03  0.12019E-01 -0.60651E+00 -0.62395E-01 -0.45679E+00 
  144.00  0.19454E+00 -0.12783E+00  0.32823E-02 -0.12970E-01  0.66152E+00  0.33119E-03  0.11942E-01 -0.61190E+00 -0.61611E-01 -0.46069E+00 
  145.00  0.19577E+00 -0.11926E+00  0.30751E-02 -0.13046E-01  0.66425E+00  0.45891E-03  0.11902E-01 -0.61716E+00 -0.60771E-01 -0.46451E+00 
  146.00  0.19701E+00 -0.11089E+00  0.28629E-02 -0.13063E-01  0.66701E+00  0.57984E-03  0.11904E-01 -0.62236E+00 -0.59856E-01 -0.46830E+00 
  147.00  0.19828E+00 -0.10275E+00  0.26566E-02 -0.12998E-01  0.66980E+00  0.68338E-03  0.11951E-01 -0.62754E+00 -0.58850E-01 -0.47208E+00 
  148.00  0.19958E+00 -0.94842E-01  0.24669E-02 -0.12831E-01  0.67263E+00  0.75844E-03  0.12037E-01 -0.63272E+00 -0.57735E-01 -0.47587E+00 
  149.00  0.20093E+00 -0.87185E-01  0.23024E-02 -0.12551E-01  0.67550E+00  0.79560E-03  0.12154E-01 -0.63787E+00 -0.56500E-01 -0.47965E+00 
  150.00  0.20233E+00 -0.79792E-01  0.21688E-02 -0.12152E-01  0.67843E+00  0.78898E-03  0.12288E-01 -0.64298E+00 -0.55135E-01 -0.48338E+00 
  151.00  0.20381E+00 -0.72671E-01  0.20685E-02 -0.11638E-01  0.68138E+00  0.73751E-03  0.12420E-01 -0.64799E+00 -0.53638E-01 -0.48699E+00 
  152.00  0.20536E+00 -0.65818E-01  0.19998E-02 -0.11018E-01  0.68436E+00  0.64524E-03  0.12529E-01 -0.65287E+00 -0.52007E-01 -0.49046E+00 
  153.00  0.20699E+00 -0.59222E-01  0.19578E-02 -0.10306E-01  0.68732E+00  0.52074E-03  0.12595E-01 -0.65757E+00 -0.50246E-01 -0.49371E+00 
  154.00  0.20871E+00 -0.52860E-01  0.19350E-02 -0.95193E-02  0.69026E+00  0.37579E-03  0.12594E-01 -0.66209E+00 -0.48363E-01 -0.49671E+00 
  155.00  0.21051E+00 -0.46709E-01  0.19219E-02 -0.86777E-02  0.69314E+00  0.22359E-03  0.12507E-01 -0.66641E+00 -0.46367E-01 -0.49944E+00 
  156.00  0.21242E+00 -0.40747E-01  0.19088E-02 -0.78005E-02  0.69596E+00  0.77021E-04  0.12316E-01 -0.67054E+00 -0.44272E-01 -0.50185E+00 
  157.00  0.21441E+00 -0.34962E-01  0.18868E-02 -0.69063E-02  0.69869E+00 -0.53002E-04  0.12007E-01 -0.67451E+00 -0.42096E-01 -0.50395E+00 
  158.00  0.21652E+00 -0.29349E-01  0.18490E-02 -0.60124E-02  0.70135E+00 -0.15869E-03  0.11572E-01 -0.67832E+00 -0.39857E-01 -0.50573E+00 
  159.00  0.21873E+00 -0.23918E-01  0.17917E-02 -0.51344E-02  0.70393E+00 -0.23601E-03  0.11010E-01 -0.68199E+00 -0.37577E-01 -0.50718E+00 
  160.00  0.22105E+00 -0.18684E-01  0.17143E-02 -0.42868E-02  0.70644E+00 -0.28471E-03  0.10326E-01 -0.68555E+00 -0.35277E-01 -0.50833E+00 
  161.00  0.22350E+00 -0.13667E-01  0.16195E-02 -0.34838E-02  0.70887E+00 -0.30772E-03  0.95326E-02 -0.68900E+00 -0.32978E-01 -0.50917E+00 
  162.00  0.22607E+00 -0.88916E-02  0.15121E-02 -0.27400E-02  0.71122E+00 -0.31010E-03  0.86488E-02 -0.69235E+00 -0.30698E-01 -0.50971E+00 
  163.00  0.22879E+00 -0.43829E-02  0.13979E-02 -0.20706E-02  0.71349E+00 -0.29774E-03  0.77002E-02 -0.69562E+00 -0.28454E-01 -0.50997E+00 
  164.00  0.23164E+00 -0.16895E-03  0.12824E-02 -0.14915E-02  0.71565E+00 -0.27618E-03  0.67165E-02 -0.69882E+00 -0.26254E-01 -0.50994E+00 
  165.00  0.23465E+00  0.37155E-02  0.11699E-02 -0.10177E-02  0.71767E+00 -0.24970E-03  0.57299E-02 -0.70197E+00 -0.24104E-01 -0.50958E+00 
  166.00  0.23781E+00  0.72242E-02  0.10629E-02 -0.66163E-03  0.71953E+00 -0.22105E-03  0.47724E-02 -0.70507E+00 -0.22004E-01 -0.50886E+00 
  167.00  0.24115E+00  0.10295E-01  0.96256E-03 -0.43075E-03  0.72119E+00 -0.19161E-03  0.38734E-02 -0.70811E+00 -0.19944E-01 -0.50769E+00 
  168.00  0.24466E+00  0.12848E-01  0.86858E-03 -0.32599E-03  0.72262E+00 -0.16194E-03  0.30575E-02 -0.71109E+00 -0.17916E-01 -0.50597E+00 
  169.00  0.24837E+00  0.14784E-01  0.77992E-03 -0.34085E-03  0.72381E+00 -0.13247E-03  0.23421E-02 -0.71396E+00 -0.15907E-01 -0.50358E+00 
  170.00  0.25229E+00  0.15998E-01  0.69499E-03 -0.46178E-03  0.72473E+00 -0.10385E-03  0.17369E-02 -0.71665E+00 -0.13907E-01 -0.50040E+00 
  171.00  0.25641E+00  0.16398E-01  0.61185E-03 -0.66959E-03  0.72540E+00 -0.77162E-04  0.12438E-02 -0.71911E+00 -0.11916E-01 -0.49634E+00 
  172.00  0.26071E+00  0.15928E-01  0.52858E-03 -0.94150E-03  0.72584E+00 -0.53652E-04  0.85712E-03 -0.72123E+00 -0.99445E-02 -0.49137E+00 
  173.00  0.26512E+00  0.14601E-01  0.44374E-03 -0.12532E-02  0.72609E+00 -0.34386E-04  0.56604E-03 -0.72297E+00 -0.80171E-02 -0.48559E+00 
  174.00  0.26956E+00  0.12526E-01  0.35708E-03 -0.15806E-02  0.72618E+00 -0.19916E-04  0.35605E-03 -0.72427E+00 -0.61745E-02 -0.47919E+00 
  175.00  0.27386E+00  0.99108E-02  0.27015E-03 -0.19010E-02  0.72617E+00 -0.10124E-04  0.21123E-03 -0.72515E+00 -0.44694E-02 -0.47252E+00 
  176.00  0.27783E+00  0.70536E-02  0.18657E-03 -0.21940E-02  0.72611E+00 -0.43029E-05  0.11609E-03 -0.72565E+00 -0.29619E-02 -0.46605E+00 
  177.00  0.28125E+00  0.43077E-02  0.11177E-03 -0.24417E-02  0.72603E+00 -0.13947E-05  0.56912E-04 -0.72587E+00 -0.17127E-02 -0.46027E+00 
  178.00  0.28390E+00  0.20299E-02  0.52062E-04 -0.26297E-02  0.72596E+00 -0.27948E-06  0.22634E-04 -0.72592E+00 -0.77651E-03 -0.45571E+00 
  179.00  0.28558E+00  0.52554E-03  0.13398E-04 -0.27470E-02  0.72591E+00 -0.17595E-07  0.52603E-05 -0.72590E+00 -0.19647E-03 -0.45279E+00 
  180.00  0.28615E+00  0.13177E-13  0.33531E-15 -0.27869E-02  0.72589E+00 -0.10832E-28  0.12709E-15 -0.72589E+00 -0.48890E-14 -0.45178E+00 
 scattering matrix expansion coefficients
    w  a11         a22         a33         a23         a32         a44         a12         a34         a13         a24         a14
    0  0.1000E+01  0.0000E+00  0.0000E+00  0.0000E+00  0.0000E+00  0.8075E+00  0.0000E+00  0.0000E+00  0.0000E+00  0.0000E+00  0.3973E-03
    1  0.2173E+01  0.0000E+00  0.0000E+00  0.0000E+00  0.0000E+00  0.2274E+01  0.0000E+00  0.0000E+00  0.0000E+00  0.0000E+00  0.2059E-02
    2  0.3083E+01  0.1637E+00  0.3814E+01  0.5059E-06 -0.2698E-02  0.3048E+01 -0.2600E+00 -0.2338E-01 -0.7539E-03 -0.1490E-03 -0.6217E-04
    3  0.3650E+01  0.1432E-01  0.4004E+01  0.2333E-06 -0.4493E-02  0.3670E+01 -0.1418E+00 -0.4651E-02  0.4004E-03 -0.3197E-03  0.2347E-02
    4  0.4190E+01  0.2484E-01  0.4409E+01  0.2168E-06 -0.7124E-03  0.4177E+01 -0.9716E-01 -0.2393E-01  0.8601E-03  0.2774E-02  0.4943E-02
    5  0.4619E+01  0.4415E-03  0.4792E+01 -0.7552E-06  0.1318E-02  0.4633E+01 -0.7619E-01 -0.1390E-01 -0.1241E-02 -0.2137E-02  0.3116E-02
    6  0.5015E+01  0.1201E-01  0.5148E+01 -0.4550E-06 -0.8445E-03  0.5009E+01 -0.4724E-01 -0.1723E-01  0.5922E-04  0.8543E-03  0.5370E-02
    7  0.5306E+01  0.1953E-02  0.5433E+01 -0.6606E-07 -0.4759E-02  0.5307E+01 -0.3102E-01 -0.1060E-01  0.4210E-03  0.3657E-03  0.5815E-02
    8  0.5516E+01  0.5853E-02  0.5630E+01  0.3340E-06 -0.9345E-02  0.5505E+01 -0.2793E-01 -0.8161E-02 -0.1596E-03 -0.1949E-04  0.6627E-02
    9  0.5611E+01 -0.5232E-02  0.5727E+01 -0.3704E-06 -0.1300E-01  0.5616E+01 -0.4647E-01 -0.6863E-02 -0.5100E-03 -0.1281E-02  0.7442E-02
   10  0.5653E+01  0.2990E-03  0.5756E+01  0.1494E-06 -0.1396E-01  0.5654E+01 -0.5782E-01 -0.1394E-01 -0.7461E-03 -0.6998E-03  0.8508E-02
   11  0.5650E+01 -0.3326E-02  0.5743E+01  0.8089E-06 -0.1323E-01  0.5658E+01 -0.6228E-01 -0.1615E-01 -0.2419E-04 -0.2928E-03  0.1147E-01
   12  0.5645E+01  0.1237E-02  0.5721E+01  0.5954E-06 -0.1121E-01  0.5645E+01 -0.5355E-01 -0.2232E-01  0.3631E-03  0.8921E-03  0.1352E-01
   13  0.5617E+01 -0.3049E-03  0.5686E+01  0.1658E-06 -0.8916E-02  0.5620E+01 -0.4525E-01 -0.3102E-01 -0.7045E-03  0.6544E-03  0.1346E-01
   14  0.5572E+01  0.2489E-02  0.5634E+01 -0.2648E-06 -0.6210E-02  0.5570E+01 -0.3238E-01 -0.3688E-01 -0.5073E-03 -0.2222E-03  0.1117E-01
   15  0.5481E+01  0.1582E-03  0.5542E+01  0.9043E-07 -0.1841E-02  0.5480E+01 -0.2987E-01 -0.4083E-01  0.7000E-04 -0.3287E-03  0.9598E-02
   16  0.5347E+01  0.6330E-03  0.5406E+01 -0.1472E-07  0.3527E-02  0.5346E+01 -0.3252E-01 -0.4533E-01  0.5134E-03 -0.1373E-03  0.6868E-02
   17  0.5173E+01 -0.1081E-02  0.5230E+01 -0.1229E-06  0.7048E-02  0.5176E+01 -0.3944E-01 -0.4633E-01  0.1017E-02  0.6771E-03  0.4709E-02
   18  0.4984E+01  0.1492E-02  0.5035E+01 -0.2083E-06  0.5613E-02  0.4984E+01 -0.3388E-01 -0.4404E-01  0.3984E-03 -0.4410E-03  0.3201E-02
   19  0.4776E+01  0.1094E-02  0.4824E+01 -0.3909E-06  0.2420E-02  0.4777E+01 -0.2408E-01 -0.3553E-01 -0.4193E-03 -0.5751E-03  0.2739E-02
   20  0.4547E+01  0.1573E-02  0.4591E+01 -0.1875E-06  0.1311E-02  0.4545E+01 -0.1752E-01 -0.2444E-01 -0.2082E-03  0.5039E-03  0.3657E-02
   21  0.4284E+01 -0.1616E-03  0.4328E+01  0.2471E-06  0.1964E-02  0.4284E+01 -0.2077E-01 -0.1484E-01 -0.1069E-03  0.7975E-03  0.4363E-02
   22  0.4002E+01 -0.4902E-03  0.4044E+01  0.8309E-07  0.2595E-02  0.4004E+01 -0.2312E-01 -0.7948E-02 -0.3788E-03 -0.5573E-04  0.4080E-02
   23  0.3713E+01 -0.8620E-03  0.3752E+01 -0.1515E-06  0.3323E-02  0.3715E+01 -0.2307E-01 -0.1790E-02 -0.2476E-04 -0.2032E-03  0.3670E-02
   24  0.3426E+01  0.5622E-03  0.3460E+01 -0.2830E-06  0.3735E-02  0.3424E+01 -0.1859E-01  0.3831E-02  0.3240E-03  0.1829E-03  0.3056E-02
   25  0.3137E+01  0.4989E-03  0.3168E+01 -0.1667E-06  0.2808E-02  0.3135E+01 -0.1827E-01  0.8895E-02 -0.7703E-04  0.2380E-03  0.2244E-02
   26  0.2851E+01  0.1609E-03  0.2880E+01 -0.1655E-06  0.1253E-02  0.2850E+01 -0.2235E-01  0.9592E-02 -0.3576E-03  0.1080E-03  0.8973E-03
   27  0.2576E+01  0.4459E-04  0.2603E+01 -0.3819E-07 -0.1602E-03  0.2576E+01 -0.2546E-01  0.5445E-02 -0.2945E-03 -0.3994E-04 -0.9322E-03
   28  0.2322E+01  0.9021E-03  0.2345E+01  0.3077E-08 -0.1119E-02  0.2321E+01 -0.2355E-01  0.6538E-03 -0.1252E-03 -0.1432E-03 -0.2294E-02
   29  0.2087E+01  0.4973E-03  0.2107E+01 -0.1033E-07 -0.1224E-02  0.2086E+01 -0.2249E-01 -0.2124E-02 -0.5450E-04 -0.7574E-04 -0.2357E-02
   30  0.1872E+01  0.1680E-03  0.1890E+01 -0.7155E-07 -0.5193E-03  0.1872E+01 -0.2274E-01 -0.4322E-02 -0.2301E-04  0.2574E-04 -0.1473E-02
   31  0.1675E+01 -0.3905E-04  0.1690E+01 -0.7078E-07  0.2304E-03  0.1675E+01 -0.2287E-01 -0.6131E-02  0.5585E-05 -0.5475E-04 -0.7289E-03
   32  0.1491E+01  0.1509E-03  0.1505E+01 -0.2843E-07  0.2602E-03  0.1491E+01 -0.2209E-01 -0.6670E-02 -0.3417E-04 -0.1500E-03 -0.5078E-03
   33  0.1316E+01 -0.2132E-03  0.1329E+01  0.9387E-09 -0.2074E-03  0.1316E+01 -0.2292E-01 -0.6147E-02 -0.1066E-03 -0.1364E-03 -0.5142E-03
   34  0.1151E+01 -0.5535E-03  0.1162E+01  0.2384E-07 -0.5503E-03  0.1151E+01 -0.2398E-01 -0.5527E-02 -0.7661E-04 -0.7428E-04 -0.4259E-03
   35  0.9994E+00 -0.6223E-03  0.1009E+01  0.3536E-07 -0.4458E-03  0.9990E+00 -0.2321E-01 -0.4743E-02  0.3455E-04 -0.4311E-04 -0.2981E-03
   36  0.8650E+00 -0.1911E-03  0.8728E+00  0.3052E-07 -0.9146E-04  0.8641E+00 -0.1981E-01 -0.3316E-02  0.1032E-03 -0.3192E-04 -0.3951E-03
   37  0.7473E+00  0.2222E-03  0.7536E+00  0.2158E-07  0.1347E-03  0.7462E+00 -0.1576E-01 -0.1418E-02  0.7217E-04 -0.3539E-04 -0.7714E-03
   38  0.6437E+00  0.4542E-03  0.6491E+00  0.1917E-07  0.5447E-04  0.6428E+00 -0.1267E-01  0.1201E-03 -0.1044E-04 -0.3989E-04 -0.1197E-02
   39  0.5511E+00  0.4028E-03  0.5559E+00  0.1828E-07 -0.2670E-03  0.5505E+00 -0.1109E-01  0.6022E-03 -0.9218E-04 -0.3721E-04 -0.1410E-02
   40  0.4669E+00  0.2980E-03  0.4713E+00  0.1788E-07 -0.6327E-03  0.4666E+00 -0.1024E-01  0.1605E-04 -0.1301E-03 -0.2950E-04 -0.1326E-02
   41  0.3891E+00  0.1672E-03  0.3932E+00  0.1787E-07 -0.8546E-03  0.3890E+00 -0.9543E-02 -0.9748E-03 -0.1144E-03 -0.2425E-04 -0.1041E-02
   42  0.3167E+00  0.8798E-04  0.3204E+00  0.9917E-08 -0.8621E-03  0.3165E+00 -0.8789E-02 -0.1702E-02 -0.6315E-04 -0.2172E-04 -0.7125E-03
   43  0.2494E+00  0.2554E-04  0.2526E+00  0.2066E-08 -0.7123E-03  0.2492E+00 -0.8111E-02 -0.1893E-02 -0.1285E-04 -0.1675E-04 -0.4372E-03
   44  0.1883E+00  0.9506E-05  0.1910E+00 -0.2577E-08 -0.5109E-03  0.1881E+00 -0.7461E-02 -0.1634E-02  0.2126E-04 -0.9367E-05 -0.2479E-03
   45  0.1352E+00  0.3368E-05  0.1374E+00 -0.1709E-08 -0.3337E-03  0.1351E+00 -0.6755E-02 -0.1150E-02  0.3460E-04 -0.4003E-05 -0.1260E-03
   46  0.9175E-01  0.1554E-04  0.9345E-01 -0.1784E-08 -0.2007E-03  0.9166E-01 -0.5855E-02 -0.6471E-03  0.3683E-04 -0.1956E-05 -0.5499E-04
   47  0.5854E-01  0.2499E-04  0.5974E-01 -0.2111E-08 -0.1114E-03  0.5847E-01 -0.4779E-02 -0.2570E-03  0.3108E-04 -0.1831E-05 -0.1728E-04
   48  0.3500E-01  0.3707E-04  0.3579E-01 -0.2603E-08 -0.5559E-04  0.3494E-01 -0.3611E-02 -0.2611E-04  0.2270E-04 -0.2106E-05 -0.1206E-05
   49  0.1957E-01  0.4100E-04  0.2004E-01 -0.2426E-08 -0.2459E-04  0.1951E-01 -0.2509E-02  0.6984E-04  0.1425E-04 -0.1663E-05  0.3759E-05
   50  0.1023E-01  0.3881E-04  0.1048E-01 -0.1608E-08 -0.9572E-05  0.1017E-01 -0.1595E-02  0.8318E-04  0.7867E-05 -0.1127E-05  0.3855E-05
   51  0.4997E-02  0.3057E-04  0.5121E-02 -0.6373E-09 -0.3379E-05  0.4953E-02 -0.9276E-03  0.6308E-04  0.3848E-05 -0.5707E-06  0.2718E-05
   52  0.2285E-02  0.2098E-04  0.2340E-02 -0.5094E-10 -0.1174E-05  0.2253E-02 -0.4945E-03  0.3825E-04  0.1706E-05 -0.2771E-06  0.1588E-05
   53  0.9793E-03  0.1258E-04  0.1001E-02  0.2018E-09 -0.4614E-06  0.9597E-03 -0.2426E-03  0.1993E-04  0.7001E-06 -0.1148E-06  0.8152E-06
   54  0.3944E-03  0.6758E-05  0.4021E-03  0.2104E-09 -0.2035E-06  0.3835E-03 -0.1100E-03  0.9213E-05  0.2689E-06 -0.4894E-07  0.3651E-06
   55  0.1495E-03  0.3272E-05  0.1520E-03  0.1432E-09 -0.9305E-07  0.1442E-03 -0.4630E-04  0.3862E-05  0.9827E-07 -0.1906E-07  0.1479E-06
   56  0.5352E-04  0.1450E-05  0.5420E-04  0.7899E-10 -0.4022E-07  0.5110E-04 -0.1817E-04  0.1491E-05  0.3448E-07 -0.7453E-08  0.5313E-07
   57  0.1814E-04  0.5908E-06  0.1828E-04  0.3757E-10 -0.1683E-07  0.1713E-04 -0.6684E-05  0.5372E-06  0.1192E-07 -0.2369E-08  0.1611E-07
   58  0.5841E-05  0.2237E-06  0.5860E-05  0.1548E-10 -0.6667E-08  0.5457E-05 -0.2313E-05  0.1828E-06  0.4080E-08 -0.5679E-09  0.3466E-08
   59  0.1796E-05  0.7922E-07  0.1793E-05  0.5133E-11 -0.2596E-08  0.1659E-05 -0.7581E-06  0.5936E-07  0.1407E-08  0.7291E-10 -0.1096E-09
   60  0.5310E-06  0.2653E-07  0.5271E-06  0.1072E-11 -0.8961E-09  0.4846E-06 -0.2368E-06  0.1852E-07  0.4647E-09  0.1322E-09 -0.5810E-09
   61  0.1518E-06  0.8452E-08  0.1498E-06 -0.1887E-12 -0.2848E-09  0.1369E-06 -0.7099E-07  0.5525E-08  0.1524E-09  0.9350E-10 -0.3584E-09
   62  0.4233E-07  0.2597E-08  0.4155E-07 -0.4275E-12 -0.7525E-10  0.3774E-07 -0.2063E-07  0.1634E-08  0.5116E-10  0.3944E-10 -0.1559E-09
   63  0.1172E-07  0.7537E-09  0.1145E-07 -0.4784E-12 -0.1775E-10  0.1038E-07 -0.5871E-08  0.5018E-09  0.1934E-10  0.1400E-10 -0.5004E-10
   64  0.3519E-08  0.2135E-09  0.3443E-08 -0.4400E-12 -0.3862E-11  0.3144E-08 -0.1700E-08  0.1805E-09  0.7328E-11  0.4994E-11 -0.1923E-10
   65  0.1004E-08  0.5613E-10  0.9795E-09 -0.3406E-12  0.4019E-12  0.9049E-09 -0.5081E-09  0.7459E-10  0.4088E-11  0.8639E-12 -0.3193E-11
   66  0.5660E-09  0.2035E-10  0.5638E-09 -0.2179E-12 -0.6891E-12  0.5325E-09 -0.2291E-09  0.3842E-10  0.1360E-11  0.8802E-12 -0.3312E-11
   67  0.1260E-09  0.4582E-11  0.1242E-09 -0.1182E-12  0.6673E-12  0.1184E-09 -0.6139E-10  0.1323E-10  0.7177E-12  0.1525E-12 -0.5455E-12
   68  0.1282E-09  0.5063E-11  0.1275E-09 -0.5498E-13 -0.1336E-12  0.1199E-09 -0.5382E-10  0.7436E-11  0.2450E-12  0.1154E-12 -0.4895E-12
   69  0.1875E-10  0.7764E-12  0.1843E-10 -0.2247E-13  0.2052E-12  0.1746E-10 -0.9225E-11  0.1664E-11  0.4390E-13  0.7836E-13 -0.2076E-12
   70  0.2127E-10  0.1209E-11  0.2085E-10 -0.8206E-14 -0.9737E-14  0.1918E-10 -0.1005E-10  0.1009E-11  0.3540E-13 -0.1517E-14 -0.3488E-13
   71  0.1939E-11  0.1149E-12  0.1865E-11 -0.2695E-14  0.2754E-13  0.1743E-11 -0.1012E-11  0.1307E-12 -0.2240E-14  0.1455E-13 -0.3360E-13
   72  0.2476E-11  0.1889E-12  0.2397E-11 -0.7895E-15  0.1130E-14  0.2141E-11 -0.1306E-11  0.1056E-12  0.2951E-14 -0.1565E-14 -0.1018E-14
   73  0.1006E-12  0.7619E-14  0.9361E-13 -0.2112E-15  0.1553E-14  0.8777E-13 -0.5545E-13  0.5463E-14 -0.2407E-15  0.1128E-14 -0.2434E-14
   74  0.1979E-12  0.1809E-13  0.1874E-12 -0.5474E-16  0.3373E-15  0.1646E-12 -0.1129E-12  0.8064E-14  0.8226E-16 -0.9885E-16 -0.4624E-16
   75  0.1895E-14  0.1473E-15  0.1582E-14 -0.1220E-16  0.1599E-16  0.1705E-14 -0.9996E-15  0.8514E-16  0.1237E-16  0.3508E-16 -0.7347E-16
   76  0.1320E-13  0.1465E-14  0.1253E-13 -0.1528E-17  0.3260E-16  0.1059E-13 -0.8174E-14  0.5250E-15 -0.7750E-17  0.1615E-17 -0.1453E-16
