 input file is 
mstm8_256_6398_168_009.inp    
 input file comments follow:
***********************************************************
  This is the default mstm input file for v.3.0.
  The run is for a 7-sphere cluster of identical spheres.   The positions
  are embedded in the input file.

  The run makes use of the new_run and multiple_run options.

  14 April 2013
***********************************************************
 number of processors:
   1
 input parameters for run number 
    1
 number of spheres, volume size parameter:
  256  0.40625E+01
 position file:
position/n256/a8.out                                        
 output file:
output/256/x6398/168/009/mt_8_256_6398_168_009.dat          
 length, ref. indx. scale factors:
   0.640   1.680   0.090
 chiral factors:
  0.00000E+00  0.00000E+00
 scattering matrix directions based on incident frame
 automatic scattering angle calculation
 thetamin, thetamax:
      0.0    180.0
 number scattering angles:
      181
 epsmie, epssoln, max number iterations:
  0.1000E-05  0.1000E-07 5000
 medium refractive index:
  1.0000  0.0000
 target euler rotation angles:
    0.0000    0.0000    0.0000
 far field kr, iterations/correction:
 -0.1000E+01   20
 plane wave incidence
 random orientation calculations
 t matrix calculated, stored in file 
tmatrixfiles/82566398168009                                 
 t matrix convergence epsilon:
  0.1000E-06
 all spheres excited (total T matrix) 
 calculation results for run 
    1
 total ext, abs, scat efficiencies, w.r.t. xv, and asym. parm
  0.35541E+01  0.93040E+00  0.26237E+01  0.75577E+00
 scattering matrix elements (normalized w/ S11)
   theta      11           12           13           14           22           23           24           33           34           44      
    0.00  0.74398E+02  0.00000E+00  0.00000E+00 -0.19590E-03  0.99965E+00 -0.19205E-03  0.00000E+00  0.99965E+00  0.00000E+00  0.99930E+00 
    1.00  0.73342E+02 -0.13696E-03 -0.55908E-07 -0.19959E-03  0.99964E+00 -0.19024E-03 -0.68399E-08  0.99964E+00  0.10070E-04  0.99929E+00 
    2.00  0.70273E+02 -0.54880E-03 -0.22885E-06 -0.21076E-03  0.99963E+00 -0.18465E-03 -0.21913E-07  0.99963E+00  0.39490E-04  0.99927E+00 
    3.00  0.65468E+02 -0.12386E-02 -0.53574E-06 -0.22969E-03  0.99961E+00 -0.17474E-03 -0.28072E-07  0.99961E+00  0.85608E-04  0.99924E+00 
    4.00  0.59348E+02 -0.22127E-02 -0.10091E-05 -0.25681E-03  0.99958E+00 -0.15969E-03  0.59969E-08  0.99958E+00  0.14304E-03  0.99918E+00 
    5.00  0.52418E+02 -0.34821E-02 -0.17038E-05 -0.29270E-03  0.99954E+00 -0.13842E-03  0.13000E-06  0.99953E+00  0.20206E-03  0.99910E+00 
    6.00  0.45201E+02 -0.50649E-02 -0.27070E-05 -0.33804E-03  0.99949E+00 -0.10977E-03  0.41781E-06  0.99947E+00  0.24615E-03  0.99898E+00 
    7.00  0.38173E+02 -0.69900E-02 -0.41487E-05 -0.39341E-03  0.99942E+00 -0.72909E-04  0.97354E-06  0.99938E+00  0.24874E-03  0.99883E+00 
    8.00  0.31719E+02 -0.92997E-02 -0.62091E-05 -0.45904E-03  0.99932E+00 -0.27882E-04  0.19342E-05  0.99926E+00  0.17001E-03  0.99864E+00 
    9.00  0.26095E+02 -0.12050E-01 -0.91109E-05 -0.53441E-03  0.99921E+00  0.23458E-04  0.34615E-05  0.99910E+00 -0.43908E-04  0.99838E+00 
   10.00  0.21422E+02 -0.15306E-01 -0.13078E-04 -0.61773E-03  0.99907E+00  0.76659E-04  0.57118E-05  0.99890E+00 -0.45503E-03  0.99805E+00 
   11.00  0.17702E+02 -0.19119E-01 -0.18252E-04 -0.70571E-03  0.99891E+00  0.12467E-03  0.87780E-05  0.99864E+00 -0.11165E-02  0.99766E+00 
   12.00  0.14839E+02 -0.23505E-01 -0.24584E-04 -0.79397E-03  0.99874E+00  0.15967E-03  0.12622E-04  0.99832E+00 -0.20464E-02  0.99721E+00 
   13.00  0.12679E+02 -0.28423E-01 -0.31778E-04 -0.87819E-03  0.99856E+00  0.17676E-03  0.17045E-04  0.99796E+00 -0.32073E-02  0.99670E+00 
   14.00  0.11048E+02 -0.33784E-01 -0.39355E-04 -0.95545E-03  0.99838E+00  0.17747E-03  0.21733E-04  0.99756E+00 -0.45105E-02  0.99616E+00 
   15.00  0.97787E+01 -0.39484E-01 -0.46802E-04 -0.10244E-02  0.99820E+00  0.17038E-03  0.26357E-04  0.99711E+00 -0.58493E-02  0.99557E+00 
   16.00  0.87370E+01 -0.45448E-01 -0.53699E-04 -0.10839E-02  0.99801E+00  0.16832E-03  0.30651E-04  0.99661E+00 -0.71352E-02  0.99494E+00 
   17.00  0.78292E+01 -0.51644E-01 -0.59725E-04 -0.11313E-02  0.99780E+00  0.18433E-03  0.34406E-04  0.99607E+00 -0.83159E-02  0.99424E+00 
   18.00  0.70032E+01 -0.58085E-01 -0.64557E-04 -0.11605E-02  0.99756E+00  0.22831E-03  0.37411E-04  0.99544E+00 -0.93708E-02  0.99345E+00 
   19.00  0.62401E+01 -0.64813E-01 -0.67747E-04 -0.11617E-02  0.99728E+00  0.30481E-03  0.39388E-04  0.99473E+00 -0.10297E-01  0.99255E+00 
   20.00  0.55426E+01 -0.71886E-01 -0.68648E-04 -0.11223E-02  0.99696E+00  0.41116E-03  0.39992E-04  0.99392E+00 -0.11100E-01  0.99151E+00 
   21.00  0.49227E+01 -0.79367E-01 -0.66448E-04 -0.10298E-02  0.99659E+00  0.53593E-03  0.38880E-04  0.99299E+00 -0.11786E-01  0.99034E+00 
   22.00  0.43916E+01 -0.87310E-01 -0.60361E-04 -0.87640E-03  0.99620E+00  0.65903E-03  0.35890E-04  0.99194E+00 -0.12369E-01  0.98902E+00 
   23.00  0.39536E+01 -0.95745E-01 -0.49971E-04 -0.66510E-03  0.99578E+00  0.75535E-03  0.31253E-04  0.99077E+00 -0.12871E-01  0.98758E+00 
   24.00  0.36034E+01 -0.10466E+00 -0.35590E-04 -0.41236E-03  0.99538E+00  0.80264E-03  0.25727E-04  0.98949E+00 -0.13323E-01  0.98604E+00 
   25.00  0.33277E+01 -0.11400E+00 -0.18398E-04 -0.14577E-03  0.99500E+00  0.79063E-03  0.20526E-04  0.98811E+00 -0.13753E-01  0.98442E+00 
   26.00  0.31078E+01 -0.12365E+00 -0.24588E-06  0.10397E-03  0.99465E+00  0.72618E-03  0.17020E-04  0.98662E+00 -0.14173E-01  0.98272E+00 
   27.00  0.29238E+01 -0.13351E+00  0.16778E-04  0.31186E-03  0.99431E+00  0.63119E-03  0.16401E-04  0.98503E+00 -0.14565E-01  0.98094E+00 
   28.00  0.27578E+01 -0.14344E+00  0.30752E-04  0.46349E-03  0.99399E+00  0.53547E-03  0.19473E-04  0.98333E+00 -0.14877E-01  0.97906E+00 
   29.00  0.25965E+01 -0.15334E+00  0.40132E-04  0.55504E-03  0.99365E+00  0.46892E-03  0.26638E-04  0.98151E+00 -0.15035E-01  0.97706E+00 
   30.00  0.24320E+01 -0.16311E+00  0.43789E-04  0.59024E-03  0.99327E+00  0.45610E-03  0.37994E-04  0.97956E+00 -0.14946E-01  0.97491E+00 
   31.00  0.22616E+01 -0.17271E+00  0.40988E-04  0.57701E-03  0.99285E+00  0.51331E-03  0.53465E-04  0.97746E+00 -0.14522E-01  0.97261E+00 
   32.00  0.20870E+01 -0.18209E+00  0.31409E-04  0.52501E-03  0.99236E+00  0.64709E-03  0.72879E-04  0.97521E+00 -0.13694E-01  0.97013E+00 
   33.00  0.19122E+01 -0.19129E+00  0.15257E-04  0.44440E-03  0.99180E+00  0.85307E-03  0.96004E-04  0.97278E+00 -0.12429E-01  0.96745E+00 
   34.00  0.17431E+01 -0.20041E+00 -0.65707E-05  0.34535E-03  0.99115E+00  0.11149E-02  0.12253E-03  0.97015E+00 -0.10753E-01  0.96454E+00 
   35.00  0.15852E+01 -0.20961E+00 -0.32303E-04  0.23784E-03  0.99042E+00  0.14037E-02  0.15202E-03  0.96727E+00 -0.87655E-02  0.96137E+00 
   36.00  0.14433E+01 -0.21911E+00 -0.59216E-04  0.13148E-03  0.98961E+00  0.16796E-02  0.18381E-03  0.96411E+00 -0.66457E-02  0.95789E+00 
   37.00  0.13207E+01 -0.22918E+00 -0.83778E-04  0.34888E-04  0.98873E+00  0.18967E-02  0.21697E-03  0.96064E+00 -0.46348E-02  0.95407E+00 
   38.00  0.12190E+01 -0.24006E+00 -0.10212E-03 -0.45240E-04  0.98783E+00  0.20112E-02  0.25029E-03  0.95681E+00 -0.29909E-02  0.94990E+00 
   39.00  0.11379E+01 -0.25189E+00 -0.11078E-03 -0.10521E-03  0.98693E+00  0.19929E-02  0.28242E-03  0.95264E+00 -0.19225E-02  0.94538E+00 
   40.00  0.10753E+01 -0.26469E+00 -0.10748E-03 -0.14490E-03  0.98606E+00  0.18335E-02  0.31211E-03  0.94814E+00 -0.15260E-02  0.94054E+00 
   41.00  0.10283E+01 -0.27830E+00 -0.91541E-04 -0.16728E-03  0.98525E+00  0.15493E-02  0.33849E-03  0.94335E+00 -0.17596E-02  0.93543E+00 
   42.00  0.99253E+00 -0.29253E+00 -0.63749E-04 -0.17703E-03  0.98450E+00  0.11742E-02  0.36118E-03  0.93830E+00 -0.24688E-02  0.93007E+00 
   43.00  0.96378E+00 -0.30712E+00 -0.25739E-04 -0.17864E-03  0.98379E+00  0.74898E-03  0.38026E-03  0.93299E+00 -0.34487E-02  0.92448E+00 
   44.00  0.93792E+00 -0.32190E+00  0.20661E-04 -0.17505E-03  0.98310E+00  0.31079E-03  0.39603E-03  0.92741E+00 -0.45081E-02  0.91863E+00 
   45.00  0.91159E+00 -0.33673E+00  0.73844E-04 -0.16693E-03  0.98238E+00 -0.11267E-03  0.40872E-03  0.92153E+00 -0.55093E-02  0.91247E+00 
   46.00  0.88254E+00 -0.35155E+00  0.13247E-03 -0.15287E-03  0.98162E+00 -0.50383E-03  0.41826E-03  0.91529E+00 -0.63772E-02  0.90596E+00 
   47.00  0.84976E+00 -0.36632E+00  0.19522E-03 -0.12999E-03  0.98077E+00 -0.85320E-03  0.42407E-03  0.90866E+00 -0.70863E-02  0.89905E+00 
   48.00  0.81343E+00 -0.38104E+00  0.26044E-03 -0.94925E-04  0.97983E+00 -0.11563E-02  0.42511E-03  0.90161E+00 -0.76382E-02  0.89173E+00 
   49.00  0.77466E+00 -0.39567E+00  0.32581E-03 -0.45006E-04  0.97881E+00 -0.14112E-02  0.41997E-03  0.89414E+00 -0.80395E-02  0.88401E+00 
   50.00  0.73511E+00 -0.41020E+00  0.38827E-03  0.20387E-04  0.97771E+00 -0.16179E-02  0.40710E-03  0.88627E+00 -0.82855E-02  0.87592E+00 
   51.00  0.69655E+00 -0.42459E+00  0.44422E-03  0.98562E-04  0.97658E+00 -0.17777E-02  0.38528E-03  0.87807E+00 -0.83524E-02  0.86753E+00 
   52.00  0.66051E+00 -0.43885E+00  0.49024E-03  0.18275E-03  0.97544E+00 -0.18950E-02  0.35406E-03  0.86958E+00 -0.82029E-02  0.85891E+00 
   53.00  0.62800E+00 -0.45300E+00  0.52404E-03  0.26238E-03  0.97432E+00 -0.19779E-02  0.31416E-03  0.86084E+00 -0.78009E-02  0.85011E+00 
   54.00  0.59938E+00 -0.46713E+00  0.54539E-03  0.32468E-03  0.97324E+00 -0.20382E-02  0.26752E-03  0.85184E+00 -0.71338E-02  0.84110E+00 
   55.00  0.57440E+00 -0.48134E+00  0.55656E-03  0.35737E-03  0.97220E+00 -0.20902E-02  0.21694E-03  0.84252E+00 -0.62308E-02  0.83181E+00 
   56.00  0.55236E+00 -0.49579E+00  0.56204E-03  0.35147E-03  0.97117E+00 -0.21477E-02  0.16536E-03  0.83275E+00 -0.51702E-02  0.82207E+00 
   57.00  0.53231E+00 -0.51058E+00  0.56753E-03  0.30345E-03  0.97009E+00 -0.22216E-02  0.11499E-03  0.82237E+00 -0.40719E-02  0.81168E+00 
   58.00  0.51328E+00 -0.52582E+00  0.57866E-03  0.21602E-03  0.96893E+00 -0.23172E-02  0.66722E-04  0.81119E+00 -0.30783E-02  0.80045E+00 
   59.00  0.49452E+00 -0.54153E+00  0.59977E-03  0.97828E-04  0.96762E+00 -0.24335E-02  0.19737E-04  0.79906E+00 -0.23305E-02  0.78819E+00 
   60.00  0.47554E+00 -0.55771E+00  0.63303E-03 -0.37639E-04  0.96613E+00 -0.25632E-02 -0.28428E-04  0.78586E+00 -0.19460E-02  0.77477E+00 
   61.00  0.45622E+00 -0.57430E+00  0.67806E-03 -0.17337E-03  0.96446E+00 -0.26941E-02 -0.81596E-04  0.77150E+00 -0.19994E-02  0.76014E+00 
   62.00  0.43672E+00 -0.59121E+00  0.73184E-03 -0.29044E-03  0.96262E+00 -0.28108E-02 -0.14441E-03  0.75598E+00 -0.25092E-02  0.74429E+00 
   63.00  0.41742E+00 -0.60833E+00  0.78912E-03 -0.36987E-03  0.96066E+00 -0.28971E-02 -0.22159E-03  0.73933E+00 -0.34297E-02  0.72730E+00 
   64.00  0.39880E+00 -0.62553E+00  0.84313E-03 -0.39499E-03  0.95862E+00 -0.29387E-02 -0.31701E-03  0.72164E+00 -0.46505E-02  0.70930E+00 
   65.00  0.38131E+00 -0.64274E+00  0.88676E-03 -0.35403E-03  0.95659E+00 -0.29263E-02 -0.43276E-03  0.70304E+00 -0.60083E-02  0.69045E+00 
   66.00  0.36529E+00 -0.65986E+00  0.91390E-03 -0.24258E-03  0.95464E+00 -0.28572E-02 -0.56822E-03  0.68363E+00 -0.73092E-02  0.67090E+00 
   67.00  0.35095E+00 -0.67684E+00  0.92065E-03 -0.65091E-04  0.95283E+00 -0.27364E-02 -0.71967E-03  0.66352E+00 -0.83618E-02  0.65078E+00 
   68.00  0.33832E+00 -0.69367E+00  0.90615E-03  0.16509E-03  0.95120E+00 -0.25754E-02 -0.88032E-03  0.64278E+00 -0.90113E-02  0.63015E+00 
   69.00  0.32727E+00 -0.71032E+00  0.87258E-03  0.42754E-03  0.94975E+00 -0.23897E-02 -0.10411E-02  0.62140E+00 -0.91667E-02  0.60901E+00 
   70.00  0.31761E+00 -0.72679E+00  0.82438E-03  0.69791E-03  0.94846E+00 -0.21950E-02 -0.11917E-02  0.59937E+00 -0.88130E-02  0.58731E+00 
   71.00  0.30906E+00 -0.74303E+00  0.76698E-03  0.95150E-03  0.94730E+00 -0.20041E-02 -0.13219E-02  0.57660E+00 -0.80051E-02  0.56494E+00 
   72.00  0.30134E+00 -0.75899E+00  0.70539E-03  0.11666E-02  0.94621E+00 -0.18244E-02 -0.14227E-02  0.55306E+00 -0.68491E-02  0.54182E+00 
   73.00  0.29420E+00 -0.77459E+00  0.64303E-03  0.13267E-02  0.94515E+00 -0.16571E-02 -0.14872E-02  0.52869E+00 -0.54764E-02  0.51788E+00 
   74.00  0.28743E+00 -0.78972E+00  0.58112E-03  0.14217E-02  0.94406E+00 -0.14980E-02 -0.15109E-02  0.50351E+00 -0.40188E-02  0.49309E+00 
   75.00  0.28088E+00 -0.80426E+00  0.51858E-03  0.14481E-02  0.94293E+00 -0.13391E-02 -0.14919E-02  0.47754E+00 -0.25882E-02  0.46749E+00 
   76.00  0.27444E+00 -0.81809E+00  0.45256E-03  0.14086E-02  0.94174E+00 -0.11711E-02 -0.14311E-02  0.45086E+00 -0.12648E-02  0.44115E+00 
   77.00  0.26803E+00 -0.83112E+00  0.37913E-03  0.13106E-02  0.94049E+00 -0.98550E-03 -0.13315E-02  0.42357E+00 -0.92072E-04  0.41417E+00 
   78.00  0.26163E+00 -0.84325E+00  0.29433E-03  0.11652E-02  0.93919E+00 -0.77656E-03 -0.11987E-02  0.39576E+00  0.92182E-03  0.38666E+00 
   79.00  0.25521E+00 -0.85442E+00  0.19501E-03  0.98566E-03  0.93785E+00 -0.54260E-03 -0.10396E-02  0.36753E+00  0.17979E-02  0.35872E+00 
   80.00  0.24876E+00 -0.86460E+00  0.79629E-04  0.78590E-03  0.93648E+00 -0.28648E-03 -0.86251E-03  0.33894E+00  0.25781E-02  0.33044E+00 
   81.00  0.24226E+00 -0.87375E+00 -0.51399E-04  0.57905E-03  0.93507E+00 -0.15302E-04 -0.67643E-03  0.31002E+00  0.33153E-02  0.30185E+00 
   82.00  0.23572E+00 -0.88188E+00 -0.19561E-03  0.37644E-03  0.93364E+00  0.26049E-03 -0.49044E-03  0.28076E+00  0.40652E-02  0.27296E+00 
   83.00  0.22916E+00 -0.88896E+00 -0.34878E-03  0.18678E-03  0.93216E+00  0.52845E-03 -0.31327E-03  0.25114E+00  0.48777E-02  0.24376E+00 
   84.00  0.22258E+00 -0.89498E+00 -0.50543E-03  0.15720E-04  0.93063E+00  0.77566E-03 -0.15279E-03  0.22111E+00  0.57913E-02  0.21421E+00 
   85.00  0.21601E+00 -0.89991E+00 -0.65954E-03 -0.13423E-03  0.92903E+00  0.99013E-03 -0.15655E-04  0.19064E+00  0.68286E-02  0.18426E+00 
   86.00  0.20949E+00 -0.90372E+00 -0.80518E-03 -0.26353E-03  0.92736E+00  0.11621E-02  0.92998E-04  0.15970E+00  0.79932E-02  0.15391E+00 
   87.00  0.20308E+00 -0.90635E+00 -0.93719E-03 -0.37518E-03  0.92561E+00  0.12848E-02  0.16982E-03  0.12830E+00  0.92685E-02  0.12316E+00 
   88.00  0.19681E+00 -0.90777E+00 -0.10516E-02 -0.47416E-03  0.92379E+00  0.13552E-02  0.21340E-03  0.96481E-01  0.10617E-01  0.92045E-01 
   89.00  0.19075E+00 -0.90795E+00 -0.11461E-02 -0.56675E-03  0.92192E+00  0.13741E-02  0.22439E-03  0.64324E-01  0.11982E-01  0.60660E-01 
   90.00  0.18495E+00 -0.90686E+00 -0.12197E-02 -0.65987E-03  0.92000E+00  0.13456E-02  0.20546E-03  0.31947E-01  0.13290E-01  0.29123E-01 
   91.00  0.17946E+00 -0.90452E+00 -0.12732E-02 -0.76032E-03  0.91809E+00  0.12770E-02  0.16125E-03 -0.50617E-03  0.14456E-01 -0.24181E-02 
   92.00  0.17434E+00 -0.90095E+00 -0.13085E-02 -0.87424E-03  0.91622E+00  0.11778E-02  0.98098E-04 -0.32873E-01  0.15392E-01 -0.33800E-01 
   93.00  0.16962E+00 -0.89624E+00 -0.13285E-02 -0.10065E-02  0.91444E+00  0.10590E-02  0.23703E-04 -0.64993E-01  0.16011E-01 -0.64863E-01 
   94.00  0.16533E+00 -0.89048E+00 -0.13370E-02 -0.11603E-02  0.91280E+00  0.93203E-03 -0.53360E-04 -0.96716E-01  0.16242E-01 -0.95463E-01 
   95.00  0.16148E+00 -0.88379E+00 -0.13380E-02 -0.13369E-02  0.91133E+00  0.80780E-03 -0.12419E-03 -0.12792E+00  0.16036E-01 -0.12549E+00 
   96.00  0.15810E+00 -0.87629E+00 -0.13359E-02 -0.15358E-02  0.91007E+00  0.69621E-03 -0.18017E-03 -0.15853E+00  0.15374E-01 -0.15487E+00 
   97.00  0.15517E+00 -0.86811E+00 -0.13352E-02 -0.17542E-02  0.90905E+00  0.60547E-03 -0.21350E-03 -0.18849E+00  0.14268E-01 -0.18359E+00 
   98.00  0.15268E+00 -0.85934E+00 -0.13404E-02 -0.19879E-02  0.90828E+00  0.54169E-03 -0.21773E-03 -0.21781E+00  0.12768E-01 -0.21165E+00 
   99.00  0.15063E+00 -0.85008E+00 -0.13560E-02 -0.22308E-02  0.90777E+00  0.50887E-03 -0.18814E-03 -0.24650E+00  0.10947E-01 -0.23911E+00 
  100.00  0.14897E+00 -0.84037E+00 -0.13861E-02 -0.24761E-02  0.90751E+00  0.50882E-03 -0.12192E-03 -0.27462E+00  0.89019E-02 -0.26604E+00 
  101.00  0.14768E+00 -0.83021E+00 -0.14346E-02 -0.27161E-02  0.90746E+00  0.54141E-03 -0.18322E-04 -0.30223E+00  0.67396E-02 -0.29251E+00 
  102.00  0.14672E+00 -0.81960E+00 -0.15044E-02 -0.29428E-02  0.90760E+00  0.60477E-03  0.12146E-03 -0.32939E+00  0.45646E-02 -0.31859E+00 
  103.00  0.14606E+00 -0.80849E+00 -0.15976E-02 -0.31484E-02  0.90791E+00  0.69561E-03  0.29444E-03 -0.35614E+00  0.24700E-02 -0.34435E+00 
  104.00  0.14565E+00 -0.79683E+00 -0.17149E-02 -0.33253E-02  0.90834E+00  0.80947E-03  0.49609E-03 -0.38251E+00  0.52879E-03 -0.36979E+00 
  105.00  0.14547E+00 -0.78456E+00 -0.18552E-02 -0.34671E-02  0.90885E+00  0.94104E-03  0.72066E-03 -0.40850E+00 -0.12106E-02 -0.39494E+00 
  106.00  0.14546E+00 -0.77163E+00 -0.20158E-02 -0.35683E-02  0.90942E+00  0.10844E-02  0.96149E-03 -0.43410E+00 -0.27264E-02 -0.41974E+00 
  107.00  0.14561E+00 -0.75800E+00 -0.21924E-02 -0.36249E-02  0.91002E+00  0.12333E-02  0.12114E-02 -0.45927E+00 -0.40214E-02 -0.44416E+00 
  108.00  0.14588E+00 -0.74365E+00 -0.23788E-02 -0.36344E-02  0.91062E+00  0.13813E-02  0.14629E-02 -0.48394E+00 -0.51196E-02 -0.46812E+00 
  109.00  0.14625E+00 -0.72860E+00 -0.25677E-02 -0.35963E-02  0.91120E+00  0.15220E-02  0.17089E-02 -0.50806E+00 -0.60598E-02 -0.49153E+00 
  110.00  0.14670E+00 -0.71288E+00 -0.27509E-02 -0.35120E-02  0.91177E+00  0.16496E-02  0.19424E-02 -0.53155E+00 -0.68902E-02 -0.51431E+00 
  111.00  0.14722E+00 -0.69653E+00 -0.29201E-02 -0.33848E-02  0.91230E+00  0.17586E-02  0.21575E-02 -0.55435E+00 -0.76616E-02 -0.53636E+00 
  112.00  0.14780E+00 -0.67964E+00 -0.30669E-02 -0.32198E-02  0.91280E+00  0.18444E-02  0.23493E-02 -0.57638E+00 -0.84221E-02 -0.55762E+00 
  113.00  0.14842E+00 -0.66228E+00 -0.31840E-02 -0.30237E-02  0.91327E+00  0.19033E-02  0.25142E-02 -0.59758E+00 -0.92131E-02 -0.57801E+00 
  114.00  0.14909E+00 -0.64456E+00 -0.32652E-02 -0.28046E-02  0.91371E+00  0.19328E-02  0.26500E-02 -0.61793E+00 -0.10066E-01 -0.59748E+00 
  115.00  0.14978E+00 -0.62656E+00 -0.33059E-02 -0.25711E-02  0.91413E+00  0.19317E-02  0.27561E-02 -0.63738E+00 -0.11001E-01 -0.61600E+00 
  116.00  0.15051E+00 -0.60839E+00 -0.33033E-02 -0.23325E-02  0.91454E+00  0.18997E-02  0.28335E-02 -0.65591E+00 -0.12026E-01 -0.63355E+00 
  117.00  0.15127E+00 -0.59014E+00 -0.32567E-02 -0.20975E-02  0.91493E+00  0.18381E-02  0.28843E-02 -0.67352E+00 -0.13140E-01 -0.65014E+00 
  118.00  0.15204E+00 -0.57189E+00 -0.31668E-02 -0.18744E-02  0.91532E+00  0.17491E-02  0.29118E-02 -0.69022E+00 -0.14330E-01 -0.66577E+00 
  119.00  0.15282E+00 -0.55371E+00 -0.30364E-02 -0.16700E-02  0.91571E+00  0.16358E-02  0.29201E-02 -0.70603E+00 -0.15580E-01 -0.68047E+00 
  120.00  0.15361E+00 -0.53567E+00 -0.28692E-02 -0.14900E-02  0.91611E+00  0.15021E-02  0.29135E-02 -0.72096E+00 -0.16867E-01 -0.69428E+00 
  121.00  0.15439E+00 -0.51780E+00 -0.26702E-02 -0.13381E-02  0.91652E+00  0.13526E-02  0.28965E-02 -0.73506E+00 -0.18167E-01 -0.70724E+00 
  122.00  0.15517E+00 -0.50016E+00 -0.24450E-02 -0.12161E-02  0.91693E+00  0.11918E-02  0.28729E-02 -0.74835E+00 -0.19455E-01 -0.71940E+00 
  123.00  0.15593E+00 -0.48276E+00 -0.21994E-02 -0.11243E-02  0.91736E+00  0.10248E-02  0.28461E-02 -0.76087E+00 -0.20707E-01 -0.73079E+00 
  124.00  0.15667E+00 -0.46563E+00 -0.19397E-02 -0.10610E-02  0.91780E+00  0.85639E-03  0.28183E-02 -0.77267E+00 -0.21902E-01 -0.74148E+00 
  125.00  0.15740E+00 -0.44878E+00 -0.16717E-02 -0.10231E-02  0.91825E+00  0.69106E-03  0.27908E-02 -0.78379E+00 -0.23022E-01 -0.75151E+00 
  126.00  0.15810E+00 -0.43222E+00 -0.14012E-02 -0.10066E-02  0.91871E+00  0.53301E-03  0.27638E-02 -0.79425E+00 -0.24053E-01 -0.76093E+00 
  127.00  0.15879E+00 -0.41596E+00 -0.11337E-02 -0.10061E-02  0.91918E+00  0.38589E-03  0.27361E-02 -0.80411E+00 -0.24982E-01 -0.76977E+00 
  128.00  0.15945E+00 -0.39999E+00 -0.87407E-03 -0.10160E-02  0.91966E+00  0.25276E-03  0.27060E-02 -0.81338E+00 -0.25800E-01 -0.77807E+00 
  129.00  0.16011E+00 -0.38432E+00 -0.62687E-03 -0.10303E-02  0.92015E+00  0.13598E-03  0.26709E-02 -0.82211E+00 -0.26502E-01 -0.78587E+00 
  130.00  0.16076E+00 -0.36896E+00 -0.39615E-03 -0.10432E-02  0.92064E+00  0.37229E-04  0.26278E-02 -0.83033E+00 -0.27084E-01 -0.79320E+00 
  131.00  0.16141E+00 -0.35390E+00 -0.18542E-03 -0.10491E-02  0.92114E+00 -0.42550E-04  0.25737E-02 -0.83805E+00 -0.27543E-01 -0.80008E+00 
  132.00  0.16207E+00 -0.33915E+00  0.23358E-05 -0.10431E-02  0.92165E+00 -0.10309E-03  0.25055E-02 -0.84531E+00 -0.27880E-01 -0.80654E+00 
  133.00  0.16275E+00 -0.32470E+00  0.16474E-03 -0.10211E-02  0.92217E+00 -0.14476E-03  0.24209E-02 -0.85213E+00 -0.28096E-01 -0.81260E+00 
  134.00  0.16345E+00 -0.31057E+00  0.30007E-03 -0.98000E-03  0.92269E+00 -0.16851E-03  0.23181E-02 -0.85852E+00 -0.28192E-01 -0.81828E+00 
  135.00  0.16418E+00 -0.29675E+00  0.40729E-03 -0.91760E-03  0.92321E+00 -0.17575E-03  0.21963E-02 -0.86452E+00 -0.28175E-01 -0.82358E+00 
  136.00  0.16495E+00 -0.28324E+00  0.48612E-03 -0.83294E-03  0.92375E+00 -0.16828E-03  0.20556E-02 -0.87013E+00 -0.28046E-01 -0.82853E+00 
  137.00  0.16575E+00 -0.27005E+00  0.53705E-03 -0.72612E-03  0.92428E+00 -0.14819E-03  0.18971E-02 -0.87538E+00 -0.27814E-01 -0.83313E+00 
  138.00  0.16660E+00 -0.25717E+00  0.56137E-03 -0.59824E-03  0.92482E+00 -0.11780E-03  0.17228E-02 -0.88028E+00 -0.27483E-01 -0.83741E+00 
  139.00  0.16749E+00 -0.24462E+00  0.56113E-03 -0.45131E-03  0.92537E+00 -0.79517E-04  0.15357E-02 -0.88485E+00 -0.27060E-01 -0.84136E+00 
  140.00  0.16842E+00 -0.23237E+00  0.53910E-03 -0.28811E-03  0.92591E+00 -0.35868E-04  0.13390E-02 -0.88909E+00 -0.26553E-01 -0.84501E+00 
  141.00  0.16940E+00 -0.22044E+00  0.49864E-03 -0.11197E-03  0.92646E+00  0.10621E-04  0.11366E-02 -0.89304E+00 -0.25969E-01 -0.84836E+00 
  142.00  0.17041E+00 -0.20883E+00  0.44359E-03  0.73365E-04  0.92700E+00  0.57456E-04  0.93245E-03 -0.89670E+00 -0.25316E-01 -0.85143E+00 
  143.00  0.17146E+00 -0.19752E+00  0.37807E-03  0.26398E-03  0.92753E+00  0.10224E-03  0.73045E-03 -0.90009E+00 -0.24602E-01 -0.85422E+00 
  144.00  0.17253E+00 -0.18651E+00  0.30628E-03  0.45597E-03  0.92806E+00  0.14274E-03  0.53423E-03 -0.90322E+00 -0.23835E-01 -0.85677E+00 
  145.00  0.17363E+00 -0.17581E+00  0.23229E-03  0.64559E-03  0.92858E+00  0.17696E-03  0.34704E-03 -0.90612E+00 -0.23023E-01 -0.85907E+00 
  146.00  0.17474E+00 -0.16540E+00  0.15983E-03  0.82939E-03  0.92909E+00  0.20327E-03  0.17165E-03 -0.90879E+00 -0.22175E-01 -0.86114E+00 
  147.00  0.17586E+00 -0.15529E+00  0.92067E-04  0.10044E-02  0.92958E+00  0.22045E-03  0.10318E-04 -0.91125E+00 -0.21298E-01 -0.86300E+00 
  148.00  0.17699E+00 -0.14546E+00  0.31518E-04  0.11680E-02  0.93006E+00  0.22778E-03 -0.13520E-03 -0.91351E+00 -0.20402E-01 -0.86466E+00 
  149.00  0.17812E+00 -0.13593E+00 -0.20103E-04  0.13183E-02  0.93051E+00  0.22513E-03 -0.26363E-03 -0.91559E+00 -0.19495E-01 -0.86614E+00 
  150.00  0.17924E+00 -0.12667E+00 -0.61894E-04  0.14537E-02  0.93094E+00  0.21291E-03 -0.37408E-03 -0.91750E+00 -0.18583E-01 -0.86745E+00 
  151.00  0.18035E+00 -0.11771E+00 -0.93738E-04  0.15732E-02  0.93133E+00  0.19211E-03 -0.46602E-03 -0.91926E+00 -0.17674E-01 -0.86859E+00 
  152.00  0.18146E+00 -0.10903E+00 -0.11622E-03  0.16763E-02  0.93169E+00  0.16418E-03 -0.53920E-03 -0.92086E+00 -0.16774E-01 -0.86956E+00 
  153.00  0.18254E+00 -0.10066E+00 -0.13047E-03  0.17630E-02  0.93202E+00  0.13097E-03 -0.59365E-03 -0.92231E+00 -0.15888E-01 -0.87039E+00 
  154.00  0.18362E+00 -0.92582E-01 -0.13801E-03  0.18333E-02  0.93231E+00  0.94504E-04 -0.62969E-03 -0.92363E+00 -0.15019E-01 -0.87106E+00 
  155.00  0.18467E+00 -0.84820E-01 -0.14057E-03  0.18881E-02  0.93255E+00  0.56923E-04 -0.64789E-03 -0.92482E+00 -0.14171E-01 -0.87158E+00 
  156.00  0.18572E+00 -0.77378E-01 -0.13987E-03  0.19280E-02  0.93275E+00  0.20259E-04 -0.64916E-03 -0.92587E+00 -0.13345E-01 -0.87195E+00 
  157.00  0.18674E+00 -0.70265E-01 -0.13749E-03  0.19544E-02  0.93290E+00 -0.13674E-04 -0.63477E-03 -0.92680E+00 -0.12542E-01 -0.87218E+00 
  158.00  0.18776E+00 -0.63486E-01 -0.13474E-03  0.19685E-02  0.93301E+00 -0.43397E-04 -0.60637E-03 -0.92761E+00 -0.11761E-01 -0.87226E+00 
  159.00  0.18875E+00 -0.57049E-01 -0.13258E-03  0.19718E-02  0.93308E+00 -0.67836E-04 -0.56596E-03 -0.92830E+00 -0.11003E-01 -0.87222E+00 
  160.00  0.18974E+00 -0.50954E-01 -0.13157E-03  0.19662E-02  0.93311E+00 -0.86353E-04 -0.51588E-03 -0.92889E+00 -0.10266E-01 -0.87204E+00 
  161.00  0.19071E+00 -0.45204E-01 -0.13190E-03  0.19532E-02  0.93309E+00 -0.98740E-04 -0.45873E-03 -0.92938E+00 -0.95475E-02 -0.87175E+00 
  162.00  0.19167E+00 -0.39798E-01 -0.13342E-03  0.19347E-02  0.93303E+00 -0.10518E-03 -0.39723E-03 -0.92978E+00 -0.88471E-02 -0.87135E+00 
  163.00  0.19262E+00 -0.34738E-01 -0.13570E-03  0.19124E-02  0.93293E+00 -0.10617E-03 -0.33412E-03 -0.93009E+00 -0.81624E-02 -0.87085E+00 
  164.00  0.19356E+00 -0.30024E-01 -0.13816E-03  0.18879E-02  0.93280E+00 -0.10249E-03 -0.27200E-03 -0.93034E+00 -0.74917E-02 -0.87025E+00 
  165.00  0.19449E+00 -0.25659E-01 -0.14009E-03  0.18625E-02  0.93262E+00 -0.95056E-04 -0.21318E-03 -0.93051E+00 -0.68334E-02 -0.86956E+00 
  166.00  0.19540E+00 -0.21646E-01 -0.14080E-03  0.18376E-02  0.93239E+00 -0.84891E-04 -0.15957E-03 -0.93061E+00 -0.61859E-02 -0.86879E+00 
  167.00  0.19631E+00 -0.17991E-01 -0.13963E-03  0.18141E-02  0.93213E+00 -0.73028E-04 -0.11261E-03 -0.93065E+00 -0.55485E-02 -0.86793E+00 
  168.00  0.19720E+00 -0.14701E-01 -0.13609E-03  0.17928E-02  0.93182E+00 -0.60444E-04 -0.73194E-04 -0.93063E+00 -0.49210E-02 -0.86698E+00 
  169.00  0.19808E+00 -0.11780E-01 -0.12985E-03  0.17742E-02  0.93148E+00 -0.48008E-04 -0.41681E-04 -0.93054E+00 -0.43046E-02 -0.86596E+00 
  170.00  0.19895E+00 -0.92302E-02 -0.12080E-03  0.17585E-02  0.93110E+00 -0.36438E-04 -0.17941E-04 -0.93039E+00 -0.37016E-02 -0.86485E+00 
  171.00  0.19979E+00 -0.70481E-02 -0.10910E-03  0.17459E-02  0.93070E+00 -0.26264E-04 -0.14162E-05 -0.93019E+00 -0.31164E-02 -0.86369E+00 
  172.00  0.20060E+00 -0.52226E-02 -0.95127E-04  0.17362E-02  0.93028E+00 -0.17819E-04  0.87859E-05 -0.92993E+00 -0.25547E-02 -0.86249E+00 
  173.00  0.20138E+00 -0.37346E-02 -0.79511E-04  0.17291E-02  0.92985E+00 -0.11233E-04  0.13783E-04 -0.92963E+00 -0.20244E-02 -0.86128E+00 
  174.00  0.20209E+00 -0.25567E-02 -0.63066E-04  0.17243E-02  0.92943E+00 -0.64551E-05  0.14812E-04 -0.92931E+00 -0.15346E-02 -0.86010E+00 
  175.00  0.20274E+00 -0.16549E-02 -0.46744E-04  0.17214E-02  0.92904E+00 -0.32813E-05  0.13131E-04 -0.92898E+00 -0.10955E-02 -0.85899E+00 
  176.00  0.20329E+00 -0.99095E-03 -0.31562E-04  0.17198E-02  0.92870E+00 -0.14029E-05  0.99315E-05 -0.92867E+00 -0.71768E-03 -0.85800E+00 
  177.00  0.20375E+00 -0.52566E-03 -0.18511E-04  0.17192E-02  0.92841E+00 -0.45891E-06  0.62670E-05 -0.92840E+00 -0.41130E-03 -0.85717E+00 
  178.00  0.20408E+00 -0.22307E-03 -0.84768E-05  0.17190E-02  0.92819E+00 -0.92823E-07  0.30042E-05 -0.92819E+00 -0.18530E-03 -0.85655E+00 
  179.00  0.20429E+00 -0.54134E-04 -0.21576E-05  0.17191E-02  0.92806E+00 -0.58843E-08  0.78412E-06 -0.92806E+00 -0.46708E-04 -0.85616E+00 
  180.00  0.20436E+00 -0.13279E-14 -0.53795E-16  0.17191E-02  0.92801E+00 -0.36315E-29  0.19708E-16 -0.92801E+00 -0.11608E-14 -0.85602E+00 
 scattering matrix expansion coefficients
    w  a11         a22         a33         a23         a32         a44         a12         a34         a13         a24         a14
    0  0.1000E+01  0.0000E+00  0.0000E+00  0.0000E+00  0.0000E+00  0.8146E+00  0.0000E+00  0.0000E+00  0.0000E+00  0.0000E+00 -0.3967E-03
    1  0.2267E+01  0.0000E+00  0.0000E+00  0.0000E+00  0.0000E+00  0.2424E+01  0.0000E+00  0.0000E+00  0.0000E+00  0.0000E+00 -0.9450E-03
    2  0.3200E+01  0.2141E+00  0.3991E+01 -0.1487E-06  0.3554E-03  0.3182E+01 -0.3513E+00 -0.4023E-02 -0.1399E-03  0.1344E-03 -0.1395E-02
    3  0.3664E+01  0.4888E-01  0.4126E+01 -0.1701E-06  0.9464E-03  0.3678E+01 -0.2394E+00 -0.4930E-02  0.4390E-03 -0.2956E-03 -0.2536E-02
    4  0.3984E+01  0.3285E-01  0.4299E+01 -0.1858E-06  0.1142E-02  0.3982E+01 -0.1812E+00 -0.1657E-01  0.1373E-03  0.4603E-03 -0.2301E-02
    5  0.4165E+01  0.1867E-01  0.4407E+01  0.1547E-06 -0.3576E-03  0.4154E+01 -0.1396E+00 -0.1298E-01 -0.4103E-03  0.4173E-03 -0.2287E-02
    6  0.4218E+01  0.6984E-02  0.4425E+01  0.2715E-06 -0.1489E-02  0.4217E+01 -0.1302E+00 -0.1710E-01 -0.1256E-03 -0.1228E-03 -0.2564E-02
    7  0.4175E+01  0.1077E-02  0.4356E+01 -0.1246E-06 -0.1605E-02  0.4189E+01 -0.1269E+00 -0.2096E-01 -0.1032E-03  0.3576E-04 -0.2430E-02
    8  0.4092E+01  0.1046E-01  0.4234E+01 -0.3174E-06 -0.1095E-02  0.4087E+01 -0.1036E+00 -0.2156E-01 -0.1312E-03 -0.2804E-03 -0.1790E-02
    9  0.3962E+01  0.8413E-02  0.4079E+01 -0.2437E-06 -0.3351E-03  0.3951E+01 -0.8355E-01 -0.1871E-01  0.1791E-03 -0.5415E-04 -0.9606E-03
   10  0.3791E+01 -0.1096E-02  0.3898E+01 -0.5192E-06 -0.1928E-03  0.3797E+01 -0.8280E-01 -0.1447E-01 -0.1492E-03  0.2243E-03 -0.5782E-03
   11  0.3617E+01 -0.6282E-03  0.3708E+01 -0.7982E-06 -0.5415E-03  0.3626E+01 -0.7731E-01 -0.1082E-01 -0.2246E-03  0.1790E-03  0.5465E-04
   12  0.3452E+01  0.4889E-02  0.3523E+01 -0.2166E-06 -0.5684E-03  0.3449E+01 -0.5062E-01 -0.6917E-02 -0.3208E-05 -0.5037E-05  0.5527E-03
   13  0.3270E+01  0.4470E-02  0.3333E+01 -0.2033E-08 -0.8496E-03  0.3265E+01 -0.2827E-01 -0.1093E-02 -0.1754E-03 -0.5899E-04  0.8002E-03
   14  0.3058E+01  0.2119E-02  0.3117E+01 -0.2291E-06 -0.1304E-02  0.3054E+01 -0.2422E-01  0.2854E-02 -0.2408E-03  0.2027E-03  0.1132E-02
   15  0.2819E+01  0.7631E-04  0.2874E+01 -0.2418E-06 -0.1252E-02  0.2818E+01 -0.2936E-01  0.4191E-02 -0.9915E-04  0.1208E-03  0.9168E-03
   16  0.2573E+01  0.4817E-03  0.2622E+01 -0.7539E-07 -0.9676E-03  0.2572E+01 -0.3227E-01  0.3884E-02 -0.2850E-04 -0.5960E-04  0.2826E-03
   17  0.2329E+01  0.3283E-03  0.2371E+01  0.1021E-06 -0.5849E-03  0.2328E+01 -0.3525E-01  0.2279E-02  0.3302E-04 -0.7513E-04 -0.1573E-03
   18  0.2094E+01 -0.2477E-03  0.2132E+01 -0.1292E-06 -0.2917E-03  0.2096E+01 -0.3894E-01  0.2457E-03  0.7549E-04 -0.1365E-04 -0.2815E-03
   19  0.1882E+01 -0.3936E-03  0.1914E+01 -0.1407E-06 -0.9716E-04  0.1885E+01 -0.3908E-01  0.6775E-03  0.1122E-03  0.1755E-04 -0.2950E-03
   20  0.1699E+01 -0.1903E-04  0.1725E+01 -0.1795E-06 -0.1528E-03  0.1701E+01 -0.3254E-01  0.3553E-02  0.7060E-04  0.8971E-05 -0.3513E-03
   21  0.1544E+01  0.6222E-03  0.1565E+01 -0.1012E-06 -0.4723E-03  0.1545E+01 -0.2031E-01  0.6285E-02  0.1429E-04 -0.4688E-04 -0.4428E-03
   22  0.1406E+01  0.1636E-02  0.1423E+01  0.7598E-08 -0.8929E-03  0.1404E+01 -0.5671E-02  0.7362E-02 -0.2633E-04 -0.6359E-04 -0.4210E-03
   23  0.1267E+01  0.1864E-02  0.1282E+01  0.4507E-07 -0.1144E-02  0.1263E+01  0.4607E-02  0.7321E-02 -0.2998E-04 -0.3485E-04 -0.2258E-03
   24  0.1112E+01  0.1104E-02  0.1128E+01  0.1727E-07 -0.1107E-02  0.1109E+01  0.5639E-02  0.6800E-02  0.2544E-05 -0.5892E-05  0.3786E-04
   25  0.9398E+00 -0.1501E-04  0.9562E+00  0.1376E-07 -0.8883E-03  0.9388E+00 -0.1673E-02  0.5921E-02  0.1583E-04  0.1112E-04  0.2329E-03
   26  0.7624E+00 -0.6711E-03  0.7782E+00  0.6439E-07 -0.6337E-03  0.7629E+00 -0.1129E-01  0.4551E-02 -0.4753E-05  0.1032E-04  0.3148E-03
   27  0.5962E+00 -0.7627E-03  0.6097E+00  0.5735E-07 -0.4045E-03  0.5972E+00 -0.1775E-01  0.2773E-02 -0.2382E-04  0.4000E-05  0.3160E-03
   28  0.4531E+00 -0.4458E-03  0.4638E+00  0.1026E-07 -0.1972E-03  0.4539E+00 -0.1910E-01  0.9864E-03 -0.1793E-04 -0.1088E-05  0.2810E-03
   29  0.3363E+00 -0.1117E-03  0.3444E+00  0.9352E-08 -0.1600E-04  0.3367E+00 -0.1702E-01 -0.2296E-03  0.8128E-06 -0.6976E-06  0.2388E-03
   30  0.2431E+00  0.4209E-04  0.2491E+00  0.3928E-07  0.1098E-03  0.2432E+00 -0.1409E-01 -0.6246E-03  0.1095E-04  0.8305E-06  0.1974E-03
   31  0.1690E+00  0.2450E-04  0.1736E+00  0.5558E-07  0.1650E-03  0.1691E+00 -0.1177E-01 -0.4137E-03  0.9294E-05  0.1751E-06  0.1552E-03
   32  0.1113E+00 -0.1143E-04  0.1147E+00  0.4574E-07  0.1593E-03  0.1114E+00 -0.1000E-01 -0.3037E-04  0.2199E-05 -0.1865E-05  0.1128E-03
   33  0.6850E-01  0.7037E-05  0.7083E-01  0.2291E-07  0.1213E-03  0.6861E-01 -0.8214E-02  0.2250E-03 -0.3168E-05 -0.3546E-05  0.7415E-04
   34  0.3907E-01  0.5990E-04  0.4051E-01  0.4249E-08  0.7769E-04  0.3907E-01 -0.6201E-02  0.2877E-03 -0.4937E-05 -0.3792E-05  0.4372E-04
   35  0.2056E-01  0.9628E-04  0.2133E-01 -0.3403E-08  0.4314E-04  0.2046E-01 -0.4193E-02  0.2324E-03 -0.4249E-05 -0.3029E-05  0.2294E-04
   36  0.9958E-02  0.9778E-04  0.1032E-01 -0.3779E-08  0.2116E-04  0.9832E-02 -0.2522E-02  0.1463E-03 -0.2795E-05 -0.1934E-05  0.1073E-04
   37  0.4444E-02  0.7517E-04  0.4592E-02 -0.2103E-08  0.9257E-05  0.4337E-02 -0.1353E-02  0.7708E-04 -0.1520E-05 -0.1044E-05  0.4464E-05
   38  0.1830E-02  0.4728E-04  0.1881E-02 -0.8107E-09  0.3649E-05  0.1759E-02 -0.6510E-03  0.3513E-04 -0.7131E-06 -0.4866E-06  0.1652E-05
   39  0.6970E-03  0.2529E-04  0.7111E-03 -0.2106E-09  0.1308E-05  0.6572E-03 -0.2828E-03  0.1417E-04 -0.2981E-06 -0.2020E-06  0.5432E-06
   40  0.2461E-03  0.1180E-04  0.2489E-03 -0.2131E-10  0.4293E-06  0.2271E-03 -0.1117E-03  0.5149E-05 -0.1119E-06 -0.7558E-07  0.1630E-06
   41  0.8081E-04  0.4886E-05  0.8088E-04  0.2072E-10  0.1298E-06  0.7277E-04 -0.4031E-04  0.1705E-05 -0.3810E-07 -0.2616E-07  0.4495E-07
   42  0.2476E-04  0.1820E-05  0.2450E-04  0.1738E-10  0.3603E-07  0.2171E-04 -0.1339E-04  0.5194E-06 -0.1178E-07 -0.8254E-08  0.1180E-07
   43  0.7100E-05  0.6168E-06  0.6941E-05  0.8121E-11  0.8989E-08  0.6056E-05 -0.4113E-05  0.1464E-06 -0.3186E-08 -0.2365E-08  0.2963E-08
   44  0.1913E-05  0.1920E-06  0.1847E-05  0.2356E-11  0.1931E-08  0.1585E-05 -0.1176E-05  0.3835E-07 -0.7281E-09 -0.5927E-09  0.7030E-09
   45  0.4860E-06  0.5523E-07  0.4629E-06  0.1641E-12  0.3151E-09  0.3907E-06 -0.3142E-06  0.9393E-08 -0.1151E-09 -0.1152E-09  0.9974E-10
   46  0.1169E-06  0.1475E-07  0.1099E-06 -0.2520E-12  0.2843E-10  0.9120E-07 -0.7883E-07  0.2248E-08 -0.9497E-11 -0.1445E-10 -0.1252E-11
   47  0.2684E-07  0.3664E-08  0.2494E-07 -0.1839E-12 -0.6926E-11  0.2043E-07 -0.1873E-07  0.5733E-09  0.3569E-11  0.5030E-12 -0.7295E-11
   48  0.6148E-08  0.8593E-09  0.5688E-08 -0.7334E-13 -0.3559E-11  0.4641E-08 -0.4341E-08  0.1583E-09  0.1564E-11  0.9757E-12 -0.4155E-11
   49  0.1338E-08  0.1907E-09  0.1228E-08 -0.1720E-13 -0.1043E-11  0.1006E-08 -0.9688E-09  0.4815E-10  0.4493E-12  0.1146E-12 -0.4195E-12
   50  0.4212E-09  0.5270E-10  0.3947E-09 -0.2670E-14 -0.2301E-12  0.3295E-09 -0.2885E-09  0.1425E-10  0.7086E-13  0.1332E-12 -0.5331E-12
   51  0.6813E-10  0.9287E-11  0.6211E-10  0.2143E-15 -0.1000E-13  0.5254E-10 -0.5011E-10  0.3611E-11 -0.1483E-14 -0.1931E-13  0.4056E-13
   52  0.4387E-10  0.5847E-11  0.4074E-10  0.4916E-15 -0.1018E-13  0.3359E-10 -0.3062E-10  0.1053E-11  0.2276E-14  0.1718E-13 -0.5496E-13
   53  0.3220E-11  0.4592E-12  0.2880E-11  0.1902E-15  0.1334E-14  0.2480E-11 -0.2418E-11  0.1758E-12 -0.1308E-14 -0.2158E-14  0.4719E-14
   54  0.3836E-11  0.6217E-12  0.3461E-11  0.7011E-16 -0.4397E-15  0.2729E-11 -0.2853E-11  0.5499E-13  0.1062E-15  0.1720E-14 -0.4305E-14
   55  0.1074E-12  0.1738E-13  0.9255E-13  0.2355E-16 -0.2643E-16  0.7998E-13 -0.8241E-13  0.5008E-14 -0.3691E-16 -0.1308E-15  0.2616E-15
   56  0.2251E-12  0.4214E-13  0.1962E-12  0.4879E-17 -0.4745E-16  0.1484E-12 -0.1762E-12  0.2136E-14  0.1831E-16  0.9254E-16 -0.2091E-15
   57  0.1399E-14  0.2248E-15  0.1050E-14  0.9996E-18 -0.7216E-18  0.1170E-14 -0.9958E-15  0.6456E-16 -0.9511E-18 -0.3933E-17  0.6474E-17
   58  0.1005E-13  0.2187E-14  0.8681E-14  0.1347E-18 -0.4132E-17  0.6168E-14 -0.8314E-14  0.7438E-16  0.2131E-17  0.4235E-17 -0.8377E-17
