 input file is 
mstm2_256_6398_145_00226.inp  
 input file comments follow:
***********************************************************
  This is the default mstm input file for v.3.0.
  The run is for a 7-sphere cluster of identical spheres.   The positions
  are embedded in the input file.

  The run makes use of the new_run and multiple_run options.

  14 April 2013
***********************************************************
 number of processors:
   1
 input parameters for run number 
    1
 number of spheres, volume size parameter:
  256  0.40625E+01
 position file:
position/n256/a2.out                                        
 output file:
output/256/x6398/145/00226/mt_2_256_6398_145_00226.dat      
 length, ref. indx. scale factors:
   0.640   1.450   0.023
 chiral factors:
  0.00000E+00  0.00000E+00
 scattering matrix directions based on incident frame
 automatic scattering angle calculation
 thetamin, thetamax:
      0.0    180.0
 number scattering angles:
      181
 epsmie, epssoln, max number iterations:
  0.1000E-05  0.1000E-07 5000
 medium refractive index:
  1.0000  0.0000
 target euler rotation angles:
    0.0000    0.0000    0.0000
 far field kr, iterations/correction:
 -0.1000E+01   20
 plane wave incidence
 random orientation calculations
 t matrix calculated, stored in file 
tmatrixfiles/2256639814500226                               
 t matrix convergence epsilon:
  0.1000E-06
 all spheres excited (total T matrix) 
 calculation results for run 
    1
 total ext, abs, scat efficiencies, w.r.t. xv, and asym. parm
  0.16164E+01  0.25150E+00  0.13649E+01  0.76082E+00
 scattering matrix elements (normalized w/ S11)
   theta      11           12           13           14           22           23           24           33           34           44      
    0.00  0.70480E+02  0.00000E+00  0.00000E+00 -0.76863E-04  0.99971E+00 -0.11029E-05  0.00000E+00  0.99971E+00  0.00000E+00  0.99942E+00 
    1.00  0.69717E+02 -0.16251E-03 -0.38101E-07 -0.77427E-04  0.99971E+00 -0.24506E-05  0.20945E-07  0.99971E+00 -0.24341E-05  0.99942E+00 
    2.00  0.67485E+02 -0.65016E-03 -0.15299E-06 -0.79095E-04  0.99970E+00 -0.65102E-05  0.84437E-07  0.99970E+00 -0.10258E-04  0.99941E+00 
    3.00  0.63944E+02 -0.14633E-02 -0.34621E-06 -0.81791E-04  0.99970E+00 -0.13322E-04  0.19212E-06  0.99970E+00 -0.25068E-04  0.99940E+00 
    4.00  0.59339E+02 -0.26024E-02 -0.61950E-06 -0.85381E-04  0.99969E+00 -0.22926E-04  0.34561E-06  0.99969E+00 -0.49617E-04  0.99939E+00 
    5.00  0.53974E+02 -0.40685E-02 -0.97334E-06 -0.89658E-04  0.99969E+00 -0.35311E-04  0.54469E-06  0.99968E+00 -0.87915E-04  0.99937E+00 
    6.00  0.48176E+02 -0.58626E-02 -0.14046E-05 -0.94333E-04  0.99967E+00 -0.50338E-04  0.78454E-06  0.99966E+00 -0.14528E-03  0.99934E+00 
    7.00  0.42264E+02 -0.79862E-02 -0.19028E-05 -0.99028E-04  0.99966E+00 -0.67635E-04  0.10519E-05  0.99963E+00 -0.22819E-03  0.99930E+00 
    8.00  0.36519E+02 -0.10441E-01 -0.24449E-05 -0.10329E-03  0.99963E+00 -0.86458E-04  0.13208E-05  0.99959E+00 -0.34378E-03  0.99923E+00 
    9.00  0.31162E+02 -0.13229E-01 -0.29886E-05 -0.10662E-03  0.99960E+00 -0.10555E-03  0.15480E-05  0.99953E+00 -0.49869E-03  0.99915E+00 
   10.00  0.26345E+02 -0.16350E-01 -0.34657E-05 -0.10861E-03  0.99956E+00 -0.12304E-03  0.16718E-05  0.99945E+00 -0.69697E-03  0.99903E+00 
   11.00  0.22146E+02 -0.19806E-01 -0.37773E-05 -0.10908E-03  0.99951E+00 -0.13650E-03  0.16157E-05  0.99935E+00 -0.93719E-03  0.99888E+00 
   12.00  0.18582E+02 -0.23592E-01 -0.37955E-05 -0.10825E-03  0.99945E+00 -0.14322E-03  0.13014E-05  0.99921E+00 -0.12092E-02  0.99869E+00 
   13.00  0.15615E+02 -0.27703E-01 -0.33750E-05 -0.10698E-03  0.99937E+00 -0.14081E-03  0.67107E-06  0.99904E+00 -0.14921E-02  0.99846E+00 
   14.00  0.13175E+02 -0.32125E-01 -0.23750E-05 -0.10669E-03  0.99928E+00 -0.12796E-03 -0.28758E-06  0.99884E+00 -0.17548E-02  0.99817E+00 
   15.00  0.11177E+02 -0.36842E-01 -0.68636E-06 -0.10920E-03  0.99918E+00 -0.10512E-03 -0.15243E-05  0.99859E+00 -0.19604E-02  0.99784E+00 
   16.00  0.95311E+01 -0.41831E-01  0.17470E-05 -0.11630E-03  0.99907E+00 -0.74677E-04 -0.29301E-05  0.99829E+00 -0.20742E-02  0.99745E+00 
   17.00  0.81575E+01 -0.47069E-01  0.49166E-05 -0.12922E-03  0.99895E+00 -0.40584E-04 -0.43647E-05  0.99794E+00 -0.20708E-02  0.99700E+00 
   18.00  0.69916E+01 -0.52535E-01  0.87466E-05 -0.14826E-03  0.99881E+00 -0.74581E-05 -0.56978E-05  0.99753E+00 -0.19400E-02  0.99647E+00 
   19.00  0.59864E+01 -0.58212E-01  0.13086E-04 -0.17256E-03  0.99865E+00  0.20398E-04 -0.68518E-05  0.99705E+00 -0.16889E-02  0.99586E+00 
   20.00  0.51110E+01 -0.64094E-01  0.17684E-04 -0.20006E-03  0.99846E+00  0.39911E-04 -0.78339E-05  0.99648E+00 -0.13437E-02  0.99514E+00 
   21.00  0.43478E+01 -0.70197E-01  0.22137E-04 -0.22751E-03  0.99823E+00  0.50028E-04 -0.87545E-05  0.99582E+00 -0.94960E-03  0.99429E+00 
   22.00  0.36877E+01 -0.76561E-01  0.25820E-04 -0.25060E-03  0.99795E+00  0.52517E-04 -0.98273E-05  0.99503E+00 -0.57314E-03  0.99329E+00 
   23.00  0.31263E+01 -0.83271E-01  0.27819E-04 -0.26428E-03  0.99761E+00  0.52797E-04 -0.11342E-04  0.99412E+00 -0.30160E-03  0.99210E+00 
   24.00  0.26605E+01 -0.90455E-01  0.26934E-04 -0.26343E-03  0.99721E+00  0.60491E-04 -0.13592E-04  0.99304E+00 -0.23652E-03  0.99072E+00 
   25.00  0.22857E+01 -0.98273E-01  0.21829E-04 -0.24416E-03  0.99675E+00  0.88905E-04 -0.16750E-04  0.99179E+00 -0.47409E-03  0.98912E+00 
   26.00  0.19956E+01 -0.10688E+00  0.11412E-04 -0.20550E-03  0.99626E+00  0.15238E-03 -0.20709E-04  0.99038E+00 -0.10702E-02  0.98733E+00 
   27.00  0.17808E+01 -0.11636E+00 -0.46125E-05 -0.15080E-03  0.99577E+00  0.26123E-03 -0.24981E-04  0.98880E+00 -0.20006E-02  0.98539E+00 
   28.00  0.16302E+01 -0.12664E+00 -0.25331E-04 -0.87412E-04  0.99533E+00  0.41613E-03 -0.28773E-04  0.98709E+00 -0.31432E-02  0.98336E+00 
   29.00  0.15313E+01 -0.13752E+00 -0.48688E-04 -0.24327E-04  0.99497E+00  0.60580E-03 -0.31258E-04  0.98530E+00 -0.43067E-02  0.98132E+00 
   30.00  0.14709E+01 -0.14870E+00 -0.72140E-04  0.31232E-04  0.99470E+00  0.81030E-03 -0.31906E-04  0.98345E+00 -0.52970E-02  0.97931E+00 
   31.00  0.14364E+01 -0.15991E+00 -0.93469E-04  0.76001E-04  0.99452E+00  0.10080E-02 -0.30659E-04  0.98155E+00 -0.59814E-02  0.97732E+00 
   32.00  0.14160E+01 -0.17099E+00 -0.11130E-03  0.11064E-03  0.99440E+00  0.11816E-02 -0.27861E-04  0.97961E+00 -0.63152E-02  0.97532E+00 
   33.00  0.13997E+01 -0.18184E+00 -0.12511E-03  0.13813E-03  0.99430E+00  0.13207E-02 -0.24054E-04  0.97758E+00 -0.63287E-02  0.97327E+00 
   34.00  0.13797E+01 -0.19251E+00 -0.13503E-03  0.16207E-03  0.99419E+00  0.14209E-02 -0.19769E-04  0.97545E+00 -0.60972E-02  0.97110E+00 
   35.00  0.13504E+01 -0.20307E+00 -0.14144E-03  0.18547E-03  0.99405E+00  0.14819E-02 -0.15405E-04  0.97315E+00 -0.57149E-02  0.96877E+00 
   36.00  0.13088E+01 -0.21361E+00 -0.14484E-03  0.21032E-03  0.99385E+00  0.15054E-02 -0.11180E-04  0.97066E+00 -0.52782E-02  0.96620E+00 
   37.00  0.12542E+01 -0.22424E+00 -0.14565E-03  0.23762E-03  0.99359E+00  0.14936E-02 -0.71488E-05  0.96793E+00 -0.48786E-02  0.96336E+00 
   38.00  0.11882E+01 -0.23508E+00 -0.14418E-03  0.26765E-03  0.99326E+00  0.14492E-02 -0.32495E-05  0.96492E+00 -0.46014E-02  0.96018E+00 
   39.00  0.11141E+01 -0.24622E+00 -0.14068E-03  0.30030E-03  0.99284E+00  0.13750E-02  0.61951E-06  0.96157E+00 -0.45235E-02  0.95663E+00 
   40.00  0.10362E+01 -0.25777E+00 -0.13544E-03  0.33543E-03  0.99233E+00  0.12749E-02  0.44986E-05  0.95785E+00 -0.47096E-02  0.95267E+00 
   41.00  0.95930E+00 -0.26984E+00 -0.12886E-03  0.37319E-03  0.99176E+00  0.11550E-02  0.82490E-05  0.95372E+00 -0.52009E-02  0.94827E+00 
   42.00  0.88786E+00 -0.28252E+00 -0.12158E-03  0.41412E-03  0.99115E+00  0.10242E-02  0.11446E-04  0.94917E+00 -0.59988E-02  0.94344E+00 
   43.00  0.82553E+00 -0.29589E+00 -0.11462E-03  0.45912E-03  0.99053E+00  0.89491E-03  0.13339E-04  0.94420E+00 -0.70462E-02  0.93820E+00 
   44.00  0.77469E+00 -0.30998E+00 -0.10921E-03  0.50903E-03  0.98996E+00  0.78118E-03  0.12957E-04  0.93883E+00 -0.82185E-02  0.93262E+00 
   45.00  0.73623E+00 -0.32476E+00 -0.10663E-03  0.56403E-03  0.98949E+00  0.69589E-03  0.93875E-05  0.93313E+00 -0.93373E-02  0.92676E+00 
   46.00  0.70959E+00 -0.34013E+00 -0.10774E-03  0.62302E-03  0.98914E+00  0.64674E-03  0.21477E-05  0.92713E+00 -0.10212E-01  0.92070E+00 
   47.00  0.69299E+00 -0.35596E+00 -0.11274E-03  0.68349E-03  0.98893E+00  0.63374E-03 -0.85432E-05  0.92086E+00 -0.10695E-01  0.91445E+00 
   48.00  0.68377E+00 -0.37212E+00 -0.12107E-03  0.74186E-03  0.98882E+00  0.64956E-03 -0.21745E-04  0.91433E+00 -0.10718E-01  0.90801E+00 
   49.00  0.67887E+00 -0.38850E+00 -0.13163E-03  0.79414E-03  0.98877E+00  0.68246E-03 -0.36021E-04  0.90750E+00 -0.10299E-01  0.90129E+00 
   50.00  0.67527E+00 -0.40503E+00 -0.14314E-03  0.83664E-03  0.98875E+00  0.71989E-03 -0.49761E-04  0.90030E+00 -0.95200E-02  0.89422E+00 
   51.00  0.67038E+00 -0.42170E+00 -0.15441E-03  0.86629E-03  0.98869E+00  0.75124E-03 -0.61438E-04  0.89266E+00 -0.84982E-02  0.88669E+00 
   52.00  0.66229E+00 -0.43852E+00 -0.16459E-03  0.88077E-03  0.98857E+00  0.76914E-03 -0.69766E-04  0.88451E+00 -0.73565E-02  0.87860E+00 
   53.00  0.64988E+00 -0.45549E+00 -0.17321E-03  0.87852E-03  0.98837E+00  0.76967E-03 -0.73764E-04  0.87576E+00 -0.62095E-02  0.86987E+00 
   54.00  0.63288E+00 -0.47264E+00 -0.18026E-03  0.85877E-03  0.98805E+00  0.75204E-03 -0.72798E-04  0.86637E+00 -0.51548E-02  0.86044E+00 
   55.00  0.61167E+00 -0.48998E+00 -0.18618E-03  0.82165E-03  0.98762E+00  0.71809E-03 -0.66632E-04  0.85626E+00 -0.42694E-02  0.85024E+00 
   56.00  0.58717E+00 -0.50754E+00 -0.19186E-03  0.76830E-03  0.98708E+00  0.67180E-03 -0.55496E-04  0.84540E+00 -0.36067E-02  0.83923E+00 
   57.00  0.56052E+00 -0.52532E+00 -0.19854E-03  0.70110E-03  0.98643E+00  0.61870E-03 -0.40167E-04  0.83374E+00 -0.31922E-02  0.82739E+00 
   58.00  0.53294E+00 -0.54331E+00 -0.20769E-03  0.62367E-03  0.98570E+00  0.56514E-03 -0.22010E-04  0.82125E+00 -0.30203E-02  0.81469E+00 
   59.00  0.50555E+00 -0.56150E+00 -0.22074E-03  0.54080E-03  0.98489E+00  0.51738E-03 -0.29540E-05  0.80792E+00 -0.30526E-02  0.80113E+00 
   60.00  0.47921E+00 -0.57987E+00 -0.23879E-03  0.45802E-03  0.98406E+00  0.48054E-03  0.14653E-04  0.79372E+00 -0.32214E-02  0.78672E+00 
   61.00  0.45451E+00 -0.59841E+00 -0.26224E-03  0.38094E-03  0.98321E+00  0.45762E-03  0.28301E-04  0.77865E+00 -0.34387E-02  0.77147E+00 
   62.00  0.43177E+00 -0.61707E+00 -0.29059E-03  0.31443E-03  0.98239E+00  0.44884E-03  0.35669E-04  0.76270E+00 -0.36116E-02  0.75538E+00 
   63.00  0.41106E+00 -0.63585E+00 -0.32230E-03  0.26189E-03  0.98162E+00  0.45163E-03  0.34988E-04  0.74585E+00 -0.36596E-02  0.73845E+00 
   64.00  0.39233E+00 -0.65469E+00 -0.35494E-03  0.22471E-03  0.98090E+00  0.46115E-03  0.25338E-04  0.72809E+00 -0.35308E-02  0.72068E+00 
   65.00  0.37541E+00 -0.67356E+00 -0.38553E-03  0.20212E-03  0.98025E+00  0.47140E-03  0.68404E-05  0.70939E+00 -0.32110E-02  0.70203E+00 
   66.00  0.36013E+00 -0.69241E+00 -0.41095E-03  0.19139E-03  0.97966E+00  0.47647E-03 -0.19298E-04  0.68975E+00 -0.27254E-02  0.68247E+00 
   67.00  0.34633E+00 -0.71118E+00 -0.42846E-03  0.18829E-03  0.97913E+00  0.47173E-03 -0.50837E-04  0.66913E+00 -0.21319E-02  0.66198E+00 
   68.00  0.33387E+00 -0.72980E+00 -0.43614E-03  0.18771E-03  0.97863E+00  0.45465E-03 -0.84660E-04  0.64756E+00 -0.15078E-02  0.64056E+00 
   69.00  0.32268E+00 -0.74817E+00 -0.43321E-03  0.18429E-03  0.97816E+00  0.42515E-03 -0.11700E-03  0.62505E+00 -0.93407E-03  0.61820E+00 
   70.00  0.31265E+00 -0.76620E+00 -0.42019E-03  0.17307E-03  0.97772E+00  0.38544E-03 -0.14372E-03  0.60164E+00 -0.47938E-03  0.59494E+00 
   71.00  0.30372E+00 -0.78378E+00 -0.39881E-03  0.15000E-03  0.97727E+00  0.33938E-03 -0.16072E-03  0.57741E+00 -0.18747E-03  0.57085E+00 
   72.00  0.29578E+00 -0.80082E+00 -0.37172E-03  0.11234E-03  0.97683E+00  0.29163E-03 -0.16424E-03  0.55243E+00 -0.70299E-04  0.54598E+00 
   73.00  0.28866E+00 -0.81721E+00 -0.34206E-03  0.58842E-04  0.97638E+00  0.24667E-03 -0.15132E-03  0.52677E+00 -0.10809E-03  0.52042E+00 
   74.00  0.28221E+00 -0.83288E+00 -0.31294E-03 -0.10246E-04  0.97590E+00  0.20793E-03 -0.12003E-03  0.50050E+00 -0.25585E-03  0.49423E+00 
   75.00  0.27621E+00 -0.84775E+00 -0.28698E-03 -0.93336E-04  0.97540E+00  0.17734E-03 -0.69690E-04  0.47367E+00 -0.45419E-03  0.46748E+00 
   76.00  0.27048E+00 -0.86178E+00 -0.26602E-03 -0.18780E-03  0.97487E+00  0.15521E-03 -0.88404E-06  0.44632E+00 -0.64160E-03  0.44020E+00 
   77.00  0.26481E+00 -0.87493E+00 -0.25097E-03 -0.29030E-03  0.97430E+00  0.14052E-03  0.84556E-04  0.41845E+00 -0.76501E-03  0.41242E+00 
   78.00  0.25907E+00 -0.88718E+00 -0.24192E-03 -0.39706E-03  0.97369E+00  0.13137E-03  0.18366E-03  0.39008E+00 -0.78694E-03  0.38414E+00 
   79.00  0.25319E+00 -0.89850E+00 -0.23835E-03 -0.50415E-03  0.97303E+00  0.12564E-03  0.29244E-03  0.36119E+00 -0.68851E-03  0.35538E+00 
   80.00  0.24712E+00 -0.90888E+00 -0.23941E-03 -0.60762E-03  0.97233E+00  0.12152E-03  0.40603E-03  0.33178E+00 -0.46864E-03  0.32613E+00 
   81.00  0.24093E+00 -0.91831E+00 -0.24427E-03 -0.70367E-03  0.97161E+00  0.11801E-03  0.51881E-03  0.30188E+00 -0.14061E-03  0.29642E+00 
   82.00  0.23468E+00 -0.92677E+00 -0.25233E-03 -0.78885E-03  0.97086E+00  0.11515E-03  0.62467E-03  0.27148E+00  0.27310E-03  0.26626E+00 
   83.00  0.22851E+00 -0.93426E+00 -0.26346E-03 -0.86025E-03  0.97012E+00  0.11412E-03  0.71734E-03  0.24063E+00  0.74645E-03  0.23568E+00 
   84.00  0.22254E+00 -0.94078E+00 -0.27809E-03 -0.91576E-03  0.96939E+00  0.11706E-03  0.79087E-03  0.20938E+00  0.12551E-02  0.20474E+00 
   85.00  0.21690E+00 -0.94632E+00 -0.29712E-03 -0.95432E-03  0.96870E+00  0.12674E-03  0.84021E-03  0.17777E+00  0.17806E-02  0.17349E+00 
   86.00  0.21169E+00 -0.95089E+00 -0.32178E-03 -0.97619E-03  0.96807E+00  0.14603E-03  0.86183E-03  0.14586E+00  0.23123E-02  0.14197E+00 
   87.00  0.20696E+00 -0.95449E+00 -0.35333E-03 -0.98298E-03  0.96750E+00  0.17730E-03  0.85424E-03  0.11372E+00  0.28474E-02  0.11025E+00 
   88.00  0.20275E+00 -0.95710E+00 -0.39278E-03 -0.97762E-03  0.96701E+00  0.22191E-03  0.81832E-03  0.81391E-01  0.33888E-02  0.78373E-01 
   89.00  0.19901E+00 -0.95874E+00 -0.44054E-03 -0.96409E-03  0.96659E+00  0.27982E-03  0.75730E-03  0.48927E-01  0.39411E-02  0.46377E-01 
   90.00  0.19571E+00 -0.95936E+00 -0.49623E-03 -0.94699E-03  0.96624E+00  0.34942E-03  0.67641E-03  0.16368E-01  0.45065E-02  0.14299E-01 
   91.00  0.19277E+00 -0.95897E+00 -0.55863E-03 -0.93105E-03  0.96594E+00  0.42768E-03  0.58234E-03 -0.16249E-01  0.50810E-02 -0.17827E-01 
   92.00  0.19009E+00 -0.95751E+00 -0.62564E-03 -0.92065E-03  0.96568E+00  0.51042E-03  0.48247E-03 -0.48885E-01  0.56522E-02 -0.49967E-01 
   93.00  0.18759E+00 -0.95498E+00 -0.69456E-03 -0.91939E-03  0.96544E+00  0.59274E-03  0.38419E-03 -0.81498E-01  0.61985E-02 -0.82081E-01 
   94.00  0.18521E+00 -0.95135E+00 -0.76224E-03 -0.92987E-03  0.96520E+00  0.66955E-03  0.29432E-03 -0.11404E+00  0.66911E-02 -0.11412E+00 
   95.00  0.18289E+00 -0.94660E+00 -0.82545E-03 -0.95347E-03  0.96495E+00  0.73596E-03  0.21858E-03 -0.14645E+00  0.70964E-02 -0.14602E+00 
   96.00  0.18060E+00 -0.94073E+00 -0.88111E-03 -0.99034E-03  0.96468E+00  0.78775E-03  0.16137E-03 -0.17866E+00  0.73805E-02 -0.17772E+00 
   97.00  0.17835E+00 -0.93376E+00 -0.92659E-03 -0.10395E-02  0.96439E+00  0.82161E-03  0.12560E-03 -0.21060E+00  0.75129E-02 -0.20914E+00 
   98.00  0.17613E+00 -0.92570E+00 -0.95995E-03 -0.10987E-02  0.96408E+00  0.83542E-03  0.11265E-03 -0.24217E+00  0.74712E-02 -0.24019E+00 
   99.00  0.17400E+00 -0.91660E+00 -0.98011E-03 -0.11651E-02  0.96377E+00  0.82835E-03  0.12240E-03 -0.27330E+00  0.72445E-02 -0.27078E+00 
  100.00  0.17198E+00 -0.90651E+00 -0.98699E-03 -0.12352E-02  0.96345E+00  0.80096E-03  0.15338E-03 -0.30389E+00  0.68352E-02 -0.30082E+00 
  101.00  0.17011E+00 -0.89550E+00 -0.98149E-03 -0.13049E-02  0.96314E+00  0.75509E-03  0.20296E-03 -0.33388E+00  0.62603E-02 -0.33025E+00 
  102.00  0.16843E+00 -0.88363E+00 -0.96542E-03 -0.13703E-02  0.96285E+00  0.69368E-03  0.26760E-03 -0.36319E+00  0.55493E-02 -0.35899E+00 
  103.00  0.16696E+00 -0.87098E+00 -0.94132E-03 -0.14278E-02  0.96259E+00  0.62056E-03  0.34317E-03 -0.39176E+00  0.47420E-02 -0.38699E+00 
  104.00  0.16571E+00 -0.85762E+00 -0.91220E-03 -0.14742E-02  0.96237E+00  0.54002E-03  0.42529E-03 -0.41956E+00  0.38833E-02 -0.41421E+00 
  105.00  0.16468E+00 -0.84360E+00 -0.88121E-03 -0.15074E-02  0.96219E+00  0.45652E-03  0.50971E-03 -0.44657E+00  0.30189E-02 -0.44063E+00 
  106.00  0.16384E+00 -0.82898E+00 -0.85132E-03 -0.15258E-02  0.96205E+00  0.37423E-03  0.59256E-03 -0.47276E+00  0.21896E-02 -0.46623E+00 
  107.00  0.16317E+00 -0.81381E+00 -0.82508E-03 -0.15292E-02  0.96194E+00  0.29681E-03  0.67061E-03 -0.49814E+00  0.14276E-02 -0.49102E+00 
  108.00  0.16262E+00 -0.79811E+00 -0.80438E-03 -0.15178E-02  0.96186E+00  0.22717E-03  0.74138E-03 -0.52272E+00  0.75379E-03 -0.51500E+00 
  109.00  0.16215E+00 -0.78191E+00 -0.79039E-03 -0.14928E-02  0.96179E+00  0.16736E-03  0.80320E-03 -0.54649E+00  0.17668E-03 -0.53817E+00 
  110.00  0.16173E+00 -0.76525E+00 -0.78353E-03 -0.14558E-02  0.96173E+00  0.11859E-03  0.85514E-03 -0.56947E+00 -0.30710E-03 -0.56054E+00 
  111.00  0.16131E+00 -0.74815E+00 -0.78356E-03 -0.14087E-02  0.96166E+00  0.81280E-04  0.89695E-03 -0.59166E+00 -0.71091E-03 -0.58212E+00 
  112.00  0.16086E+00 -0.73063E+00 -0.78968E-03 -0.13534E-02  0.96158E+00  0.55183E-04  0.92893E-03 -0.61307E+00 -0.10555E-02 -0.60290E+00 
  113.00  0.16037E+00 -0.71274E+00 -0.80072E-03 -0.12920E-02  0.96148E+00  0.39535E-04  0.95176E-03 -0.63370E+00 -0.13661E-02 -0.62289E+00 
  114.00  0.15983E+00 -0.69450E+00 -0.81527E-03 -0.12263E-02  0.96135E+00  0.33180E-04  0.96644E-03 -0.65354E+00 -0.16691E-02 -0.64208E+00 
  115.00  0.15923E+00 -0.67597E+00 -0.83186E-03 -0.11577E-02  0.96119E+00  0.34710E-04  0.97415E-03 -0.67259E+00 -0.19898E-02 -0.66047E+00 
  116.00  0.15859E+00 -0.65719E+00 -0.84908E-03 -0.10876E-02  0.96102E+00  0.42572E-04  0.97618E-03 -0.69085E+00 -0.23496E-02 -0.67804E+00 
  117.00  0.15792E+00 -0.63824E+00 -0.86570E-03 -0.10169E-02  0.96082E+00  0.55175E-04  0.97391E-03 -0.70831E+00 -0.27647E-02 -0.69479E+00 
  118.00  0.15725E+00 -0.61916E+00 -0.88072E-03 -0.94622E-03  0.96060E+00  0.70964E-04  0.96872E-03 -0.72496E+00 -0.32445E-02 -0.71073E+00 
  119.00  0.15661E+00 -0.60003E+00 -0.89344E-03 -0.87580E-03  0.96039E+00  0.88498E-04  0.96201E-03 -0.74081E+00 -0.37914E-02 -0.72586E+00 
  120.00  0.15603E+00 -0.58091E+00 -0.90346E-03 -0.80571E-03  0.96017E+00  0.10651E-03  0.95517E-03 -0.75585E+00 -0.44012E-02 -0.74018E+00 
  121.00  0.15554E+00 -0.56187E+00 -0.91063E-03 -0.73581E-03  0.95997E+00  0.12394E-03  0.94953E-03 -0.77011E+00 -0.50632E-02 -0.75371E+00 
  122.00  0.15515E+00 -0.54297E+00 -0.91505E-03 -0.66578E-03  0.95979E+00  0.13997E-03  0.94636E-03 -0.78359E+00 -0.57616E-02 -0.76647E+00 
  123.00  0.15490E+00 -0.52427E+00 -0.91699E-03 -0.59524E-03  0.95965E+00  0.15407E-03  0.94684E-03 -0.79631E+00 -0.64776E-02 -0.77848E+00 
  124.00  0.15479E+00 -0.50582E+00 -0.91678E-03 -0.52375E-03  0.95954E+00  0.16593E-03  0.95197E-03 -0.80829E+00 -0.71901E-02 -0.78976E+00 
  125.00  0.15483E+00 -0.48765E+00 -0.91479E-03 -0.45091E-03  0.95947E+00  0.17548E-03  0.96260E-03 -0.81956E+00 -0.78786E-02 -0.80036E+00 
  126.00  0.15503E+00 -0.46980E+00 -0.91131E-03 -0.37636E-03  0.95945E+00  0.18285E-03  0.97932E-03 -0.83014E+00 -0.85237E-02 -0.81030E+00 
  127.00  0.15538E+00 -0.45228E+00 -0.90651E-03 -0.29983E-03  0.95948E+00  0.18830E-03  0.10024E-02 -0.84008E+00 -0.91091E-02 -0.81962E+00 
  128.00  0.15587E+00 -0.43512E+00 -0.90044E-03 -0.22116E-03  0.95955E+00  0.19218E-03  0.10319E-02 -0.84939E+00 -0.96225E-02 -0.82836E+00 
  129.00  0.15648E+00 -0.41831E+00 -0.89296E-03 -0.14027E-03  0.95967E+00  0.19488E-03  0.10676E-02 -0.85812E+00 -0.10056E-01 -0.83654E+00 
  130.00  0.15721E+00 -0.40186E+00 -0.88379E-03 -0.57212E-04  0.95982E+00  0.19679E-03  0.11086E-02 -0.86629E+00 -0.10405E-01 -0.84419E+00 
  131.00  0.15802E+00 -0.38577E+00 -0.87255E-03  0.27906E-04  0.96001E+00  0.19826E-03  0.11542E-02 -0.87394E+00 -0.10670E-01 -0.85136E+00 
  132.00  0.15890E+00 -0.37002E+00 -0.85876E-03  0.11488E-03  0.96022E+00  0.19959E-03  0.12031E-02 -0.88109E+00 -0.10855E-01 -0.85806E+00 
  133.00  0.15983E+00 -0.35462E+00 -0.84195E-03  0.20346E-03  0.96045E+00  0.20100E-03  0.12538E-02 -0.88777E+00 -0.10966E-01 -0.86432E+00 
  134.00  0.16079E+00 -0.33954E+00 -0.82165E-03  0.29330E-03  0.96069E+00  0.20264E-03  0.13048E-02 -0.89401E+00 -0.11013E-01 -0.87015E+00 
  135.00  0.16175E+00 -0.32479E+00 -0.79748E-03  0.38402E-03  0.96094E+00  0.20461E-03  0.13544E-02 -0.89983E+00 -0.11005E-01 -0.87559E+00 
  136.00  0.16270E+00 -0.31035E+00 -0.76917E-03  0.47516E-03  0.96118E+00  0.20691E-03  0.14008E-02 -0.90525E+00 -0.10953E-01 -0.88065E+00 
  137.00  0.16363E+00 -0.29622E+00 -0.73657E-03  0.56619E-03  0.96142E+00  0.20951E-03  0.14426E-02 -0.91030E+00 -0.10866E-01 -0.88534E+00 
  138.00  0.16453E+00 -0.28239E+00 -0.69970E-03  0.65650E-03  0.96165E+00  0.21232E-03  0.14781E-02 -0.91499E+00 -0.10755E-01 -0.88968E+00 
  139.00  0.16538E+00 -0.26887E+00 -0.65871E-03  0.74538E-03  0.96186E+00  0.21517E-03  0.15061E-02 -0.91934E+00 -0.10627E-01 -0.89369E+00 
  140.00  0.16618E+00 -0.25565E+00 -0.61389E-03  0.83205E-03  0.96206E+00  0.21786E-03  0.15255E-02 -0.92337E+00 -0.10489E-01 -0.89738E+00 
  141.00  0.16692E+00 -0.24273E+00 -0.56567E-03  0.91563E-03  0.96224E+00  0.22016E-03  0.15356E-02 -0.92709E+00 -0.10346E-01 -0.90076E+00 
  142.00  0.16761E+00 -0.23011E+00 -0.51457E-03  0.99517E-03  0.96239E+00  0.22179E-03  0.15358E-02 -0.93053E+00 -0.10202E-01 -0.90385E+00 
  143.00  0.16824E+00 -0.21780E+00 -0.46123E-03  0.10697E-02  0.96252E+00  0.22244E-03  0.15260E-02 -0.93369E+00 -0.10058E-01 -0.90665E+00 
  144.00  0.16881E+00 -0.20579E+00 -0.40636E-03  0.11382E-02  0.96263E+00  0.22183E-03  0.15062E-02 -0.93659E+00 -0.99148E-02 -0.90919E+00 
  145.00  0.16933E+00 -0.19410E+00 -0.35073E-03  0.11998E-02  0.96271E+00  0.21967E-03  0.14769E-02 -0.93924E+00 -0.97713E-02 -0.91147E+00 
  146.00  0.16980E+00 -0.18272E+00 -0.29518E-03  0.12536E-02  0.96276E+00  0.21573E-03  0.14385E-02 -0.94166E+00 -0.96255E-02 -0.91350E+00 
  147.00  0.17023E+00 -0.17165E+00 -0.24058E-03  0.12989E-02  0.96279E+00  0.20984E-03  0.13918E-02 -0.94386E+00 -0.94748E-02 -0.91529E+00 
  148.00  0.17062E+00 -0.16091E+00 -0.18782E-03  0.13351E-02  0.96280E+00  0.20192E-03  0.13375E-02 -0.94585E+00 -0.93160E-02 -0.91687E+00 
  149.00  0.17098E+00 -0.15050E+00 -0.13780E-03  0.13619E-02  0.96277E+00  0.19198E-03  0.12767E-02 -0.94764E+00 -0.91460E-02 -0.91823E+00 
  150.00  0.17130E+00 -0.14041E+00 -0.91356E-04  0.13794E-02  0.96272E+00  0.18017E-03  0.12103E-02 -0.94924E+00 -0.89616E-02 -0.91939E+00 
  151.00  0.17161E+00 -0.13065E+00 -0.49298E-04  0.13875E-02  0.96265E+00  0.16670E-03  0.11391E-02 -0.95067E+00 -0.87598E-02 -0.92035E+00 
  152.00  0.17190E+00 -0.12123E+00 -0.12307E-04  0.13867E-02  0.96255E+00  0.15190E-03  0.10642E-02 -0.95194E+00 -0.85385E-02 -0.92113E+00 
  153.00  0.17217E+00 -0.11215E+00  0.19078E-04  0.13775E-02  0.96242E+00  0.13617E-03  0.98652E-03 -0.95305E+00 -0.82958E-02 -0.92174E+00 
  154.00  0.17244E+00 -0.10341E+00  0.44495E-04  0.13606E-02  0.96226E+00  0.11996E-03  0.90688E-03 -0.95401E+00 -0.80307E-02 -0.92218E+00 
  155.00  0.17270E+00 -0.95015E-01  0.63789E-04  0.13367E-02  0.96208E+00  0.10370E-03  0.82622E-03 -0.95483E+00 -0.77429E-02 -0.92247E+00 
  156.00  0.17296E+00 -0.86968E-01  0.77029E-04  0.13068E-02  0.96187E+00  0.87859E-04  0.74546E-03 -0.95553E+00 -0.74329E-02 -0.92260E+00 
  157.00  0.17322E+00 -0.79272E-01  0.84511E-04  0.12716E-02  0.96163E+00  0.72812E-04  0.66553E-03 -0.95610E+00 -0.71018E-02 -0.92260E+00 
  158.00  0.17348E+00 -0.71929E-01  0.86740E-04  0.12318E-02  0.96137E+00  0.58891E-04  0.58736E-03 -0.95657E+00 -0.67514E-02 -0.92246E+00 
  159.00  0.17374E+00 -0.64941E-01  0.84402E-04  0.11881E-02  0.96108E+00  0.46347E-04  0.51188E-03 -0.95692E+00 -0.63840E-02 -0.92220E+00 
  160.00  0.17402E+00 -0.58311E-01  0.78322E-04  0.11411E-02  0.96076E+00  0.35340E-04  0.44002E-03 -0.95718E+00 -0.60024E-02 -0.92183E+00 
  161.00  0.17429E+00 -0.52041E-01  0.69413E-04  0.10913E-02  0.96042E+00  0.25946E-04  0.37263E-03 -0.95735E+00 -0.56096E-02 -0.92135E+00 
  162.00  0.17458E+00 -0.46133E-01  0.58616E-04  0.10391E-02  0.96006E+00  0.18166E-04  0.31047E-03 -0.95744E+00 -0.52087E-02 -0.92077E+00 
  163.00  0.17487E+00 -0.40588E-01  0.46845E-04  0.98506E-03  0.95967E+00  0.11930E-04  0.25417E-03 -0.95746E+00 -0.48028E-02 -0.92010E+00 
  164.00  0.17517E+00 -0.35411E-01  0.34938E-04  0.92945E-03  0.95925E+00  0.71208E-05  0.20416E-03 -0.95741E+00 -0.43950E-02 -0.91935E+00 
  165.00  0.17548E+00 -0.30604E-01  0.23610E-04  0.87276E-03  0.95882E+00  0.35793E-05  0.16067E-03 -0.95729E+00 -0.39882E-02 -0.91853E+00 
  166.00  0.17580E+00 -0.26169E-01  0.13430E-04  0.81548E-03  0.95836E+00  0.11247E-05  0.12372E-03 -0.95712E+00 -0.35852E-02 -0.91764E+00 
  167.00  0.17612E+00 -0.22109E-01  0.48001E-05  0.75818E-03  0.95789E+00 -0.43535E-06  0.93086E-04 -0.95690E+00 -0.31886E-02 -0.91669E+00 
  168.00  0.17646E+00 -0.18425E-01 -0.20421E-05  0.70151E-03  0.95740E+00 -0.12933E-05  0.68345E-04 -0.95663E+00 -0.28009E-02 -0.91568E+00 
  169.00  0.17679E+00 -0.15117E-01 -0.70175E-05  0.64617E-03  0.95691E+00 -0.16324E-05  0.48913E-04 -0.95632E+00 -0.24248E-02 -0.91464E+00 
  170.00  0.17713E+00 -0.12180E-01 -0.10184E-04  0.59288E-03  0.95641E+00 -0.16187E-05  0.34092E-04 -0.95597E+00 -0.20628E-02 -0.91358E+00 
  171.00  0.17747E+00 -0.96064E-02 -0.11714E-04  0.54240E-03  0.95591E+00 -0.13947E-05  0.23125E-04 -0.95561E+00 -0.17181E-02 -0.91251E+00 
  172.00  0.17780E+00 -0.73858E-02 -0.11859E-04  0.49543E-03  0.95542E+00 -0.10756E-05  0.15257E-04 -0.95522E+00 -0.13938E-02 -0.91144E+00 
  173.00  0.17811E+00 -0.55021E-02 -0.10928E-04  0.45262E-03  0.95496E+00 -0.74621E-06  0.97784E-05 -0.95483E+00 -0.10937E-02 -0.91041E+00 
  174.00  0.17840E+00 -0.39362E-02 -0.92530E-05  0.41454E-03  0.95452E+00 -0.46128E-06  0.60695E-05 -0.95445E+00 -0.82175E-03 -0.90944E+00 
  175.00  0.17867E+00 -0.26661E-02 -0.71681E-05  0.38166E-03  0.95413E+00 -0.24798E-06  0.36195E-05 -0.95410E+00 -0.58206E-03 -0.90856E+00 
  176.00  0.17890E+00 -0.16687E-02 -0.49858E-05  0.35435E-03  0.95380E+00 -0.11063E-06  0.20351E-05 -0.95378E+00 -0.37882E-03 -0.90779E+00 
  177.00  0.17909E+00 -0.92128E-03 -0.29820E-05  0.33288E-03  0.95352E+00 -0.37334E-07  0.10337E-05 -0.95352E+00 -0.21597E-03 -0.90716E+00 
  178.00  0.17923E+00 -0.40373E-03 -0.13824E-05  0.31742E-03  0.95332E+00 -0.77149E-08  0.42728E-06 -0.95332E+00 -0.96935E-04 -0.90669E+00 
  179.00  0.17932E+00 -0.10005E-03 -0.35422E-06  0.30811E-03  0.95319E+00 -0.49524E-09  0.10233E-06 -0.95319E+00 -0.24379E-04 -0.90640E+00 
  180.00  0.17934E+00 -0.24723E-14 -0.88505E-17  0.30500E-03  0.95315E+00 -0.30690E-30  0.25005E-17 -0.95315E+00 -0.60542E-15 -0.90630E+00 
 scattering matrix expansion coefficients
    w  a11         a22         a33         a23         a32         a44         a12         a34         a13         a24         a14
    0  0.1000E+01  0.0000E+00  0.0000E+00  0.0000E+00  0.0000E+00  0.8133E+00  0.0000E+00  0.0000E+00  0.0000E+00  0.0000E+00 -0.5118E-04
    1  0.2282E+01  0.0000E+00  0.0000E+00  0.0000E+00  0.0000E+00  0.2452E+01  0.0000E+00  0.0000E+00  0.0000E+00  0.0000E+00 -0.1093E-03
    2  0.3270E+01  0.2224E+00  0.4027E+01 -0.1102E-06  0.5162E-03  0.3281E+01 -0.3665E+00 -0.1781E-02 -0.2346E-03  0.1566E-03 -0.8799E-04
    3  0.3891E+01  0.6954E-01  0.4276E+01 -0.9436E-08 -0.1141E-03  0.3886E+01 -0.2063E+00 -0.2939E-02  0.1886E-04 -0.1907E-03 -0.7575E-03
    4  0.4369E+01  0.2682E-01  0.4637E+01  0.2654E-06 -0.5215E-03  0.4362E+01 -0.1252E+00 -0.6869E-02 -0.8146E-04  0.8187E-04 -0.8417E-03
    5  0.4703E+01  0.1073E-01  0.4928E+01  0.1375E-07 -0.9053E-03  0.4699E+01 -0.9092E-01 -0.3301E-02 -0.5047E-04 -0.1027E-03 -0.5709E-03
    6  0.4882E+01  0.4482E-02  0.5089E+01  0.2840E-06 -0.9504E-03  0.4882E+01 -0.7672E-01 -0.3116E-02  0.3402E-04  0.7846E-04 -0.5184E-03
    7  0.4903E+01  0.5139E-02  0.5095E+01  0.6210E-08 -0.7476E-03  0.4897E+01 -0.7245E-01 -0.2318E-02  0.1038E-04  0.2073E-05 -0.2482E-03
    8  0.4766E+01  0.4648E-03  0.4950E+01  0.2990E-06 -0.4178E-03  0.4766E+01 -0.7996E-01 -0.1662E-02  0.3766E-04 -0.5967E-04 -0.2472E-03
    9  0.4512E+01  0.1245E-02  0.4679E+01 -0.3877E-07 -0.2499E-03  0.4511E+01 -0.8970E-01 -0.1612E-02 -0.2279E-04 -0.4253E-04 -0.2582E-03
   10  0.4183E+01  0.1842E-02  0.4328E+01  0.8913E-07  0.3977E-04  0.4180E+01 -0.9281E-01 -0.3060E-02  0.6079E-04 -0.2561E-05 -0.2945E-03
   11  0.3811E+01 -0.1483E-02  0.3939E+01  0.1406E-06  0.2861E-03  0.3816E+01 -0.9124E-01 -0.4399E-02  0.1038E-03  0.1032E-03 -0.2595E-03
   12  0.3430E+01  0.3022E-02  0.3536E+01  0.9588E-07  0.2806E-03  0.3427E+01 -0.7910E-01 -0.4848E-02  0.2107E-04 -0.5709E-04 -0.2317E-03
   13  0.3036E+01  0.3479E-02  0.3127E+01  0.1857E-06  0.1226E-03  0.3029E+01 -0.7120E-01 -0.4269E-02 -0.3448E-04 -0.6456E-04 -0.2273E-03
   14  0.2637E+01  0.1155E-03  0.2717E+01  0.1348E-06  0.1499E-04  0.2636E+01 -0.7737E-01 -0.4325E-02 -0.4960E-04  0.8028E-04 -0.1402E-03
   15  0.2267E+01 -0.7599E-03  0.2332E+01  0.1614E-06 -0.8721E-04  0.2268E+01 -0.8679E-01 -0.4618E-02 -0.3292E-04  0.8996E-04 -0.1196E-03
   16  0.1956E+01 -0.1864E-02  0.2007E+01  0.2366E-06 -0.1847E-03  0.1961E+01 -0.8642E-01 -0.4251E-02 -0.6968E-04 -0.2027E-04 -0.2413E-03
   17  0.1724E+01 -0.8488E-03  0.1760E+01  0.1222E-06 -0.1000E-03  0.1728E+01 -0.6862E-01 -0.4215E-02 -0.6970E-04 -0.6326E-04 -0.3227E-03
   18  0.1557E+01  0.3106E-02  0.1581E+01  0.6404E-07  0.1265E-03  0.1554E+01 -0.3748E-01 -0.4354E-02 -0.4186E-04 -0.1025E-04 -0.2601E-03
   19  0.1414E+01  0.3449E-02  0.1433E+01 -0.3074E-07  0.3674E-03  0.1408E+01 -0.1284E-01 -0.3507E-02 -0.2942E-04  0.3889E-04 -0.1249E-03
   20  0.1258E+01  0.1024E-02  0.1279E+01 -0.9412E-07  0.5463E-03  0.1256E+01 -0.4835E-02 -0.1824E-02 -0.1047E-04  0.3013E-04 -0.3276E-04
   21  0.1083E+01  0.2189E-03  0.1105E+01 -0.4397E-07  0.6226E-03  0.1082E+01 -0.7183E-02  0.2243E-03  0.1946E-04  0.1065E-04  0.2824E-05
   22  0.8946E+00  0.2733E-03  0.9145E+00 -0.1828E-07  0.5535E-03  0.8927E+00 -0.1372E-01  0.2129E-02  0.2171E-04  0.7729E-05  0.1105E-04
   23  0.7058E+00 -0.6749E-03  0.7240E+00 -0.4758E-07  0.3720E-03  0.7059E+00 -0.2245E-01  0.3061E-02 -0.3808E-05  0.5033E-05  0.1843E-04
   24  0.5371E+00 -0.1268E-02  0.5526E+00 -0.3093E-07  0.1878E-03  0.5391E+00 -0.2815E-01  0.2625E-02 -0.1726E-04  0.4118E-05  0.4220E-04
   25  0.4029E+00 -0.5500E-03  0.4140E+00  0.2697E-07  0.8115E-04  0.4041E+00 -0.2633E-01  0.1533E-02 -0.1014E-04  0.5267E-05  0.7422E-04
   26  0.3028E+00  0.4314E-03  0.3100E+00  0.4488E-07  0.4919E-04  0.3024E+00 -0.1927E-01  0.7157E-03  0.1966E-05  0.8934E-05  0.9989E-04
   27  0.2273E+00  0.6360E-03  0.2322E+00  0.2784E-07  0.4364E-04  0.2262E+00 -0.1281E-01  0.4269E-03  0.5253E-05  0.8385E-05  0.1041E-03
   28  0.1668E+00  0.2947E-03  0.1708E+00  0.7193E-08  0.3189E-04  0.1662E+00 -0.9656E-02  0.3727E-03  0.1570E-05  0.3762E-05  0.8635E-04
   29  0.1172E+00  0.3042E-05  0.1205E+00  0.1869E-09  0.1237E-04  0.1172E+00 -0.8655E-02  0.2927E-03 -0.2082E-05 -0.1500E-05  0.5726E-04
   30  0.7802E-01 -0.3648E-04  0.8050E-01  0.6720E-10 -0.5151E-05  0.7814E-01 -0.7835E-02  0.1536E-03 -0.3046E-05 -0.4267E-05  0.2954E-04
   31  0.4901E-01  0.3926E-04  0.5067E-01  0.1558E-08 -0.1373E-04  0.4903E-01 -0.6446E-02  0.3075E-04 -0.1984E-05 -0.4490E-05  0.1038E-04
   32  0.2909E-01  0.9695E-04  0.3009E-01  0.1910E-08 -0.1409E-04  0.2901E-01 -0.4748E-02 -0.3245E-04 -0.6511E-06 -0.3339E-05  0.5703E-06
   33  0.1633E-01  0.1049E-03  0.1689E-01  0.1619E-08 -0.1044E-04  0.1622E-01 -0.3186E-02 -0.4491E-04  0.1377E-06 -0.1948E-05 -0.2690E-05
   34  0.8665E-02  0.8591E-04  0.8957E-02  0.1075E-08 -0.6352E-05  0.8561E-02 -0.1981E-02 -0.3413E-04  0.3882E-06 -0.9159E-06 -0.2723E-05
   35  0.4332E-02  0.6109E-04  0.4472E-02  0.6436E-09 -0.3317E-05  0.4252E-02 -0.1150E-02 -0.1971E-04  0.3428E-06 -0.3427E-06 -0.1815E-05
   36  0.2033E-02  0.3968E-04  0.2094E-02  0.3628E-09 -0.1522E-05  0.1978E-02 -0.6226E-03 -0.9530E-05  0.2141E-06 -0.1031E-06 -0.9710E-06
   37  0.8928E-03  0.2367E-04  0.9160E-03  0.2073E-09 -0.6245E-06  0.8582E-03 -0.3125E-03 -0.3948E-05  0.1108E-06 -0.2044E-07 -0.4435E-06
   38  0.3659E-03  0.1291E-04  0.3733E-03  0.1086E-09 -0.2291E-06  0.3463E-03 -0.1447E-03 -0.1439E-05  0.4783E-07  0.1953E-08 -0.1825E-06
   39  0.1397E-03  0.6394E-05  0.1414E-03  0.5266E-10 -0.7589E-07  0.1297E-03 -0.6170E-04 -0.4811E-06  0.1804E-07  0.5070E-08 -0.6833E-07
   40  0.4958E-04  0.2872E-05  0.4971E-04  0.2393E-10 -0.2214E-07  0.4494E-04 -0.2415E-04 -0.1494E-06  0.5859E-08  0.3434E-08 -0.2457E-07
   41  0.1631E-04  0.1166E-05  0.1617E-04  0.9808E-11 -0.5436E-08  0.1439E-04 -0.8665E-05 -0.4645E-07  0.1424E-08  0.1586E-08 -0.7153E-08
   42  0.4961E-05  0.4268E-06  0.4856E-05  0.3397E-11 -0.1096E-08  0.4245E-05 -0.2843E-05 -0.1371E-07  0.3332E-09  0.4970E-09 -0.1848E-08
   43  0.1389E-05  0.1406E-06  0.1341E-05  0.1134E-11 -0.1289E-09  0.1150E-05 -0.8511E-06 -0.3989E-08  0.2667E-10  0.1174E-09 -0.3543E-09
   44  0.3580E-06  0.4163E-07  0.3408E-06  0.4005E-12  0.5930E-11  0.2863E-06 -0.2321E-06 -0.1068E-08 -0.5436E-11  0.1245E-10 -0.1345E-10
   45  0.8345E-07  0.1099E-07  0.7823E-07  0.1179E-12  0.9267E-11  0.6430E-07 -0.5700E-07 -0.2327E-09 -0.2418E-11 -0.3949E-11  0.1169E-10
   46  0.1846E-07  0.2663E-08  0.1709E-07  0.2777E-13  0.3889E-11  0.1377E-07 -0.1308E-07 -0.6365E-10 -0.1644E-11 -0.1731E-11  0.5474E-11
   47  0.3366E-08  0.5396E-09  0.3063E-08  0.8982E-14  0.9987E-12  0.2410E-08 -0.2496E-08 -0.7111E-11 -0.3156E-12 -0.7096E-12  0.1852E-11
   48  0.7116E-09  0.1184E-09  0.6437E-09  0.2198E-14  0.1482E-12  0.5005E-09 -0.5338E-09 -0.3053E-11 -0.5997E-13 -0.1224E-12  0.2710E-12
   49  0.8206E-10  0.1527E-10  0.7255E-10  0.3955E-15  0.4243E-13  0.5465E-10 -0.6475E-10 -0.8127E-13 -0.1748E-13 -0.2142E-13  0.5684E-13
   50  0.2402E-10  0.4310E-11  0.2121E-10  0.1276E-15 -0.2356E-14  0.1619E-10 -0.1852E-10 -0.1301E-12  0.9587E-15  0.1051E-15 -0.1571E-14
   51  0.8556E-12  0.1776E-12  0.7299E-12  0.3636E-16  0.7226E-15  0.5414E-12 -0.7040E-12  0.4120E-15 -0.4024E-15 -0.1673E-15  0.5719E-15
   52  0.1028E-11  0.2139E-12  0.9105E-12  0.3585E-17 -0.4079E-15  0.6594E-12 -0.8345E-12 -0.5921E-14  0.1777E-15  0.3505E-15 -0.6869E-15
