 input file is 
mstm7_256_064.inp             
 input file comments follow:
***********************************************************
  This is the default mstm input file for v.3.0.
  The run is for a 7-sphere cluster of identical spheres.   The positions
  are embedded in the input file.

  The run makes use of the new_run and multiple_run options.

  14 April 2013
***********************************************************
 number of processors:
   1
 input parameters for run number 
    1
 number of spheres, volume size parameter:
  256  0.40637E+01
 position file:
position/n256/a7.out                                        
 output file:
output/256/x064/mt_7_256_064.dat                            
 length, ref. indx. scale factors:
   0.640   1.710   0.045
 chiral factors:
  0.00000E+00  0.00000E+00
 scattering matrix directions based on incident frame
 automatic scattering angle calculation
 thetamin, thetamax:
      0.0    180.0
 number scattering angles:
      181
 epsmie, epssoln, max number iterations:
  0.1000E-05  0.1000E-07 5000
 medium refractive index:
  1.0000  0.0000
 target euler rotation angles:
    0.0000    0.0000    0.0000
 far field kr, iterations/correction:
  0.1000E-07   20
 plane wave incidence
 random orientation calculations
 t matrix calculated, stored in file 
tmatrixfiles/tmf_7_256_064_171_00452                        
 t matrix convergence epsilon:
  0.1000E-06
 all spheres excited (total T matrix) 
 calculation results for run 
    1
 total ext, abs, scat efficiencies, w.r.t. xv, and asym. parm
  0.34983E+01  0.49669E+00  0.30016E+01  0.75429E+00
 scattering matrix elements (normalized w/ S11)
   theta      11           12           13           14           22           23           24           33           34           44     
    0.00  0.73074E+02  0.00000E+00  0.00000E+00 -0.23886E-03  0.99985E+00  0.25410E-04  0.00000E+00  0.99985E+00  0.00000E+00  0.99971E+00
    1.00  0.72269E+02 -0.15938E-03  0.13708E-07 -0.23783E-03  0.99984E+00  0.24969E-04  0.40100E-07  0.99984E+00 -0.34659E-04  0.99970E+00
    2.00  0.69905E+02 -0.63941E-03  0.53439E-07 -0.23466E-03  0.99983E+00  0.23697E-04  0.16394E-06  0.99983E+00 -0.14044E-03  0.99968E+00
    3.00  0.66133E+02 -0.14459E-02  0.11485E-06 -0.22910E-03  0.99982E+00  0.21759E-04  0.38260E-06  0.99982E+00 -0.32281E-03  0.99965E+00
    4.00  0.61184E+02 -0.25888E-02  0.19016E-06 -0.22075E-03  0.99979E+00  0.19454E-04  0.71603E-06  0.99979E+00 -0.59105E-03  0.99960E+00
    5.00  0.55353E+02 -0.40828E-02  0.26719E-06 -0.20899E-03  0.99976E+00  0.17258E-04  0.11955E-05  0.99975E+00 -0.95841E-03  0.99953E+00
    6.00  0.48971E+02 -0.59477E-02  0.32795E-06 -0.19301E-03  0.99971E+00  0.15888E-04  0.18676E-05  0.99969E+00 -0.14422E-02  0.99943E+00
    7.00  0.42372E+02 -0.82091E-02  0.34635E-06 -0.17177E-03  0.99964E+00  0.16404E-04  0.27997E-05  0.99961E+00 -0.20635E-02  0.99929E+00
    8.00  0.35869E+02 -0.10898E-01  0.28485E-06 -0.14402E-03  0.99955E+00  0.20346E-04  0.40882E-05  0.99949E+00 -0.28458E-02  0.99909E+00
    9.00  0.29732E+02 -0.14050E-01  0.89654E-07 -0.10838E-03  0.99943E+00  0.29913E-04  0.58683E-05  0.99933E+00 -0.38114E-02  0.99883E+00
   10.00  0.24169E+02 -0.17700E-01 -0.31612E-06 -0.63590E-04  0.99926E+00  0.48176E-04  0.83253E-05  0.99911E+00 -0.49745E-02  0.99847E+00
   11.00  0.19320E+02 -0.21871E-01 -0.10411E-05 -0.89649E-05  0.99905E+00  0.79229E-04  0.11701E-04  0.99881E+00 -0.63265E-02  0.99798E+00
   12.00  0.15254E+02 -0.26557E-01 -0.22346E-05  0.54634E-04  0.99877E+00  0.12811E-03  0.16287E-04  0.99841E+00 -0.78121E-02  0.99734E+00
   13.00  0.11976E+02 -0.31683E-01 -0.40904E-05  0.12334E-03  0.99841E+00  0.20006E-03  0.22371E-04  0.99788E+00 -0.92952E-02  0.99652E+00
   14.00  0.94376E+01 -0.37067E-01 -0.68344E-05  0.18864E-03  0.99797E+00  0.29860E-03  0.30125E-04  0.99722E+00 -0.10528E-01  0.99551E+00
   15.00  0.75513E+01 -0.42402E-01 -0.10682E-04  0.23683E-03  0.99749E+00  0.42230E-03  0.39416E-04  0.99646E+00 -0.11157E-01  0.99435E+00
   16.00  0.62079E+01 -0.47308E-01 -0.15766E-04  0.25201E-03  0.99699E+00  0.56168E-03  0.49636E-04  0.99564E+00 -0.10826E-01  0.99314E+00
   17.00  0.52894E+01 -0.51499E-01 -0.22086E-04  0.22338E-03  0.99654E+00  0.69973E-03  0.59779E-04  0.99485E+00 -0.93581E-02  0.99201E+00
   18.00  0.46823E+01 -0.54958E-01 -0.29534E-04  0.15257E-03  0.99618E+00  0.81839E-03  0.68842E-04  0.99416E+00 -0.69121E-02  0.99107E+00
   19.00  0.42864E+01 -0.57970E-01 -0.38015E-04  0.54267E-04  0.99593E+00  0.90701E-03  0.76323E-04  0.99361E+00 -0.39381E-02  0.99035E+00
   20.00  0.40202E+01 -0.60979E-01 -0.47537E-04 -0.51140E-04  0.99575E+00  0.96565E-03  0.82381E-04  0.99316E+00 -0.96353E-03  0.98979E+00
   21.00  0.38228E+01 -0.64390E-01 -0.58198E-04 -0.14579E-03  0.99560E+00  0.10017E-02  0.87611E-04  0.99274E+00  0.16034E-02  0.98930E+00
   22.00  0.36535E+01 -0.68483E-01 -0.70092E-04 -0.21814E-03  0.99544E+00  0.10241E-02  0.92690E-04  0.99231E+00  0.35363E-02  0.98876E+00
   23.00  0.34882E+01 -0.73410E-01 -0.83185E-04 -0.26257E-03  0.99522E+00  0.10397E-02  0.98161E-04  0.99179E+00  0.47534E-02  0.98810E+00
   24.00  0.33160E+01 -0.79242E-01 -0.97208E-04 -0.27748E-03  0.99493E+00  0.10512E-02  0.10433E-03  0.99114E+00  0.52585E-02  0.98725E+00
   25.00  0.31351E+01 -0.85998E-01 -0.11158E-03 -0.26379E-03  0.99454E+00  0.10575E-02  0.11126E-03  0.99033E+00  0.50984E-02  0.98618E+00
   26.00  0.29488E+01 -0.93672E-01 -0.12537E-03 -0.22409E-03  0.99407E+00  0.10543E-02  0.11875E-03  0.98934E+00  0.43428E-02  0.98485E+00
   27.00  0.27624E+01 -0.10224E+00 -0.13732E-03 -0.16230E-03  0.99351E+00  0.10346E-02  0.12637E-03  0.98815E+00  0.30788E-02  0.98326E+00
   28.00  0.25818E+01 -0.11166E+00 -0.14593E-03 -0.83388E-04  0.99287E+00  0.99047E-03  0.13347E-03  0.98674E+00  0.14099E-02  0.98141E+00
   29.00  0.24116E+01 -0.12185E+00 -0.14966E-03  0.69601E-05  0.99217E+00  0.91442E-03  0.13923E-03  0.98509E+00 -0.54462E-03  0.97930E+00
   30.00  0.22551E+01 -0.13275E+00 -0.14719E-03  0.10297E-03  0.99144E+00  0.80130E-03  0.14276E-03  0.98322E+00 -0.26538E-02  0.97695E+00
   31.00  0.21139E+01 -0.14423E+00 -0.13767E-03  0.19947E-03  0.99070E+00  0.65000E-03  0.14320E-03  0.98112E+00 -0.47821E-02  0.97438E+00
   32.00  0.19888E+01 -0.15618E+00 -0.12096E-03  0.29258E-03  0.98997E+00  0.46454E-03  0.13991E-03  0.97879E+00 -0.67978E-02  0.97163E+00
   33.00  0.18792E+01 -0.16846E+00 -0.97777E-04  0.38011E-03  0.98927E+00  0.25433E-03  0.13253E-03  0.97625E+00 -0.85808E-02  0.96871E+00
   34.00  0.17842E+01 -0.18093E+00 -0.69608E-04  0.46164E-03  0.98863E+00  0.33154E-04  0.12111E-03  0.97351E+00 -0.10030E-01  0.96566E+00
   35.00  0.17024E+01 -0.19347E+00 -0.38576E-04  0.53818E-03  0.98805E+00 -0.18275E-03  0.10608E-03  0.97059E+00 -0.11070E-01  0.96248E+00
   36.00  0.16316E+01 -0.20596E+00 -0.70901E-05  0.61171E-03  0.98753E+00 -0.37735E-03  0.88200E-04  0.96751E+00 -0.11655E-01  0.95920E+00
   37.00  0.15699E+01 -0.21833E+00  0.22523E-04  0.68449E-03  0.98706E+00 -0.53746E-03  0.68431E-04  0.96427E+00 -0.11772E-01  0.95582E+00
   38.00  0.15147E+01 -0.23053E+00  0.48374E-04  0.75863E-03  0.98662E+00 -0.65487E-03  0.47706E-04  0.96087E+00 -0.11442E-01  0.95232E+00
   39.00  0.14635E+01 -0.24256E+00  0.69255E-04  0.83569E-03  0.98620E+00 -0.72730E-03  0.26767E-04  0.95732E+00 -0.10720E-01  0.94867E+00
   40.00  0.14138E+01 -0.25447E+00  0.84722E-04  0.91658E-03  0.98577E+00 -0.75817E-03  0.60153E-05  0.95357E+00 -0.96823E-02  0.94483E+00
   41.00  0.13635E+01 -0.26634E+00  0.95039E-04  0.10015E-02  0.98530E+00 -0.75547E-03 -0.14554E-04  0.94961E+00 -0.84254E-02  0.94077E+00
   42.00  0.13110E+01 -0.27824E+00  0.10101E-03  0.10901E-02  0.98477E+00 -0.73008E-03 -0.35346E-04  0.94539E+00 -0.70515E-02  0.93641E+00
   43.00  0.12551E+01 -0.29029E+00  0.10379E-03  0.11813E-02  0.98416E+00 -0.69407E-03 -0.57088E-04  0.94087E+00 -0.56627E-02  0.93170E+00
   44.00  0.11958E+01 -0.30258E+00  0.10466E-03  0.12732E-02  0.98343E+00 -0.65919E-03 -0.80709E-04  0.93598E+00 -0.43527E-02  0.92658E+00
   45.00  0.11334E+01 -0.31518E+00  0.10487E-03  0.13631E-02  0.98259E+00 -0.63573E-03 -0.10717E-03  0.93069E+00 -0.32005E-02  0.92100E+00
   46.00  0.10689E+01 -0.32817E+00  0.10549E-03  0.14472E-02  0.98162E+00 -0.63152E-03 -0.13728E-03  0.92496E+00 -0.22645E-02  0.91492E+00
   47.00  0.10040E+01 -0.34158E+00  0.10727E-03  0.15203E-02  0.98052E+00 -0.65114E-03 -0.17145E-03  0.91874E+00 -0.15759E-02  0.90829E+00
   48.00  0.94022E+00 -0.35541E+00  0.11057E-03  0.15759E-02  0.97928E+00 -0.69524E-03 -0.20947E-03  0.91202E+00 -0.11330E-02  0.90111E+00
   49.00  0.87917E+00 -0.36963E+00  0.11524E-03  0.16066E-02  0.97794E+00 -0.75999E-03 -0.25029E-03  0.90479E+00 -0.89769E-03  0.89339E+00
   50.00  0.82216E+00 -0.38421E+00  0.12060E-03  0.16046E-02  0.97650E+00 -0.83707E-03 -0.29187E-03  0.89706E+00 -0.79701E-03  0.88514E+00
   51.00  0.77009E+00 -0.39906E+00  0.12545E-03  0.15629E-02  0.97500E+00 -0.91433E-03 -0.33126E-03  0.88884E+00 -0.73197E-03  0.87641E+00
   52.00  0.72336E+00 -0.41411E+00  0.12823E-03  0.14763E-02  0.97345E+00 -0.97740E-03 -0.36480E-03  0.88015E+00 -0.59502E-03  0.86722E+00
   53.00  0.68191E+00 -0.42931E+00  0.12718E-03  0.13426E-02  0.97190E+00 -0.10119E-02 -0.38862E-03  0.87098E+00 -0.29333E-03  0.85759E+00
   54.00  0.64531E+00 -0.44462E+00  0.12063E-03  0.11626E-02  0.97034E+00 -0.10062E-02 -0.39911E-03  0.86130E+00  0.22812E-03  0.84751E+00
   55.00  0.61284E+00 -0.46005E+00  0.10722E-03  0.94031E-03  0.96879E+00 -0.95330E-03 -0.39340E-03  0.85106E+00  0.97065E-03  0.83693E+00
   56.00  0.58372E+00 -0.47565E+00  0.86039E-04  0.68154E-03  0.96723E+00 -0.85207E-03 -0.36960E-03  0.84017E+00  0.18781E-02  0.82577E+00
   57.00  0.55713E+00 -0.49150E+00  0.56755E-04  0.39291E-03  0.96565E+00 -0.70747E-03 -0.32684E-03  0.82851E+00  0.28461E-02  0.81389E+00
   58.00  0.53241E+00 -0.50770E+00  0.19568E-04  0.80708E-04  0.96402E+00 -0.52971E-03 -0.26501E-03  0.81596E+00  0.37402E-02  0.80117E+00
   59.00  0.50907E+00 -0.52432E+00 -0.24768E-04 -0.24984E-03  0.96232E+00 -0.33297E-03 -0.18456E-03  0.80239E+00  0.44202E-02  0.78748E+00
   60.00  0.48681E+00 -0.54142E+00 -0.74951E-04 -0.59482E-03  0.96055E+00 -0.13410E-03 -0.86189E-04  0.78771E+00  0.47635E-02  0.77271E+00
   61.00  0.46554E+00 -0.55903E+00 -0.12909E-03 -0.95143E-03  0.95868E+00  0.48782E-04  0.29303E-04  0.77185E+00  0.46862E-02  0.75680E+00
   62.00  0.44528E+00 -0.57711E+00 -0.18467E-03 -0.13176E-02  0.95674E+00  0.19760E-03  0.16111E-03  0.75478E+00  0.41595E-02  0.73973E+00
   63.00  0.42614E+00 -0.59557E+00 -0.23847E-03 -0.16912E-02  0.95474E+00  0.29578E-03  0.30837E-03  0.73656E+00  0.32181E-02  0.72153E+00
   64.00  0.40824E+00 -0.61425E+00 -0.28666E-03 -0.20699E-02  0.95272E+00  0.32968E-03  0.47008E-03  0.71729E+00  0.19595E-02  0.70233E+00
   65.00  0.39168E+00 -0.63297E+00 -0.32486E-03 -0.24501E-02  0.95069E+00  0.29000E-03  0.64492E-03  0.69710E+00  0.53150E-03  0.68227E+00
   66.00  0.37649E+00 -0.65150E+00 -0.34842E-03 -0.28270E-02  0.94870E+00  0.17285E-03  0.83113E-03  0.67620E+00 -0.88998E-03  0.66155E+00
   67.00  0.36263E+00 -0.66963E+00 -0.35272E-03 -0.31945E-02  0.94677E+00 -0.19811E-04  0.10264E-02  0.65477E+00 -0.21302E-02  0.64035E+00
   68.00  0.34998E+00 -0.68714E+00 -0.33353E-03 -0.35450E-02  0.94493E+00 -0.28044E-03  0.12277E-02  0.63300E+00 -0.30457E-02  0.61887E+00
   69.00  0.33839E+00 -0.70390E+00 -0.28737E-03 -0.38700E-02  0.94317E+00 -0.59688E-03  0.14313E-02  0.61102E+00 -0.35488E-02  0.59723E+00
   70.00  0.32769E+00 -0.71979E+00 -0.21172E-03 -0.41603E-02  0.94149E+00 -0.95374E-03  0.16328E-02  0.58892E+00 -0.36209E-02  0.57552E+00
   71.00  0.31768E+00 -0.73479E+00 -0.10534E-03 -0.44064E-02  0.93988E+00 -0.13339E-02  0.18269E-02  0.56674E+00 -0.33125E-02  0.55378E+00
   72.00  0.30824E+00 -0.74890E+00  0.31641E-04 -0.45987E-02  0.93833E+00 -0.17200E-02  0.20077E-02  0.54446E+00 -0.27321E-02  0.53197E+00
   73.00  0.29925E+00 -0.76220E+00  0.19751E-03 -0.47283E-02  0.93682E+00 -0.20951E-02  0.21686E-02  0.52201E+00 -0.20258E-02  0.51003E+00
   74.00  0.29067E+00 -0.77476E+00  0.38887E-03 -0.47873E-02  0.93534E+00 -0.24436E-02  0.23028E-02  0.49931E+00 -0.13533E-02  0.48787E+00
   75.00  0.28248E+00 -0.78669E+00  0.60050E-03 -0.47701E-02  0.93389E+00 -0.27518E-02  0.24033E-02  0.47626E+00 -0.86248E-03  0.46539E+00
   76.00  0.27470E+00 -0.79808E+00  0.82541E-03 -0.46734E-02  0.93246E+00 -0.30078E-02  0.24639E-02  0.45276E+00 -0.66713E-03  0.44248E+00
   77.00  0.26737E+00 -0.80902E+00  0.10550E-02 -0.44976E-02  0.93106E+00 -0.32021E-02  0.24793E-02  0.42871E+00 -0.82993E-03  0.41904E+00
   78.00  0.26053E+00 -0.81957E+00  0.12792E-02 -0.42471E-02  0.92969E+00 -0.33279E-02  0.24459E-02  0.40405E+00 -0.13532E-02  0.39501E+00
   79.00  0.25420E+00 -0.82975E+00  0.14877E-02 -0.39303E-02  0.92835E+00 -0.33810E-02  0.23627E-02  0.37872E+00 -0.21789E-02  0.37032E+00
   80.00  0.24837E+00 -0.83954E+00  0.16701E-02 -0.35593E-02  0.92705E+00 -0.33607E-02  0.22309E-02  0.35268E+00 -0.31980E-02  0.34494E+00
   81.00  0.24301E+00 -0.84890E+00  0.18168E-02 -0.31489E-02  0.92578E+00 -0.32687E-02  0.20544E-02  0.32594E+00 -0.42680E-02  0.31886E+00
   82.00  0.23806E+00 -0.85773E+00  0.19205E-02 -0.27154E-02  0.92453E+00 -0.31099E-02  0.18390E-02  0.29850E+00 -0.52346E-02  0.29209E+00
   83.00  0.23344E+00 -0.86594E+00  0.19758E-02 -0.22745E-02  0.92328E+00 -0.28910E-02  0.15923E-02  0.27039E+00 -0.59549E-02  0.26467E+00
   84.00  0.22906E+00 -0.87339E+00  0.19802E-02 -0.18402E-02  0.92201E+00 -0.26202E-02  0.13223E-02  0.24166E+00 -0.63164E-02  0.23663E+00
   85.00  0.22480E+00 -0.87997E+00  0.19340E-02 -0.14238E-02  0.92070E+00 -0.23068E-02  0.10370E-02  0.21235E+00 -0.62499E-02  0.20804E+00
   86.00  0.22059E+00 -0.88555E+00  0.18397E-02 -0.10329E-02  0.91934E+00 -0.19602E-02  0.74398E-03  0.18253E+00 -0.57353E-02  0.17896E+00
   87.00  0.21634E+00 -0.89003E+00  0.17021E-02 -0.67131E-03  0.91789E+00 -0.15898E-02  0.44944E-03  0.15227E+00 -0.48000E-02  0.14947E+00
   88.00  0.21201E+00 -0.89332E+00  0.15277E-02 -0.33971E-03  0.91636E+00 -0.12047E-02  0.15856E-03  0.12164E+00 -0.35124E-02  0.11965E+00
   89.00  0.20757E+00 -0.89538E+00  0.13244E-02 -0.35852E-04  0.91474E+00 -0.81349E-03 -0.12465E-03  0.90728E-01 -0.19712E-02  0.89590E-01
   90.00  0.20302E+00 -0.89617E+00  0.11009E-02  0.24437E-03  0.91303E+00 -0.42485E-03 -0.39704E-03  0.59611E-01 -0.29335E-03  0.59375E-01
   91.00  0.19841E+00 -0.89569E+00  0.86662E-03  0.50604E-03  0.91125E+00 -0.47058E-04 -0.65606E-03  0.28382E-01  0.13984E-02  0.29100E-01
   92.00  0.19376E+00 -0.89396E+00  0.63120E-03  0.75427E-03  0.90942E+00  0.31169E-03 -0.89931E-03 -0.28646E-02  0.29876E-02 -0.11396E-02
   93.00  0.18915E+00 -0.89103E+00  0.40423E-03  0.99326E-03  0.90756E+00  0.64338E-03 -0.11243E-02 -0.34031E-01  0.43749E-02 -0.31247E-01
   94.00  0.18465E+00 -0.88697E+00  0.19479E-03  0.12256E-02  0.90571E+00  0.94032E-03 -0.13281E-02 -0.65018E-01  0.54863E-02 -0.61130E-01
   95.00  0.18032E+00 -0.88185E+00  0.10993E-04  0.14515E-02  0.90390E+00  0.11955E-02 -0.15074E-02 -0.95732E-01  0.62794E-02 -0.90698E-01
   96.00  0.17621E+00 -0.87578E+00 -0.14046E-03  0.16690E-02  0.90216E+00  0.14029E-02 -0.16582E-02 -0.12608E+00  0.67459E-02 -0.11987E+00
   97.00  0.17239E+00 -0.86883E+00 -0.25475E-03  0.18732E-02  0.90052E+00  0.15579E-02 -0.17761E-02 -0.15598E+00  0.69109E-02 -0.14858E+00
   98.00  0.16888E+00 -0.86110E+00 -0.32929E-03  0.20573E-02  0.89902E+00  0.16579E-02 -0.18568E-02 -0.18537E+00  0.68280E-02 -0.17676E+00
   99.00  0.16569E+00 -0.85266E+00 -0.36390E-03  0.22130E-02  0.89766E+00  0.17023E-02 -0.18962E-02 -0.21418E+00  0.65719E-02 -0.20437E+00
  100.00  0.16284E+00 -0.84358E+00 -0.36078E-03  0.23313E-02  0.89646E+00  0.16926E-02 -0.18907E-02 -0.24237E+00  0.62287E-02 -0.23138E+00
  101.00  0.16030E+00 -0.83389E+00 -0.32430E-03  0.24037E-02  0.89541E+00  0.16327E-02 -0.18380E-02 -0.26991E+00  0.58850E-02 -0.25776E+00
  102.00  0.15805E+00 -0.82362E+00 -0.26055E-03  0.24230E-02  0.89450E+00  0.15282E-02 -0.17370E-02 -0.29679E+00  0.56186E-02 -0.28352E+00
  103.00  0.15605E+00 -0.81278E+00 -0.17679E-03  0.23840E-02  0.89372E+00  0.13864E-02 -0.15881E-02 -0.32301E+00  0.54905E-02 -0.30864E+00
  104.00  0.15427E+00 -0.80137E+00 -0.80783E-04  0.22845E-02  0.89304E+00  0.12152E-02 -0.13931E-02 -0.34857E+00  0.55401E-02 -0.33314E+00
  105.00  0.15267E+00 -0.78938E+00  0.19787E-04  0.21251E-02  0.89245E+00  0.10234E-02 -0.11554E-02 -0.37349E+00  0.57830E-02 -0.35702E+00
  106.00  0.15121E+00 -0.77679E+00  0.11789E-03  0.19094E-02  0.89191E+00  0.81934E-03 -0.87957E-03 -0.39777E+00  0.62122E-02 -0.38030E+00
  107.00  0.14984E+00 -0.76358E+00  0.20758E-03  0.16440E-02  0.89140E+00  0.61113E-03 -0.57120E-03 -0.42143E+00  0.68008E-02 -0.40298E+00
  108.00  0.14854E+00 -0.74976E+00  0.28435E-03  0.13379E-02  0.89091E+00  0.40599E-03 -0.23663E-03 -0.44450E+00  0.75063E-02 -0.42507E+00
  109.00  0.14729E+00 -0.73531E+00  0.34529E-03  0.10018E-02  0.89043E+00  0.21008E-03  0.11734E-03 -0.46699E+00  0.82753E-02 -0.44659E+00
  110.00  0.14606E+00 -0.72024E+00  0.38925E-03  0.64823E-03  0.88994E+00  0.28305E-04  0.48363E-03 -0.48892E+00  0.90492E-02 -0.46753E+00
  111.00  0.14486E+00 -0.70456E+00  0.41673E-03  0.29006E-03  0.88945E+00 -0.13573E-03  0.85518E-03 -0.51028E+00  0.97676E-02 -0.48789E+00
  112.00  0.14369E+00 -0.68830E+00  0.42989E-03 -0.59442E-04  0.88895E+00 -0.27981E-03  0.12251E-02 -0.53109E+00  0.10373E-01 -0.50767E+00
  113.00  0.14254E+00 -0.67150E+00  0.43228E-03 -0.38749E-03  0.88845E+00 -0.40304E-03  0.15867E-02 -0.55136E+00  0.10815E-01 -0.52687E+00
  114.00  0.14142E+00 -0.65419E+00  0.42865E-03 -0.68232E-03  0.88797E+00 -0.50581E-03  0.19341E-02 -0.57106E+00  0.11049E-01 -0.54547E+00
  115.00  0.14036E+00 -0.63643E+00  0.42458E-03 -0.93368E-03  0.88753E+00 -0.58960E-03  0.22619E-02 -0.59021E+00  0.11043E-01 -0.56347E+00
  116.00  0.13937E+00 -0.61829E+00  0.42613E-03 -0.11333E-02  0.88712E+00 -0.65682E-03  0.25654E-02 -0.60878E+00  0.10773E-01 -0.58085E+00
  117.00  0.13847E+00 -0.59982E+00  0.43942E-03 -0.12754E-02  0.88679E+00 -0.71054E-03  0.28412E-02 -0.62676E+00  0.10230E-01 -0.59760E+00
  118.00  0.13767E+00 -0.58111E+00  0.47014E-03 -0.13568E-02  0.88653E+00 -0.75423E-03  0.30866E-02 -0.64413E+00  0.94140E-02 -0.61370E+00
  119.00  0.13699E+00 -0.56224E+00  0.52317E-03 -0.13768E-02  0.88638E+00 -0.79141E-03  0.33000E-02 -0.66088E+00  0.83358E-02 -0.62914E+00
  120.00  0.13644E+00 -0.54328E+00  0.60215E-03 -0.13377E-02  0.88634E+00 -0.82536E-03  0.34810E-02 -0.67700E+00  0.70170E-02 -0.64392E+00
  121.00  0.13604E+00 -0.52433E+00  0.70919E-03 -0.12441E-02  0.88642E+00 -0.85886E-03  0.36300E-02 -0.69247E+00  0.54874E-02 -0.65802E+00
  122.00  0.13580E+00 -0.50544E+00  0.84465E-03 -0.11028E-02  0.88664E+00 -0.89396E-03  0.37486E-02 -0.70727E+00  0.37837E-02 -0.67145E+00
  123.00  0.13571E+00 -0.48671E+00  0.10071E-02 -0.92195E-03  0.88700E+00 -0.93182E-03  0.38389E-02 -0.72141E+00  0.19479E-02 -0.68421E+00
  124.00  0.13578E+00 -0.46819E+00  0.11934E-02 -0.71088E-03  0.88750E+00 -0.97269E-03  0.39036E-02 -0.73489E+00  0.25205E-04 -0.69631E+00
  125.00  0.13601E+00 -0.44994E+00  0.13988E-02 -0.47924E-03  0.88814E+00 -0.10159E-02  0.39456E-02 -0.74770E+00 -0.19379E-02 -0.70776E+00
  126.00  0.13640E+00 -0.43202E+00  0.16174E-02 -0.23652E-03  0.88890E+00 -0.10602E-02  0.39681E-02 -0.75986E+00 -0.38957E-02 -0.71858E+00
  127.00  0.13694E+00 -0.41445E+00  0.18426E-02  0.84642E-05  0.88979E+00 -0.11034E-02  0.39741E-02 -0.77137E+00 -0.58048E-02 -0.72879E+00
  128.00  0.13762E+00 -0.39727E+00  0.20673E-02  0.24794E-03  0.89078E+00 -0.11433E-02  0.39663E-02 -0.78226E+00 -0.76259E-02 -0.73841E+00
  129.00  0.13844E+00 -0.38050E+00  0.22845E-02  0.47540E-03  0.89186E+00 -0.11775E-02  0.39473E-02 -0.79253E+00 -0.93253E-02 -0.74746E+00
  130.00  0.13939E+00 -0.36414E+00  0.24879E-02  0.68570E-03  0.89302E+00 -0.12036E-02  0.39190E-02 -0.80222E+00 -0.10875E-01 -0.75597E+00
  131.00  0.14045E+00 -0.34820E+00  0.26719E-02  0.87501E-03  0.89424E+00 -0.12197E-02  0.38834E-02 -0.81132E+00 -0.12256E-01 -0.76394E+00
  132.00  0.14163E+00 -0.33267E+00  0.28322E-02  0.10407E-02  0.89550E+00 -0.12243E-02  0.38417E-02 -0.81987E+00 -0.13453E-01 -0.77141E+00
  133.00  0.14290E+00 -0.31755E+00  0.29659E-02  0.11812E-02  0.89680E+00 -0.12165E-02  0.37954E-02 -0.82789E+00 -0.14462E-01 -0.77839E+00
  134.00  0.14425E+00 -0.30282E+00  0.30712E-02  0.12955E-02  0.89811E+00 -0.11962E-02  0.37455E-02 -0.83538E+00 -0.15284E-01 -0.78491E+00
  135.00  0.14569E+00 -0.28847E+00  0.31479E-02  0.13833E-02  0.89943E+00 -0.11637E-02  0.36930E-02 -0.84238E+00 -0.15926E-01 -0.79097E+00
  136.00  0.14720E+00 -0.27449E+00  0.31969E-02  0.14446E-02  0.90074E+00 -0.11202E-02  0.36390E-02 -0.84890E+00 -0.16401E-01 -0.79660E+00
  137.00  0.14876E+00 -0.26087E+00  0.32203E-02  0.14796E-02  0.90203E+00 -0.10672E-02  0.35845E-02 -0.85497E+00 -0.16727E-01 -0.80181E+00
  138.00  0.15038E+00 -0.24759E+00  0.32207E-02  0.14886E-02  0.90330E+00 -0.10069E-02  0.35305E-02 -0.86061E+00 -0.16923E-01 -0.80663E+00
  139.00  0.15205E+00 -0.23464E+00  0.32013E-02  0.14719E-02  0.90454E+00 -0.94146E-03  0.34781E-02 -0.86584E+00 -0.17012E-01 -0.81108E+00
  140.00  0.15375E+00 -0.22201E+00  0.31654E-02  0.14300E-02  0.90575E+00 -0.87341E-03  0.34279E-02 -0.87068E+00 -0.17017E-01 -0.81517E+00
  141.00  0.15549E+00 -0.20971E+00  0.31162E-02  0.13636E-02  0.90691E+00 -0.80515E-03  0.33806E-02 -0.87515E+00 -0.16960E-01 -0.81892E+00
  142.00  0.15726E+00 -0.19772E+00  0.30568E-02  0.12737E-02  0.90804E+00 -0.73892E-03  0.33366E-02 -0.87929E+00 -0.16861E-01 -0.82236E+00
  143.00  0.15905E+00 -0.18605E+00  0.29895E-02  0.11615E-02  0.90912E+00 -0.67668E-03  0.32959E-02 -0.88311E+00 -0.16737E-01 -0.82550E+00
  144.00  0.16086E+00 -0.17470E+00  0.29160E-02  0.10286E-02  0.91015E+00 -0.61997E-03  0.32581E-02 -0.88663E+00 -0.16606E-01 -0.82836E+00
  145.00  0.16268E+00 -0.16366E+00  0.28375E-02  0.87694E-03  0.91113E+00 -0.56987E-03  0.32223E-02 -0.88987E+00 -0.16477E-01 -0.83095E+00
  146.00  0.16453E+00 -0.15296E+00  0.27543E-02  0.70892E-03  0.91207E+00 -0.52694E-03  0.31874E-02 -0.89286E+00 -0.16360E-01 -0.83330E+00
  147.00  0.16638E+00 -0.14259E+00  0.26662E-02  0.52722E-03  0.91296E+00 -0.49126E-03  0.31519E-02 -0.89560E+00 -0.16258E-01 -0.83541E+00
  148.00  0.16824E+00 -0.13255E+00  0.25724E-02  0.33478E-03  0.91380E+00 -0.46239E-03  0.31140E-02 -0.89811E+00 -0.16174E-01 -0.83730E+00
  149.00  0.17011E+00 -0.12286E+00  0.24720E-02  0.13468E-03  0.91460E+00 -0.43954E-03  0.30718E-02 -0.90042E+00 -0.16105E-01 -0.83899E+00
  150.00  0.17199E+00 -0.11352E+00  0.23638E-02 -0.69992E-04  0.91534E+00 -0.42157E-03  0.30234E-02 -0.90253E+00 -0.16046E-01 -0.84048E+00
  151.00  0.17388E+00 -0.10454E+00  0.22467E-02 -0.27622E-03  0.91603E+00 -0.40715E-03  0.29668E-02 -0.90446E+00 -0.15991E-01 -0.84179E+00
  152.00  0.17578E+00 -0.95920E-01  0.21198E-02 -0.48121E-03  0.91668E+00 -0.39490E-03  0.29005E-02 -0.90622E+00 -0.15932E-01 -0.84293E+00
  153.00  0.17768E+00 -0.87663E-01  0.19828E-02 -0.68248E-03  0.91727E+00 -0.38343E-03  0.28231E-02 -0.90781E+00 -0.15859E-01 -0.84390E+00
  154.00  0.17959E+00 -0.79771E-01  0.18359E-02 -0.87791E-03  0.91781E+00 -0.37153E-03  0.27338E-02 -0.90926E+00 -0.15761E-01 -0.84472E+00
  155.00  0.18151E+00 -0.72248E-01  0.16799E-02 -0.10658E-02  0.91830E+00 -0.35820E-03  0.26321E-02 -0.91057E+00 -0.15629E-01 -0.84539E+00
  156.00  0.18343E+00 -0.65095E-01  0.15163E-02 -0.12451E-02  0.91873E+00 -0.34270E-03  0.25180E-02 -0.91175E+00 -0.15454E-01 -0.84592E+00
  157.00  0.18535E+00 -0.58311E-01  0.13471E-02 -0.14149E-02  0.91911E+00 -0.32464E-03  0.23923E-02 -0.91281E+00 -0.15225E-01 -0.84631E+00
  158.00  0.18728E+00 -0.51900E-01  0.11751E-02 -0.15749E-02  0.91943E+00 -0.30390E-03  0.22558E-02 -0.91375E+00 -0.14935E-01 -0.84658E+00
  159.00  0.18922E+00 -0.45861E-01  0.10034E-02 -0.17252E-02  0.91968E+00 -0.28067E-03  0.21102E-02 -0.91459E+00 -0.14578E-01 -0.84671E+00
  160.00  0.19115E+00 -0.40199E-01  0.83517E-03 -0.18662E-02  0.91987E+00 -0.25536E-03  0.19574E-02 -0.91532E+00 -0.14148E-01 -0.84671E+00
  161.00  0.19309E+00 -0.34916E-01  0.67394E-03 -0.19982E-02  0.92000E+00 -0.22858E-03  0.17995E-02 -0.91596E+00 -0.13643E-01 -0.84658E+00
  162.00  0.19503E+00 -0.30016E-01  0.52289E-03 -0.21220E-02  0.92006E+00 -0.20105E-03  0.16388E-02 -0.91650E+00 -0.13062E-01 -0.84632E+00
  163.00  0.19697E+00 -0.25505E-01  0.38491E-03 -0.22381E-02  0.92004E+00 -0.17353E-03  0.14778E-02 -0.91694E+00 -0.12405E-01 -0.84592E+00
  164.00  0.19891E+00 -0.21387E-01  0.26238E-03 -0.23469E-02  0.91996E+00 -0.14676E-03  0.13188E-02 -0.91729E+00 -0.11676E-01 -0.84539E+00
  165.00  0.20083E+00 -0.17667E-01  0.15702E-03 -0.24490E-02  0.91981E+00 -0.12142E-03  0.11639E-02 -0.91755E+00 -0.10878E-01 -0.84472E+00
  166.00  0.20275E+00 -0.14348E-01  0.69853E-04 -0.25444E-02  0.91959E+00 -0.98074E-04  0.10152E-02 -0.91772E+00 -0.10021E-01 -0.84391E+00
  167.00  0.20464E+00 -0.11428E-01  0.11100E-05 -0.26331E-02  0.91931E+00 -0.77157E-04  0.87424E-03 -0.91779E+00 -0.91123E-02 -0.84297E+00
  168.00  0.20651E+00 -0.89023E-02 -0.49711E-04 -0.27150E-02  0.91897E+00 -0.58942E-04  0.74241E-03 -0.91777E+00 -0.81650E-02 -0.84190E+00
  169.00  0.20833E+00 -0.67610E-02 -0.83801E-04 -0.27899E-02  0.91859E+00 -0.43555E-04  0.62070E-03 -0.91767E+00 -0.71927E-02 -0.84072E+00
  170.00  0.21010E+00 -0.49868E-02 -0.10293E-03 -0.28573E-02  0.91816E+00 -0.30975E-04  0.50978E-03 -0.91748E+00 -0.62114E-02 -0.83944E+00
  171.00  0.21179E+00 -0.35558E-02 -0.10932E-03 -0.29173E-02  0.91771E+00 -0.21058E-04  0.41003E-03 -0.91723E+00 -0.52389E-02 -0.83811E+00
  172.00  0.21340E+00 -0.24373E-02 -0.10550E-03 -0.29695E-02  0.91725E+00 -0.13560E-04  0.32159E-03 -0.91693E+00 -0.42944E-02 -0.83674E+00
  173.00  0.21489E+00 -0.15946E-02 -0.94132E-04 -0.30141E-02  0.91679E+00 -0.81635E-05  0.24441E-03 -0.91659E+00 -0.33979E-02 -0.83539E+00
  174.00  0.21625E+00 -0.98663E-03 -0.77896E-04 -0.30512E-02  0.91634E+00 -0.45071E-05  0.17832E-03 -0.91623E+00 -0.25695E-02 -0.83409E+00
  175.00  0.21744E+00 -0.57003E-03 -0.59337E-04 -0.30813E-02  0.91594E+00 -0.22146E-05  0.12305E-03 -0.91588E+00 -0.18290E-02 -0.83289E+00
  176.00  0.21846E+00 -0.30154E-03 -0.40765E-04 -0.31049E-02  0.91558E+00 -0.92085E-06  0.78322E-04 -0.91556E+00 -0.11946E-02 -0.83183E+00
  177.00  0.21927E+00 -0.14084E-03 -0.24165E-04 -0.31224E-02  0.91529E+00 -0.29474E-06  0.43862E-04 -0.91528E+00 -0.68280E-03 -0.83096E+00
  178.00  0.21987E+00 -0.53188E-04 -0.11135E-04 -0.31345E-02  0.91507E+00 -0.58695E-07  0.19431E-04 -0.91507E+00 -0.30696E-03 -0.83032E+00
  179.00  0.22023E+00 -0.11858E-04 -0.28434E-05 -0.31415E-02  0.91493E+00 -0.36862E-08  0.48482E-05 -0.91493E+00 -0.77271E-04 -0.82991E+00
  180.00  0.22035E+00 -0.28189E-15 -0.70963E-16 -0.31439E-02  0.91489E+00 -0.22679E-29  0.12008E-15 -0.91489E+00 -0.19195E-14 -0.82978E+00
 scattering matrix expansion coefficients
    w  a11         a22         a33         a23         a32         a44         a12         a34         a13         a24         a14
    0  0.1000E+01  0.0000E+00  0.0000E+00  0.0000E+00  0.0000E+00  0.8203E+00  0.0000E+00  0.0000E+00  0.0000E+00  0.0000E+00 -0.6618E-04
    1  0.2263E+01  0.0000E+00  0.0000E+00  0.0000E+00  0.0000E+00  0.2402E+01  0.0000E+00  0.0000E+00  0.0000E+00  0.0000E+00  0.2620E-04
    2  0.3145E+01  0.2002E+00  0.3975E+01 -0.2392E-07  0.4176E-03  0.3137E+01 -0.3571E+00 -0.1312E-02  0.2545E-03  0.3616E-03  0.1649E-03
    3  0.3573E+01  0.4886E-01  0.4049E+01 -0.4637E-07  0.1302E-02  0.3607E+01 -0.2467E+00 -0.2995E-02 -0.1966E-03 -0.2077E-03  0.1480E-03
    4  0.3921E+01  0.4714E-01  0.4204E+01  0.8254E-07  0.1252E-02  0.3893E+01 -0.1688E+00 -0.7307E-02  0.1381E-03  0.4100E-03 -0.1173E-02
    5  0.4140E+01  0.4267E-02  0.4358E+01  0.1863E-07  0.7248E-03  0.4152E+01 -0.1316E+00 -0.4733E-02 -0.4066E-03 -0.5853E-03 -0.1713E-02
    6  0.4344E+01  0.7476E-02  0.4503E+01  0.2598E-07  0.6870E-04  0.4349E+01 -0.1033E+00 -0.1059E-01  0.1907E-03  0.1509E-03 -0.1404E-02
    7  0.4508E+01  0.7905E-02  0.4635E+01 -0.2361E-07  0.1687E-03  0.4505E+01 -0.6359E-01 -0.7996E-02 -0.6922E-05  0.7361E-03  0.3260E-03
    8  0.4601E+01  0.5559E-02  0.4717E+01  0.3634E-07 -0.7522E-03  0.4596E+01 -0.3582E-01 -0.6349E-02 -0.3725E-03  0.4558E-03  0.3938E-03
    9  0.4591E+01  0.1465E-02  0.4706E+01  0.1984E-07 -0.1622E-02  0.4588E+01 -0.3364E-01 -0.6123E-02 -0.2482E-03 -0.3434E-03 -0.6958E-03
   10  0.4482E+01  0.9947E-03  0.4593E+01  0.3882E-07 -0.1332E-02  0.4479E+01 -0.4568E-01 -0.9301E-02 -0.2626E-04 -0.1496E-03 -0.1025E-02
   11  0.4291E+01 -0.2107E-02  0.4396E+01 -0.1181E-07 -0.3792E-03  0.4294E+01 -0.6243E-01 -0.1404E-01  0.3066E-03  0.9790E-04 -0.1198E-02
   12  0.4053E+01  0.3167E-03  0.4148E+01  0.4074E-07 -0.6055E-04  0.4054E+01 -0.6928E-01 -0.2150E-01  0.1029E-03  0.8196E-04 -0.1306E-02
   13  0.3775E+01 -0.4788E-03  0.3863E+01  0.3769E-07 -0.2209E-03  0.3779E+01 -0.7464E-01 -0.2602E-01 -0.1115E-03  0.4653E-04 -0.1214E-02
   14  0.3471E+01 -0.3348E-03  0.3551E+01  0.3149E-08 -0.1186E-03  0.3478E+01 -0.7498E-01 -0.3044E-01  0.1520E-04 -0.1265E-04 -0.1312E-02
   15  0.3152E+01  0.2600E-02  0.3222E+01 -0.1569E-07  0.3119E-03  0.3154E+01 -0.6413E-01 -0.3235E-01  0.2237E-03 -0.1340E-04 -0.1437E-02
   16  0.2813E+01  0.4002E-02  0.2875E+01 -0.2077E-07  0.4944E-03  0.2810E+01 -0.5169E-01 -0.3026E-01  0.4253E-04  0.6430E-05 -0.1308E-02
   17  0.2444E+01  0.1071E-02  0.2504E+01 -0.1466E-07  0.4505E-03  0.2445E+01 -0.5027E-01 -0.2656E-01 -0.4295E-04  0.4307E-04 -0.1142E-02
   18  0.2061E+01 -0.3503E-03  0.2117E+01 -0.5048E-08  0.1788E-03  0.2064E+01 -0.5300E-01 -0.2275E-01 -0.5550E-04  0.5281E-05 -0.1127E-02
   19  0.1683E+01  0.4350E-03  0.1731E+01  0.3178E-08 -0.1038E-03  0.1684E+01 -0.5251E-01 -0.1728E-01 -0.4917E-04  0.4213E-05 -0.9981E-03
   20  0.1330E+01  0.7825E-03  0.1370E+01 -0.1474E-08 -0.1756E-03  0.1330E+01 -0.5000E-01 -0.1066E-01 -0.3161E-04  0.3415E-04 -0.7034E-03
   21  0.1019E+01 -0.7209E-04  0.1051E+01 -0.6429E-08 -0.5485E-04  0.1020E+01 -0.4766E-01 -0.5709E-02 -0.2174E-04  0.2730E-04 -0.4298E-03
   22  0.7621E+00 -0.2396E-03  0.7863E+00 -0.4793E-08  0.1346E-03  0.7634E+00 -0.4208E-01 -0.3832E-02  0.9985E-06 -0.2109E-05 -0.2442E-03
   23  0.5606E+00  0.3401E-03  0.5778E+00 -0.1242E-08  0.2645E-03  0.5605E+00 -0.3247E-01 -0.3225E-02  0.1905E-04 -0.2362E-04 -0.1339E-03
   24  0.4039E+00  0.7212E-03  0.4161E+00  0.3628E-09  0.2928E-03  0.4028E+00 -0.2274E-01 -0.2071E-02  0.2528E-04 -0.1909E-04 -0.5194E-04
   25  0.2802E+00  0.4798E-03  0.2892E+00  0.1924E-09  0.2451E-03  0.2792E+00 -0.1665E-01 -0.3733E-03  0.1964E-04 -0.4499E-05  0.7769E-05
   26  0.1829E+00  0.1040E-03  0.1897E+00 -0.6972E-09  0.1710E-03  0.1826E+00 -0.1384E-01  0.9219E-03  0.1169E-04  0.3958E-05  0.3866E-04
   27  0.1103E+00 -0.4565E-04  0.1151E+00 -0.9336E-09  0.1033E-03  0.1104E+00 -0.1189E-01  0.1356E-02  0.4801E-05  0.4960E-05  0.4396E-04
   28  0.6084E-01  0.2269E-04  0.6380E-01 -0.7792E-09  0.5408E-04  0.6092E-01 -0.9330E-02  0.1143E-02  0.1040E-05  0.3284E-05  0.3584E-04
   29  0.3051E-01  0.1153E-03  0.3207E-01 -0.4635E-09  0.2516E-04  0.3043E-01 -0.6356E-02  0.7249E-03 -0.3117E-06  0.9356E-06  0.2265E-04
   30  0.1392E-01  0.1428E-03  0.1462E-01 -0.1766E-09  0.1065E-04  0.1376E-01 -0.3728E-02  0.3752E-03 -0.4111E-06 -0.1484E-06  0.1192E-04
   31  0.5792E-02  0.1126E-03  0.6057E-02 -0.1150E-09  0.4137E-05  0.5641E-02 -0.1901E-02  0.1662E-03 -0.2564E-06 -0.3649E-06  0.5210E-05
   32  0.2204E-02  0.6825E-04  0.2289E-02 -0.1108E-09  0.1485E-05  0.2105E-02 -0.8534E-03  0.6477E-04 -0.1348E-06 -0.2168E-06  0.1976E-05
   33  0.7704E-03  0.3396E-04  0.7924E-03 -0.8365E-10  0.4936E-06  0.7188E-03 -0.3413E-03  0.2274E-04 -0.6423E-07 -0.9424E-07  0.6819E-06
   34  0.2483E-03  0.1451E-04  0.2525E-03 -0.5489E-10  0.1508E-06  0.2255E-03 -0.1230E-03  0.7259E-05 -0.2639E-07 -0.3629E-07  0.2227E-06
   35  0.7403E-04  0.5439E-05  0.7433E-04 -0.3180E-10  0.4125E-07  0.6529E-04 -0.4026E-04  0.2129E-05 -0.8800E-08 -0.1394E-07  0.7014E-07
   36  0.2053E-04  0.1823E-05  0.2032E-04 -0.1604E-10  0.9716E-08  0.1754E-04 -0.1207E-04  0.5807E-06 -0.2216E-08 -0.5226E-08  0.2146E-07
   37  0.5327E-05  0.5526E-06  0.5199E-05 -0.7092E-11  0.1958E-08  0.4409E-05 -0.3345E-05  0.1505E-06 -0.3519E-09 -0.1909E-08  0.6376E-08
   38  0.1308E-05  0.1537E-06  0.1259E-05 -0.2536E-11  0.2998E-09  0.1050E-05 -0.8661E-06  0.3759E-07  0.3830E-10 -0.6585E-09  0.1842E-08
   39  0.3100E-06  0.3996E-07  0.2943E-06 -0.7243E-12 -0.1167E-10  0.2423E-06 -0.2139E-06  0.9012E-08  0.6103E-10 -0.2445E-09  0.5808E-09
   40  0.7365E-07  0.1001E-07  0.6921E-07 -0.1633E-12 -0.4187E-10  0.5664E-07 -0.5213E-07  0.2122E-08  0.3562E-10 -0.8222E-10  0.1841E-09
   41  0.1879E-07  0.2418E-08  0.1765E-07 -0.2813E-13 -0.1790E-10  0.1469E-07 -0.1325E-07  0.6623E-09  0.1459E-10 -0.2725E-10  0.6049E-10
   42  0.6020E-08  0.5748E-09  0.5800E-08 -0.1180E-14 -0.3265E-11  0.5068E-08 -0.3905E-08  0.3153E-09  0.3943E-11 -0.7837E-11  0.1770E-10
   43  0.2047E-08  0.1449E-09  0.1988E-08  0.1189E-14 -0.1492E-11  0.1826E-08 -0.1327E-08  0.1662E-09  0.8598E-12 -0.2452E-11  0.5059E-11
   44  0.1289E-08  0.8668E-10  0.1278E-08  0.3028E-15  0.8778E-12  0.1149E-08 -0.7736E-09  0.7291E-10 -0.1128E-12 -0.1085E-11  0.3304E-11
   45  0.2650E-09  0.1831E-10  0.2549E-09 -0.1804E-16 -0.1364E-12  0.2397E-09 -0.1761E-09  0.2536E-10  0.7980E-13 -0.1953E-12  0.2402E-12
   46  0.2599E-09  0.2909E-10  0.2480E-09 -0.6653E-16  0.2733E-12  0.2094E-09 -0.1739E-09  0.7587E-11 -0.1160E-12 -0.1658E-12  0.4516E-12
   47  0.2005E-10  0.2048E-11  0.1843E-10 -0.6500E-16 -0.7857E-14  0.1714E-10 -0.1422E-10  0.1663E-11  0.4551E-14 -0.1041E-13  0.6743E-14
   48  0.2986E-10  0.4675E-11  0.2730E-10 -0.2624E-16  0.2915E-13  0.2156E-10 -0.2205E-10  0.3366E-12 -0.1304E-13 -0.1763E-13  0.4116E-13
   49  0.7425E-12  0.1020E-12  0.6440E-12 -0.8582E-17  0.1346E-15  0.5976E-12 -0.5529E-12  0.4809E-13 -0.9174E-16 -0.3813E-15  0.8981E-16
   50  0.1919E-11  0.3612E-12  0.1683E-11 -0.1534E-17  0.1560E-14  0.1263E-11 -0.1508E-11  0.5873E-14 -0.7465E-15 -0.9844E-15  0.2113E-14
   51  0.1081E-13  0.1587E-14  0.7856E-14 -0.6991E-18  0.4271E-17  0.9621E-14 -0.7443E-14  0.5289E-15 -0.1015E-17 -0.6364E-17 -0.4840E-17
   52  0.8499E-13  0.1891E-13  0.7369E-13 -0.2291E-18  0.6132E-16  0.5159E-13 -0.7101E-13 -0.6606E-16 -0.2958E-16 -0.4052E-16  0.7563E-16
