 input file is 
mstm22_1024_3360_20_009.inp   
 input file comments follow:
***********************************************************
  This is the default mstm input file for v.3.0.
  The run is for a 7-sphere cluster of identical spheres.   The positions
  are embedded in the input file.

  The run makes use of the new_run and multiple_run options.

  14 April 2013
***********************************************************
 number of processors:
   1
 input parameters for run number 
    1
 number of spheres, volume size parameter:
 1024  0.33867E+01
 position file:
position/n1024/a22.out                                      
 output file:
output/1024/x3360/20/009/mt_22_1024_3360_20_009.dat         
 length, ref. indx. scale factors:
   0.336   2.000   0.090
 chiral factors:
  0.00000E+00  0.00000E+00
 scattering matrix directions based on incident frame
 automatic scattering angle calculation
 thetamin, thetamax:
      0.0    180.0
 number scattering angles:
      181
 epsmie, epssoln, max number iterations:
  0.1000E-05  0.1000E-07 5000
 medium refractive index:
  1.0000  0.0000
 target euler rotation angles:
    0.0000    0.0000    0.0000
 far field kr, iterations/correction:
 -0.1000E+01   20
 plane wave incidence
 random orientation calculations
 t matrix calculated, stored in file 
tmatrixfiles/221024336020009                                
 t matrix convergence epsilon:
  0.1000E-06
 all spheres excited (total T matrix) 
 calculation results for run 
    1
 total ext, abs, scat efficiencies, w.r.t. xv, and asym. parm
  0.27907E+01  0.60515E+00  0.21855E+01  0.76300E+00
 scattering matrix elements (normalized w/ S11)
   theta      11           12           13           14           22           23           24           33           34           44      
    0.00  0.79469E+02  0.00000E+00  0.00000E+00  0.11245E-03  0.99995E+00  0.15031E-03  0.00000E+00  0.99995E+00  0.00000E+00  0.99991E+00 
    1.00  0.78479E+02 -0.19218E-03 -0.28095E-07  0.11470E-03  0.99995E+00  0.14942E-03 -0.80808E-07  0.99995E+00 -0.12006E-04  0.99991E+00 
    2.00  0.75585E+02 -0.76958E-03 -0.10962E-06  0.12157E-03  0.99994E+00  0.14682E-03 -0.32764E-06  0.99994E+00 -0.49161E-04  0.99989E+00 
    3.00  0.71006E+02 -0.17348E-02 -0.23652E-06  0.13343E-03  0.99993E+00  0.14269E-03 -0.75364E-06  0.99993E+00 -0.11492E-03  0.99986E+00 
    4.00  0.65077E+02 -0.30921E-02 -0.39625E-06  0.15092E-03  0.99991E+00  0.13737E-03 -0.13802E-05  0.99990E+00 -0.21520E-03  0.99982E+00 
    5.00  0.58211E+02 -0.48469E-02 -0.57350E-06  0.17492E-03  0.99988E+00  0.13144E-03 -0.22360E-05  0.99987E+00 -0.35845E-03  0.99976E+00 
    6.00  0.50856E+02 -0.70056E-02 -0.75336E-06  0.20658E-03  0.99985E+00  0.12571E-03 -0.33541E-05  0.99982E+00 -0.55573E-03  0.99967E+00 
    7.00  0.43446E+02 -0.95742E-02 -0.92701E-06  0.24719E-03  0.99980E+00  0.12139E-03 -0.47666E-05  0.99975E+00 -0.82029E-03  0.99956E+00 
    8.00  0.36361E+02 -0.12556E-01 -0.11008E-05  0.29801E-03  0.99974E+00  0.12010E-03 -0.64940E-05  0.99965E+00 -0.11663E-02  0.99940E+00 
    9.00  0.29898E+02 -0.15951E-01 -0.13093E-05  0.35986E-03  0.99966E+00  0.12385E-03 -0.85267E-05  0.99951E+00 -0.16060E-02  0.99919E+00 
   10.00  0.24254E+02 -0.19746E-01 -0.16313E-05  0.43240E-03  0.99957E+00  0.13483E-03 -0.10798E-04  0.99934E+00 -0.21438E-02  0.99893E+00 
   11.00  0.19523E+02 -0.23914E-01 -0.22011E-05  0.51303E-03  0.99946E+00  0.15478E-03 -0.13149E-04  0.99911E+00 -0.27678E-02  0.99861E+00 
   12.00  0.15708E+02 -0.28409E-01 -0.31997E-05  0.59579E-03  0.99934E+00  0.18376E-03 -0.15305E-04  0.99884E+00 -0.34393E-02  0.99823E+00 
   13.00  0.12739E+02 -0.33172E-01 -0.48039E-05  0.67089E-03  0.99921E+00  0.21859E-03 -0.16889E-04  0.99852E+00 -0.40869E-02  0.99780E+00 
   14.00  0.10497E+02 -0.38139E-01 -0.70859E-05  0.72628E-03  0.99909E+00  0.25175E-03 -0.17516E-04  0.99816E+00 -0.46154E-02  0.99733E+00 
   15.00  0.88389E+01 -0.43276E-01 -0.99015E-05  0.75165E-03  0.99897E+00  0.27214E-03 -0.16944E-04  0.99777E+00 -0.49358E-02  0.99686E+00 
   16.00  0.76211E+01 -0.48586E-01 -0.12855E-04  0.74314E-03  0.99887E+00  0.26822E-03 -0.15214E-04  0.99736E+00 -0.50036E-02  0.99638E+00 
   17.00  0.67150E+01 -0.54114E-01 -0.15395E-04  0.70545E-03  0.99879E+00  0.23211E-03 -0.12641E-04  0.99693E+00 -0.48401E-02  0.99589E+00 
   18.00  0.60168E+01 -0.59912E-01 -0.16996E-04  0.64982E-03  0.99870E+00  0.16194E-03 -0.96726E-05  0.99646E+00 -0.45195E-02  0.99537E+00 
   19.00  0.54513E+01 -0.66012E-01 -0.17322E-04  0.58963E-03  0.99860E+00  0.61583E-04 -0.67062E-05  0.99592E+00 -0.41348E-02  0.99477E+00 
   20.00  0.49698E+01 -0.72414E-01 -0.16299E-04  0.53675E-03  0.99848E+00 -0.61060E-04 -0.39718E-05  0.99531E+00 -0.37656E-02  0.99408E+00 
   21.00  0.45454E+01 -0.79084E-01 -0.14135E-04  0.49967E-03  0.99832E+00 -0.19565E-03 -0.15114E-05  0.99461E+00 -0.34604E-02  0.99326E+00 
   22.00  0.41654E+01 -0.85972E-01 -0.11297E-04  0.48310E-03  0.99811E+00 -0.33045E-03  0.78316E-06  0.99380E+00 -0.32323E-02  0.99231E+00 
   23.00  0.38256E+01 -0.93032E-01 -0.84463E-05  0.48816E-03  0.99786E+00 -0.45320E-03  0.31047E-05  0.99289E+00 -0.30630E-02  0.99123E+00 
   24.00  0.35245E+01 -0.10024E+00 -0.63295E-05  0.51269E-03  0.99758E+00 -0.55242E-03  0.56539E-05  0.99189E+00 -0.29106E-02  0.99002E+00 
   25.00  0.32603E+01 -0.10762E+00 -0.56123E-05  0.55194E-03  0.99727E+00 -0.61913E-03  0.85632E-05  0.99080E+00 -0.27227E-02  0.98870E+00 
   26.00  0.30293E+01 -0.11523E+00 -0.67034E-05  0.59961E-03  0.99694E+00 -0.64846E-03  0.11837E-04  0.98963E+00 -0.24497E-02  0.98729E+00 
   27.00  0.28257E+01 -0.12313E+00 -0.96352E-05  0.64935E-03  0.99661E+00 -0.64045E-03  0.15324E-04  0.98837E+00 -0.20572E-02  0.98579E+00 
   28.00  0.26432E+01 -0.13141E+00 -0.14055E-04  0.69608E-03  0.99628E+00 -0.59946E-03  0.18729E-04  0.98701E+00 -0.15321E-02  0.98419E+00 
   29.00  0.24754E+01 -0.14012E+00 -0.19327E-04  0.73687E-03  0.99596E+00 -0.53268E-03  0.21648E-04  0.98554E+00 -0.88114E-03  0.98250E+00 
   30.00  0.23172E+01 -0.14929E+00 -0.24694E-04  0.77109E-03  0.99565E+00 -0.44830E-03  0.23610E-04  0.98394E+00 -0.12405E-03  0.98068E+00 
   31.00  0.21651E+01 -0.15890E+00 -0.29449E-04  0.80001E-03  0.99533E+00 -0.35401E-03  0.24115E-04  0.98220E+00  0.71546E-03  0.97871E+00 
   32.00  0.20173E+01 -0.16889E+00 -0.33065E-04  0.82604E-03  0.99499E+00 -0.25631E-03  0.22653E-04  0.98030E+00  0.16173E-02  0.97658E+00 
   33.00  0.18731E+01 -0.17922E+00 -0.35263E-04  0.85202E-03  0.99464E+00 -0.16026E-03  0.18720E-04  0.97822E+00  0.25697E-02  0.97427E+00 
   34.00  0.17330E+01 -0.18983E+00 -0.36027E-04  0.88049E-03  0.99425E+00 -0.69654E-04  0.11819E-04  0.97595E+00  0.35697E-02  0.97174E+00 
   35.00  0.15974E+01 -0.20069E+00 -0.35555E-04  0.91321E-03  0.99381E+00  0.12686E-04  0.14696E-05  0.97347E+00  0.46200E-02  0.96898E+00 
   36.00  0.14671E+01 -0.21181E+00 -0.34161E-04  0.95093E-03  0.99331E+00  0.84694E-04 -0.12793E-04  0.97075E+00  0.57221E-02  0.96595E+00 
   37.00  0.13426E+01 -0.22323E+00 -0.32153E-04  0.99339E-03  0.99273E+00  0.14493E-03 -0.31426E-04  0.96776E+00  0.68660E-02  0.96259E+00 
   38.00  0.12244E+01 -0.23504E+00 -0.29718E-04  0.10395E-02  0.99205E+00  0.19255E-03 -0.54866E-04  0.96444E+00  0.80185E-02  0.95885E+00 
   39.00  0.11132E+01 -0.24732E+00 -0.26852E-04  0.10875E-02  0.99124E+00  0.22740E-03 -0.83500E-04  0.96072E+00  0.91118E-02  0.95465E+00 
   40.00  0.10102E+01 -0.26018E+00 -0.23374E-04  0.11358E-02  0.99031E+00  0.25013E-03 -0.11756E-03  0.95656E+00  0.10034E-01  0.94992E+00 
   41.00  0.91649E+00 -0.27370E+00 -0.19033E-04  0.11823E-02  0.98924E+00  0.26238E-03 -0.15691E-03  0.95188E+00  0.10628E-01  0.94460E+00 
   42.00  0.83360E+00 -0.28791E+00 -0.13719E-04  0.12250E-02  0.98807E+00  0.26690E-03 -0.20078E-03  0.94666E+00  0.10702E-01  0.93869E+00 
   43.00  0.76286E+00 -0.30279E+00 -0.77202E-05  0.12616E-02  0.98685E+00  0.26752E-03 -0.24737E-03  0.94091E+00  0.10064E-01  0.93222E+00 
   44.00  0.70514E+00 -0.31825E+00 -0.19142E-05  0.12891E-02  0.98565E+00  0.26867E-03 -0.29371E-03  0.93466E+00  0.85800E-02  0.92530E+00 
   45.00  0.66064E+00 -0.33418E+00  0.22560E-05  0.13037E-02  0.98458E+00  0.27437E-03 -0.33584E-03  0.92803E+00  0.62383E-02  0.91809E+00 
   46.00  0.62866E+00 -0.35041E+00  0.31485E-05  0.13011E-02  0.98372E+00  0.28701E-03 -0.36953E-03  0.92109E+00  0.31913E-02  0.91074E+00 
   47.00  0.60759E+00 -0.36685E+00 -0.46739E-06  0.12774E-02  0.98313E+00  0.30633E-03 -0.39135E-03  0.91393E+00 -0.26390E-03  0.90334E+00 
   48.00  0.59506E+00 -0.38347E+00 -0.88575E-05  0.12291E-02  0.98279E+00  0.32941E-03 -0.39946E-03  0.90655E+00 -0.37674E-02  0.89590E+00 
   49.00  0.58823E+00 -0.40028E+00 -0.21128E-04  0.11543E-02  0.98266E+00  0.35162E-03 -0.39378E-03  0.89887E+00 -0.69983E-02  0.88831E+00 
   50.00  0.58415E+00 -0.41734E+00 -0.35437E-04  0.10524E-02  0.98264E+00  0.36803E-03 -0.37546E-03  0.89078E+00 -0.97434E-02  0.88039E+00 
   51.00  0.58013E+00 -0.43473E+00 -0.49427E-04  0.92349E-03  0.98265E+00  0.37443E-03 -0.34615E-03  0.88214E+00 -0.11912E-01  0.87194E+00 
   52.00  0.57407E+00 -0.45246E+00 -0.60651E-04  0.76893E-03  0.98260E+00  0.36799E-03 -0.30745E-03  0.87283E+00 -0.13511E-01  0.86280E+00 
   53.00  0.56460E+00 -0.47054E+00 -0.66896E-04  0.59079E-03  0.98244E+00  0.34742E-03 -0.26069E-03  0.86275E+00 -0.14602E-01  0.85283E+00 
   54.00  0.55119E+00 -0.48888E+00 -0.66441E-04  0.39242E-03  0.98213E+00  0.31298E-03 -0.20700E-03  0.85184E+00 -0.15271E-01  0.84195E+00 
   55.00  0.53404E+00 -0.50740E+00 -0.58301E-04  0.17876E-03  0.98164E+00  0.26660E-03 -0.14759E-03  0.84010E+00 -0.15604E-01  0.83015E+00 
   56.00  0.51390E+00 -0.52597E+00 -0.42507E-04 -0.43292E-04  0.98098E+00  0.21198E-03 -0.84061E-04  0.82754E+00 -0.15670E-01  0.81746E+00 
   57.00  0.49184E+00 -0.54444E+00 -0.20402E-04 -0.26493E-03  0.98016E+00  0.15469E-03 -0.18633E-04  0.81424E+00 -0.15522E-01  0.80395E+00 
   58.00  0.46904E+00 -0.56268E+00  0.51363E-05 -0.47593E-03  0.97919E+00  0.10205E-03  0.45732E-04  0.80028E+00 -0.15193E-01  0.78974E+00 
   59.00  0.44653E+00 -0.58059E+00  0.29696E-04 -0.66583E-03  0.97813E+00  0.62609E-04  0.10549E-03  0.78576E+00 -0.14699E-01  0.77494E+00 
   60.00  0.42508E+00 -0.59814E+00  0.47663E-04 -0.82559E-03  0.97700E+00  0.45197E-04  0.15694E-03  0.77077E+00 -0.14049E-01  0.75967E+00 
   61.00  0.40516E+00 -0.61535E+00  0.52928E-04 -0.94930E-03  0.97584E+00  0.57572E-04  0.19682E-03  0.75535E+00 -0.13246E-01  0.74398E+00 
   62.00  0.38690E+00 -0.63230E+00  0.39845E-04 -0.10353E-02  0.97469E+00  0.10507E-03  0.22297E-03  0.73947E+00 -0.12299E-01  0.72788E+00 
   63.00  0.37021E+00 -0.64912E+00  0.41982E-05 -0.10865E-02  0.97356E+00  0.18958E-03  0.23467E-03  0.72306E+00 -0.11225E-01  0.71127E+00 
   64.00  0.35483E+00 -0.66593E+00 -0.56070E-04 -0.11090E-02  0.97244E+00  0.30904E-03  0.23276E-03  0.70598E+00 -0.10049E-01  0.69402E+00 
   65.00  0.34044E+00 -0.68281E+00 -0.14050E-03 -0.11108E-02  0.97133E+00  0.45752E-03  0.21928E-03  0.68808E+00 -0.88038E-02  0.67598E+00 
   66.00  0.32678E+00 -0.69980E+00 -0.24609E-03 -0.10997E-02  0.97021E+00  0.62574E-03  0.19701E-03  0.66921E+00 -0.75243E-02  0.65698E+00 
   67.00  0.31365E+00 -0.71689E+00 -0.36748E-03 -0.10818E-02  0.96906E+00  0.80153E-03  0.16887E-03  0.64926E+00 -0.62423E-02  0.63690E+00 
   68.00  0.30100E+00 -0.73398E+00 -0.49728E-03 -0.10606E-02  0.96786E+00  0.97057E-03  0.13748E-03  0.62816E+00 -0.49824E-02  0.61567E+00 
   69.00  0.28888E+00 -0.75095E+00 -0.62640E-03 -0.10371E-02  0.96663E+00  0.11170E-02  0.10484E-03  0.60590E+00 -0.37588E-02  0.59328E+00 
   70.00  0.27739E+00 -0.76765E+00 -0.74457E-03 -0.10102E-02  0.96538E+00  0.12244E-02  0.72291E-04  0.58254E+00 -0.25740E-02  0.56981E+00 
   71.00  0.26672E+00 -0.78392E+00 -0.84107E-03 -0.97787E-03  0.96413E+00  0.12772E-02  0.40608E-04  0.55818E+00 -0.14199E-02  0.54538E+00 
   72.00  0.25699E+00 -0.79964E+00 -0.90574E-03 -0.93823E-03  0.96292E+00  0.12625E-02  0.10293E-04  0.53294E+00 -0.28096E-03  0.52013E+00 
   73.00  0.24833E+00 -0.81470E+00 -0.93009E-03 -0.89101E-03  0.96180E+00  0.11719E-02 -0.18059E-04  0.50696E+00  0.85975E-03  0.49423E+00 
   74.00  0.24076E+00 -0.82904E+00 -0.90849E-03 -0.83810E-03  0.96080E+00  0.10033E-02 -0.43390E-04  0.48035E+00  0.20145E-02  0.46780E+00 
   75.00  0.23424E+00 -0.84264E+00 -0.83892E-03 -0.78375E-03  0.95994E+00  0.76157E-03 -0.63926E-04  0.45318E+00  0.31846E-02  0.44094E+00 
   76.00  0.22865E+00 -0.85550E+00 -0.72318E-03 -0.73398E-03  0.95922E+00  0.45801E-03 -0.77129E-04  0.42548E+00  0.43566E-02  0.41366E+00 
   77.00  0.22383E+00 -0.86764E+00 -0.56650E-03 -0.69545E-03  0.95862E+00  0.10917E-03 -0.79873E-04  0.39724E+00  0.55018E-02  0.38594E+00 
   78.00  0.21957E+00 -0.87907E+00 -0.37661E-03 -0.67414E-03  0.95813E+00 -0.26548E-03 -0.68828E-04  0.36840E+00  0.65790E-02  0.35772E+00 
   79.00  0.21568E+00 -0.88978E+00 -0.16273E-03 -0.67419E-03  0.95770E+00 -0.64580E-03 -0.40939E-04  0.33892E+00  0.75400E-02  0.32891E+00 
   80.00  0.21197E+00 -0.89973E+00  0.65529E-04 -0.69715E-03  0.95729E+00 -0.10130E-02  0.60709E-05  0.30874E+00  0.83355E-02  0.29944E+00 
   81.00  0.20829E+00 -0.90888E+00  0.29889E-03 -0.74169E-03  0.95685E+00 -0.13508E-02  0.73280E-04  0.27785E+00  0.89216E-02  0.26927E+00 
   82.00  0.20456E+00 -0.91714E+00  0.52890E-03 -0.80382E-03  0.95636E+00 -0.16464E-02  0.16026E-03  0.24624E+00  0.92646E-02  0.23838E+00 
   83.00  0.20071E+00 -0.92445E+00  0.74820E-03 -0.87742E-03  0.95580E+00 -0.18910E-02  0.26493E-03  0.21396E+00  0.93451E-02  0.20679E+00 
   84.00  0.19676E+00 -0.93071E+00  0.95062E-03 -0.95510E-03  0.95514E+00 -0.20792E-02  0.38360E-03  0.18108E+00  0.91594E-02  0.17456E+00 
   85.00  0.19273E+00 -0.93586E+00  0.11312E-02 -0.10291E-02  0.95440E+00 -0.22093E-02  0.51117E-03  0.14769E+00  0.87199E-02  0.14178E+00 
   86.00  0.18868E+00 -0.93985E+00  0.12861E-02 -0.10925E-02  0.95358E+00 -0.22829E-02  0.64159E-03  0.11390E+00  0.80534E-02  0.10856E+00 
   87.00  0.18468E+00 -0.94262E+00  0.14130E-02 -0.11398E-02  0.95270E+00 -0.23046E-02  0.76839E-03  0.79816E-01  0.71985E-02  0.75015E-01 
   88.00  0.18082E+00 -0.94415E+00  0.15104E-02 -0.11679E-02  0.95179E+00 -0.22812E-02  0.88544E-03  0.45567E-01  0.62009E-02  0.41279E-01 
   89.00  0.17716E+00 -0.94443E+00  0.15785E-02 -0.11766E-02  0.95088E+00 -0.22210E-02  0.98764E-03  0.11264E-01  0.51085E-02  0.74731E-02 
   90.00  0.17375E+00 -0.94348E+00  0.16185E-02 -0.11685E-02  0.95001E+00 -0.21334E-02  0.10715E-02 -0.22987E-01  0.39665E-02 -0.26282E-01 
   91.00  0.17065E+00 -0.94131E+00  0.16326E-02 -0.11484E-02  0.94919E+00 -0.20279E-02  0.11358E-02 -0.57084E-01  0.28126E-02 -0.59874E-01 
   92.00  0.16788E+00 -0.93796E+00  0.16241E-02 -0.11231E-02  0.94846E+00 -0.19132E-02  0.11813E-02 -0.90932E-01  0.16744E-02 -0.93195E-01 
   93.00  0.16544E+00 -0.93346E+00  0.15969E-02 -0.11001E-02  0.94783E+00 -0.17966E-02  0.12108E-02 -0.12444E+00  0.56870E-03 -0.12615E+00 
   94.00  0.16334E+00 -0.92787E+00  0.15551E-02 -0.10863E-02  0.94731E+00 -0.16839E-02  0.12288E-02 -0.15752E+00 -0.49838E-03 -0.15863E+00 
   95.00  0.16156E+00 -0.92124E+00  0.15029E-02 -0.10877E-02  0.94692E+00 -0.15788E-02  0.12403E-02 -0.19009E+00 -0.15282E-02 -0.19056E+00 
   96.00  0.16008E+00 -0.91362E+00  0.14444E-02 -0.11078E-02  0.94663E+00 -0.14833E-02  0.12505E-02 -0.22205E+00 -0.25265E-02 -0.22186E+00 
   97.00  0.15886E+00 -0.90509E+00  0.13833E-02 -0.11482E-02  0.94646E+00 -0.13979E-02  0.12635E-02 -0.25334E+00 -0.34996E-02 -0.25243E+00 
   98.00  0.15788E+00 -0.89571E+00  0.13225E-02 -0.12077E-02  0.94638E+00 -0.13220E-02  0.12823E-02 -0.28388E+00 -0.44514E-02 -0.28223E+00 
   99.00  0.15710E+00 -0.88554E+00  0.12644E-02 -0.12830E-02  0.94637E+00 -0.12540E-02  0.13081E-02 -0.31361E+00 -0.53810E-02 -0.31120E+00 
  100.00  0.15649E+00 -0.87466E+00  0.12108E-02 -0.13693E-02  0.94644E+00 -0.11922E-02  0.13400E-02 -0.34250E+00 -0.62821E-02 -0.33930E+00 
  101.00  0.15602E+00 -0.86313E+00  0.11624E-02 -0.14604E-02  0.94655E+00 -0.11349E-02  0.13758E-02 -0.37051E+00 -0.71429E-02 -0.36652E+00 
  102.00  0.15567E+00 -0.85099E+00  0.11196E-02 -0.15499E-02  0.94670E+00 -0.10802E-02  0.14116E-02 -0.39764E+00 -0.79478E-02 -0.39286E+00 
  103.00  0.15541E+00 -0.83831E+00  0.10818E-02 -0.16314E-02  0.94687E+00 -0.10268E-02  0.14429E-02 -0.42389E+00 -0.86789E-02 -0.41832E+00 
  104.00  0.15523E+00 -0.82513E+00  0.10481E-02 -0.16991E-02  0.94705E+00 -0.97365E-03  0.14645E-02 -0.44928E+00 -0.93186E-02 -0.44293E+00 
  105.00  0.15512E+00 -0.81147E+00  0.10169E-02 -0.17484E-02  0.94724E+00 -0.91973E-03  0.14717E-02 -0.47385E+00 -0.98511E-02 -0.46674E+00 
  106.00  0.15505E+00 -0.79735E+00  0.98642E-03 -0.17755E-02  0.94743E+00 -0.86443E-03  0.14604E-02 -0.49763E+00 -0.10265E-01 -0.48976E+00 
  107.00  0.15504E+00 -0.78281E+00  0.95444E-03 -0.17781E-02  0.94762E+00 -0.80728E-03  0.14274E-02 -0.52066E+00 -0.10553E-01 -0.51205E+00 
  108.00  0.15508E+00 -0.76784E+00  0.91874E-03 -0.17550E-02  0.94780E+00 -0.74790E-03  0.13708E-02 -0.54297E+00 -0.10716E-01 -0.53363E+00 
  109.00  0.15518E+00 -0.75246E+00  0.87715E-03 -0.17063E-02  0.94797E+00 -0.68604E-03  0.12903E-02 -0.56459E+00 -0.10757E-01 -0.55453E+00 
  110.00  0.15533E+00 -0.73668E+00  0.82771E-03 -0.16331E-02  0.94814E+00 -0.62158E-03  0.11870E-02 -0.58554E+00 -0.10687E-01 -0.57478E+00 
  111.00  0.15556E+00 -0.72052E+00  0.76883E-03 -0.15374E-02  0.94831E+00 -0.55450E-03  0.10632E-02 -0.60584E+00 -0.10520E-01 -0.59438E+00 
  112.00  0.15586E+00 -0.70399E+00  0.69942E-03 -0.14219E-02  0.94847E+00 -0.48497E-03  0.92246E-03 -0.62549E+00 -0.10275E-01 -0.61334E+00 
  113.00  0.15625E+00 -0.68711E+00  0.61899E-03 -0.12899E-02  0.94865E+00 -0.41333E-03  0.76938E-03 -0.64451E+00 -0.99691E-02 -0.63167E+00 
  114.00  0.15674E+00 -0.66994E+00  0.52773E-03 -0.11452E-02  0.94883E+00 -0.34014E-03  0.60907E-03 -0.66287E+00 -0.96236E-02 -0.64935E+00 
  115.00  0.15733E+00 -0.65249E+00  0.42649E-03 -0.99189E-03  0.94903E+00 -0.26614E-03  0.44695E-03 -0.68058E+00 -0.92569E-02 -0.66637E+00 
  116.00  0.15803E+00 -0.63481E+00  0.31675E-03 -0.83428E-03  0.94926E+00 -0.19227E-03  0.28845E-03 -0.69763E+00 -0.88864E-02 -0.68274E+00 
  117.00  0.15885E+00 -0.61696E+00  0.20055E-03 -0.67666E-03  0.94950E+00 -0.11958E-03  0.13866E-03 -0.71400E+00 -0.85267E-02 -0.69844E+00 
  118.00  0.15977E+00 -0.59899E+00  0.80339E-04 -0.52324E-03  0.94978E+00 -0.49244E-04  0.21071E-05 -0.72969E+00 -0.81896E-02 -0.71346E+00 
  119.00  0.16081E+00 -0.58094E+00 -0.41168E-04 -0.37797E-03  0.95008E+00  0.17597E-04 -0.11747E-03 -0.74471E+00 -0.78837E-02 -0.72782E+00 
  120.00  0.16195E+00 -0.56288E+00 -0.16115E-03 -0.24441E-03  0.95042E+00  0.79836E-04 -0.21724E-03 -0.75904E+00 -0.76146E-02 -0.74150E+00 
  121.00  0.16318E+00 -0.54484E+00 -0.27684E-03 -0.12565E-03  0.95078E+00  0.13649E-03 -0.29541E-03 -0.77269E+00 -0.73851E-02 -0.75452E+00 
  122.00  0.16449E+00 -0.52687E+00 -0.38569E-03 -0.24192E-04  0.95118E+00  0.18677E-03 -0.35118E-03 -0.78567E+00 -0.71954E-02 -0.76688E+00 
  123.00  0.16586E+00 -0.50902E+00 -0.48547E-03  0.58114E-04  0.95160E+00  0.23007E-03 -0.38471E-03 -0.79800E+00 -0.70438E-02 -0.77860E+00 
  124.00  0.16729E+00 -0.49133E+00 -0.57436E-03  0.12009E-03  0.95204E+00  0.26605E-03 -0.39707E-03 -0.80968E+00 -0.69272E-02 -0.78969E+00 
  125.00  0.16875E+00 -0.47381E+00 -0.65102E-03  0.16122E-03  0.95250E+00  0.29457E-03 -0.39006E-03 -0.82073E+00 -0.68411E-02 -0.80017E+00 
  126.00  0.17023E+00 -0.45651E+00 -0.71456E-03  0.18165E-03  0.95296E+00  0.31574E-03 -0.36613E-03 -0.83116E+00 -0.67806E-02 -0.81005E+00 
  127.00  0.17170E+00 -0.43945E+00 -0.76458E-03  0.18210E-03  0.95343E+00  0.32986E-03 -0.32815E-03 -0.84101E+00 -0.67402E-02 -0.81935E+00 
  128.00  0.17316E+00 -0.42265E+00 -0.80110E-03  0.16380E-03  0.95390E+00  0.33737E-03 -0.27930E-03 -0.85027E+00 -0.67144E-02 -0.82808E+00 
  129.00  0.17459E+00 -0.40611E+00 -0.82452E-03  0.12840E-03  0.95436E+00  0.33885E-03 -0.22288E-03 -0.85897E+00 -0.66978E-02 -0.83626E+00 
  130.00  0.17596E+00 -0.38987E+00 -0.83556E-03  0.77878E-04  0.95480E+00  0.33496E-03 -0.16220E-03 -0.86713E+00 -0.66852E-02 -0.84390E+00 
  131.00  0.17728E+00 -0.37392E+00 -0.83517E-03  0.14407E-04  0.95522E+00  0.32639E-03 -0.10044E-03 -0.87476E+00 -0.66720E-02 -0.85101E+00 
  132.00  0.17853E+00 -0.35829E+00 -0.82446E-03 -0.59712E-04  0.95562E+00  0.31385E-03 -0.40528E-04 -0.88189E+00 -0.66541E-02 -0.85762E+00 
  133.00  0.17970E+00 -0.34297E+00 -0.80468E-03 -0.14216E-03  0.95598E+00  0.29802E-03  0.14940E-04 -0.88852E+00 -0.66279E-02 -0.86372E+00 
  134.00  0.18078E+00 -0.32798E+00 -0.77709E-03 -0.23068E-03  0.95631E+00  0.27956E-03  0.63772E-04 -0.89468E+00 -0.65909E-02 -0.86935E+00 
  135.00  0.18177E+00 -0.31332E+00 -0.74298E-03 -0.32317E-03  0.95660E+00  0.25909E-03  0.10423E-03 -0.90038E+00 -0.65412E-02 -0.87451E+00 
  136.00  0.18267E+00 -0.29899E+00 -0.70358E-03 -0.41772E-03  0.95685E+00  0.23714E-03  0.13508E-03 -0.90564E+00 -0.64776E-02 -0.87923E+00 
  137.00  0.18348E+00 -0.28499E+00 -0.66006E-03 -0.51264E-03  0.95706E+00  0.21424E-03  0.15558E-03 -0.91048E+00 -0.64004E-02 -0.88351E+00 
  138.00  0.18419E+00 -0.27133E+00 -0.61350E-03 -0.60655E-03  0.95723E+00  0.19085E-03  0.16546E-03 -0.91493E+00 -0.63103E-02 -0.88739E+00 
  139.00  0.18480E+00 -0.25800E+00 -0.56490E-03 -0.69830E-03  0.95735E+00  0.16737E-03  0.16496E-03 -0.91900E+00 -0.62091E-02 -0.89087E+00 
  140.00  0.18533E+00 -0.24500E+00 -0.51516E-03 -0.78701E-03  0.95744E+00  0.14421E-03  0.15470E-03 -0.92271E+00 -0.60994E-02 -0.89398E+00 
  141.00  0.18576E+00 -0.23234E+00 -0.46508E-03 -0.87204E-03  0.95748E+00  0.12172E-03  0.13566E-03 -0.92609E+00 -0.59846E-02 -0.89674E+00 
  142.00  0.18612E+00 -0.22000E+00 -0.41539E-03 -0.95291E-03  0.95748E+00  0.10025E-03  0.10912E-03 -0.92915E+00 -0.58682E-02 -0.89917E+00 
  143.00  0.18639E+00 -0.20799E+00 -0.36671E-03 -0.10293E-02  0.95744E+00  0.80109E-04  0.76499E-04 -0.93191E+00 -0.57542E-02 -0.90129E+00 
  144.00  0.18660E+00 -0.19630E+00 -0.31962E-03 -0.11008E-02  0.95737E+00  0.61582E-04  0.39340E-04 -0.93440E+00 -0.56466E-02 -0.90312E+00 
  145.00  0.18674E+00 -0.18493E+00 -0.27461E-03 -0.11673E-02  0.95725E+00  0.44923E-04 -0.84013E-06 -0.93662E+00 -0.55489E-02 -0.90468E+00 
  146.00  0.18682E+00 -0.17388E+00 -0.23212E-03 -0.12284E-02  0.95711E+00  0.30336E-04 -0.42613E-04 -0.93861E+00 -0.54643E-02 -0.90598E+00 
  147.00  0.18685E+00 -0.16316E+00 -0.19252E-03 -0.12837E-02  0.95693E+00  0.17970E-04 -0.84720E-04 -0.94038E+00 -0.53949E-02 -0.90705E+00 
  148.00  0.18685E+00 -0.15276E+00 -0.15612E-03 -0.13328E-02  0.95673E+00  0.79044E-05 -0.12612E-03 -0.94194E+00 -0.53421E-02 -0.90790E+00 
  149.00  0.18680E+00 -0.14269E+00 -0.12315E-03 -0.13752E-02  0.95649E+00  0.14269E-06 -0.16603E-03 -0.94331E+00 -0.53060E-02 -0.90856E+00 
  150.00  0.18674E+00 -0.13295E+00 -0.93798E-04 -0.14104E-02  0.95623E+00 -0.53920E-05 -0.20392E-03 -0.94451E+00 -0.52856E-02 -0.90902E+00 
  151.00  0.18665E+00 -0.12354E+00 -0.68163E-04 -0.14378E-02  0.95595E+00 -0.88557E-05 -0.23949E-03 -0.94554E+00 -0.52786E-02 -0.90932E+00 
  152.00  0.18655E+00 -0.11447E+00 -0.46290E-04 -0.14571E-02  0.95564E+00 -0.10476E-04 -0.27264E-03 -0.94642E+00 -0.52818E-02 -0.90945E+00 
  153.00  0.18645E+00 -0.10575E+00 -0.28156E-04 -0.14679E-02  0.95532E+00 -0.10537E-04 -0.30340E-03 -0.94716E+00 -0.52908E-02 -0.90944E+00 
  154.00  0.18635E+00 -0.97367E-01 -0.13672E-04 -0.14703E-02  0.95498E+00 -0.93649E-05 -0.33189E-03 -0.94777E+00 -0.53007E-02 -0.90930E+00 
  155.00  0.18625E+00 -0.89335E-01 -0.26906E-05 -0.14643E-02  0.95462E+00 -0.73024E-05 -0.35823E-03 -0.94827E+00 -0.53059E-02 -0.90904E+00 
  156.00  0.18617E+00 -0.81655E-01  0.49927E-05 -0.14507E-02  0.95425E+00 -0.46891E-05 -0.38249E-03 -0.94866E+00 -0.53008E-02 -0.90867E+00 
  157.00  0.18611E+00 -0.74327E-01  0.96343E-05 -0.14302E-02  0.95386E+00 -0.18405E-05 -0.40465E-03 -0.94895E+00 -0.52796E-02 -0.90820E+00 
  158.00  0.18606E+00 -0.67354E-01  0.11538E-04 -0.14040E-02  0.95346E+00  0.96965E-06 -0.42454E-03 -0.94916E+00 -0.52373E-02 -0.90764E+00 
  159.00  0.18604E+00 -0.60732E-01  0.11052E-04 -0.13736E-02  0.95305E+00  0.35213E-05 -0.44190E-03 -0.94929E+00 -0.51694E-02 -0.90700E+00 
  160.00  0.18604E+00 -0.54463E-01  0.85617E-05 -0.13406E-02  0.95264E+00  0.56550E-05 -0.45629E-03 -0.94934E+00 -0.50722E-02 -0.90629E+00 
  161.00  0.18607E+00 -0.48544E-01  0.44846E-05 -0.13067E-02  0.95220E+00  0.72724E-05 -0.46721E-03 -0.94934E+00 -0.49431E-02 -0.90553E+00 
  162.00  0.18612E+00 -0.42974E-01 -0.73667E-06 -0.12738E-02  0.95176E+00  0.83328E-05 -0.47404E-03 -0.94928E+00 -0.47805E-02 -0.90470E+00 
  163.00  0.18621E+00 -0.37752E-01 -0.66449E-05 -0.12438E-02  0.95131E+00  0.88453E-05 -0.47619E-03 -0.94917E+00 -0.45841E-02 -0.90382E+00 
  164.00  0.18632E+00 -0.32880E-01 -0.12781E-04 -0.12182E-02  0.95084E+00  0.88587E-05 -0.47308E-03 -0.94901E+00 -0.43543E-02 -0.90289E+00 
  165.00  0.18646E+00 -0.28358E-01 -0.18701E-04 -0.11984E-02  0.95036E+00  0.84505E-05 -0.46422E-03 -0.94882E+00 -0.40930E-02 -0.90192E+00 
  166.00  0.18663E+00 -0.24190E-01 -0.23993E-04 -0.11857E-02  0.94986E+00  0.77158E-05 -0.44926E-03 -0.94858E+00 -0.38027E-02 -0.90090E+00 
  167.00  0.18682E+00 -0.20377E-01 -0.28300E-04 -0.11808E-02  0.94935E+00  0.67570E-05 -0.42808E-03 -0.94830E+00 -0.34869E-02 -0.89983E+00 
  168.00  0.18704E+00 -0.16923E-01 -0.31338E-04 -0.11841E-02  0.94882E+00  0.56754E-05 -0.40080E-03 -0.94799E+00 -0.31500E-02 -0.89872E+00 
  169.00  0.18728E+00 -0.13827E-01 -0.32920E-04 -0.11954E-02  0.94828E+00  0.45636E-05 -0.36783E-03 -0.94764E+00 -0.27972E-02 -0.89758E+00 
  170.00  0.18755E+00 -0.11087E-01 -0.32966E-04 -0.12143E-02  0.94774E+00  0.35002E-05 -0.32989E-03 -0.94726E+00 -0.24348E-02 -0.89641E+00 
  171.00  0.18782E+00 -0.86971E-02 -0.31514E-04 -0.12397E-02  0.94720E+00  0.25458E-05 -0.28803E-03 -0.94686E+00 -0.20695E-02 -0.89523E+00 
  172.00  0.18810E+00 -0.66466E-02 -0.28718E-04 -0.12703E-02  0.94667E+00  0.17407E-05 -0.24358E-03 -0.94644E+00 -0.17090E-02 -0.89406E+00 
  173.00  0.18839E+00 -0.49196E-02 -0.24842E-04 -0.13044E-02  0.94616E+00  0.11048E-05 -0.19815E-03 -0.94601E+00 -0.13618E-02 -0.89292E+00 
  174.00  0.18866E+00 -0.34960E-02 -0.20234E-04 -0.13398E-02  0.94568E+00  0.63859E-06 -0.15351E-03 -0.94560E+00 -0.10366E-02 -0.89184E+00 
  175.00  0.18891E+00 -0.23524E-02 -0.15306E-04 -0.13746E-02  0.94524E+00  0.32622E-06 -0.11154E-03 -0.94520E+00 -0.74217E-03 -0.89084E+00 
  176.00  0.18914E+00 -0.14632E-02 -0.10495E-04 -0.14067E-02  0.94487E+00  0.14005E-06 -0.74098E-04 -0.94485E+00 -0.48721E-03 -0.88998E+00 
  177.00  0.18932E+00 -0.80354E-03 -0.62239E-05 -0.14339E-02  0.94456E+00  0.45956E-07 -0.42913E-04 -0.94455E+00 -0.27960E-03 -0.88926E+00 
  178.00  0.18946E+00 -0.35066E-03 -0.28717E-05 -0.14547E-02  0.94433E+00  0.93168E-08 -0.19475E-04 -0.94433E+00 -0.12608E-03 -0.88873E+00 
  179.00  0.18955E+00 -0.86669E-04 -0.73415E-06 -0.14678E-02  0.94419E+00  0.59144E-09 -0.49304E-05 -0.94419E+00 -0.31796E-04 -0.88840E+00 
  180.00  0.18958E+00 -0.21396E-14 -0.18331E-16 -0.14722E-02  0.94415E+00  0.36517E-30 -0.12271E-15 -0.94415E+00 -0.79034E-15 -0.88829E+00 
 scattering matrix expansion coefficients
    w  a11         a22         a33         a23         a32         a44         a12         a34         a13         a24         a14
    0  0.1000E+01  0.0000E+00  0.0000E+00  0.0000E+00  0.0000E+00  0.8107E+00  0.0000E+00  0.0000E+00  0.0000E+00  0.0000E+00  0.2798E-03
    1  0.2289E+01  0.0000E+00  0.0000E+00  0.0000E+00  0.0000E+00  0.2473E+01  0.0000E+00  0.0000E+00  0.0000E+00  0.0000E+00  0.1199E-02
    2  0.3325E+01  0.2315E+00  0.4042E+01  0.2064E-05  0.1933E-03  0.3310E+01 -0.3364E+00 -0.1902E-02  0.7669E-04  0.1171E-03  0.1633E-02
    3  0.3910E+01  0.5391E-01  0.4329E+01 -0.1494E-05  0.4422E-03  0.3902E+01 -0.1966E+00 -0.5768E-03 -0.5483E-04 -0.1023E-03  0.1690E-02
    4  0.4293E+01  0.1625E-01  0.4617E+01  0.2100E-06  0.1940E-03  0.4308E+01 -0.1600E+00 -0.2893E-02 -0.2240E-03 -0.2083E-03  0.1229E-02
    5  0.4546E+01  0.2103E-01  0.4791E+01 -0.4708E-07  0.5395E-03  0.4531E+01 -0.1312E+00 -0.6494E-03  0.1651E-03  0.5487E-04  0.1100E-02
    6  0.4649E+01  0.3093E-02  0.4863E+01 -0.3139E-06  0.1228E-02  0.4653E+01 -0.1174E+00  0.5129E-03  0.1263E-03  0.4789E-04  0.9686E-03
    7  0.4663E+01  0.4398E-02  0.4843E+01 -0.5929E-07  0.1201E-02  0.4665E+01 -0.1199E+00 -0.2630E-02 -0.2106E-03 -0.4080E-04  0.9061E-03
    8  0.4619E+01  0.4843E-02  0.4766E+01  0.1807E-06  0.1041E-02  0.4617E+01 -0.1156E+00 -0.1102E-01 -0.1077E-03  0.4900E-04  0.1278E-02
    9  0.4537E+01 -0.6390E-03  0.4664E+01  0.2384E-06  0.1123E-02  0.4547E+01 -0.1091E+00 -0.1616E-01  0.2178E-04  0.1879E-03  0.1126E-02
   10  0.4448E+01  0.4289E-02  0.4551E+01  0.1936E-06  0.1168E-02  0.4451E+01 -0.9099E-01 -0.1647E-01  0.1110E-03 -0.1129E-03  0.7174E-03
   11  0.4333E+01  0.4734E-02  0.4423E+01 -0.2303E-06  0.9079E-03  0.4333E+01 -0.6464E-01 -0.1339E-01  0.4794E-04 -0.1354E-03  0.4743E-03
   12  0.4171E+01  0.5371E-02  0.4254E+01 -0.4836E-06  0.2925E-03  0.4166E+01 -0.4169E-01 -0.9996E-02 -0.1584E-03 -0.1523E-03  0.1326E-03
   13  0.3932E+01  0.4713E-02  0.4014E+01 -0.9239E-06 -0.1260E-03  0.3925E+01 -0.3760E-01 -0.6806E-02 -0.9012E-04 -0.1282E-03 -0.1750E-04
   14  0.3614E+01 -0.2573E-06  0.3697E+01  0.7985E-06 -0.1011E-03  0.3613E+01 -0.5435E-01 -0.5995E-02  0.8877E-04  0.1915E-04 -0.2091E-04
   15  0.3254E+01 -0.2814E-02  0.3332E+01  0.1262E-05 -0.2531E-04  0.3260E+01 -0.7413E-01 -0.6896E-02  0.7718E-04  0.4978E-04 -0.1409E-03
   16  0.2898E+01 -0.7081E-03  0.2964E+01  0.1233E-05 -0.1296E-03  0.2903E+01 -0.7922E-01 -0.8486E-02 -0.5138E-04 -0.6253E-04 -0.4279E-03
   17  0.2569E+01  0.1297E-02  0.2623E+01  0.6958E-06 -0.2235E-03  0.2571E+01 -0.7133E-01 -0.9465E-02 -0.9100E-04 -0.4901E-04 -0.5872E-03
   18  0.2270E+01  0.1457E-02  0.2315E+01  0.2017E-06 -0.6660E-04  0.2272E+01 -0.5874E-01 -0.8796E-02 -0.3829E-04 -0.3279E-04 -0.6205E-03
   19  0.1996E+01  0.1384E-02  0.2034E+01  0.7841E-07  0.2498E-03  0.1997E+01 -0.4593E-01 -0.6747E-02  0.3594E-04 -0.4720E-04 -0.5733E-03
   20  0.1734E+01  0.1772E-02  0.1768E+01 -0.9814E-07  0.4911E-03  0.1734E+01 -0.3575E-01 -0.4627E-02  0.5744E-04 -0.5226E-04 -0.4905E-03
   21  0.1476E+01  0.1405E-02  0.1506E+01 -0.2982E-06  0.5589E-03  0.1475E+01 -0.3248E-01 -0.3188E-02  0.2741E-04 -0.1789E-04 -0.3644E-03
   22  0.1219E+01  0.1833E-03  0.1247E+01 -0.3543E-06  0.5355E-03  0.1220E+01 -0.3627E-01 -0.2277E-02 -0.4576E-05 -0.2439E-05 -0.2507E-03
   23  0.9767E+00 -0.7829E-03  0.1001E+01 -0.3039E-06  0.5014E-03  0.9790E+00 -0.4145E-01 -0.1636E-02 -0.8491E-05 -0.2155E-04 -0.2016E-03
   24  0.7653E+00 -0.4904E-03  0.7848E+00 -0.2287E-06  0.4603E-03  0.7674E+00 -0.4102E-01 -0.1258E-02  0.2126E-05 -0.3346E-04 -0.1764E-03
   25  0.5924E+00  0.4316E-03  0.6067E+00 -0.1685E-06  0.4029E-03  0.5928E+00 -0.3408E-01 -0.9089E-03  0.1037E-04 -0.1951E-04 -0.1130E-03
   26  0.4532E+00  0.9133E-03  0.4636E+00 -0.1152E-06  0.3361E-03  0.4523E+00 -0.2546E-01 -0.3330E-03  0.8650E-05 -0.1611E-05 -0.2004E-04
   27  0.3376E+00  0.6489E-03  0.3459E+00 -0.6772E-07  0.2673E-03  0.3369E+00 -0.1986E-01  0.4128E-03 -0.3954E-06  0.4325E-05  0.5033E-04
   28  0.2397E+00  0.1758E-03  0.2466E+00 -0.4159E-07  0.1983E-03  0.2396E+00 -0.1768E-01  0.9910E-03 -0.1072E-04  0.1346E-05  0.6956E-04
   29  0.1589E+00 -0.4118E-04  0.1643E+00 -0.1938E-07  0.1329E-03  0.1592E+00 -0.1647E-01  0.1176E-02 -0.1643E-04 -0.5022E-06  0.5319E-04
   30  0.9706E-01  0.3421E-04  0.1008E+00 -0.4335E-08  0.7893E-04  0.9728E-01 -0.1421E-01  0.1011E-02 -0.1598E-04  0.2792E-06  0.2773E-04
   31  0.5429E-01  0.1837E-03  0.5654E-01  0.1942E-08  0.4113E-04  0.5422E-01 -0.1075E-01  0.6961E-03 -0.1182E-04  0.1899E-05  0.9535E-05
   32  0.2775E-01  0.2539E-03  0.2889E-01  0.3064E-08  0.1884E-04  0.2748E-01 -0.7064E-02  0.4015E-03 -0.7106E-05  0.2480E-05  0.9499E-06
   33  0.1298E-01  0.2269E-03  0.1346E-01  0.2837E-08  0.7615E-05  0.1268E-01 -0.4059E-02  0.1998E-03 -0.3604E-05  0.2079E-05 -0.1492E-05
   34  0.5561E-02  0.1561E-03  0.5736E-02  0.2421E-08  0.2757E-05  0.5338E-02 -0.2060E-02  0.8730E-04 -0.1594E-05  0.1323E-05 -0.1435E-05
   35  0.2191E-02  0.8860E-04  0.2241E-02  0.1940E-08  0.9038E-06  0.2057E-02 -0.9331E-03  0.3394E-04 -0.6283E-06  0.6873E-06 -0.8255E-06
   36  0.7962E-03  0.4312E-04  0.8060E-03  0.1448E-08  0.2672E-06  0.7289E-03 -0.3808E-03  0.1187E-04 -0.2206E-06  0.3017E-06 -0.3695E-06
   37  0.2677E-03  0.1841E-04  0.2678E-03  0.9707E-09  0.7277E-07  0.2382E-03 -0.1410E-03  0.3766E-05 -0.7080E-07  0.1163E-06 -0.1441E-06
   38  0.8347E-04  0.7011E-05  0.8241E-04  0.5641E-09  0.1863E-07  0.7203E-04 -0.4773E-04  0.1088E-05 -0.2114E-07  0.4121E-07 -0.5356E-07
   39  0.2420E-04  0.2410E-05  0.2355E-04  0.2821E-09  0.4875E-08  0.2020E-04 -0.1483E-04  0.2846E-06 -0.6035E-08  0.1393E-07 -0.2006E-07
   40  0.6526E-05  0.7535E-06  0.6258E-05  0.1204E-09  0.1505E-08  0.5260E-05 -0.4246E-05  0.6697E-07 -0.1728E-08  0.4544E-08 -0.7442E-08
   41  0.1636E-05  0.2151E-06  0.1545E-05  0.4417E-10  0.5031E-09  0.1271E-05 -0.1121E-05  0.1396E-07 -0.5311E-09  0.1387E-08 -0.2468E-08
   42  0.3812E-06  0.5604E-07  0.3542E-06  0.1389E-10  0.1308E-09  0.2850E-06 -0.2730E-06  0.2686E-08 -0.1241E-09  0.3724E-09 -0.6998E-09
   43  0.8271E-07  0.1332E-07  0.7569E-07  0.3671E-11  0.3278E-10  0.5965E-07 -0.6147E-07  0.4930E-09 -0.3033E-10  0.9045E-10 -0.1752E-09
   44  0.1705E-07  0.2897E-08  0.1543E-07  0.7699E-12  0.5350E-11  0.1200E-07 -0.1296E-07  0.1211E-09 -0.3704E-11  0.1792E-10 -0.3598E-10
   45  0.3398E-08  0.5862E-09  0.3052E-08  0.1071E-12  0.7970E-12  0.2375E-08 -0.2624E-08  0.3596E-10 -0.5657E-12  0.3749E-11 -0.8206E-11
   46  0.8487E-09  0.1297E-09  0.7772E-09  0.1428E-16  0.9612E-13  0.6228E-09 -0.6267E-09  0.1155E-10  0.5205E-13  0.4056E-12 -0.1237E-11
   47  0.1554E-09  0.2397E-10  0.1398E-09 -0.7790E-14 -0.9738E-13  0.1146E-09 -0.1188E-09  0.3486E-11  0.6836E-13  0.2059E-12 -0.4921E-12
   48  0.8463E-10  0.1247E-10  0.7788E-10 -0.3862E-14 -0.1978E-13  0.6284E-10 -0.6172E-10  0.6796E-12  0.1867E-13  0.1946E-13 -0.9986E-13
   49  0.7466E-11  0.1144E-11  0.6579E-11 -0.1141E-14 -0.8949E-14  0.5614E-11 -0.5744E-11  0.1844E-12  0.6438E-14  0.1619E-13 -0.3329E-13
   50  0.8499E-11  0.1526E-11  0.7579E-11 -0.3161E-15 -0.3675E-14  0.5798E-11 -0.6590E-11  0.8559E-14  0.2103E-14  0.5035E-14 -0.1336E-13
   51  0.2108E-12  0.3468E-13  0.1770E-12 -0.6284E-16 -0.2975E-15  0.1590E-12 -0.1636E-12  0.4897E-14  0.2553E-15  0.6026E-15 -0.1107E-14
   52  0.5402E-12  0.1122E-12  0.4633E-12 -0.5543E-17 -0.2478E-15  0.3375E-12 -0.4400E-12 -0.8159E-15  0.1158E-15  0.4447E-15 -0.9373E-15
   53  0.1698E-14  0.1557E-15  0.1053E-14 -0.1549E-18  0.8997E-18  0.1911E-14 -0.9692E-15  0.6411E-16 -0.2835E-18 -0.1426E-17 -0.5687E-17
   54  0.2461E-13  0.5914E-14  0.2088E-13  0.1316E-19 -0.1274E-16  0.1422E-13 -0.2112E-13 -0.5236E-16  0.5952E-17  0.2515E-16 -0.4638E-16
