 input file is 
mstm17_256_9598_13_0006.inp   
 input file comments follow:
***********************************************************
  This is the default mstm input file for v.3.0.
  The run is for a 7-sphere cluster of identical spheres.   The positions
  are embedded in the input file.

  The run makes use of the new_run and multiple_run options.

  14 April 2013
***********************************************************
 number of processors:
   1
 input parameters for run number 
    1
 number of spheres, volume size parameter:
  256  0.60944E+01
 position file:
position/n256/a17.out                                       
 output file:
output/256/x9598/13/0006/mt_17_256_9598_13_0006.dat         
 length, ref. indx. scale factors:
   0.960   1.300   0.006
 chiral factors:
  0.00000E+00  0.00000E+00
 scattering matrix directions based on incident frame
 automatic scattering angle calculation
 thetamin, thetamax:
      0.0    180.0
 number scattering angles:
      181
 epsmie, epssoln, max number iterations:
  0.1000E-05  0.1000E-07 5000
 medium refractive index:
  1.0000  0.0000
 target euler rotation angles:
    0.0000    0.0000    0.0000
 far field kr, iterations/correction:
  0.1000E-07   20
 plane wave incidence
 random orientation calculations
 t matrix calculated, stored in file 
tmatrixfiles/tmf_17_256_9598_13_0006                        
 t matrix convergence epsilon:
  0.1000E-06
 all spheres excited (total T matrix) 
 calculation results for run 
    1
 total ext, abs, scat efficiencies, w.r.t. xv, and asym. parm
  0.16421E+01  0.10937E+00  0.15327E+01  0.76749E+00
 scattering matrix elements (normalized w/ S11)
   theta      11           12           13           14           22           23           24           33           34           44     
    0.00  0.15017E+03  0.00000E+00  0.00000E+00  0.23361E-04  0.99996E+00 -0.24688E-04  0.00000E+00  0.99996E+00  0.00000E+00  0.99993E+00
    1.00  0.14067E+03 -0.24877E-03 -0.62666E-07  0.24250E-04  0.99996E+00 -0.18395E-04 -0.78616E-08  0.99996E+00 -0.17938E-03  0.99992E+00
    2.00  0.11674E+03 -0.10270E-02 -0.26218E-06  0.26554E-04  0.99994E+00  0.50615E-06 -0.42677E-07  0.99994E+00 -0.77219E-03  0.99989E+00
    3.00  0.88693E+02 -0.23919E-02 -0.61027E-06  0.29314E-04  0.99992E+00  0.30260E-04 -0.13563E-06  0.99991E+00 -0.18860E-02  0.99984E+00
    4.00  0.65590E+02 -0.42664E-02 -0.10396E-05  0.31775E-04  0.99989E+00  0.62357E-04 -0.30969E-06  0.99987E+00 -0.34392E-02  0.99976E+00
    5.00  0.50572E+02 -0.62532E-02 -0.13512E-05  0.34675E-04  0.99986E+00  0.81738E-04 -0.50012E-06  0.99982E+00 -0.48614E-02  0.99969E+00
    6.00  0.41597E+02 -0.79302E-02 -0.14175E-05  0.38515E-04  0.99983E+00  0.83056E-04 -0.53286E-06  0.99977E+00 -0.55101E-02  0.99961E+00
    7.00  0.35315E+02 -0.93700E-02 -0.13910E-05  0.39179E-04  0.99980E+00  0.77378E-04 -0.25560E-06  0.99973E+00 -0.54511E-02  0.99954E+00
    8.00  0.29925E+02 -0.10960E-01 -0.14991E-05  0.29049E-04  0.99977E+00  0.74618E-04  0.37965E-06  0.99968E+00 -0.51648E-02  0.99947E+00
    9.00  0.25272E+02 -0.13015E-01 -0.17640E-05  0.38476E-05  0.99973E+00  0.75028E-04  0.12842E-05  0.99962E+00 -0.49352E-02  0.99938E+00
   10.00  0.21548E+02 -0.15619E-01 -0.19340E-05 -0.31335E-04  0.99969E+00  0.75472E-04  0.22004E-05  0.99956E+00 -0.47395E-02  0.99928E+00
   11.00  0.18573E+02 -0.18636E-01 -0.17190E-05 -0.66008E-04  0.99963E+00  0.76296E-04  0.28601E-05  0.99947E+00 -0.44623E-02  0.99915E+00
   12.00  0.16030E+02 -0.21882E-01 -0.11123E-05 -0.94623E-04  0.99956E+00  0.80110E-04  0.32063E-05  0.99935E+00 -0.41183E-02  0.99898E+00
   13.00  0.13817E+02 -0.25284E-01 -0.34960E-06 -0.11703E-03  0.99949E+00  0.86521E-04  0.33341E-05  0.99919E+00 -0.38369E-02  0.99877E+00
   14.00  0.11990E+02 -0.28876E-01  0.52491E-06 -0.13156E-03  0.99942E+00  0.92071E-04  0.32587E-05  0.99900E+00 -0.36826E-02  0.99852E+00
   15.00  0.10530E+02 -0.32719E-01  0.20303E-05 -0.13541E-03  0.99933E+00  0.96498E-04  0.28549E-05  0.99880E+00 -0.35395E-02  0.99825E+00
   16.00  0.93043E+01 -0.36847E-01  0.48994E-05 -0.13206E-03  0.99923E+00  0.10669E-03  0.20912E-05  0.99856E+00 -0.32084E-02  0.99795E+00
   17.00  0.82088E+01 -0.41282E-01  0.91322E-05 -0.13124E-03  0.99912E+00  0.13084E-03  0.12407E-05  0.99829E+00 -0.25758E-02  0.99759E+00
   18.00  0.72290E+01 -0.46032E-01  0.13528E-04 -0.13815E-03  0.99898E+00  0.16740E-03  0.69574E-06  0.99795E+00 -0.16396E-02  0.99714E+00
   19.00  0.63811E+01 -0.51066E-01  0.16539E-04 -0.14436E-03  0.99881E+00  0.19959E-03  0.44268E-06  0.99754E+00 -0.43383E-03  0.99660E+00
   20.00  0.56539E+01 -0.56374E-01  0.17875E-04 -0.13232E-03  0.99863E+00  0.20511E-03 -0.20166E-06  0.99705E+00  0.97350E-03  0.99598E+00
   21.00  0.50222E+01 -0.62112E-01  0.18758E-04 -0.90316E-04  0.99843E+00  0.17534E-03 -0.20194E-05  0.99650E+00  0.23603E-02  0.99529E+00
   22.00  0.44732E+01 -0.68616E-01  0.20149E-04 -0.22318E-04  0.99826E+00  0.12518E-03 -0.48768E-05  0.99587E+00  0.33041E-02  0.99454E+00
   23.00  0.39964E+01 -0.76113E-01  0.21167E-04  0.54262E-04  0.99809E+00  0.80444E-04 -0.73383E-05  0.99513E+00  0.34444E-02  0.99369E+00
   24.00  0.35666E+01 -0.84378E-01  0.20036E-04  0.11933E-03  0.99790E+00  0.51665E-04 -0.75364E-05  0.99423E+00  0.28778E-02  0.99268E+00
   25.00  0.31583E+01 -0.92839E-01  0.16638E-04  0.16149E-03  0.99763E+00  0.22379E-04 -0.46177E-05  0.99320E+00  0.21615E-02  0.99147E+00
   26.00  0.27701E+01 -0.10107E+00  0.13509E-04  0.18423E-03  0.99727E+00 -0.31923E-04  0.44885E-06  0.99205E+00  0.18357E-02  0.99007E+00
   27.00  0.24235E+01 -0.10920E+00  0.13888E-04  0.20543E-03  0.99687E+00 -0.11186E-03  0.51578E-05  0.99077E+00  0.19342E-02  0.98853E+00
   28.00  0.21381E+01 -0.11782E+00  0.18383E-04  0.24480E-03  0.99646E+00 -0.18161E-03  0.70818E-05  0.98934E+00  0.19459E-02  0.98683E+00
   29.00  0.19146E+01 -0.12739E+00  0.23780E-04  0.30088E-03  0.99607E+00 -0.19625E-03  0.61970E-05  0.98771E+00  0.13491E-02  0.98496E+00
   30.00  0.17397E+01 -0.13774E+00  0.26093E-04  0.34471E-03  0.99571E+00 -0.14509E-03  0.52735E-05  0.98590E+00  0.16857E-03  0.98294E+00
   31.00  0.15986E+01 -0.14830E+00  0.24467E-04  0.34698E-03  0.99538E+00 -0.62562E-04  0.70844E-05  0.98400E+00 -0.11320E-02  0.98086E+00
   32.00  0.14822E+01 -0.15875E+00  0.21535E-04  0.30765E-03  0.99508E+00 -0.74851E-06  0.11490E-04  0.98205E+00 -0.22038E-02  0.97876E+00
   33.00  0.13880E+01 -0.16926E+00  0.20613E-04  0.24964E-03  0.99480E+00  0.41293E-05  0.15944E-04  0.97998E+00 -0.30415E-02  0.97657E+00
   34.00  0.13164E+01 -0.18019E+00  0.23015E-04  0.18719E-03  0.99452E+00 -0.49702E-04  0.18767E-04  0.97773E+00 -0.36836E-02  0.97419E+00
   35.00  0.12642E+01 -0.19168E+00  0.27758E-04  0.11473E-03  0.99427E+00 -0.13054E-03  0.20940E-04  0.97526E+00 -0.39521E-02  0.97161E+00
   36.00  0.12216E+01 -0.20363E+00  0.33590E-04  0.29565E-04  0.99404E+00 -0.19534E-03  0.24060E-04  0.97259E+00 -0.36951E-02  0.96884E+00
   37.00  0.11767E+01 -0.21595E+00  0.41242E-04 -0.52681E-04  0.99380E+00 -0.21990E-03  0.27818E-04  0.96968E+00 -0.31471E-02  0.96584E+00
   38.00  0.11247E+01 -0.22866E+00  0.53492E-04 -0.11711E-03  0.99352E+00 -0.21021E-03  0.31032E-04  0.96646E+00 -0.28132E-02  0.96251E+00
   39.00  0.10700E+01 -0.24179E+00  0.72291E-04 -0.17476E-03  0.99319E+00 -0.18611E-03  0.34724E-04  0.96288E+00 -0.29685E-02  0.95879E+00
   40.00  0.10187E+01 -0.25519E+00  0.94703E-04 -0.25406E-03  0.99283E+00 -0.15286E-03  0.42374E-04  0.95898E+00 -0.33539E-02  0.95475E+00
   41.00  0.97036E+00 -0.26866E+00  0.11220E-03 -0.36008E-03  0.99247E+00 -0.89953E-04  0.55496E-04  0.95483E+00 -0.34819E-02  0.95048E+00
   42.00  0.91989E+00 -0.28217E+00  0.11572E-03 -0.45332E-03  0.99207E+00  0.24309E-04  0.69675E-04  0.95039E+00 -0.32043E-02  0.94594E+00
   43.00  0.86581E+00 -0.29585E+00  0.10235E-03 -0.48122E-03  0.99162E+00  0.17453E-03  0.77042E-04  0.94556E+00 -0.27790E-02  0.94102E+00
   44.00  0.81356E+00 -0.30989E+00  0.78560E-04 -0.43162E-03  0.99113E+00  0.29649E-03  0.73963E-04  0.94034E+00 -0.23847E-02  0.93568E+00
   45.00  0.76979E+00 -0.32434E+00  0.57294E-04 -0.35388E-03  0.99065E+00  0.31491E-03  0.66907E-04  0.93480E+00 -0.17721E-02  0.93000E+00
   46.00  0.73586E+00 -0.33922E+00  0.49229E-04 -0.31574E-03  0.99021E+00  0.20772E-03  0.68536E-04  0.92898E+00 -0.60382E-03  0.92404E+00
   47.00  0.70820E+00 -0.35458E+00  0.55872E-04 -0.33769E-03  0.98980E+00  0.25859E-04  0.85710E-04  0.92280E+00  0.90971E-03  0.91771E+00
   48.00  0.68349E+00 -0.37049E+00  0.72167E-04 -0.38354E-03  0.98940E+00 -0.15401E-03  0.11258E-03  0.91609E+00  0.20172E-02  0.91084E+00
   49.00  0.66082E+00 -0.38690E+00  0.93667E-04 -0.40862E-03  0.98901E+00 -0.28404E-03  0.13539E-03  0.90880E+00  0.21605E-02  0.90342E+00
   50.00  0.63941E+00 -0.40356E+00  0.11953E-03 -0.40259E-03  0.98862E+00 -0.36006E-03  0.14320E-03  0.90099E+00  0.15578E-02  0.89548E+00
   51.00  0.61667E+00 -0.42026E+00  0.14966E-03 -0.38573E-03  0.98815E+00 -0.40087E-03  0.13457E-03  0.89271E+00  0.90300E-03  0.88705E+00
   52.00  0.59013E+00 -0.43700E+00  0.18084E-03 -0.37599E-03  0.98751E+00 -0.42246E-03  0.11559E-03  0.88388E+00  0.54881E-03  0.87799E+00
   53.00  0.56052E+00 -0.45399E+00  0.20650E-03 -0.37093E-03  0.98672E+00 -0.43191E-03  0.93574E-04  0.87435E+00  0.18466E-03  0.86814E+00
   54.00  0.53119E+00 -0.47134E+00  0.22070E-03 -0.35809E-03  0.98584E+00 -0.43717E-03  0.73158E-04  0.86409E+00 -0.67435E-03  0.85751E+00
   55.00  0.50460E+00 -0.48897E+00  0.22284E-03 -0.33359E-03  0.98497E+00 -0.45186E-03  0.55465E-04  0.85317E+00 -0.20217E-02  0.84622E+00
   56.00  0.48050E+00 -0.50669E+00  0.21818E-03 -0.30648E-03  0.98413E+00 -0.48551E-03  0.39167E-04  0.84171E+00 -0.33547E-02  0.83442E+00
   57.00  0.45808E+00 -0.52434E+00  0.21382E-03 -0.28928E-03  0.98330E+00 -0.53400E-03  0.23331E-04  0.82976E+00 -0.43197E-02  0.82214E+00
   58.00  0.43867E+00 -0.54190E+00  0.21639E-03 -0.29234E-03  0.98250E+00 -0.58791E-03  0.10940E-04  0.81738E+00 -0.51073E-02  0.80949E+00
   59.00  0.42512E+00 -0.55940E+00  0.23401E-03 -0.32485E-03  0.98188E+00 -0.65292E-03  0.93896E-05  0.80471E+00 -0.60822E-02  0.79669E+00
   60.00  0.41816E+00 -0.57687E+00  0.27655E-03 -0.39008E-03  0.98156E+00 -0.75567E-03  0.24570E-04  0.79180E+00 -0.71591E-02  0.78382E+00
   61.00  0.41426E+00 -0.59439E+00  0.34960E-03 -0.47444E-03  0.98141E+00 -0.91878E-03  0.53031E-04  0.77840E+00 -0.78152E-02  0.77056E+00
   62.00  0.40786E+00 -0.61216E+00  0.44711E-03 -0.54680E-03  0.98116E+00 -0.11295E-02  0.81752E-04  0.76398E+00 -0.77344E-02  0.75622E+00
   63.00  0.39570E+00 -0.63037E+00  0.54924E-03 -0.57256E-03  0.98061E+00 -0.13340E-02  0.95445E-04  0.74806E+00 -0.72157E-02  0.74023E+00
   64.00  0.37893E+00 -0.64909E+00  0.62718E-03 -0.53287E-03  0.97976E+00 -0.14600E-02  0.84794E-04  0.73049E+00 -0.69708E-02  0.72244E+00
   65.00  0.36135E+00 -0.66811E+00  0.65647E-03 -0.43981E-03  0.97878E+00 -0.14594E-02  0.52423E-04  0.71156E+00 -0.75897E-02  0.70323E+00
   66.00  0.34600E+00 -0.68710E+00  0.63514E-03 -0.33431E-03  0.97788E+00 -0.13489E-02  0.13219E-04  0.69179E+00 -0.90873E-02  0.68326E+00
   67.00  0.33345E+00 -0.70574E+00  0.58834E-03 -0.26049E-03  0.97713E+00 -0.12044E-02 -0.13935E-04  0.67157E+00 -0.10921E-01  0.66296E+00
   68.00  0.32252E+00 -0.72391E+00  0.54958E-03 -0.23784E-03  0.97648E+00 -0.11028E-02 -0.17101E-04  0.65094E+00 -0.12434E-01  0.64234E+00
   69.00  0.31194E+00 -0.74161E+00  0.53627E-03 -0.25690E-03  0.97582E+00 -0.10685E-02  0.40495E-05  0.62975E+00 -0.13228E-01  0.62116E+00
   70.00  0.30111E+00 -0.75881E+00  0.54212E-03 -0.29368E-03  0.97510E+00 -0.10704E-02  0.39964E-04  0.60783E+00 -0.13228E-01  0.59922E+00
   71.00  0.28986E+00 -0.77545E+00  0.54851E-03 -0.32330E-03  0.97431E+00 -0.10594E-02  0.74932E-04  0.58511E+00 -0.12613E-01  0.57645E+00
   72.00  0.27824E+00 -0.79150E+00  0.54213E-03 -0.32570E-03  0.97345E+00 -0.10078E-02  0.91621E-04  0.56151E+00 -0.11759E-01  0.55281E+00
   73.00  0.26672E+00 -0.80698E+00  0.52452E-03 -0.28762E-03  0.97256E+00 -0.92292E-03  0.77006E-04  0.53702E+00 -0.11139E-01  0.52831E+00
   74.00  0.25640E+00 -0.82196E+00  0.50826E-03 -0.20695E-03  0.97174E+00 -0.83338E-03  0.28754E-04  0.51173E+00 -0.11099E-01  0.50310E+00
   75.00  0.24848E+00 -0.83645E+00  0.50509E-03 -0.96998E-04  0.97114E+00 -0.76660E-03 -0.41764E-04  0.48596E+00 -0.11626E-01  0.47752E+00
   76.00  0.24347E+00 -0.85042E+00  0.51628E-03  0.17859E-04  0.97082E+00 -0.73333E-03 -0.11485E-03  0.45995E+00 -0.12346E-01  0.45183E+00
   77.00  0.24073E+00 -0.86380E+00  0.53268E-03  0.11705E-03  0.97071E+00 -0.72615E-03 -0.17485E-03  0.43366E+00 -0.12864E-01  0.42591E+00
   78.00  0.23890E+00 -0.87655E+00  0.54266E-03  0.19593E-03  0.97063E+00 -0.72628E-03 -0.21857E-03  0.40671E+00 -0.13098E-01  0.39930E+00
   79.00  0.23683E+00 -0.88861E+00  0.53847E-03  0.26347E-03  0.97043E+00 -0.70935E-03 -0.25222E-03  0.37874E+00 -0.13263E-01  0.37157E+00
   80.00  0.23417E+00 -0.89992E+00  0.51650E-03  0.33071E-03  0.97005E+00 -0.64884E-03 -0.28270E-03  0.34976E+00 -0.13536E-01  0.34270E+00
   81.00  0.23123E+00 -0.91039E+00  0.47485E-03  0.40222E-03  0.96960E+00 -0.52373E-03 -0.31233E-03  0.32013E+00 -0.13782E-01  0.31312E+00
   82.00  0.22841E+00 -0.91991E+00  0.41337E-03  0.47577E-03  0.96919E+00 -0.33224E-03 -0.34064E-03  0.29040E+00 -0.13592E-01  0.28343E+00
   83.00  0.22573E+00 -0.92844E+00  0.33716E-03  0.54702E-03  0.96888E+00 -0.10193E-03 -0.36877E-03  0.26083E+00 -0.12628E-01  0.25396E+00
   84.00  0.22295E+00 -0.93597E+00  0.26008E-03  0.61249E-03  0.96865E+00  0.11560E-03 -0.40059E-03  0.23128E+00 -0.10935E-01  0.22459E+00
   85.00  0.21979E+00 -0.94254E+00  0.20309E-03  0.66876E-03  0.96844E+00  0.26626E-03 -0.43894E-03  0.20133E+00 -0.89437E-02  0.19491E+00
   86.00  0.21625E+00 -0.94817E+00  0.18509E-03  0.71154E-03  0.96819E+00  0.32068E-03 -0.48165E-03  0.17058E+00 -0.71706E-02  0.16445E+00
   87.00  0.21249E+00 -0.95282E+00  0.20951E-03  0.73853E-03  0.96789E+00  0.29296E-03 -0.52259E-03  0.13888E+00 -0.58615E-02  0.13304E+00
   88.00  0.20872E+00 -0.95643E+00  0.25537E-03  0.75442E-03  0.96754E+00  0.23885E-03 -0.55799E-03  0.10638E+00 -0.48464E-02  0.10078E+00
   89.00  0.20497E+00 -0.95892E+00  0.28205E-03  0.77212E-03  0.96715E+00  0.23000E-03 -0.59243E-03  0.73352E-01 -0.36906E-02  0.67959E-01
   90.00  0.20119E+00 -0.96024E+00  0.24853E-03  0.80679E-03  0.96673E+00  0.31690E-03 -0.63837E-03  0.40097E-01 -0.20147E-02  0.34897E-01
   91.00  0.19730E+00 -0.96036E+00  0.13644E-03  0.86671E-03  0.96626E+00  0.50249E-03 -0.70888E-03  0.67943E-02  0.25169E-03  0.18208E-02
   92.00  0.19330E+00 -0.95931E+00 -0.37637E-04  0.94871E-03  0.96577E+00  0.74193E-03 -0.80932E-03 -0.26477E-01  0.28345E-02 -0.31153E-01
   93.00  0.18923E+00 -0.95708E+00 -0.22913E-03  0.10423E-02  0.96525E+00  0.96774E-03 -0.93424E-03 -0.59686E-01  0.52824E-02 -0.63981E-01
   94.00  0.18520E+00 -0.95371E+00 -0.38803E-03  0.11389E-02  0.96474E+00  0.11250E-02 -0.10707E-02 -0.92805E-01  0.72068E-02 -0.96647E-01
   95.00  0.18130E+00 -0.94919E+00 -0.48350E-03  0.12370E-02  0.96424E+00  0.11964E-02 -0.12041E-02 -0.12578E+00  0.84533E-02 -0.12913E+00
   96.00  0.17766E+00 -0.94354E+00 -0.51553E-03  0.13396E-02  0.96376E+00  0.12027E-02 -0.13209E-02 -0.15856E+00  0.91278E-02 -0.16138E+00
   97.00  0.17439E+00 -0.93678E+00 -0.50738E-03  0.14438E-02  0.96334E+00  0.11829E-02 -0.14081E-02 -0.19103E+00  0.94900E-02 -0.19331E+00
   98.00  0.17156E+00 -0.92900E+00 -0.48599E-03  0.15357E-02  0.96295E+00  0.11673E-02 -0.14535E-02 -0.22312E+00  0.97915E-02 -0.22481E+00
   99.00  0.16911E+00 -0.92025E+00 -0.46478E-03  0.15944E-02  0.96260E+00  0.11615E-02 -0.14496E-02 -0.25471E+00  0.10149E-01 -0.25574E+00
  100.00  0.16695E+00 -0.91061E+00 -0.44030E-03  0.16052E-02  0.96226E+00  0.11501E-02 -0.14025E-02 -0.28566E+00  0.10514E-01 -0.28596E+00
  101.00  0.16494E+00 -0.90015E+00 -0.40263E-03  0.15714E-02  0.96191E+00  0.11130E-02 -0.13354E-02 -0.31589E+00  0.10745E-01 -0.31540E+00
  102.00  0.16303E+00 -0.88892E+00 -0.34930E-03  0.15152E-02  0.96157E+00  0.10420E-02 -0.12834E-02 -0.34531E+00  0.10726E-01 -0.34401E+00
  103.00  0.16125E+00 -0.87701E+00 -0.29107E-03  0.14667E-02  0.96127E+00  0.94589E-03 -0.12781E-02 -0.37389E+00  0.10457E-01 -0.37183E+00
  104.00  0.15973E+00 -0.86447E+00 -0.24531E-03  0.14459E-02  0.96107E+00  0.84368E-03 -0.13304E-02 -0.40169E+00  0.10072E-01 -0.39894E+00
  105.00  0.15856E+00 -0.85134E+00 -0.22218E-03  0.14516E-02  0.96099E+00  0.75174E-03 -0.14217E-02 -0.42876E+00  0.97693E-02 -0.42541E+00
  106.00  0.15774E+00 -0.83761E+00 -0.21438E-03  0.14620E-02  0.96103E+00  0.67427E-03 -0.15122E-02 -0.45520E+00  0.96921E-02 -0.45131E+00
  107.00  0.15715E+00 -0.82324E+00 -0.19890E-03  0.14482E-02  0.96115E+00  0.60316E-03 -0.15628E-02 -0.48104E+00  0.98430E-02 -0.47663E+00
  108.00  0.15661E+00 -0.80820E+00 -0.15012E-03  0.13915E-02  0.96128E+00  0.52599E-03 -0.15571E-02 -0.50622E+00  0.10076E-01 -0.50129E+00
  109.00  0.15598E+00 -0.79255E+00 -0.55540E-04  0.12926E-02  0.96136E+00  0.43606E-03 -0.15094E-02 -0.53064E+00  0.10170E-01 -0.52517E+00
  110.00  0.15525E+00 -0.77637E+00  0.75582E-04  0.11702E-02  0.96137E+00  0.33769E-03 -0.14562E-02 -0.55418E+00  0.99328E-02 -0.54812E+00
  111.00  0.15449E+00 -0.75981E+00  0.21537E-03  0.10497E-02  0.96134E+00  0.24445E-03 -0.14350E-02 -0.57674E+00  0.92855E-02 -0.57008E+00
  112.00  0.15385E+00 -0.74299E+00  0.33040E-03  0.94935E-03  0.96132E+00  0.17200E-03 -0.14630E-02 -0.59833E+00  0.82776E-02 -0.59106E+00
  113.00  0.15343E+00 -0.72598E+00  0.39763E-03  0.87238E-03  0.96134E+00  0.13007E-03 -0.15268E-02 -0.61901E+00  0.70451E-02 -0.61117E+00
  114.00  0.15325E+00 -0.70874E+00  0.41452E-03  0.80762E-03  0.96144E+00  0.11820E-03 -0.15896E-02 -0.63891E+00  0.57288E-02 -0.63053E+00
  115.00  0.15323E+00 -0.69122E+00  0.39795E-03  0.73850E-03  0.96160E+00  0.12704E-03 -0.16114E-02 -0.65816E+00  0.44052E-02 -0.64928E+00
  116.00  0.15329E+00 -0.67334E+00  0.37327E-03  0.65401E-03  0.96180E+00  0.14392E-03 -0.15696E-02 -0.67680E+00  0.30643E-02 -0.66744E+00
  117.00  0.15334E+00 -0.65514E+00  0.36044E-03  0.55525E-03  0.96201E+00  0.15890E-03 -0.14712E-02 -0.69482E+00  0.16392E-02 -0.68500E+00
  118.00  0.15338E+00 -0.63669E+00  0.36466E-03  0.45482E-03  0.96223E+00  0.16818E-03 -0.13496E-02 -0.71215E+00  0.63299E-04 -0.70186E+00
  119.00  0.15345E+00 -0.61813E+00  0.37516E-03  0.37016E-03  0.96245E+00  0.17402E-03 -0.12501E-02 -0.72868E+00 -0.16797E-02 -0.71793E+00
  120.00  0.15363E+00 -0.59963E+00  0.37185E-03  0.31486E-03  0.96268E+00  0.18211E-03 -0.12117E-02 -0.74437E+00 -0.35352E-02 -0.73314E+00
  121.00  0.15397E+00 -0.58128E+00  0.33589E-03  0.29224E-03  0.96293E+00  0.19805E-03 -0.12526E-02 -0.75919E+00 -0.53942E-02 -0.74749E+00
  122.00  0.15443E+00 -0.56311E+00  0.25891E-03  0.29400E-03  0.96320E+00  0.22461E-03 -0.13657E-02 -0.77318E+00 -0.71329E-02 -0.76098E+00
  123.00  0.15495E+00 -0.54507E+00  0.14704E-03  0.30405E-03  0.96347E+00  0.26074E-03 -0.15250E-02 -0.78639E+00 -0.86536E-02 -0.77368E+00
  124.00  0.15538E+00 -0.52710E+00  0.18451E-04  0.30508E-03  0.96370E+00  0.30226E-03 -0.16985E-02 -0.79889E+00 -0.99069E-02 -0.78566E+00
  125.00  0.15560E+00 -0.50913E+00 -0.10333E-03  0.28473E-03  0.96387E+00  0.34363E-03 -0.18600E-02 -0.81075E+00 -0.10890E-01 -0.79695E+00
  126.00  0.15554E+00 -0.49110E+00 -0.19706E-03  0.23900E-03  0.96397E+00  0.37989E-03 -0.19964E-02 -0.82199E+00 -0.11629E-01 -0.80760E+00
  127.00  0.15518E+00 -0.47304E+00 -0.24940E-03  0.17224E-03  0.96399E+00  0.40801E-03 -0.21082E-02 -0.83265E+00 -0.12156E-01 -0.81763E+00
  128.00  0.15458E+00 -0.45499E+00 -0.25727E-03  0.94524E-04  0.96394E+00  0.42727E-03 -0.22044E-02 -0.84273E+00 -0.12499E-01 -0.82706E+00
  129.00  0.15385E+00 -0.43701E+00 -0.22674E-03  0.17603E-04  0.96384E+00  0.43889E-03 -0.22957E-02 -0.85225E+00 -0.12673E-01 -0.83592E+00
  130.00  0.15311E+00 -0.41919E+00 -0.16929E-03 -0.49131E-04  0.96372E+00  0.44501E-03 -0.23888E-02 -0.86123E+00 -0.12689E-01 -0.84423E+00
  131.00  0.15247E+00 -0.40159E+00 -0.97037E-04 -0.10159E-03  0.96361E+00  0.44768E-03 -0.24824E-02 -0.86967E+00 -0.12557E-01 -0.85201E+00
  132.00  0.15197E+00 -0.38427E+00 -0.18399E-04 -0.14202E-03  0.96352E+00  0.44816E-03 -0.25682E-02 -0.87760E+00 -0.12297E-01 -0.85929E+00
  133.00  0.15167E+00 -0.36726E+00  0.64126E-04 -0.17797E-03  0.96346E+00  0.44661E-03 -0.26337E-02 -0.88502E+00 -0.11938E-01 -0.86608E+00
  134.00  0.15153E+00 -0.35058E+00  0.15377E-03 -0.21985E-03  0.96342E+00  0.44212E-03 -0.26669E-02 -0.89194E+00 -0.11520E-01 -0.87239E+00
  135.00  0.15154E+00 -0.33425E+00  0.25725E-03 -0.27794E-03  0.96341E+00  0.43306E-03 -0.26601E-02 -0.89838E+00 -0.11082E-01 -0.87824E+00
  136.00  0.15166E+00 -0.31827E+00  0.38151E-03 -0.36003E-03  0.96341E+00  0.41766E-03 -0.26118E-02 -0.90435E+00 -0.10659E-01 -0.88363E+00
  137.00  0.15185E+00 -0.30266E+00  0.53078E-03 -0.47020E-03  0.96341E+00  0.39474E-03 -0.25266E-02 -0.90987E+00 -0.10280E-01 -0.88857E+00
  138.00  0.15210E+00 -0.28743E+00  0.70464E-03 -0.60862E-03  0.96343E+00  0.36415E-03 -0.24133E-02 -0.91496E+00 -0.99617E-02 -0.89310E+00
  139.00  0.15241E+00 -0.27261E+00  0.89749E-03 -0.77214E-03  0.96345E+00  0.32687E-03 -0.22825E-02 -0.91964E+00 -0.97122E-02 -0.89723E+00
  140.00  0.15279E+00 -0.25820E+00  0.10994E-02 -0.95515E-03  0.96349E+00  0.28459E-03 -0.21445E-02 -0.92393E+00 -0.95335E-02 -0.90099E+00
  141.00  0.15325E+00 -0.24421E+00  0.12982E-02 -0.11507E-02  0.96355E+00  0.23930E-03 -0.20078E-02 -0.92787E+00 -0.94232E-02 -0.90442E+00
  142.00  0.15381E+00 -0.23064E+00  0.14818E-02 -0.13513E-02  0.96363E+00  0.19295E-03 -0.18782E-02 -0.93149E+00 -0.93754E-02 -0.90754E+00
  143.00  0.15447E+00 -0.21749E+00  0.16408E-02 -0.15502E-02  0.96374E+00  0.14736E-03 -0.17589E-02 -0.93480E+00 -0.93810E-02 -0.91041E+00
  144.00  0.15524E+00 -0.20473E+00  0.17695E-02 -0.17414E-02  0.96388E+00  0.10428E-03 -0.16508E-02 -0.93785E+00 -0.94288E-02 -0.91302E+00
  145.00  0.15609E+00 -0.19236E+00  0.18669E-02 -0.19202E-02  0.96403E+00  0.65387E-04 -0.15537E-02 -0.94065E+00 -0.95067E-02 -0.91542E+00
  146.00  0.15702E+00 -0.18036E+00  0.19355E-02 -0.20828E-02  0.96420E+00  0.32133E-04 -0.14664E-02 -0.94322E+00 -0.96023E-02 -0.91761E+00
  147.00  0.15802E+00 -0.16873E+00  0.19799E-02 -0.22272E-02  0.96438E+00  0.54878E-05 -0.13870E-02 -0.94557E+00 -0.97035E-02 -0.91961E+00
  148.00  0.15905E+00 -0.15747E+00  0.20058E-02 -0.23522E-02  0.96455E+00 -0.14400E-04 -0.13135E-02 -0.94773E+00 -0.97985E-02 -0.92141E+00
  149.00  0.16012E+00 -0.14659E+00  0.20190E-02 -0.24585E-02  0.96471E+00 -0.28306E-04 -0.12436E-02 -0.94969E+00 -0.98757E-02 -0.92303E+00
  150.00  0.16121E+00 -0.13609E+00  0.20238E-02 -0.25469E-02  0.96486E+00 -0.37634E-04 -0.11753E-02 -0.95147E+00 -0.99237E-02 -0.92447E+00
  151.00  0.16232E+00 -0.12599E+00  0.20226E-02 -0.26192E-02  0.96500E+00 -0.43862E-04 -0.11071E-02 -0.95307E+00 -0.99320E-02 -0.92574E+00
  152.00  0.16344E+00 -0.11627E+00  0.20153E-02 -0.26770E-02  0.96511E+00 -0.48110E-04 -0.10378E-02 -0.95451E+00 -0.98921E-02 -0.92684E+00
  153.00  0.16458E+00 -0.10694E+00  0.19992E-02 -0.27226E-02  0.96521E+00 -0.51116E-04 -0.96732E-03 -0.95580E+00 -0.97973E-02 -0.92778E+00
  154.00  0.16574E+00 -0.97996E-01  0.19702E-02 -0.27585E-02  0.96528E+00 -0.53449E-04 -0.89535E-03 -0.95695E+00 -0.96434E-02 -0.92857E+00
  155.00  0.16692E+00 -0.89439E-01  0.19234E-02 -0.27881E-02  0.96533E+00 -0.55552E-04 -0.82163E-03 -0.95796E+00 -0.94273E-02 -0.92922E+00
  156.00  0.16813E+00 -0.81276E-01  0.18547E-02 -0.28147E-02  0.96535E+00 -0.57475E-04 -0.74564E-03 -0.95886E+00 -0.91478E-02 -0.92975E+00
  157.00  0.16938E+00 -0.73519E-01  0.17614E-02 -0.28411E-02  0.96536E+00 -0.58600E-04 -0.66681E-03 -0.95963E+00 -0.88057E-02 -0.93014E+00
  158.00  0.17067E+00 -0.66179E-01  0.16429E-02 -0.28691E-02  0.96533E+00 -0.57845E-04 -0.58503E-03 -0.96029E+00 -0.84048E-02 -0.93040E+00
  159.00  0.17199E+00 -0.59263E-01  0.15013E-02 -0.28995E-02  0.96528E+00 -0.54356E-04 -0.50142E-03 -0.96084E+00 -0.79523E-02 -0.93055E+00
  160.00  0.17335E+00 -0.52764E-01  0.13412E-02 -0.29316E-02  0.96521E+00 -0.48159E-04 -0.41889E-03 -0.96129E+00 -0.74577E-02 -0.93058E+00
  161.00  0.17475E+00 -0.46672E-01  0.11689E-02 -0.29634E-02  0.96510E+00 -0.40224E-04 -0.34219E-03 -0.96164E+00 -0.69308E-02 -0.93050E+00
  162.00  0.17616E+00 -0.40969E-01  0.99088E-03 -0.29920E-02  0.96497E+00 -0.31902E-04 -0.27710E-03 -0.96192E+00 -0.63803E-02 -0.93033E+00
  163.00  0.17759E+00 -0.35637E-01  0.81367E-03 -0.30148E-02  0.96480E+00 -0.24227E-04 -0.22896E-03 -0.96213E+00 -0.58145E-02 -0.93006E+00
  164.00  0.17902E+00 -0.30660E-01  0.64306E-03 -0.30299E-02  0.96460E+00 -0.17618E-04 -0.20100E-03 -0.96226E+00 -0.52418E-02 -0.92971E+00
  165.00  0.18044E+00 -0.26029E-01  0.48434E-03 -0.30378E-02  0.96437E+00 -0.12073E-04 -0.19327E-03 -0.96232E+00 -0.46731E-02 -0.92926E+00
  166.00  0.18186E+00 -0.21744E-01  0.34223E-03 -0.30402E-02  0.96409E+00 -0.75699E-05 -0.20238E-03 -0.96233E+00 -0.41207E-02 -0.92872E+00
  167.00  0.18327E+00 -0.17813E-01  0.22038E-03 -0.30407E-02  0.96378E+00 -0.43026E-05 -0.22226E-03 -0.96227E+00 -0.35975E-02 -0.92810E+00
  168.00  0.18466E+00 -0.14252E-01  0.12088E-03 -0.30435E-02  0.96344E+00 -0.26061E-05 -0.24537E-03 -0.96215E+00 -0.31136E-02 -0.92740E+00
  169.00  0.18604E+00 -0.11077E-01  0.43889E-04 -0.30521E-02  0.96306E+00 -0.26453E-05 -0.26422E-03 -0.96198E+00 -0.26757E-02 -0.92662E+00
  170.00  0.18739E+00 -0.83009E-02 -0.12159E-04 -0.30686E-02  0.96265E+00 -0.41009E-05 -0.27269E-03 -0.96175E+00 -0.22848E-02 -0.92577E+00
  171.00  0.18871E+00 -0.59301E-02 -0.49946E-04 -0.30925E-02  0.96222E+00 -0.61019E-05 -0.26720E-03 -0.96149E+00 -0.19370E-02 -0.92486E+00
  172.00  0.18999E+00 -0.39663E-02 -0.72368E-04 -0.31211E-02  0.96176E+00 -0.75393E-05 -0.24718E-03 -0.96118E+00 -0.16242E-02 -0.92391E+00
  173.00  0.19122E+00 -0.24048E-02 -0.81865E-04 -0.31506E-02  0.96129E+00 -0.76196E-05 -0.21494E-03 -0.96085E+00 -0.13362E-02 -0.92292E+00
  174.00  0.19240E+00 -0.12349E-02 -0.80354E-04 -0.31775E-02  0.96081E+00 -0.62857E-05 -0.17472E-03 -0.96049E+00 -0.10641E-02 -0.92191E+00
  175.00  0.19349E+00 -0.44006E-03 -0.69827E-04 -0.32003E-02  0.96032E+00 -0.41760E-05 -0.13143E-03 -0.96012E+00 -0.80355E-03 -0.92089E+00
  176.00  0.19448E+00  0.89130E-05 -0.53066E-04 -0.32190E-02  0.95983E+00 -0.21563E-05 -0.89614E-04 -0.95973E+00 -0.55754E-03 -0.91988E+00
  177.00  0.19532E+00  0.16948E-03 -0.33850E-04 -0.32343E-02  0.95939E+00 -0.79859E-06 -0.52975E-04 -0.95935E+00 -0.33680E-03 -0.91892E+00
  178.00  0.19599E+00  0.13977E-03 -0.16373E-04 -0.32462E-02  0.95902E+00 -0.17395E-06 -0.24427E-04 -0.95901E+00 -0.15829E-03 -0.91811E+00
  179.00  0.19641E+00  0.46148E-04 -0.42958E-05 -0.32542E-02  0.95877E+00 -0.11450E-07 -0.62488E-05 -0.95877E+00 -0.41007E-04 -0.91756E+00
  180.00  0.19656E+00  0.12436E-14 -0.10814E-15 -0.32570E-02  0.95868E+00 -0.71463E-29 -0.15609E-15 -0.95868E+00 -0.10288E-14 -0.91736E+00
 scattering matrix expansion coefficients
    w  a11         a22         a33         a23         a32         a44         a12         a34         a13         a24         a14
    0  0.1000E+01  0.0000E+00  0.0000E+00  0.0000E+00  0.0000E+00  0.8211E+00  0.0000E+00  0.0000E+00  0.0000E+00  0.0000E+00 -0.3466E-04
    1  0.2302E+01  0.0000E+00  0.0000E+00  0.0000E+00  0.0000E+00  0.2470E+01  0.0000E+00  0.0000E+00  0.0000E+00  0.0000E+00  0.2140E-04
    2  0.3310E+01  0.2147E+00  0.4055E+01  0.6469E-07  0.6128E-04  0.3319E+01 -0.3511E+00 -0.2065E-02  0.1257E-03 -0.2596E-03 -0.3349E-03
    3  0.3936E+01  0.6403E-01  0.4329E+01  0.3055E-07  0.3739E-03  0.3932E+01 -0.1884E+00 -0.2256E-02  0.6754E-04  0.3356E-03  0.3115E-03
    4  0.4390E+01  0.2640E-01  0.4678E+01  0.3029E-07  0.6877E-03  0.4376E+01 -0.1184E+00 -0.2723E-02  0.1659E-03 -0.9458E-04  0.3781E-04
    5  0.4658E+01  0.3130E-02  0.4911E+01 -0.1382E-07  0.3144E-03  0.4667E+01 -0.1025E+00  0.2072E-02 -0.2155E-03  0.5227E-04 -0.1132E-03
    6  0.4799E+01  0.9088E-02  0.5010E+01  0.9026E-08  0.1272E-03  0.4793E+01 -0.9350E-01 -0.2369E-02  0.8677E-04 -0.6177E-04 -0.2027E-03
    7  0.4809E+01  0.8847E-03  0.4999E+01 -0.2896E-07  0.2973E-03  0.4816E+01 -0.8459E-01 -0.5944E-02 -0.6236E-04 -0.1037E-04 -0.1547E-03
    8  0.4739E+01  0.6843E-02  0.4898E+01 -0.3939E-07  0.5133E-03  0.4731E+01 -0.7496E-01 -0.5301E-02  0.1802E-03  0.6427E-04 -0.3250E-04
    9  0.4585E+01  0.6942E-03  0.4728E+01  0.4076E-07  0.3191E-03  0.4585E+01 -0.7902E-01 -0.5018E-02 -0.6061E-04 -0.9649E-04 -0.2832E-04
   10  0.4395E+01 -0.2800E-02  0.4519E+01 -0.3135E-07  0.6775E-04  0.4404E+01 -0.8590E-01 -0.8436E-02 -0.4490E-04  0.9455E-05  0.2064E-03
   11  0.4213E+01  0.2785E-02  0.4310E+01 -0.4243E-07  0.3160E-04  0.4212E+01 -0.7561E-01 -0.1089E-01  0.1025E-03  0.6010E-04  0.4037E-03
   12  0.4040E+01  0.3952E-02  0.4117E+01 -0.4045E-08 -0.1118E-03  0.4033E+01 -0.6196E-01 -0.1476E-01 -0.8934E-04 -0.2820E-04  0.4871E-03
   13  0.3871E+01 -0.1058E-02  0.3939E+01  0.1730E-07 -0.1277E-03  0.3873E+01 -0.6228E-01 -0.1888E-01  0.2257E-04  0.4495E-04  0.6671E-03
   14  0.3730E+01 -0.2624E-03  0.3785E+01  0.1153E-07 -0.8182E-05  0.3732E+01 -0.6121E-01 -0.2223E-01  0.4441E-04  0.1662E-04  0.6285E-03
   15  0.3620E+01  0.3770E-04  0.3664E+01 -0.8810E-08  0.5874E-04  0.3622E+01 -0.4958E-01 -0.2546E-01  0.4238E-05 -0.2968E-04  0.5090E-03
   16  0.3533E+01  0.2513E-02  0.3568E+01 -0.3780E-07  0.6014E-04  0.3530E+01 -0.3217E-01 -0.2581E-01 -0.5155E-04  0.2288E-04  0.3762E-03
   17  0.3443E+01  0.2544E-02  0.3474E+01 -0.1387E-07  0.7535E-04  0.3437E+01 -0.2447E-01 -0.2458E-01 -0.3236E-04 -0.5019E-05  0.2566E-03
   18  0.3334E+01 -0.1265E-02  0.3366E+01  0.3096E-07  0.1308E-03  0.3335E+01 -0.2939E-01 -0.2439E-01 -0.4932E-04  0.1117E-04  0.1826E-03
   19  0.3219E+01 -0.1381E-02  0.3250E+01 -0.2104E-07  0.1474E-03  0.3222E+01 -0.3268E-01 -0.2412E-01  0.9349E-05  0.6288E-04  0.9216E-04
   20  0.3107E+01  0.1084E-02  0.3132E+01  0.1519E-07  0.1116E-03  0.3105E+01 -0.2814E-01 -0.2300E-01 -0.2631E-04 -0.3266E-04  0.6725E-04
   21  0.2989E+01  0.6785E-03  0.3013E+01  0.8924E-08  0.6112E-04  0.2988E+01 -0.2445E-01 -0.2201E-01 -0.2630E-04 -0.1201E-04  0.6974E-04
   22  0.2867E+01  0.6593E-03  0.2889E+01 -0.2366E-07  0.1429E-04  0.2866E+01 -0.2505E-01 -0.2143E-01 -0.1565E-04  0.1409E-04  0.4216E-04
   23  0.2743E+01  0.1109E-03  0.2764E+01 -0.1287E-07  0.1102E-04  0.2743E+01 -0.3012E-01 -0.2066E-01 -0.1558E-05  0.3123E-05  0.2351E-04
   24  0.2628E+01 -0.1429E-02  0.2647E+01  0.3840E-07  0.5145E-04  0.2631E+01 -0.3469E-01 -0.1965E-01  0.6376E-06 -0.3930E-04 -0.3262E-04
   25  0.2536E+01 -0.5233E-03  0.2551E+01  0.1692E-07  0.6873E-04  0.2538E+01 -0.3220E-01 -0.1875E-01  0.1627E-04  0.2499E-05 -0.1559E-04
   26  0.2469E+01  0.1105E-02  0.2479E+01 -0.1020E-07 -0.2927E-04  0.2467E+01 -0.2374E-01 -0.1855E-01  0.3051E-04  0.1834E-04 -0.8639E-06
   27  0.2413E+01  0.6049E-03  0.2423E+01 -0.5670E-08 -0.2442E-03  0.2412E+01 -0.1603E-01 -0.1900E-01 -0.3877E-04 -0.5034E-05 -0.5356E-04
   28  0.2360E+01  0.7934E-03  0.2369E+01  0.7995E-08 -0.4070E-03  0.2359E+01 -0.1153E-01 -0.1980E-01 -0.5662E-04 -0.2068E-04 -0.8101E-04
   29  0.2299E+01  0.3026E-03  0.2308E+01  0.8923E-08 -0.3986E-03  0.2299E+01 -0.1139E-01 -0.2027E-01 -0.6828E-05 -0.2105E-04 -0.6784E-04
   30  0.2229E+01 -0.1463E-03  0.2239E+01  0.1921E-08 -0.2728E-03  0.2230E+01 -0.1396E-01 -0.1997E-01  0.5213E-04 -0.1660E-04 -0.4607E-04
   31  0.2156E+01  0.2458E-03  0.2165E+01  0.1199E-07 -0.1672E-03  0.2156E+01 -0.1730E-01 -0.1921E-01  0.5255E-04  0.1351E-04 -0.4084E-05
   32  0.2083E+01 -0.3876E-03  0.2092E+01 -0.6998E-08 -0.1141E-03  0.2085E+01 -0.2023E-01 -0.1896E-01 -0.1486E-04  0.1115E-04  0.7775E-05
   33  0.2019E+01 -0.5967E-03  0.2027E+01 -0.2260E-07 -0.5911E-04  0.2021E+01 -0.1984E-01 -0.1913E-01 -0.9393E-05  0.5901E-05 -0.3156E-04
   34  0.1962E+01  0.3622E-03  0.1968E+01 -0.1271E-07 -0.5413E-04  0.1962E+01 -0.1549E-01 -0.1891E-01  0.2772E-06  0.1128E-04 -0.8763E-04
   35  0.1905E+01  0.7293E-03  0.1911E+01 -0.2967E-09 -0.1313E-03  0.1904E+01 -0.1184E-01 -0.1810E-01 -0.4410E-04 -0.4347E-04 -0.1372E-03
   36  0.1843E+01  0.7245E-03  0.1848E+01  0.2960E-08 -0.1971E-03  0.1841E+01 -0.1236E-01 -0.1722E-01 -0.2755E-04 -0.2917E-04 -0.1003E-03
   37  0.1776E+01 -0.2177E-03  0.1783E+01 -0.3666E-08 -0.1889E-03  0.1777E+01 -0.1663E-01 -0.1654E-01  0.1754E-04  0.3438E-04 -0.3308E-04
   38  0.1714E+01 -0.1103E-02  0.1720E+01 -0.4638E-08 -0.1709E-03  0.1716E+01 -0.1967E-01 -0.1589E-01  0.1031E-04  0.5592E-05 -0.2859E-04
   39  0.1662E+01 -0.6208E-04  0.1667E+01 -0.2352E-08 -0.1943E-03  0.1663E+01 -0.1691E-01 -0.1460E-01 -0.5535E-05 -0.2861E-04 -0.4599E-04
   40  0.1617E+01  0.8468E-03  0.1621E+01  0.8184E-08 -0.2208E-03  0.1616E+01 -0.1157E-01 -0.1258E-01 -0.1826E-04  0.4424E-05 -0.4372E-04
   41  0.1570E+01  0.3559E-03  0.1574E+01  0.6297E-08 -0.1782E-03  0.1570E+01 -0.9242E-02 -0.1071E-01 -0.1504E-04 -0.2460E-05 -0.4097E-04
   42  0.1519E+01  0.1671E-03  0.1523E+01 -0.4953E-08 -0.1017E-03  0.1519E+01 -0.9938E-02 -0.9496E-02  0.1841E-04 -0.1778E-04 -0.5556E-05
   43  0.1466E+01 -0.1112E-04  0.1470E+01 -0.5394E-08 -0.1128E-03  0.1466E+01 -0.1123E-01 -0.8612E-02  0.1773E-04  0.6410E-05  0.5030E-04
   44  0.1415E+01 -0.3533E-03  0.1419E+01 -0.5824E-09 -0.2052E-03  0.1416E+01 -0.1073E-01 -0.8132E-02 -0.2383E-04  0.8999E-06  0.6801E-04
   45  0.1366E+01  0.2487E-03  0.1370E+01 -0.2189E-08 -0.2432E-03  0.1366E+01 -0.7569E-02 -0.8073E-02 -0.2473E-04 -0.1732E-04  0.8152E-04
   46  0.1316E+01  0.8830E-03  0.1319E+01 -0.3359E-08 -0.2001E-03  0.1314E+01 -0.5046E-02 -0.7811E-02  0.3865E-05  0.2907E-05  0.1288E-03
   47  0.1258E+01  0.2538E-03  0.1262E+01 -0.2133E-08 -0.1663E-03  0.1258E+01 -0.6584E-02 -0.7246E-02  0.6009E-05  0.2188E-04  0.1650E-03
   48  0.1197E+01 -0.4167E-03  0.1201E+01 -0.2212E-08 -0.1777E-03  0.1198E+01 -0.9666E-02 -0.7056E-02 -0.8662E-06  0.1296E-04  0.1577E-03
   49  0.1139E+01 -0.1934E-03  0.1142E+01 -0.5417E-08 -0.2031E-03  0.1139E+01 -0.1018E-01 -0.7289E-02  0.7260E-05  0.5763E-05  0.1283E-03
   50  0.1084E+01  0.2055E-03  0.1087E+01 -0.5432E-08 -0.2356E-03  0.1084E+01 -0.8261E-02 -0.7214E-02  0.1195E-05  0.4452E-06  0.8298E-04
   51  0.1030E+01  0.2916E-03  0.1033E+01 -0.3821E-08 -0.2642E-03  0.1029E+01 -0.6574E-02 -0.6556E-02 -0.1691E-04 -0.1168E-04  0.2905E-04
   52  0.9754E+00  0.2029E-03  0.9780E+00 -0.3284E-08 -0.2502E-03  0.9750E+00 -0.6445E-02 -0.5772E-02 -0.1358E-04 -0.1204E-04 -0.8094E-06
   53  0.9207E+00 -0.4299E-04  0.9234E+00 -0.2815E-08 -0.1873E-03  0.9208E+00 -0.7381E-02 -0.5218E-02  0.5647E-05  0.8380E-06  0.6183E-05
   54  0.8688E+00 -0.2256E-03  0.8715E+00 -0.2083E-08 -0.1228E-03  0.8693E+00 -0.7885E-02 -0.4726E-02  0.9760E-05  0.6191E-05  0.2203E-04
   55  0.8223E+00 -0.1091E-03  0.8246E+00 -0.1958E-08 -0.8596E-04  0.8226E+00 -0.6903E-02 -0.4020E-02 -0.5766E-06  0.1703E-05  0.2700E-04
   56  0.7810E+00  0.1065E-03  0.7829E+00 -0.2367E-08 -0.6389E-04  0.7810E+00 -0.4758E-02 -0.3166E-02 -0.3859E-05 -0.5229E-06  0.2324E-04
   57  0.7429E+00  0.1685E-03  0.7446E+00 -0.2651E-08 -0.4187E-04  0.7428E+00 -0.2491E-02 -0.2455E-02  0.2251E-05 -0.4558E-06  0.1610E-04
   58  0.7054E+00  0.1911E-03  0.7070E+00 -0.2048E-08 -0.3143E-04  0.7051E+00 -0.8000E-03 -0.2029E-02  0.4979E-05 -0.3029E-05  0.7551E-05
   59  0.6662E+00  0.2051E-03  0.6678E+00 -0.8808E-09 -0.4825E-04  0.6659E+00 -0.1763E-03 -0.1782E-02 -0.8749E-06 -0.3847E-05  0.5718E-05
   60  0.6249E+00  0.6411E-04  0.6266E+00 -0.4956E-09 -0.8594E-04  0.6248E+00 -0.7508E-03 -0.1588E-02 -0.9080E-05  0.8791E-06  0.1554E-04
   61  0.5827E+00 -0.1483E-03  0.5845E+00 -0.5007E-09 -0.1216E-03  0.5830E+00 -0.1699E-02 -0.1394E-02 -0.1313E-04  0.6469E-05  0.3144E-04
   62  0.5415E+00 -0.1314E-03  0.5432E+00 -0.4839E-09 -0.1350E-03  0.5418E+00 -0.1846E-02 -0.1162E-02 -0.1092E-04  0.7296E-05  0.4320E-04
   63  0.5016E+00  0.9486E-04  0.5031E+00 -0.8080E-09 -0.1254E-03  0.5015E+00 -0.1259E-02 -0.8816E-03 -0.5363E-05  0.4800E-05  0.4622E-04
   64  0.4620E+00  0.1853E-03  0.4633E+00 -0.8994E-09 -0.1065E-03  0.4617E+00 -0.1167E-02 -0.6482E-03 -0.5898E-07  0.2636E-05  0.3989E-04
   65  0.4226E+00 -0.1113E-04  0.4240E+00 -0.4383E-09 -0.9296E-04  0.4226E+00 -0.2128E-02 -0.5876E-03  0.2248E-05  0.1451E-05  0.2387E-04
   66  0.3852E+00 -0.2345E-03  0.3867E+00 -0.1945E-09 -0.8932E-04  0.3857E+00 -0.3093E-02 -0.6630E-03  0.1870E-05 -0.4543E-06 -0.1413E-06
   67  0.3518E+00 -0.2073E-03  0.3531E+00 -0.2019E-09 -0.8960E-04  0.3523E+00 -0.2741E-02 -0.6493E-03  0.8910E-06 -0.2720E-05 -0.2345E-04
   68  0.3220E+00  0.2470E-04  0.3230E+00 -0.1142E-09 -0.8563E-04  0.3220E+00 -0.1127E-02 -0.3520E-03  0.7656E-06 -0.3665E-05 -0.3545E-04
   69  0.2932E+00  0.2043E-03  0.2940E+00  0.2263E-10 -0.7391E-04  0.2929E+00  0.4212E-03  0.1875E-03  0.1616E-05 -0.2368E-05 -0.3188E-04
   70  0.2632E+00  0.1878E-03  0.2640E+00 -0.2023E-11 -0.5685E-04  0.2629E+00  0.7811E-03  0.7272E-03  0.2580E-05 -0.4142E-07 -0.1872E-04
   71  0.2319E+00  0.4910E-04  0.2328E+00  0.3215E-10 -0.3926E-04  0.2318E+00  0.8192E-05  0.1036E-02  0.2983E-05  0.1567E-05 -0.6579E-05
   72  0.2008E+00 -0.5764E-04  0.2018E+00  0.1569E-09 -0.2533E-04  0.2009E+00 -0.1002E-02  0.1053E-02  0.2699E-05  0.1669E-05 -0.2855E-05
   73  0.1720E+00 -0.6362E-04  0.1729E+00  0.1298E-09 -0.1700E-04  0.1721E+00 -0.1484E-02  0.8802E-03  0.1868E-05  0.6951E-06 -0.8253E-05
   74  0.1463E+00 -0.4340E-05  0.1470E+00 -0.3324E-10 -0.1383E-04  0.1464E+00 -0.1329E-02  0.6646E-03  0.8831E-06 -0.4173E-06 -0.1819E-04
   75  0.1234E+00  0.4958E-04  0.1241E+00 -0.4448E-12 -0.1420E-04  0.1234E+00 -0.9197E-03  0.4986E-03 -0.5455E-07 -0.1029E-05 -0.2715E-04
   76  0.1026E+00  0.6255E-04  0.1032E+00  0.1436E-09 -0.1581E-04  0.1026E+00 -0.6693E-03  0.3983E-03 -0.6607E-06 -0.1046E-05 -0.3167E-04
   77  0.8323E-01  0.4082E-04  0.8374E-01  0.1841E-09 -0.1698E-04  0.8324E-01 -0.7325E-03  0.3369E-03 -0.9217E-06 -0.6867E-06 -0.3117E-04
   78  0.6531E-01  0.1031E-04  0.6579E-01  0.8493E-10 -0.1674E-04  0.6536E-01 -0.1006E-02  0.2846E-03 -0.8628E-06 -0.2471E-06 -0.2701E-04
   79  0.4927E-01 -0.1036E-04  0.4970E-01 -0.3069E-10 -0.1500E-04  0.4935E-01 -0.1295E-02  0.2283E-03 -0.6334E-06  0.9680E-07 -0.2115E-04
   80  0.3561E-01 -0.1583E-04  0.3597E-01 -0.1096E-09 -0.1226E-04  0.3569E-01 -0.1449E-02  0.1698E-03 -0.3609E-06  0.2781E-06 -0.1523E-04
   81  0.2462E-01 -0.1088E-04  0.2489E-01 -0.1417E-09 -0.9200E-05  0.2468E-01 -0.1422E-02  0.1165E-03 -0.1426E-06  0.3289E-06 -0.1021E-04
   82  0.1628E-01 -0.2291E-05  0.1647E-01 -0.1195E-09 -0.6391E-05  0.1631E-01 -0.1250E-02  0.7399E-04 -0.1894E-08  0.2983E-06 -0.6447E-05
   83  0.1029E-01  0.4904E-05  0.1042E-01 -0.3933E-10 -0.4138E-05  0.1030E-01 -0.1001E-02  0.4384E-04  0.6355E-07  0.2344E-06 -0.3859E-05
   84  0.6228E-02  0.8835E-05  0.6306E-02  0.3793E-10 -0.2508E-05  0.6226E-02 -0.7397E-03  0.2450E-04  0.7878E-07  0.1647E-06 -0.2195E-05
   85  0.3610E-02  0.9688E-05  0.3654E-02  0.7158E-10 -0.1429E-05  0.3601E-02 -0.5092E-03  0.1311E-04  0.6695E-07  0.1058E-06 -0.1186E-05
   86  0.2005E-02  0.8587E-05  0.2028E-02  0.5349E-10 -0.7695E-06  0.1995E-02 -0.3288E-03  0.6808E-05  0.4712E-07  0.6359E-07 -0.6129E-06
   87  0.1068E-02  0.6649E-05  0.1079E-02  0.1352E-10 -0.3944E-06  0.1059E-02 -0.2002E-03  0.3462E-05  0.2931E-07  0.3678E-07 -0.3069E-06
   88  0.5461E-03  0.4655E-05  0.5510E-03 -0.1789E-10 -0.1936E-06  0.5390E-03 -0.1154E-03  0.1728E-05  0.1666E-07  0.2074E-07 -0.1509E-06
   89  0.2680E-03  0.2997E-05  0.2700E-03 -0.2985E-10 -0.9140E-07  0.2633E-03 -0.6310E-04  0.8469E-06  0.8887E-08  0.1120E-07 -0.7259E-07
   90  0.1264E-03  0.1793E-05  0.1270E-03 -0.2658E-10 -0.4160E-07  0.1235E-03 -0.3283E-04  0.4090E-06  0.4362E-08  0.5541E-08 -0.3346E-07
   91  0.5735E-04  0.1004E-05  0.5749E-04 -0.1746E-10 -0.1836E-07  0.5566E-04 -0.1629E-04  0.1961E-06  0.1950E-08  0.2428E-08 -0.1442E-07
   92  0.2507E-04  0.5293E-06  0.2505E-04 -0.9481E-11 -0.7969E-08  0.2416E-04 -0.7721E-05  0.9358E-07  0.7730E-09  0.9278E-09 -0.5757E-08
   93  0.1057E-04  0.2645E-06  0.1053E-04 -0.4402E-11 -0.3434E-08  0.1011E-04 -0.3506E-05  0.4409E-07  0.2430E-09  0.3353E-09 -0.2192E-08
   94  0.4304E-05  0.1259E-06  0.4271E-05 -0.1092E-11 -0.1486E-08  0.4082E-05 -0.1529E-05  0.2031E-07  0.5010E-10  0.1585E-09 -0.8509E-09
   95  0.1695E-05  0.5725E-07  0.1676E-05  0.1231E-11 -0.6330E-09  0.1594E-05 -0.6418E-06  0.8950E-08 -0.1017E-10  0.1145E-09 -0.3604E-09
   96  0.6484E-06  0.2490E-07  0.6382E-06  0.2504E-11 -0.2653E-09  0.6038E-06 -0.2603E-06  0.3759E-08 -0.1955E-10  0.9737E-10 -0.1650E-09
   97  0.2428E-06  0.1033E-07  0.2380E-06  0.2734E-11 -0.1098E-09  0.2242E-06 -0.1026E-06  0.1542E-08 -0.1317E-10  0.7746E-10 -0.7295E-10
   98  0.9113E-07  0.4113E-08  0.8904E-07  0.2209E-11 -0.4739E-10  0.8371E-07 -0.3985E-07  0.6668E-09 -0.5679E-11  0.5420E-10 -0.2621E-10
   99  0.3521E-07  0.1586E-08  0.3435E-07  0.1414E-11 -0.2298E-10  0.3235E-07 -0.1572E-07  0.3388E-09 -0.3551E-12  0.3443E-10 -0.6396E-11
  100  0.1518E-07  0.6281E-09  0.1484E-07  0.7243E-12 -0.1026E-10  0.1405E-07 -0.6623E-08  0.1900E-09  0.1355E-11  0.1971E-10  0.1579E-11
  101  0.7058E-08  0.2572E-09  0.6913E-08  0.3161E-12 -0.6198E-11  0.6597E-08 -0.2995E-08  0.1005E-09  0.1867E-11  0.1090E-10  0.2166E-11
  102  0.3965E-08  0.1274E-09  0.3886E-08  0.1474E-12 -0.2658E-11  0.3734E-08 -0.1597E-08  0.5517E-10  0.9286E-12  0.5492E-11  0.1212E-11
  103  0.2500E-08  0.4675E-10  0.2468E-08  0.9615E-13 -0.9771E-12  0.2416E-08 -0.1019E-08  0.5121E-10  0.5839E-12  0.2635E-11  0.8809E-12
  104  0.2367E-08  0.1518E-10  0.2374E-08  0.8134E-13 -0.1990E-11  0.2342E-08 -0.6899E-09  0.3201E-10  0.3445E-12  0.1411E-11 -0.1168E-11
  105  0.1064E-08  0.2297E-11  0.1056E-08  0.6847E-13  0.3307E-13  0.1065E-08 -0.4634E-09  0.4008E-10  0.1971E-13  0.4243E-12  0.3429E-12
  106  0.1822E-08  0.1134E-10  0.1838E-08  0.5104E-13 -0.1599E-11  0.1805E-08 -0.5324E-09  0.2427E-10  0.2665E-12  0.4379E-12 -0.1305E-11
  107  0.3447E-09 -0.1628E-11  0.3414E-09  0.3342E-13  0.4506E-13  0.3516E-09 -0.1628E-09  0.1859E-10 -0.3164E-13  0.1714E-14  0.1630E-12
  108  0.9402E-09  0.1886E-10  0.9381E-09  0.1930E-13 -0.7510E-12  0.9068E-09 -0.3244E-09  0.1077E-10  0.1494E-12  0.1412E-12 -0.6107E-12
  109  0.7482E-10 -0.3543E-12  0.7332E-10  0.1006E-13  0.1032E-13  0.7691E-10 -0.3772E-10  0.4889E-11 -0.1250E-13 -0.1954E-13  0.5339E-13
  110  0.3125E-09  0.1128E-10  0.3078E-09  0.4651E-14 -0.2253E-12  0.2921E-09 -0.1255E-09  0.2951E-11  0.5127E-13  0.3932E-13 -0.1787E-12
  111  0.1064E-10 -0.1865E-13  0.1027E-10  0.1958E-14  0.2834E-14  0.1097E-10 -0.5637E-11  0.7816E-12 -0.2788E-14 -0.5176E-14  0.9966E-14
  112  0.7048E-10  0.3578E-11  0.6835E-10  0.8148E-15 -0.4577E-13  0.6383E-10 -0.3176E-10  0.5489E-12  0.1143E-13  0.7916E-14 -0.3578E-13
  113  0.9779E-12 -0.1738E-15  0.9090E-12  0.3274E-15  0.7089E-15  0.1025E-11 -0.5292E-12  0.8001E-13 -0.6908E-15 -0.7926E-15  0.1248E-14
  114  0.1166E-10  0.7679E-12  0.1120E-10  0.1142E-15 -0.7045E-14  0.1024E-10 -0.5795E-11  0.7723E-13  0.1856E-14  0.1307E-14 -0.5388E-14
  115  0.4895E-13 -0.4891E-15  0.4418E-13  0.3203E-16  0.9904E-16  0.5349E-13 -0.2630E-13  0.4906E-14 -0.7250E-16 -0.6487E-16  0.8513E-16
  116  0.1349E-11  0.1025E-12  0.1268E-11  0.9534E-17 -0.7285E-15  0.1152E-11 -0.7145E-12  0.7830E-14  0.2124E-15  0.1384E-15 -0.5697E-15
  117  0.6943E-15 -0.2025E-15 -0.1162E-15  0.2948E-17  0.1739E-16  0.1520E-14  0.1959E-15  0.1848E-15 -0.1136E-16 -0.4242E-17 -0.3030E-17
  118  0.1652E-12  0.1554E-13  0.1563E-12  0.6729E-18 -0.8983E-16  0.1371E-12 -0.9528E-13  0.9203E-15  0.2685E-16  0.1871E-16 -0.6500E-16
