 input file is 
mstm3_256_3360_20_009.inp     
 input file comments follow:
***********************************************************
  This is the default mstm input file for v.3.0.
  The run is for a 7-sphere cluster of identical spheres.   The positions
  are embedded in the input file.

  The run makes use of the new_run and multiple_run options.

  14 April 2013
***********************************************************
 number of processors:
   1
 input parameters for run number 
    1
 number of spheres, volume size parameter:
  256  0.21335E+01
 position file:
position/n256/a3.out                                        
 output file:
output/256/x3360/20/009/mt_3_256_3360_20_009.dat            
 length, ref. indx. scale factors:
   0.336   2.000   0.090
 chiral factors:
  0.00000E+00  0.00000E+00
 scattering matrix directions based on incident frame
 automatic scattering angle calculation
 thetamin, thetamax:
      0.0    180.0
 number scattering angles:
      181
 epsmie, epssoln, max number iterations:
  0.1000E-05  0.1000E-07 5000
 medium refractive index:
  1.0000  0.0000
 target euler rotation angles:
    0.0000    0.0000    0.0000
 far field kr, iterations/correction:
 -0.1000E+01   20
 plane wave incidence
 random orientation calculations
 t matrix calculated, stored in file 
tmatrixfiles/3256336020009                                  
 t matrix convergence epsilon:
  0.1000E-06
 all spheres excited (total T matrix) 
 calculation results for run 
    1
 total ext, abs, scat efficiencies, w.r.t. xv, and asym. parm
  0.14704E+01  0.38421E+00  0.10862E+01  0.69895E+00
 scattering matrix elements (normalized w/ S11)
   theta      11           12           13           14           22           23           24           33           34           44      
    0.00  0.26128E+02  0.00000E+00  0.00000E+00 -0.21621E-03  0.99975E+00 -0.57706E-05  0.00000E+00  0.99975E+00  0.00000E+00  0.99951E+00 
    1.00  0.26029E+02 -0.14996E-03  0.15960E-07 -0.21724E-03  0.99975E+00 -0.61164E-05  0.26040E-08  0.99975E+00  0.31679E-05  0.99950E+00 
    2.00  0.25735E+02 -0.60009E-03  0.64340E-07 -0.22034E-03  0.99974E+00 -0.71572E-05  0.11215E-07  0.99974E+00  0.12631E-04  0.99950E+00 
    3.00  0.25252E+02 -0.13511E-02  0.14664E-06 -0.22552E-03  0.99974E+00 -0.89033E-05  0.28261E-07  0.99974E+00  0.28270E-04  0.99949E+00 
    4.00  0.24591E+02 -0.24041E-02  0.26543E-06 -0.23282E-03  0.99973E+00 -0.11371E-04  0.57895E-07  0.99973E+00  0.49881E-04  0.99948E+00 
    5.00  0.23768E+02 -0.37609E-02  0.42437E-06 -0.24228E-03  0.99973E+00 -0.14582E-04  0.10616E-06  0.99972E+00  0.77174E-04  0.99946E+00 
    6.00  0.22801E+02 -0.54236E-02  0.62830E-06 -0.25395E-03  0.99972E+00 -0.18559E-04  0.18119E-06  0.99970E+00  0.10977E-03  0.99943E+00 
    7.00  0.21712E+02 -0.73950E-02  0.88338E-06 -0.26790E-03  0.99970E+00 -0.23328E-04  0.29356E-06  0.99968E+00  0.14721E-03  0.99939E+00 
    8.00  0.20523E+02 -0.96782E-02  0.11971E-05 -0.28415E-03  0.99969E+00 -0.28906E-04  0.45655E-06  0.99964E+00  0.18893E-03  0.99934E+00 
    9.00  0.19260E+02 -0.12277E-01  0.15783E-05 -0.30275E-03  0.99967E+00 -0.35302E-04  0.68664E-06  0.99959E+00  0.23429E-03  0.99928E+00 
   10.00  0.17946E+02 -0.15196E-01  0.20372E-05 -0.32370E-03  0.99964E+00 -0.42508E-04  0.10039E-05  0.99953E+00  0.28256E-03  0.99919E+00 
   11.00  0.16608E+02 -0.18440E-01  0.25852E-05 -0.34696E-03  0.99962E+00 -0.50481E-04  0.14323E-05  0.99944E+00  0.33298E-03  0.99908E+00 
   12.00  0.15268E+02 -0.22014E-01  0.32345E-05 -0.37240E-03  0.99958E+00 -0.59136E-04  0.20004E-05  0.99934E+00  0.38476E-03  0.99895E+00 
   13.00  0.13948E+02 -0.25923E-01  0.39972E-05 -0.39981E-03  0.99954E+00 -0.68324E-04  0.27411E-05  0.99920E+00  0.43719E-03  0.99877E+00 
   14.00  0.12668E+02 -0.30174E-01  0.48842E-05 -0.42883E-03  0.99950E+00 -0.77803E-04  0.36916E-05  0.99903E+00  0.48972E-03  0.99856E+00 
   15.00  0.11445E+02 -0.34770E-01  0.59032E-05 -0.45890E-03  0.99944E+00 -0.87213E-04  0.48929E-05  0.99883E+00  0.54209E-03  0.99831E+00 
   16.00  0.10293E+02 -0.39716E-01  0.70554E-05 -0.48922E-03  0.99938E+00 -0.96044E-04  0.63877E-05  0.99858E+00  0.59461E-03  0.99800E+00 
   17.00  0.92232E+01 -0.45015E-01  0.83321E-05 -0.51871E-03  0.99931E+00 -0.10360E-03  0.82177E-05  0.99827E+00  0.64835E-03  0.99763E+00 
   18.00  0.82424E+01 -0.50665E-01  0.97088E-05 -0.54592E-03  0.99922E+00 -0.10896E-03  0.10419E-04  0.99791E+00  0.70551E-03  0.99720E+00 
   19.00  0.73554E+01 -0.56661E-01  0.11139E-04 -0.56908E-03  0.99913E+00 -0.11100E-03  0.13016E-04  0.99749E+00  0.76976E-03  0.99670E+00 
   20.00  0.65636E+01 -0.62993E-01  0.12549E-04 -0.58609E-03  0.99902E+00 -0.10836E-03  0.16012E-04  0.99700E+00  0.84648E-03  0.99612E+00 
   21.00  0.58658E+01 -0.69646E-01  0.13830E-04 -0.59465E-03  0.99891E+00 -0.99569E-04  0.19383E-04  0.99643E+00  0.94296E-03  0.99546E+00 
   22.00  0.52585E+01 -0.76595E-01  0.14838E-04 -0.59246E-03  0.99879E+00 -0.83123E-04  0.23067E-04  0.99579E+00  0.10682E-02  0.99472E+00 
   23.00  0.47362E+01 -0.83813E-01  0.15397E-04 -0.57752E-03  0.99866E+00 -0.57692E-04  0.26959E-04  0.99507E+00  0.12324E-02  0.99390E+00 
   24.00  0.42918E+01 -0.91268E-01  0.15308E-04 -0.54849E-03  0.99854E+00 -0.22333E-04  0.30917E-04  0.99427E+00  0.14458E-02  0.99301E+00 
   25.00  0.39174E+01 -0.98929E-01  0.14365E-04 -0.50504E-03  0.99841E+00  0.23293E-04  0.34768E-04  0.99340E+00  0.17173E-02  0.99205E+00 
   26.00  0.36041E+01 -0.10677E+00  0.12383E-04 -0.44800E-03  0.99829E+00  0.78781E-04  0.38331E-04  0.99245E+00  0.20530E-02  0.99102E+00 
   27.00  0.33431E+01 -0.11477E+00  0.92097E-05 -0.37945E-03  0.99818E+00  0.14296E-03  0.41437E-04  0.99143E+00  0.24546E-02  0.98993E+00 
   28.00  0.31256E+01 -0.12293E+00  0.47488E-05 -0.30241E-03  0.99807E+00  0.21403E-03  0.43953E-04  0.99033E+00  0.29193E-02  0.98878E+00 
   29.00  0.29431E+01 -0.13125E+00 -0.10421E-05 -0.22053E-03  0.99797E+00  0.28980E-03  0.45798E-04  0.98916E+00  0.34393E-02  0.98756E+00 
   30.00  0.27880E+01 -0.13975E+00 -0.81564E-05 -0.13749E-03  0.99789E+00  0.36796E-03  0.46947E-04  0.98789E+00  0.40031E-02  0.98626E+00 
   31.00  0.26535E+01 -0.14846E+00 -0.16553E-04 -0.56716E-04  0.99780E+00  0.44634E-03  0.47424E-04  0.98653E+00  0.45965E-02  0.98487E+00 
   32.00  0.25337E+01 -0.15741E+00 -0.26176E-04  0.19016E-04  0.99772E+00  0.52313E-03  0.47290E-04  0.98506E+00  0.52041E-02  0.98337E+00 
   33.00  0.24237E+01 -0.16661E+00 -0.36966E-04  0.87635E-04  0.99763E+00  0.59687E-03  0.46630E-04  0.98346E+00  0.58097E-02  0.98174E+00 
   34.00  0.23199E+01 -0.17611E+00 -0.48873E-04  0.14779E-03  0.99753E+00  0.66651E-03  0.45530E-04  0.98171E+00  0.63976E-02  0.97996E+00 
   35.00  0.22194E+01 -0.18593E+00 -0.61861E-04  0.19873E-03  0.99742E+00  0.73131E-03  0.44076E-04  0.97979E+00  0.69520E-02  0.97801E+00 
   36.00  0.21203E+01 -0.19608E+00 -0.75909E-04  0.24019E-03  0.99729E+00  0.79077E-03  0.42340E-04  0.97769E+00  0.74577E-02  0.97586E+00 
   37.00  0.20216E+01 -0.20659E+00 -0.91000E-04  0.27225E-03  0.99715E+00  0.84451E-03  0.40377E-04  0.97538E+00  0.78997E-02  0.97349E+00 
   38.00  0.19229E+01 -0.21747E+00 -0.10712E-03  0.29518E-03  0.99697E+00  0.89219E-03  0.38229E-04  0.97285E+00  0.82630E-02  0.97088E+00 
   39.00  0.18243E+01 -0.22874E+00 -0.12425E-03  0.30940E-03  0.99678E+00  0.93347E-03  0.35923E-04  0.97007E+00  0.85329E-02  0.96800E+00 
   40.00  0.17264E+01 -0.24041E+00 -0.14233E-03  0.31537E-03  0.99655E+00  0.96798E-03  0.33477E-04  0.96701E+00  0.86954E-02  0.96483E+00 
   41.00  0.16298E+01 -0.25251E+00 -0.16128E-03  0.31358E-03  0.99629E+00  0.99525E-03  0.30909E-04  0.96366E+00  0.87379E-02  0.96135E+00 
   42.00  0.15357E+01 -0.26503E+00 -0.18099E-03  0.30453E-03  0.99600E+00  0.10148E-02  0.28243E-04  0.95998E+00  0.86502E-02  0.95752E+00 
   43.00  0.14448E+01 -0.27801E+00 -0.20127E-03  0.28868E-03  0.99567E+00  0.10261E-02  0.25524E-04  0.95596E+00  0.84261E-02  0.95332E+00 
   44.00  0.13580E+01 -0.29145E+00 -0.22187E-03  0.26646E-03  0.99532E+00  0.10286E-02  0.22827E-04  0.95156E+00  0.80647E-02  0.94873E+00 
   45.00  0.12762E+01 -0.30536E+00 -0.24250E-03  0.23830E-03  0.99493E+00  0.10221E-02  0.20275E-04  0.94676E+00  0.75726E-02  0.94372E+00 
   46.00  0.12000E+01 -0.31976E+00 -0.26278E-03  0.20457E-03  0.99451E+00  0.10063E-02  0.18052E-04  0.94152E+00  0.69651E-02  0.93827E+00 
   47.00  0.11296E+01 -0.33464E+00 -0.28232E-03  0.16561E-03  0.99407E+00  0.98133E-03  0.16415E-04  0.93583E+00  0.62675E-02  0.93234E+00 
   48.00  0.10653E+01 -0.35002E+00 -0.30071E-03  0.12168E-03  0.99361E+00  0.94774E-03  0.15700E-04  0.92966E+00  0.55151E-02  0.92593E+00 
   49.00  0.10071E+01 -0.36587E+00 -0.31756E-03  0.73032E-04  0.99313E+00  0.90643E-03  0.16321E-04  0.92298E+00  0.47521E-02  0.91901E+00 
   50.00  0.95484E+00 -0.38218E+00 -0.33254E-03  0.19801E-04  0.99265E+00  0.85874E-03  0.18762E-04  0.91578E+00  0.40294E-02  0.91156E+00 
   51.00  0.90807E+00 -0.39893E+00 -0.34544E-03 -0.37920E-04  0.99217E+00  0.80636E-03  0.23557E-04  0.90804E+00  0.34009E-02  0.90358E+00 
   52.00  0.86633E+00 -0.41608E+00 -0.35614E-03 -0.10010E-03  0.99169E+00  0.75131E-03  0.31263E-04  0.89974E+00  0.29197E-02  0.89505E+00 
   53.00  0.82908E+00 -0.43359E+00 -0.36472E-03 -0.16674E-03  0.99121E+00  0.69571E-03  0.42428E-04  0.89087E+00  0.26338E-02  0.88596E+00 
   54.00  0.79569E+00 -0.45143E+00 -0.37135E-03 -0.23786E-03  0.99074E+00  0.64174E-03  0.57564E-04  0.88142E+00  0.25825E-02  0.87630E+00 
   55.00  0.76552E+00 -0.46954E+00 -0.37639E-03 -0.31344E-03  0.99028E+00  0.59146E-03  0.77113E-04  0.87137E+00  0.27939E-02  0.86604E+00 
   56.00  0.73796E+00 -0.48789E+00 -0.38028E-03 -0.39341E-03  0.98982E+00  0.54670E-03  0.10143E-03  0.86070E+00  0.32838E-02  0.85518E+00 
   57.00  0.71240E+00 -0.50643E+00 -0.38357E-03 -0.47756E-03  0.98936E+00  0.50903E-03  0.13077E-03  0.84940E+00  0.40559E-02  0.84369E+00 
   58.00  0.68834E+00 -0.52512E+00 -0.38686E-03 -0.56555E-03  0.98890E+00  0.47975E-03  0.16525E-03  0.83744E+00  0.51027E-02  0.83154E+00 
   59.00  0.66531E+00 -0.54394E+00 -0.39080E-03 -0.65685E-03  0.98842E+00  0.45986E-03  0.20488E-03  0.82480E+00  0.64073E-02  0.81871E+00 
   60.00  0.64294E+00 -0.56284E+00 -0.39604E-03 -0.75072E-03  0.98793E+00  0.45011E-03  0.24952E-03  0.81145E+00  0.79452E-02  0.80517E+00 
   61.00  0.62095E+00 -0.58180E+00 -0.40326E-03 -0.84616E-03  0.98742E+00  0.45106E-03  0.29889E-03  0.79735E+00  0.96861E-02  0.79087E+00 
   62.00  0.59913E+00 -0.60079E+00 -0.41313E-03 -0.94192E-03  0.98687E+00  0.46313E-03  0.35253E-03  0.78249E+00  0.11596E-01  0.77579E+00 
   63.00  0.57737E+00 -0.61977E+00 -0.42631E-03 -0.10365E-02  0.98630E+00  0.48659E-03  0.40982E-03  0.76681E+00  0.13636E-01  0.75990E+00 
   64.00  0.55560E+00 -0.63872E+00 -0.44347E-03 -0.11279E-02  0.98568E+00  0.52163E-03  0.46991E-03  0.75028E+00  0.15766E-01  0.74314E+00 
   65.00  0.53385E+00 -0.65760E+00 -0.46526E-03 -0.12142E-02  0.98502E+00  0.56837E-03  0.53175E-03  0.73288E+00  0.17945E-01  0.72549E+00 
   66.00  0.51217E+00 -0.67638E+00 -0.49229E-03 -0.12929E-02  0.98431E+00  0.62682E-03  0.59401E-03  0.71456E+00  0.20129E-01  0.70691E+00 
   67.00  0.49066E+00 -0.69502E+00 -0.52514E-03 -0.13613E-02  0.98356E+00  0.69688E-03  0.65512E-03  0.69528E+00  0.22273E-01  0.68738E+00 
   68.00  0.46945E+00 -0.71349E+00 -0.56436E-03 -0.14166E-02  0.98276E+00  0.77831E-03  0.71324E-03  0.67503E+00  0.24330E-01  0.66685E+00 
   69.00  0.44867E+00 -0.73172E+00 -0.61039E-03 -0.14557E-02  0.98191E+00  0.87066E-03  0.76626E-03  0.65376E+00  0.26256E-01  0.64531E+00 
   70.00  0.42846E+00 -0.74969E+00 -0.66353E-03 -0.14757E-02  0.98102E+00  0.97325E-03  0.81184E-03  0.63146E+00  0.28005E-01  0.62274E+00 
   71.00  0.40897E+00 -0.76733E+00 -0.72394E-03 -0.14737E-02  0.98010E+00  0.10851E-02  0.84747E-03  0.60811E+00  0.29532E-01  0.59912E+00 
   72.00  0.39032E+00 -0.78458E+00 -0.79158E-03 -0.14471E-02  0.97913E+00  0.12049E-02  0.87056E-03  0.58370E+00  0.30797E-01  0.57446E+00 
   73.00  0.37261E+00 -0.80138E+00 -0.86615E-03 -0.13937E-02  0.97814E+00  0.13310E-02  0.87853E-03  0.55823E+00  0.31765E-01  0.54876E+00 
   74.00  0.35595E+00 -0.81768E+00 -0.94704E-03 -0.13120E-02  0.97714E+00  0.14614E-02  0.86897E-03  0.53171E+00  0.32406E-01  0.52205E+00 
   75.00  0.34038E+00 -0.83339E+00 -0.10334E-02 -0.12015E-02  0.97612E+00  0.15936E-02  0.83979E-03  0.50417E+00  0.32702E-01  0.49434E+00 
   76.00  0.32596E+00 -0.84845E+00 -0.11239E-02 -0.10624E-02  0.97511E+00  0.17249E-02  0.78939E-03  0.47564E+00  0.32642E-01  0.46569E+00 
   77.00  0.31269E+00 -0.86280E+00 -0.12171E-02 -0.89639E-03  0.97411E+00  0.18525E-02  0.71685E-03  0.44616E+00  0.32230E-01  0.43615E+00 
   78.00  0.30058E+00 -0.87636E+00 -0.13112E-02 -0.70594E-03  0.97313E+00  0.19734E-02  0.62201E-03  0.41581E+00  0.31480E-01  0.40577E+00 
   79.00  0.28960E+00 -0.88906E+00 -0.14042E-02 -0.49481E-03  0.97218E+00  0.20846E-02  0.50558E-03  0.38464E+00  0.30420E-01  0.37464E+00 
   80.00  0.27970E+00 -0.90085E+00 -0.14940E-02 -0.26766E-03  0.97127E+00  0.21834E-02  0.36920E-03  0.35273E+00  0.29089E-01  0.34284E+00 
   81.00  0.27083E+00 -0.91166E+00 -0.15785E-02 -0.29872E-04  0.97040E+00  0.22674E-02  0.21534E-03  0.32018E+00  0.27535E-01  0.31044E+00 
   82.00  0.26291E+00 -0.92144E+00 -0.16557E-02  0.21275E-03  0.96959E+00  0.23347E-02  0.47221E-04  0.28707E+00  0.25812E-01  0.27754E+00 
   83.00  0.25588E+00 -0.93016E+00 -0.17238E-02  0.45428E-03  0.96882E+00  0.23840E-02 -0.13134E-03  0.25349E+00  0.23976E-01  0.24421E+00 
   84.00  0.24964E+00 -0.93776E+00 -0.17811E-02  0.68896E-03  0.96809E+00  0.24146E-02 -0.31615E-03  0.21952E+00  0.22085E-01  0.21055E+00 
   85.00  0.24412E+00 -0.94421E+00 -0.18266E-02  0.91152E-03  0.96741E+00  0.24262E-02 -0.50285E-03  0.18526E+00  0.20192E-01  0.17663E+00 
   86.00  0.23922E+00 -0.94950E+00 -0.18594E-02  0.11174E-02  0.96677E+00  0.24193E-02 -0.68714E-03  0.15079E+00  0.18347E-01  0.14252E+00 
   87.00  0.23486E+00 -0.95359E+00 -0.18791E-02  0.13029E-02  0.96616E+00  0.23950E-02 -0.86493E-03  0.11619E+00  0.16589E-01  0.10831E+00 
   88.00  0.23097E+00 -0.95648E+00 -0.18855E-02  0.14651E-02  0.96558E+00  0.23545E-02 -0.10326E-02  0.81527E-01  0.14950E-01  0.74051E-01 
   89.00  0.22747E+00 -0.95816E+00 -0.18790E-02  0.16022E-02  0.96502E+00  0.22995E-02 -0.11868E-02  0.46877E-01  0.13454E-01  0.39811E-01 
   90.00  0.22429E+00 -0.95862E+00 -0.18601E-02  0.17134E-02  0.96447E+00  0.22318E-02 -0.13252E-02  0.12304E-01  0.12116E-01  0.56522E-02 
   91.00  0.22137E+00 -0.95787E+00 -0.18297E-02  0.17984E-02  0.96393E+00  0.21537E-02 -0.14456E-02 -0.22128E-01  0.10941E-01 -0.28368E-01 
   92.00  0.21866E+00 -0.95592E+00 -0.17889E-02  0.18579E-02  0.96339E+00  0.20669E-02 -0.15468E-02 -0.56358E-01  0.99293E-02 -0.62193E-01 
   93.00  0.21611E+00 -0.95277E+00 -0.17388E-02  0.18930E-02  0.96285E+00  0.19736E-02 -0.16277E-02 -0.90327E-01  0.90742E-02 -0.95765E-01 
   94.00  0.21369E+00 -0.94845E+00 -0.16807E-02  0.19053E-02  0.96230E+00  0.18758E-02 -0.16883E-02 -0.12398E+00  0.83648E-02 -0.12903E+00 
   95.00  0.21137E+00 -0.94298E+00 -0.16161E-02  0.18970E-02  0.96175E+00  0.17751E-02 -0.17286E-02 -0.15726E+00  0.77871E-02 -0.16193E+00 
   96.00  0.20911E+00 -0.93638E+00 -0.15465E-02  0.18703E-02  0.96118E+00  0.16734E-02 -0.17494E-02 -0.19011E+00  0.73246E-02 -0.19441E+00 
   97.00  0.20691E+00 -0.92869E+00 -0.14732E-02  0.18275E-02  0.96062E+00  0.15721E-02 -0.17514E-02 -0.22248E+00  0.69596E-02 -0.22642E+00 
   98.00  0.20475E+00 -0.91994E+00 -0.13977E-02  0.17713E-02  0.96004E+00  0.14725E-02 -0.17361E-02 -0.25432E+00  0.66743E-02 -0.25790E+00 
   99.00  0.20263E+00 -0.91018E+00 -0.13215E-02  0.17040E-02  0.95946E+00  0.13760E-02 -0.17048E-02 -0.28559E+00  0.64510E-02 -0.28881E+00 
  100.00  0.20054E+00 -0.89945E+00 -0.12459E-02  0.16283E-02  0.95888E+00  0.12834E-02 -0.16593E-02 -0.31622E+00  0.62731E-02 -0.31909E+00 
  101.00  0.19848E+00 -0.88781E+00 -0.11722E-02  0.15465E-02  0.95830E+00  0.11956E-02 -0.16014E-02 -0.34619E+00  0.61251E-02 -0.34869E+00 
  102.00  0.19646E+00 -0.87529E+00 -0.11017E-02  0.14609E-02  0.95772E+00  0.11134E-02 -0.15330E-02 -0.37545E+00  0.59931E-02 -0.37758E+00 
  103.00  0.19448E+00 -0.86197E+00 -0.10354E-02  0.13738E-02  0.95716E+00  0.10373E-02 -0.14561E-02 -0.40397E+00  0.58651E-02 -0.40571E+00 
  104.00  0.19255E+00 -0.84789E+00 -0.97436E-03  0.12872E-02  0.95660E+00  0.96761E-03 -0.13725E-02 -0.43171E+00  0.57311E-02 -0.43305E+00 
  105.00  0.19068E+00 -0.83312E+00 -0.91936E-03  0.12031E-02  0.95607E+00  0.90471E-03 -0.12843E-02 -0.45865E+00  0.55828E-02 -0.45956E+00 
  106.00  0.18888E+00 -0.81771E+00 -0.87112E-03  0.11230E-02  0.95556E+00  0.84869E-03 -0.11933E-02 -0.48475E+00  0.54138E-02 -0.48522E+00 
  107.00  0.18716E+00 -0.80174E+00 -0.83017E-03  0.10486E-02  0.95508E+00  0.79955E-03 -0.11011E-02 -0.51002E+00  0.52198E-02 -0.51000E+00 
  108.00  0.18553E+00 -0.78526E+00 -0.79686E-03  0.98128E-03  0.95463E+00  0.75720E-03 -0.10096E-02 -0.53442E+00  0.49979E-02 -0.53389E+00 
  109.00  0.18399E+00 -0.76832E+00 -0.77137E-03  0.92215E-03  0.95421E+00  0.72141E-03 -0.92000E-03 -0.55795E+00  0.47469E-02 -0.55687E+00 
  110.00  0.18257E+00 -0.75100E+00 -0.75368E-03  0.87221E-03  0.95383E+00  0.69189E-03 -0.83374E-03 -0.58060E+00  0.44669E-02 -0.57895E+00 
  111.00  0.18126E+00 -0.73335E+00 -0.74363E-03  0.83226E-03  0.95350E+00  0.66823E-03 -0.75187E-03 -0.60237E+00  0.41592E-02 -0.60011E+00 
  112.00  0.18007E+00 -0.71543E+00 -0.74083E-03  0.80290E-03  0.95320E+00  0.64998E-03 -0.67529E-03 -0.62327E+00  0.38260E-02 -0.62035E+00 
  113.00  0.17901E+00 -0.69728E+00 -0.74477E-03  0.78454E-03  0.95296E+00  0.63662E-03 -0.60471E-03 -0.64329E+00  0.34704E-02 -0.63969E+00 
  114.00  0.17808E+00 -0.67896E+00 -0.75479E-03  0.77740E-03  0.95276E+00  0.62757E-03 -0.54058E-03 -0.66246E+00  0.30957E-02 -0.65813E+00 
  115.00  0.17729E+00 -0.66053E+00 -0.77007E-03  0.78154E-03  0.95260E+00  0.62223E-03 -0.48321E-03 -0.68078E+00  0.27059E-02 -0.67569E+00 
  116.00  0.17664E+00 -0.64202E+00 -0.78973E-03  0.79683E-03  0.95250E+00  0.61997E-03 -0.43267E-03 -0.69826E+00  0.23051E-02 -0.69238E+00 
  117.00  0.17613E+00 -0.62347E+00 -0.81277E-03  0.82300E-03  0.95244E+00  0.62019E-03 -0.38889E-03 -0.71492E+00  0.18971E-02 -0.70822E+00 
  118.00  0.17576E+00 -0.60493E+00 -0.83818E-03  0.85963E-03  0.95242E+00  0.62225E-03 -0.35161E-03 -0.73078E+00  0.14861E-02 -0.72324E+00 
  119.00  0.17553E+00 -0.58643E+00 -0.86491E-03  0.90616E-03  0.95244E+00  0.62556E-03 -0.32048E-03 -0.74587E+00  0.10756E-02 -0.73746E+00 
  120.00  0.17544E+00 -0.56800E+00 -0.89190E-03  0.96194E-03  0.95251E+00  0.62955E-03 -0.29500E-03 -0.76019E+00  0.66917E-03 -0.75089E+00 
  121.00  0.17548E+00 -0.54968E+00 -0.91814E-03  0.10262E-02  0.95261E+00  0.63372E-03 -0.27460E-03 -0.77378E+00  0.26982E-03 -0.76358E+00 
  122.00  0.17566E+00 -0.53148E+00 -0.94269E-03  0.10981E-02  0.95275E+00  0.63757E-03 -0.25865E-03 -0.78666E+00 -0.11975E-03 -0.77554E+00 
  123.00  0.17596E+00 -0.51345E+00 -0.96466E-03  0.11768E-02  0.95291E+00  0.64069E-03 -0.24649E-03 -0.79884E+00 -0.49725E-03 -0.78680E+00 
  124.00  0.17638E+00 -0.49559E+00 -0.98328E-03  0.12614E-02  0.95310E+00  0.64272E-03 -0.23744E-03 -0.81036E+00 -0.86077E-03 -0.79739E+00 
  125.00  0.17692E+00 -0.47793E+00 -0.99788E-03  0.13509E-02  0.95331E+00  0.64335E-03 -0.23083E-03 -0.82123E+00 -0.12088E-02 -0.80733E+00 
  126.00  0.17757E+00 -0.46048E+00 -0.10079E-02  0.14444E-02  0.95355E+00  0.64236E-03 -0.22600E-03 -0.83149E+00 -0.15401E-02 -0.81666E+00 
  127.00  0.17832E+00 -0.44328E+00 -0.10129E-02  0.15409E-02  0.95379E+00  0.63957E-03 -0.22237E-03 -0.84115E+00 -0.18537E-02 -0.82539E+00 
  128.00  0.17917E+00 -0.42632E+00 -0.10126E-02  0.16396E-02  0.95405E+00  0.63485E-03 -0.21937E-03 -0.85023E+00 -0.21492E-02 -0.83357E+00 
  129.00  0.18011E+00 -0.40962E+00 -0.10068E-02  0.17396E-02  0.95432E+00  0.62815E-03 -0.21651E-03 -0.85877E+00 -0.24260E-02 -0.84120E+00 
  130.00  0.18112E+00 -0.39320E+00 -0.99552E-03  0.18401E-02  0.95459E+00  0.61944E-03 -0.21337E-03 -0.86677E+00 -0.26839E-02 -0.84832E+00 
  131.00  0.18221E+00 -0.37706E+00 -0.97871E-03  0.19404E-02  0.95486E+00  0.60875E-03 -0.20960E-03 -0.87428E+00 -0.29230E-02 -0.85495E+00 
  132.00  0.18337E+00 -0.36122E+00 -0.95657E-03  0.20397E-02  0.95513E+00  0.59617E-03 -0.20493E-03 -0.88130E+00 -0.31431E-02 -0.86111E+00 
  133.00  0.18459E+00 -0.34569E+00 -0.92934E-03  0.21374E-02  0.95540E+00  0.58178E-03 -0.19915E-03 -0.88786E+00 -0.33445E-02 -0.86682E+00 
  134.00  0.18586E+00 -0.33047E+00 -0.89734E-03  0.22330E-02  0.95566E+00  0.56572E-03 -0.19213E-03 -0.89397E+00 -0.35274E-02 -0.87211E+00 
  135.00  0.18717E+00 -0.31558E+00 -0.86098E-03  0.23260E-02  0.95591E+00  0.54813E-03 -0.18380E-03 -0.89967E+00 -0.36920E-02 -0.87700E+00 
  136.00  0.18853E+00 -0.30101E+00 -0.82070E-03  0.24160E-02  0.95616E+00  0.52918E-03 -0.17415E-03 -0.90497E+00 -0.38387E-02 -0.88151E+00 
  137.00  0.18991E+00 -0.28677E+00 -0.77699E-03  0.25025E-02  0.95639E+00  0.50905E-03 -0.16323E-03 -0.90989E+00 -0.39677E-02 -0.88566E+00 
  138.00  0.19132E+00 -0.27287E+00 -0.73038E-03  0.25854E-02  0.95661E+00  0.48792E-03 -0.15114E-03 -0.91444E+00 -0.40794E-02 -0.88946E+00 
  139.00  0.19275E+00 -0.25932E+00 -0.68141E-03  0.26644E-02  0.95682E+00  0.46597E-03 -0.13801E-03 -0.91866E+00 -0.41741E-02 -0.89294E+00 
  140.00  0.19420E+00 -0.24611E+00 -0.63063E-03  0.27393E-02  0.95701E+00  0.44338E-03 -0.12401E-03 -0.92255E+00 -0.42522E-02 -0.89612E+00 
  141.00  0.19565E+00 -0.23325E+00 -0.57860E-03  0.28099E-02  0.95719E+00  0.42033E-03 -0.10935E-03 -0.92614E+00 -0.43140E-02 -0.89900E+00 
  142.00  0.19711E+00 -0.22074E+00 -0.52587E-03  0.28762E-02  0.95735E+00  0.39699E-03 -0.94234E-04 -0.92943E+00 -0.43599E-02 -0.90161E+00 
  143.00  0.19857E+00 -0.20859E+00 -0.47296E-03  0.29381E-02  0.95749E+00  0.37353E-03 -0.78891E-04 -0.93246E+00 -0.43901E-02 -0.90396E+00 
  144.00  0.20003E+00 -0.19679E+00 -0.42040E-03  0.29956E-02  0.95762E+00  0.35008E-03 -0.63551E-04 -0.93523E+00 -0.44050E-02 -0.90606E+00 
  145.00  0.20148E+00 -0.18535E+00 -0.36866E-03  0.30488E-02  0.95773E+00  0.32681E-03 -0.48442E-04 -0.93775E+00 -0.44049E-02 -0.90794E+00 
  146.00  0.20292E+00 -0.17426E+00 -0.31819E-03  0.30976E-02  0.95782E+00  0.30382E-03 -0.33781E-04 -0.94005E+00 -0.43901E-02 -0.90961E+00 
  147.00  0.20434E+00 -0.16354E+00 -0.26942E-03  0.31423E-02  0.95790E+00  0.28126E-03 -0.19773E-04 -0.94214E+00 -0.43610E-02 -0.91107E+00 
  148.00  0.20575E+00 -0.15317E+00 -0.22272E-03  0.31828E-02  0.95796E+00  0.25921E-03 -0.66013E-05 -0.94402E+00 -0.43178E-02 -0.91234E+00 
  149.00  0.20713E+00 -0.14316E+00 -0.17843E-03  0.32193E-02  0.95800E+00  0.23779E-03  0.55718E-05 -0.94572E+00 -0.42609E-02 -0.91344E+00 
  150.00  0.20850E+00 -0.13351E+00 -0.13683E-03  0.32519E-02  0.95803E+00  0.21707E-03  0.16612E-04 -0.94725E+00 -0.41905E-02 -0.91437E+00 
  151.00  0.20984E+00 -0.12422E+00 -0.98183E-04  0.32809E-02  0.95804E+00  0.19714E-03  0.26413E-04 -0.94861E+00 -0.41071E-02 -0.91515E+00 
  152.00  0.21115E+00 -0.11529E+00 -0.62685E-04  0.33063E-02  0.95803E+00  0.17807E-03  0.34900E-04 -0.94983E+00 -0.40110E-02 -0.91578E+00 
  153.00  0.21244E+00 -0.10671E+00 -0.30492E-04  0.33284E-02  0.95800E+00  0.15990E-03  0.42028E-04 -0.95090E+00 -0.39026E-02 -0.91628E+00 
  154.00  0.21370E+00 -0.98487E-01 -0.17126E-05  0.33472E-02  0.95796E+00  0.14269E-03  0.47783E-04 -0.95184E+00 -0.37823E-02 -0.91665E+00 
  155.00  0.21493E+00 -0.90618E-01  0.23589E-04  0.33631E-02  0.95791E+00  0.12649E-03  0.52179E-04 -0.95266E+00 -0.36507E-02 -0.91691E+00 
  156.00  0.21613E+00 -0.83102E-01  0.45393E-04  0.33762E-02  0.95784E+00  0.11131E-03  0.55258E-04 -0.95336E+00 -0.35083E-02 -0.91706E+00 
  157.00  0.21729E+00 -0.75938E-01  0.63727E-04  0.33868E-02  0.95776E+00  0.97201E-04  0.57088E-04 -0.95397E+00 -0.33557E-02 -0.91712E+00 
  158.00  0.21842E+00 -0.69123E-01  0.78656E-04  0.33949E-02  0.95766E+00  0.84161E-04  0.57755E-04 -0.95448E+00 -0.31938E-02 -0.91709E+00 
  159.00  0.21952E+00 -0.62655E-01  0.90289E-04  0.34009E-02  0.95755E+00  0.72201E-04  0.57366E-04 -0.95490E+00 -0.30234E-02 -0.91698E+00 
  160.00  0.22058E+00 -0.56531E-01  0.98768E-04  0.34049E-02  0.95744E+00  0.61319E-04  0.56040E-04 -0.95524E+00 -0.28454E-02 -0.91680E+00 
  161.00  0.22161E+00 -0.50749E-01  0.10427E-03  0.34071E-02  0.95731E+00  0.51503E-04  0.53906E-04 -0.95551E+00 -0.26610E-02 -0.91656E+00 
  162.00  0.22260E+00 -0.45306E-01  0.10702E-03  0.34077E-02  0.95717E+00  0.42732E-04  0.51097E-04 -0.95572E+00 -0.24713E-02 -0.91626E+00 
  163.00  0.22354E+00 -0.40197E-01  0.10723E-03  0.34070E-02  0.95703E+00  0.34978E-04  0.47750E-04 -0.95587E+00 -0.22778E-02 -0.91592E+00 
  164.00  0.22445E+00 -0.35419E-01  0.10519E-03  0.34051E-02  0.95688E+00  0.28201E-04  0.43999E-04 -0.95597E+00 -0.20817E-02 -0.91554E+00 
  165.00  0.22532E+00 -0.30968E-01  0.10115E-03  0.34022E-02  0.95673E+00  0.22355E-04  0.39972E-04 -0.95602E+00 -0.18848E-02 -0.91513E+00 
  166.00  0.22614E+00 -0.26838E-01  0.95437E-04  0.33985E-02  0.95658E+00  0.17384E-04  0.35788E-04 -0.95604E+00 -0.16886E-02 -0.91470E+00 
  167.00  0.22691E+00 -0.23025E-01  0.88338E-04  0.33942E-02  0.95643E+00  0.13225E-04  0.31557E-04 -0.95602E+00 -0.14950E-02 -0.91425E+00 
  168.00  0.22764E+00 -0.19525E-01  0.80170E-04  0.33894E-02  0.95628E+00  0.98112E-05  0.27377E-04 -0.95598E+00 -0.13057E-02 -0.91380E+00 
  169.00  0.22832E+00 -0.16330E-01  0.71247E-04  0.33844E-02  0.95613E+00  0.70675E-05  0.23331E-04 -0.95592E+00 -0.11226E-02 -0.91335E+00 
  170.00  0.22894E+00 -0.13437E-01  0.61876E-04  0.33792E-02  0.95599E+00  0.49170E-05  0.19490E-04 -0.95585E+00 -0.94757E-03 -0.91292E+00 
  171.00  0.22952E+00 -0.10839E-01  0.52358E-04  0.33740E-02  0.95586E+00  0.32808E-05  0.15913E-04 -0.95576E+00 -0.78245E-03 -0.91250E+00 
  172.00  0.23004E+00 -0.85318E-02  0.42981E-04  0.33690E-02  0.95573E+00  0.20795E-05  0.12643E-04 -0.95567E+00 -0.62904E-03 -0.91210E+00 
  173.00  0.23050E+00 -0.65097E-02  0.34013E-04  0.33642E-02  0.95562E+00  0.12355E-05  0.97155E-05 -0.95558E+00 -0.48908E-03 -0.91173E+00 
  174.00  0.23091E+00 -0.47680E-02  0.25703E-04  0.33599E-02  0.95552E+00  0.67473E-06  0.71536E-05 -0.95550E+00 -0.36418E-03 -0.91140E+00 
  175.00  0.23125E+00 -0.33023E-02  0.18274E-04  0.33560E-02  0.95543E+00  0.32865E-06  0.49734E-05 -0.95542E+00 -0.25580E-03 -0.91112E+00 
  176.00  0.23154E+00 -0.21088E-02  0.11920E-04  0.33528E-02  0.95535E+00  0.13572E-06  0.31842E-05 -0.95535E+00 -0.16525E-03 -0.91087E+00 
  177.00  0.23176E+00 -0.11842E-02  0.68037E-05  0.33501E-02  0.95529E+00  0.43219E-07  0.17911E-05 -0.95529E+00 -0.93635E-04 -0.91068E+00 
  178.00  0.23192E+00 -0.52563E-03  0.30554E-05  0.33482E-02  0.95525E+00  0.85761E-08  0.79588E-06 -0.95525E+00 -0.41834E-04 -0.91054E+00 
  179.00  0.23202E+00 -0.13131E-03  0.76861E-06  0.33470E-02  0.95522E+00  0.53748E-09  0.19893E-06 -0.95522E+00 -0.10491E-04 -0.91046E+00 
  180.00  0.23205E+00 -0.32535E-14  0.19089E-16  0.33467E-02  0.95521E+00  0.33044E-30  0.49299E-17 -0.95521E+00 -0.26029E-15 -0.91043E+00 
 scattering matrix expansion coefficients
    w  a11         a22         a33         a23         a32         a44         a12         a34         a13         a24         a14
    0  0.1000E+01  0.0000E+00  0.0000E+00  0.0000E+00  0.0000E+00  0.7804E+00  0.0000E+00  0.0000E+00  0.0000E+00  0.0000E+00 -0.8537E-04
    1  0.2097E+01  0.0000E+00  0.0000E+00  0.0000E+00  0.0000E+00  0.2299E+01  0.0000E+00  0.0000E+00  0.0000E+00  0.0000E+00 -0.1023E-02
    2  0.2721E+01  0.2621E+00  0.3766E+01  0.3683E-06  0.8999E-03  0.2725E+01 -0.4536E+00  0.8685E-02 -0.5332E-03 -0.7008E-04 -0.6619E-03
    3  0.2789E+01  0.7300E-01  0.3372E+01 -0.5891E-06 -0.4933E-03  0.2802E+01 -0.3049E+00  0.1001E-01 -0.1364E-03  0.2790E-03 -0.9945E-03
    4  0.2728E+01  0.4185E-01  0.3082E+01 -0.1349E-05 -0.3886E-03  0.2715E+01 -0.2132E+00  0.3734E-02  0.1616E-04  0.1864E-03 -0.1070E-02
    5  0.2579E+01  0.1226E-01  0.2830E+01 -0.1212E-05 -0.6115E-03  0.2583E+01 -0.1524E+00  0.2281E-02  0.6353E-04 -0.2354E-03 -0.1581E-02
    6  0.2395E+01  0.1046E-01  0.2582E+01  0.4305E-06 -0.7534E-03  0.2393E+01 -0.1172E+00  0.4045E-02 -0.3677E-04 -0.1575E-03 -0.1544E-02
    7  0.2164E+01  0.8958E-02  0.2310E+01  0.1138E-06 -0.6317E-03  0.2155E+01 -0.9842E-01  0.6936E-02 -0.1103E-04  0.2567E-03 -0.5071E-03
    8  0.1886E+01 -0.1033E-02  0.2012E+01 -0.2413E-06  0.1121E-03  0.1894E+01 -0.9757E-01  0.3432E-02  0.2375E-03  0.2804E-03  0.1735E-03
    9  0.1608E+01  0.5498E-03  0.1709E+01 -0.5775E-06  0.5331E-03  0.1618E+01 -0.8672E-01 -0.3451E-02  0.9749E-04 -0.7943E-04  0.2204E-03
   10  0.1343E+01  0.7294E-02  0.1418E+01 -0.2145E-06  0.5273E-03  0.1337E+01 -0.5646E-01 -0.6399E-02 -0.2843E-04 -0.1550E-03  0.2034E-03
   11  0.1061E+01  0.5103E-02  0.1125E+01  0.3157E-06  0.3645E-03  0.1054E+01 -0.4022E-01 -0.2941E-02 -0.2993E-04 -0.7042E-05  0.3328E-03
   12  0.7636E+00 -0.3819E-03  0.8218E+00  0.4142E-06  0.2213E-03  0.7639E+00 -0.4909E-01  0.1931E-02 -0.6876E-05  0.5059E-04  0.4101E-03
   13  0.4880E+00 -0.1974E-02  0.5342E+00  0.2020E-06  0.1054E-03  0.4927E+00 -0.6073E-01  0.4014E-02 -0.5551E-05  0.1477E-04  0.3190E-03
   14  0.2746E+00 -0.2399E-03  0.3040E+00  0.1011E-06  0.2669E-04  0.2775E+00 -0.5703E-01  0.3326E-02 -0.6872E-05 -0.2029E-04  0.1549E-03
   15  0.1360E+00  0.1359E-02  0.1509E+00  0.9060E-07 -0.1327E-04  0.1359E+00 -0.4098E-01  0.1856E-02 -0.4289E-05 -0.1977E-04  0.3762E-04
   16  0.5956E-01  0.1647E-02  0.6572E-01  0.6703E-07 -0.2090E-04  0.5811E-01 -0.2353E-01  0.7805E-03 -0.5841E-06 -0.8598E-05 -0.7782E-05
   17  0.2323E-01  0.1160E-02  0.2530E-01  0.3450E-07 -0.1477E-04  0.2190E-01 -0.1121E-01  0.2599E-03  0.1202E-05 -0.1238E-05 -0.1327E-04
   18  0.8134E-02  0.6083E-03  0.8698E-02  0.1260E-07 -0.7325E-05  0.7349E-02 -0.4557E-02  0.6965E-04  0.1187E-05  0.8716E-06 -0.7975E-05
   19  0.2575E-02  0.2586E-03  0.2695E-02  0.3715E-08 -0.2811E-05  0.2218E-02 -0.1616E-02  0.1502E-04  0.6422E-06  0.7449E-06 -0.3294E-05
   20  0.7423E-03  0.9339E-04  0.7587E-03  0.8257E-09 -0.8747E-06  0.6072E-03 -0.5085E-03  0.2459E-05  0.2505E-06  0.3315E-06 -0.1070E-05
   21  0.1958E-03  0.2946E-04  0.1953E-03  0.1405E-09 -0.2326E-06  0.1518E-03 -0.1438E-03  0.2469E-06  0.8019E-07  0.1118E-06 -0.2943E-06
   22  0.4741E-04  0.8258E-05  0.4612E-04  0.1376E-10 -0.5300E-07  0.3474E-04 -0.3681E-04 -0.1306E-07  0.2102E-07  0.3199E-07 -0.7415E-07
   23  0.1054E-04  0.2078E-05  0.1001E-04 -0.6460E-12 -0.1008E-07  0.7290E-05 -0.8570E-05 -0.1422E-07  0.3935E-08  0.8627E-08 -0.1800E-07
   24  0.2151E-05  0.4710E-06  0.1990E-05 -0.6908E-12 -0.1815E-08  0.1400E-05 -0.1816E-05 -0.3605E-08  0.6962E-09  0.2156E-08 -0.4047E-08
   25  0.4005E-06  0.9625E-07  0.3613E-06 -0.2804E-12 -0.3457E-09  0.2446E-06 -0.3492E-06 -0.7277E-09  0.1488E-09  0.5431E-09 -0.9094E-09
   26  0.6798E-07  0.1767E-07  0.5986E-07 -0.5570E-13 -0.5628E-10  0.3894E-07 -0.6085E-07 -0.1243E-09  0.2535E-10  0.1290E-09 -0.2038E-09
   27  0.1015E-07  0.2839E-08  0.8715E-08  0.3963E-15 -0.9089E-11  0.5434E-08 -0.9310E-08 -0.1859E-10  0.4430E-11  0.2611E-10 -0.3892E-10
   28  0.1483E-08  0.4362E-09  0.1248E-08 -0.9943E-15 -0.1371E-11  0.7492E-09 -0.1382E-08 -0.4146E-11  0.6669E-12  0.4688E-11 -0.6835E-11
   29  0.1546E-09  0.4831E-10  0.1269E-09 -0.1547E-15 -0.1647E-12  0.7269E-10 -0.1469E-09 -0.2435E-12  0.8725E-13  0.6228E-12 -0.8725E-12
   30  0.2350E-10  0.7487E-11  0.1898E-10 -0.1616E-17 -0.2519E-13  0.1060E-10 -0.2242E-10 -0.9219E-13  0.1408E-13  0.7884E-13 -0.1107E-12
   31  0.9580E-12  0.3242E-12  0.7549E-12 -0.8018E-17 -0.1278E-14  0.4003E-12 -0.9322E-12 -0.3204E-15  0.7687E-15  0.5049E-14 -0.6828E-14
   32  0.3231E-12  0.1137E-12  0.2576E-12 -0.1949E-17 -0.2291E-15  0.1326E-12 -0.3176E-12 -0.1534E-14  0.1428E-15  0.4455E-15 -0.6234E-15
