 input file is 
mstm25_1024_4299_13_00226.inp 
 input file comments follow:
***********************************************************
  This is the default mstm input file for v.3.0.
  The run is for a 7-sphere cluster of identical spheres.   The positions
  are embedded in the input file.

  The run makes use of the new_run and multiple_run options.

  14 April 2013
***********************************************************
 number of processors:
   1
 input parameters for run number 
    1
 number of spheres, volume size parameter:
 1024  0.43331E+01
 position file:
position/n1024/a25.out                                      
 output file:
output/1024/x4299/13/00226/mt_25_1024_4299_13_00226.dat     
 length, ref. indx. scale factors:
   0.430   1.300   0.023
 chiral factors:
  0.00000E+00  0.00000E+00
 scattering matrix directions based on incident frame
 automatic scattering angle calculation
 thetamin, thetamax:
      0.0    180.0
 number scattering angles:
      181
 epsmie, epssoln, max number iterations:
  0.1000E-05  0.1000E-07 5000
 medium refractive index:
  1.0000  0.0000
 target euler rotation angles:
    0.0000    0.0000    0.0000
 far field kr, iterations/correction:
 -0.1000E+01   20
 plane wave incidence
 random orientation calculations
 t matrix calculated, stored in file 
tmatrixfiles/25102442991300226                              
 t matrix convergence epsilon:
  0.1000E-06
 all spheres excited (total T matrix) 
 calculation results for run 
    1
 total ext, abs, scat efficiencies, w.r.t. xv, and asym. parm
  0.67128E+00  0.25376E+00  0.41751E+00  0.76297E+00
 scattering matrix elements (normalized w/ S11)
   theta      11           12           13           14           22           23           24           33           34           44      
    0.00  0.13171E+03  0.00000E+00  0.00000E+00  0.45560E-05  0.99999E+00 -0.11216E-04  0.00000E+00  0.99999E+00  0.00000E+00  0.99998E+00 
    1.00  0.12686E+03 -0.15056E-03  0.51192E-09  0.43309E-05  0.99999E+00 -0.12699E-04 -0.82147E-09  0.99999E+00  0.13416E-04  0.99998E+00 
    2.00  0.11346E+03 -0.61103E-03  0.32465E-08  0.35931E-05  0.99999E+00 -0.17125E-04 -0.25947E-08  0.99999E+00  0.50655E-04  0.99998E+00 
    3.00  0.94560E+02 -0.14113E-02  0.11089E-07  0.21300E-05  0.99999E+00 -0.24334E-04 -0.26947E-08  0.99999E+00  0.10070E-03  0.99997E+00 
    4.00  0.74079E+02 -0.26124E-02  0.25718E-07 -0.48699E-06  0.99998E+00 -0.33675E-04  0.51017E-08  0.99998E+00  0.13839E-03  0.99996E+00 
    5.00  0.55561E+02 -0.43131E-02  0.40613E-07 -0.49314E-05  0.99997E+00 -0.43275E-04  0.32652E-07  0.99996E+00  0.11619E-03  0.99993E+00 
    6.00  0.41221E+02 -0.66187E-02  0.30716E-07 -0.11841E-04  0.99996E+00 -0.49273E-04  0.95522E-07  0.99994E+00 -0.31247E-04  0.99989E+00 
    7.00  0.31601E+02 -0.95180E-02 -0.45057E-07 -0.20869E-04  0.99994E+00 -0.46933E-04  0.19830E-06  0.99989E+00 -0.33702E-03  0.99983E+00 
    8.00  0.25857E+02 -0.12763E-01 -0.20232E-06 -0.29876E-04  0.99992E+00 -0.35483E-04  0.31411E-06  0.99984E+00 -0.72313E-03  0.99977E+00 
    9.00  0.22460E+02 -0.16032E-01 -0.38997E-06 -0.36326E-04  0.99991E+00 -0.20902E-04  0.39928E-06  0.99979E+00 -0.10349E-02  0.99970E+00 
   10.00  0.19937E+02 -0.19231E-01 -0.52694E-06 -0.39487E-04  0.99991E+00 -0.10336E-04  0.43880E-06  0.99972E+00 -0.11884E-02  0.99963E+00 
   11.00  0.17378E+02 -0.22488E-01 -0.56037E-06 -0.40184E-04  0.99990E+00 -0.68824E-05  0.46113E-06  0.99965E+00 -0.12123E-02  0.99955E+00 
   12.00  0.14557E+02 -0.25983E-01 -0.47635E-06 -0.39455E-04  0.99989E+00 -0.10504E-04  0.52854E-06  0.99955E+00 -0.11853E-02  0.99945E+00 
   13.00  0.11743E+02 -0.29874E-01 -0.29846E-06 -0.38045E-04  0.99987E+00 -0.20082E-04  0.73244E-06  0.99942E+00 -0.11941E-02  0.99930E+00 
   14.00  0.93641E+01 -0.34268E-01 -0.10324E-06 -0.36466E-04  0.99984E+00 -0.33413E-04  0.11663E-05  0.99925E+00 -0.13115E-02  0.99910E+00 
   15.00  0.77251E+01 -0.39149E-01 -0.12484E-07 -0.34926E-04  0.99980E+00 -0.45889E-04  0.18165E-05  0.99903E+00 -0.15425E-02  0.99885E+00 
   16.00  0.68669E+01 -0.44306E-01 -0.81517E-07 -0.33039E-04  0.99977E+00 -0.51547E-04  0.24428E-05  0.99879E+00 -0.17701E-02  0.99858E+00 
   17.00  0.65960E+01 -0.49491E-01 -0.18180E-06 -0.30058E-04  0.99976E+00 -0.48404E-04  0.27387E-05  0.99853E+00 -0.18446E-02  0.99832E+00 
   18.00  0.66077E+01 -0.54671E-01 -0.11357E-06 -0.25764E-04  0.99977E+00 -0.40148E-04  0.26458E-05  0.99826E+00 -0.17456E-02  0.99805E+00 
   19.00  0.66238E+01 -0.59994E-01  0.21843E-06 -0.20757E-04  0.99977E+00 -0.31491E-04  0.23399E-05  0.99795E+00 -0.15677E-02  0.99775E+00 
   20.00  0.64789E+01 -0.65630E-01  0.78944E-06 -0.16079E-04  0.99977E+00 -0.25247E-04  0.20379E-05  0.99759E+00 -0.14177E-02  0.99739E+00 
   21.00  0.61361E+01 -0.71714E-01  0.14992E-05 -0.12886E-04  0.99976E+00 -0.22690E-04  0.19122E-05  0.99715E+00 -0.13676E-02  0.99695E+00 
   22.00  0.56488E+01 -0.78349E-01  0.21932E-05 -0.12194E-04  0.99974E+00 -0.24317E-04  0.20783E-05  0.99663E+00 -0.14442E-02  0.99641E+00 
   23.00  0.51030E+01 -0.85595E-01  0.26860E-05 -0.14514E-04  0.99970E+00 -0.30023E-04  0.25859E-05  0.99600E+00 -0.16216E-02  0.99576E+00 
   24.00  0.45702E+01 -0.93436E-01  0.28255E-05 -0.19525E-04  0.99966E+00 -0.39058E-04  0.34077E-05  0.99526E+00 -0.18193E-02  0.99498E+00 
   25.00  0.40862E+01 -0.10177E+00  0.25827E-05 -0.26133E-04  0.99960E+00 -0.50177E-04  0.44581E-05  0.99440E+00 -0.19288E-02  0.99407E+00 
   26.00  0.36541E+01 -0.11046E+00  0.20962E-05 -0.33050E-04  0.99953E+00 -0.62017E-04  0.56438E-05  0.99342E+00 -0.18649E-02  0.99305E+00 
   27.00  0.32606E+01 -0.11938E+00  0.16088E-05 -0.39426E-04  0.99946E+00 -0.73242E-04  0.69049E-05  0.99233E+00 -0.16079E-02  0.99189E+00 
   28.00  0.28924E+01 -0.12853E+00  0.13221E-05 -0.44934E-04  0.99937E+00 -0.82142E-04  0.81982E-05  0.99111E+00 -0.12095E-02  0.99061E+00 
   29.00  0.25446E+01 -0.13799E+00  0.12490E-05 -0.49245E-04  0.99928E+00 -0.85998E-04  0.94351E-05  0.98973E+00 -0.76617E-03  0.98916E+00 
   30.00  0.22218E+01 -0.14793E+00  0.11248E-05 -0.51363E-04  0.99917E+00 -0.80979E-04  0.10424E-04  0.98818E+00 -0.38451E-03  0.98752E+00 
   31.00  0.19325E+01 -0.15852E+00  0.42917E-06 -0.49416E-04  0.99904E+00 -0.63245E-04  0.10880E-04  0.98639E+00 -0.15265E-03  0.98565E+00 
   32.00  0.16846E+01 -0.16985E+00 -0.14322E-05 -0.41262E-04  0.99892E+00 -0.31221E-04  0.10518E-04  0.98435E+00 -0.12349E-03  0.98353E+00 
   33.00  0.14821E+01 -0.18186E+00 -0.47895E-05 -0.25867E-04  0.99879E+00  0.12029E-04  0.92287E-05  0.98205E+00 -0.31267E-03  0.98114E+00 
   34.00  0.13252E+01 -0.19432E+00 -0.93689E-05 -0.46815E-05  0.99866E+00  0.58357E-04  0.72155E-05  0.97951E+00 -0.70894E-03  0.97853E+00 
   35.00  0.12113E+01 -0.20694E+00 -0.14225E-04  0.18131E-04  0.99854E+00  0.97352E-04  0.50068E-05  0.97680E+00 -0.12832E-02  0.97574E+00 
   36.00  0.11350E+01 -0.21951E+00 -0.18120E-04  0.37259E-04  0.99843E+00  0.12135E-03  0.32733E-05  0.97394E+00 -0.19828E-02  0.97284E+00 
   37.00  0.10889E+01 -0.23197E+00 -0.20162E-04  0.48794E-04  0.99834E+00  0.12901E-03  0.25428E-05  0.97097E+00 -0.27190E-02  0.96982E+00 
   38.00  0.10631E+01 -0.24446E+00 -0.20197E-04  0.51807E-04  0.99827E+00  0.12448E-03  0.29925E-05  0.96784E+00 -0.33740E-02  0.96665E+00 
   39.00  0.10464E+01 -0.25715E+00 -0.18637E-04  0.47797E-04  0.99821E+00  0.11312E-03  0.44394E-05  0.96450E+00 -0.38347E-02  0.96328E+00 
   40.00  0.10290E+01 -0.27012E+00 -0.15967E-04  0.38908E-04  0.99815E+00  0.97805E-04  0.64682E-05  0.96090E+00 -0.40287E-02  0.95966E+00 
   41.00  0.10042E+01 -0.28339E+00 -0.12388E-04  0.26605E-04  0.99810E+00  0.78308E-04  0.85635E-05  0.95702E+00 -0.39415E-02  0.95575E+00 
   42.00  0.97004E+00 -0.29691E+00 -0.78236E-05  0.11488E-04  0.99803E+00  0.53196E-04  0.10194E-04  0.95285E+00 -0.36168E-02  0.95156E+00 
   43.00  0.92887E+00 -0.31062E+00 -0.22102E-05 -0.60671E-05  0.99796E+00  0.22528E-04  0.10905E-04  0.94839E+00 -0.31461E-02  0.94708E+00 
   44.00  0.88518E+00 -0.32458E+00  0.41081E-05 -0.25131E-04  0.99788E+00 -0.10118E-04  0.10473E-04  0.94361E+00 -0.26498E-02  0.94228E+00 
   45.00  0.84308E+00 -0.33889E+00  0.10160E-04 -0.43900E-04  0.99781E+00 -0.37627E-04  0.90893E-05  0.93846E+00 -0.22429E-02  0.93712E+00 
   46.00  0.80435E+00 -0.35373E+00  0.14558E-04 -0.60180E-04  0.99773E+00 -0.51947E-04  0.74137E-05  0.93286E+00 -0.19938E-02  0.93149E+00 
   47.00  0.76812E+00 -0.36925E+00  0.16121E-04 -0.72378E-04  0.99764E+00 -0.48043E-04  0.63859E-05  0.92671E+00 -0.19022E-02  0.92532E+00 
   48.00  0.73191E+00 -0.38547E+00  0.14548E-04 -0.80221E-04  0.99754E+00 -0.26599E-04  0.68505E-05  0.91994E+00 -0.19133E-02  0.91852E+00 
   49.00  0.69344E+00 -0.40233E+00  0.10712E-04 -0.84655E-04  0.99742E+00  0.61137E-05  0.92185E-05  0.91254E+00 -0.19598E-02  0.91106E+00 
   50.00  0.65214E+00 -0.41968E+00  0.64933E-05 -0.87125E-04  0.99726E+00  0.40485E-04  0.13306E-04  0.90452E+00 -0.20032E-02  0.90296E+00 
   51.00  0.60964E+00 -0.43738E+00  0.42465E-05 -0.88790E-04  0.99707E+00  0.66477E-04  0.18357E-04  0.89591E+00 -0.20525E-02  0.89424E+00 
   52.00  0.56906E+00 -0.45533E+00  0.60034E-05 -0.90106E-04  0.99686E+00  0.76560E-04  0.23240E-04  0.88672E+00 -0.21575E-02  0.88495E+00 
   53.00  0.53366E+00 -0.47347E+00  0.12516E-04 -0.90973E-04  0.99665E+00  0.68375E-04  0.26851E-04  0.87697E+00 -0.23763E-02  0.87509E+00 
   54.00  0.50552E+00 -0.49185E+00  0.22595E-04 -0.91355E-04  0.99646E+00  0.46003E-04  0.28668E-04  0.86663E+00 -0.27323E-02  0.86466E+00 
   55.00  0.48480E+00 -0.51047E+00  0.33408E-04 -0.91932E-04  0.99633E+00  0.18259E-04  0.29134E-04  0.85564E+00 -0.31850E-02  0.85363E+00 
   56.00  0.46996E+00 -0.52934E+00  0.41814E-04 -0.94171E-04  0.99625E+00 -0.56954E-05  0.29524E-04  0.84399E+00 -0.36411E-02  0.84197E+00 
   57.00  0.45854E+00 -0.54835E+00  0.45846E-04 -0.99688E-04  0.99620E+00 -0.20518E-04  0.31329E-04  0.83167E+00 -0.39970E-02  0.82967E+00 
   58.00  0.44817E+00 -0.56736E+00  0.45335E-04 -0.10941E-03  0.99617E+00 -0.25943E-04  0.35586E-04  0.81871E+00 -0.41797E-02  0.81677E+00 
   59.00  0.43729E+00 -0.58625E+00  0.41540E-04 -0.12311E-03  0.99614E+00 -0.25236E-04  0.42545E-04  0.80518E+00 -0.41643E-02  0.80329E+00 
   60.00  0.42538E+00 -0.60495E+00  0.36315E-04 -0.13954E-03  0.99609E+00 -0.22703E-04  0.51693E-04  0.79110E+00 -0.39678E-02  0.78925E+00 
   61.00  0.41271E+00 -0.62347E+00  0.31341E-04 -0.15698E-03  0.99601E+00 -0.21747E-04  0.62026E-04  0.77644E+00 -0.36358E-02  0.77463E+00 
   62.00  0.39992E+00 -0.64193E+00  0.27683E-04 -0.17393E-03  0.99591E+00 -0.24070E-04  0.72416E-04  0.76109E+00 -0.32257E-02  0.75930E+00 
   63.00  0.38762E+00 -0.66046E+00  0.25757E-04 -0.18953E-03  0.99580E+00 -0.29930E-04  0.81934E-04  0.74490E+00 -0.27937E-02  0.74311E+00 
   64.00  0.37617E+00 -0.67920E+00  0.25621E-04 -0.20343E-03  0.99567E+00 -0.39020E-04  0.90007E-04  0.72768E+00 -0.23831E-02  0.72588E+00 
   65.00  0.36573E+00 -0.69817E+00  0.27347E-04 -0.21523E-03  0.99553E+00 -0.51273E-04  0.96346E-04  0.70932E+00 -0.20161E-02  0.70749E+00 
   66.00  0.35622E+00 -0.71731E+00  0.31193E-04 -0.22388E-03  0.99540E+00 -0.67028E-04  0.10075E-03  0.68977E+00 -0.16902E-02  0.68792E+00 
   67.00  0.34745E+00 -0.73646E+00  0.37427E-04 -0.22760E-03  0.99527E+00 -0.86495E-04  0.10300E-03  0.66911E+00 -0.13782E-02  0.66723E+00 
   68.00  0.33909E+00 -0.75541E+00  0.45929E-04 -0.22459E-03  0.99516E+00 -0.10895E-03  0.10288E-03  0.64745E+00 -0.10344E-02  0.64556E+00 
   69.00  0.33066E+00 -0.77397E+00  0.55861E-04 -0.21413E-03  0.99505E+00 -0.13229E-03  0.10047E-03  0.62496E+00 -0.60549E-03  0.62305E+00 
   70.00  0.32160E+00 -0.79200E+00  0.65674E-04 -0.19739E-03  0.99493E+00 -0.15324E-03  0.96336E-04  0.60174E+00 -0.46008E-04  0.59983E+00 
   71.00  0.31143E+00 -0.80941E+00  0.73493E-04 -0.17743E-03  0.99479E+00 -0.16822E-03  0.91583E-04  0.57785E+00  0.66772E-03  0.57594E+00 
   72.00  0.29995E+00 -0.82617E+00  0.77708E-04 -0.15838E-03  0.99462E+00 -0.17427E-03  0.87622E-04  0.55329E+00  0.15282E-02  0.55137E+00 
   73.00  0.28736E+00 -0.84228E+00  0.77546E-04 -0.14401E-03  0.99440E+00 -0.16983E-03  0.85733E-04  0.52803E+00  0.24942E-02  0.52609E+00 
   74.00  0.27430E+00 -0.85773E+00  0.73414E-04 -0.13633E-03  0.99415E+00 -0.15507E-03  0.86532E-04  0.50202E+00  0.34964E-02  0.50006E+00 
   75.00  0.26166E+00 -0.87252E+00  0.66882E-04 -0.13467E-03  0.99387E+00 -0.13195E-03  0.89544E-04  0.47525E+00  0.44519E-02  0.47327E+00 
   76.00  0.25032E+00 -0.88664E+00  0.60234E-04 -0.13564E-03  0.99360E+00 -0.10383E-03  0.93112E-04  0.44770E+00  0.52872E-02  0.44571E+00 
   77.00  0.24086E+00 -0.90006E+00  0.55616E-04 -0.13442E-03  0.99336E+00 -0.74669E-04  0.94871E-04  0.41939E+00  0.59653E-02  0.41740E+00 
   78.00  0.23340E+00 -0.91276E+00  0.54155E-04 -0.12705E-03  0.99317E+00 -0.47969E-04  0.92705E-04  0.39033E+00  0.65023E-02  0.38837E+00 
   79.00  0.22760E+00 -0.92469E+00  0.55528E-04 -0.11239E-03  0.99302E+00 -0.25887E-04  0.85751E-04  0.36055E+00  0.69606E-02  0.35865E+00 
   80.00  0.22281E+00 -0.93579E+00  0.58280E-04 -0.92776E-04  0.99290E+00 -0.89159E-05  0.74840E-04  0.33009E+00  0.74208E-02  0.32827E+00 
   81.00  0.21831E+00 -0.94598E+00  0.60623E-04 -0.72992E-04  0.99278E+00  0.37876E-05  0.62218E-04  0.29901E+00  0.79485E-02  0.29729E+00 
   82.00  0.21355E+00 -0.95520E+00  0.61222E-04 -0.58365E-04  0.99265E+00  0.13795E-04  0.50794E-04  0.26738E+00  0.85699E-02  0.26576E+00 
   83.00  0.20832E+00 -0.96339E+00  0.59618E-04 -0.53001E-04  0.99250E+00  0.22850E-04  0.43362E-04  0.23525E+00  0.92648E-02  0.23374E+00 
   84.00  0.20269E+00 -0.97053E+00  0.56235E-04 -0.58668E-04  0.99232E+00  0.32482E-04  0.42010E-04  0.20268E+00  0.99721E-02  0.20128E+00 
   85.00  0.19698E+00 -0.97659E+00  0.52098E-04 -0.74475E-04  0.99212E+00  0.43699E-04  0.47769E-04  0.16967E+00  0.10606E-01  0.16838E+00 
   86.00  0.19161E+00 -0.98157E+00  0.48439E-04 -0.97347E-04  0.99193E+00  0.56688E-04  0.60488E-04  0.13622E+00  0.11075E-01  0.13505E+00 
   87.00  0.18690E+00 -0.98547E+00  0.46356E-04 -0.12314E-03  0.99176E+00  0.70549E-04  0.78950E-04  0.10230E+00  0.11310E-01  0.10124E+00 
   88.00  0.18305E+00 -0.98826E+00  0.46661E-04 -0.14805E-03  0.99162E+00  0.83248E-04  0.10122E-03  0.67907E-01  0.11282E-01  0.66970E-01 
   89.00  0.18007E+00 -0.98991E+00  0.49942E-04 -0.16966E-03  0.99153E+00  0.91947E-04  0.12513E-03  0.33095E-01  0.11008E-01  0.32279E-01 
   90.00  0.17784E+00 -0.99038E+00  0.56727E-04 -0.18732E-03  0.99148E+00  0.93709E-04  0.14873E-03 -0.20205E-02  0.10552E-01 -0.27151E-02 
   91.00  0.17614E+00 -0.98964E+00  0.67586E-04 -0.20160E-03  0.99146E+00  0.86359E-04  0.17057E-03 -0.37266E-01  0.99981E-02 -0.37840E-01 
   92.00  0.17471E+00 -0.98767E+00  0.83021E-04 -0.21346E-03  0.99146E+00  0.69198E-04  0.18980E-03 -0.72439E-01  0.94378E-02 -0.72896E-01 
   93.00  0.17333E+00 -0.98449E+00  0.10317E-03 -0.22350E-03  0.99147E+00  0.43334E-04  0.20615E-03 -0.10734E+00  0.89475E-02 -0.10769E+00 
   94.00  0.17180E+00 -0.98011E+00  0.12747E-03 -0.23171E-03  0.99148E+00  0.11514E-04  0.21986E-03 -0.14182E+00  0.85788E-02 -0.14205E+00 
   95.00  0.16998E+00 -0.97457E+00  0.15443E-03 -0.23759E-03  0.99147E+00 -0.22448E-04  0.23156E-03 -0.17576E+00  0.83528E-02 -0.17587E+00 
   96.00  0.16776E+00 -0.96791E+00  0.18169E-03 -0.24056E-03  0.99143E+00 -0.54502E-04  0.24217E-03 -0.20908E+00  0.82610E-02 -0.20909E+00 
   97.00  0.16510E+00 -0.96018E+00  0.20629E-03 -0.24031E-03  0.99137E+00 -0.81172E-04  0.25267E-03 -0.24179E+00  0.82706E-02 -0.24169E+00 
   98.00  0.16202E+00 -0.95140E+00  0.22522E-03 -0.23696E-03  0.99126E+00 -0.10016E-03  0.26390E-03 -0.27386E+00  0.83329E-02 -0.27366E+00 
   99.00  0.15859E+00 -0.94160E+00  0.23595E-03 -0.23101E-03  0.99113E+00 -0.11059E-03  0.27627E-03 -0.30531E+00  0.83940E-02 -0.30500E+00 
  100.00  0.15498E+00 -0.93083E+00  0.23690E-03 -0.22316E-03  0.99096E+00 -0.11295E-03  0.28959E-03 -0.33613E+00  0.84057E-02 -0.33573E+00 
  101.00  0.15139E+00 -0.91913E+00  0.22774E-03 -0.21405E-03  0.99078E+00 -0.10868E-03  0.30305E-03 -0.36633E+00  0.83350E-02 -0.36582E+00 
  102.00  0.14804E+00 -0.90656E+00  0.20943E-03 -0.20420E-03  0.99060E+00 -0.99671E-04  0.31532E-03 -0.39587E+00  0.81711E-02 -0.39524E+00 
  103.00  0.14514E+00 -0.89317E+00  0.18397E-03 -0.19394E-03  0.99043E+00 -0.87776E-04  0.32501E-03 -0.42473E+00  0.79275E-02 -0.42397E+00 
  104.00  0.14288E+00 -0.87905E+00  0.15396E-03 -0.18358E-03  0.99030E+00 -0.74378E-04  0.33103E-03 -0.45287E+00  0.76374E-02 -0.45199E+00 
  105.00  0.14133E+00 -0.86424E+00  0.12195E-03 -0.17356E-03  0.99020E+00 -0.60242E-04  0.33300E-03 -0.48028E+00  0.73435E-02 -0.47925E+00 
  106.00  0.14050E+00 -0.84880E+00  0.89937E-04 -0.16451E-03  0.99015E+00 -0.45597E-04  0.33143E-03 -0.50693E+00  0.70839E-02 -0.50575E+00 
  107.00  0.14033E+00 -0.83278E+00  0.59065E-04 -0.15731E-03  0.99014E+00 -0.30395E-04  0.32747E-03 -0.53282E+00  0.68809E-02 -0.53148E+00 
  108.00  0.14068E+00 -0.81622E+00  0.29581E-04 -0.15293E-03  0.99017E+00 -0.14627E-04  0.32253E-03 -0.55792E+00  0.67341E-02 -0.55642E+00 
  109.00  0.14138E+00 -0.79915E+00  0.10972E-05 -0.15231E-03  0.99022E+00  0.14698E-05  0.31779E-03 -0.58222E+00  0.66221E-02 -0.58056E+00 
  110.00  0.14227E+00 -0.78161E+00 -0.27080E-04 -0.15618E-03  0.99029E+00  0.17352E-04  0.31388E-03 -0.60570E+00  0.65096E-02 -0.60388E+00 
  111.00  0.14323E+00 -0.76367E+00 -0.55641E-04 -0.16493E-03  0.99036E+00  0.32273E-04  0.31076E-03 -0.62833E+00  0.63576E-02 -0.62637E+00 
  112.00  0.14417E+00 -0.74536E+00 -0.85065E-04 -0.17857E-03  0.99045E+00  0.45471E-04  0.30781E-03 -0.65011E+00  0.61323E-02 -0.64800E+00 
  113.00  0.14506E+00 -0.72677E+00 -0.11553E-03 -0.19668E-03  0.99053E+00  0.56363E-04  0.30416E-03 -0.67100E+00  0.58133E-02 -0.66876E+00 
  114.00  0.14591E+00 -0.70794E+00 -0.14688E-03 -0.21849E-03  0.99061E+00  0.64687E-04  0.29896E-03 -0.69100E+00  0.53963E-02 -0.68863E+00 
  115.00  0.14676E+00 -0.68895E+00 -0.17870E-03 -0.24288E-03  0.99070E+00  0.70553E-04  0.29173E-03 -0.71011E+00  0.48940E-02 -0.70762E+00 
  116.00  0.14764E+00 -0.66986E+00 -0.21028E-03 -0.26855E-03  0.99079E+00  0.74388E-04  0.28247E-03 -0.72832E+00  0.43323E-02 -0.72572E+00 
  117.00  0.14859E+00 -0.65071E+00 -0.24075E-03 -0.29401E-03  0.99088E+00  0.76807E-04  0.27175E-03 -0.74566E+00  0.37448E-02 -0.74294E+00 
  118.00  0.14963E+00 -0.63156E+00 -0.26913E-03 -0.31780E-03  0.99097E+00  0.78447E-04  0.26054E-03 -0.76213E+00  0.31654E-02 -0.75930E+00 
  119.00  0.15077E+00 -0.61242E+00 -0.29438E-03 -0.33854E-03  0.99105E+00  0.79813E-04  0.25000E-03 -0.77775E+00  0.26225E-02 -0.77481E+00 
  120.00  0.15196E+00 -0.59334E+00 -0.31551E-03 -0.35504E-03  0.99113E+00  0.81178E-04  0.24119E-03 -0.79256E+00  0.21338E-02 -0.78951E+00 
  121.00  0.15316E+00 -0.57434E+00 -0.33168E-03 -0.36645E-03  0.99121E+00  0.82559E-04  0.23483E-03 -0.80658E+00  0.17049E-02 -0.80342E+00 
  122.00  0.15435E+00 -0.55544E+00 -0.34231E-03 -0.37225E-03  0.99127E+00  0.83757E-04  0.23119E-03 -0.81984E+00  0.13306E-02 -0.81656E+00 
  123.00  0.15546E+00 -0.53667E+00 -0.34712E-03 -0.37228E-03  0.99132E+00  0.84450E-04  0.23009E-03 -0.83235E+00  0.99799E-03 -0.82896E+00 
  124.00  0.15647E+00 -0.51806E+00 -0.34628E-03 -0.36671E-03  0.99137E+00  0.84292E-04  0.23094E-03 -0.84416E+00  0.69027E-03 -0.84065E+00 
  125.00  0.15738E+00 -0.49963E+00 -0.34034E-03 -0.35593E-03  0.99141E+00  0.83012E-04  0.23294E-03 -0.85527E+00  0.39135E-03 -0.85165E+00 
  126.00  0.15818E+00 -0.48141E+00 -0.33026E-03 -0.34051E-03  0.99144E+00  0.80482E-04  0.23525E-03 -0.86573E+00  0.88844E-04 -0.86199E+00 
  127.00  0.15890E+00 -0.46341E+00 -0.31731E-03 -0.32117E-03  0.99148E+00  0.76747E-04  0.23712E-03 -0.87556E+00 -0.22392E-03 -0.87170E+00 
  128.00  0.15958E+00 -0.44566E+00 -0.30291E-03 -0.29869E-03  0.99152E+00  0.72017E-04  0.23800E-03 -0.88479E+00 -0.54742E-03 -0.88081E+00 
  129.00  0.16024E+00 -0.42819E+00 -0.28850E-03 -0.27391E-03  0.99156E+00  0.66623E-04  0.23760E-03 -0.89344E+00 -0.87667E-03 -0.88935E+00 
  130.00  0.16094E+00 -0.41100E+00 -0.27533E-03 -0.24770E-03  0.99161E+00  0.60951E-04  0.23584E-03 -0.90154E+00 -0.12029E-02 -0.89734E+00 
  131.00  0.16168E+00 -0.39411E+00 -0.26431E-03 -0.22085E-03  0.99166E+00  0.55365E-04  0.23278E-03 -0.90912E+00 -0.15155E-02 -0.90482E+00 
  132.00  0.16251E+00 -0.37755E+00 -0.25592E-03 -0.19400E-03  0.99173E+00  0.50153E-04  0.22854E-03 -0.91619E+00 -0.18040E-02 -0.91180E+00 
  133.00  0.16343E+00 -0.36133E+00 -0.25018E-03 -0.16754E-03  0.99180E+00  0.45492E-04  0.22318E-03 -0.92279E+00 -0.20597E-02 -0.91831E+00 
  134.00  0.16445E+00 -0.34544E+00 -0.24665E-03 -0.14165E-03  0.99187E+00  0.41447E-04  0.21670E-03 -0.92894E+00 -0.22764E-02 -0.92438E+00 
  135.00  0.16555E+00 -0.32991E+00 -0.24452E-03 -0.11631E-03  0.99195E+00  0.37994E-04  0.20902E-03 -0.93467E+00 -0.24509E-02 -0.93002E+00 
  136.00  0.16672E+00 -0.31473E+00 -0.24279E-03 -0.91423E-04  0.99204E+00  0.35049E-04  0.20000E-03 -0.93998E+00 -0.25828E-02 -0.93526E+00 
  137.00  0.16795E+00 -0.29991E+00 -0.24039E-03 -0.66932E-04  0.99212E+00  0.32492E-04  0.18953E-03 -0.94492E+00 -0.26743E-02 -0.94012E+00 
  138.00  0.16923E+00 -0.28544E+00 -0.23638E-03 -0.42885E-04  0.99220E+00  0.30184E-04  0.17753E-03 -0.94948E+00 -0.27291E-02 -0.94461E+00 
  139.00  0.17052E+00 -0.27134E+00 -0.23004E-03 -0.19451E-04  0.99227E+00  0.27972E-04  0.16401E-03 -0.95371E+00 -0.27520E-02 -0.94876E+00 
  140.00  0.17182E+00 -0.25760E+00 -0.22095E-03  0.31205E-05  0.99234E+00  0.25697E-04  0.14905E-03 -0.95761E+00 -0.27483E-02 -0.95259E+00 
  141.00  0.17312E+00 -0.24422E+00 -0.20903E-03  0.24557E-04  0.99241E+00  0.23208E-04  0.13278E-03 -0.96120E+00 -0.27228E-02 -0.95611E+00 
  142.00  0.17441E+00 -0.23123E+00 -0.19455E-03  0.44614E-04  0.99248E+00  0.20382E-04  0.11541E-03 -0.96449E+00 -0.26797E-02 -0.95933E+00 
  143.00  0.17568E+00 -0.21861E+00 -0.17802E-03  0.63100E-04  0.99253E+00  0.17154E-04  0.97202E-04 -0.96752E+00 -0.26220E-02 -0.96228E+00 
  144.00  0.17693E+00 -0.20637E+00 -0.16023E-03  0.79880E-04  0.99259E+00  0.13525E-04  0.78478E-04 -0.97028E+00 -0.25520E-02 -0.96498E+00 
  145.00  0.17817E+00 -0.19452E+00 -0.14206E-03  0.94863E-04  0.99264E+00  0.95763E-05  0.59618E-04 -0.97281E+00 -0.24706E-02 -0.96743E+00 
  146.00  0.17938E+00 -0.18305E+00 -0.12447E-03  0.10798E-03  0.99268E+00  0.54507E-05  0.41042E-04 -0.97510E+00 -0.23782E-02 -0.96966E+00 
  147.00  0.18058E+00 -0.17197E+00 -0.10834E-03  0.11917E-03  0.99272E+00  0.13308E-05  0.23187E-04 -0.97719E+00 -0.22749E-02 -0.97167E+00 
  148.00  0.18177E+00 -0.16127E+00 -0.94391E-04  0.12837E-03  0.99276E+00 -0.25971E-05  0.64718E-05 -0.97908E+00 -0.21610E-02 -0.97349E+00 
  149.00  0.18293E+00 -0.15094E+00 -0.83122E-04  0.13555E-03  0.99280E+00 -0.61760E-05 -0.87452E-05 -0.98079E+00 -0.20370E-02 -0.97513E+00 
  150.00  0.18408E+00 -0.14099E+00 -0.74802E-04  0.14070E-03  0.99283E+00 -0.92998E-05 -0.22202E-04 -0.98233E+00 -0.19046E-02 -0.97660E+00 
  151.00  0.18520E+00 -0.13141E+00 -0.69473E-04  0.14387E-03  0.99285E+00 -0.11919E-04 -0.33758E-04 -0.98371E+00 -0.17661E-02 -0.97792E+00 
  152.00  0.18630E+00 -0.12220E+00 -0.66988E-04  0.14517E-03  0.99288E+00 -0.14030E-04 -0.43399E-04 -0.98494E+00 -0.16248E-02 -0.97908E+00 
  153.00  0.18737E+00 -0.11334E+00 -0.67058E-04  0.14475E-03  0.99289E+00 -0.15646E-04 -0.51214E-04 -0.98604E+00 -0.14840E-02 -0.98012E+00 
  154.00  0.18841E+00 -0.10485E+00 -0.69294E-04  0.14279E-03  0.99291E+00 -0.16786E-04 -0.57355E-04 -0.98702E+00 -0.13474E-02 -0.98102E+00 
  155.00  0.18941E+00 -0.96708E-01 -0.73250E-04  0.13941E-03  0.99292E+00 -0.17452E-04 -0.61986E-04 -0.98788E+00 -0.12178E-02 -0.98182E+00 
  156.00  0.19037E+00 -0.88915E-01 -0.78446E-04  0.13474E-03  0.99293E+00 -0.17644E-04 -0.65236E-04 -0.98864E+00 -0.10975E-02 -0.98250E+00 
  157.00  0.19129E+00 -0.81466E-01 -0.84391E-04  0.12882E-03  0.99293E+00 -0.17369E-04 -0.67179E-04 -0.98930E+00 -0.98796E-03 -0.98310E+00 
  158.00  0.19217E+00 -0.74354E-01 -0.90597E-04  0.12172E-03  0.99293E+00 -0.16662E-04 -0.67855E-04 -0.98987E+00 -0.88966E-03 -0.98360E+00 
  159.00  0.19300E+00 -0.67577E-01 -0.96581E-04  0.11360E-03  0.99293E+00 -0.15584E-04 -0.67299E-04 -0.99037E+00 -0.80244E-03 -0.98402E+00 
  160.00  0.19378E+00 -0.61130E-01 -0.10188E-03  0.10469E-03  0.99292E+00 -0.14222E-04 -0.65597E-04 -0.99079E+00 -0.72572E-03 -0.98437E+00 
  161.00  0.19451E+00 -0.55012E-01 -0.10605E-03  0.95339E-04  0.99291E+00 -0.12671E-04 -0.62902E-04 -0.99115E+00 -0.65868E-03 -0.98466E+00 
  162.00  0.19520E+00 -0.49221E-01 -0.10873E-03  0.85946E-04  0.99289E+00 -0.11017E-04 -0.59439E-04 -0.99145E+00 -0.60039E-03 -0.98489E+00 
  163.00  0.19584E+00 -0.43757E-01 -0.10963E-03  0.76894E-04  0.99287E+00 -0.93324E-05 -0.55456E-04 -0.99170E+00 -0.54977E-03 -0.98506E+00 
  164.00  0.19644E+00 -0.38622E-01 -0.10860E-03  0.68462E-04  0.99284E+00 -0.76744E-05 -0.51176E-04 -0.99190E+00 -0.50555E-03 -0.98518E+00 
  165.00  0.19699E+00 -0.33816E-01 -0.10559E-03  0.60783E-04  0.99281E+00 -0.60925E-05 -0.46749E-04 -0.99207E+00 -0.46616E-03 -0.98526E+00 
  166.00  0.19750E+00 -0.29336E-01 -0.10069E-03  0.53848E-04  0.99278E+00 -0.46329E-05 -0.42234E-04 -0.99219E+00 -0.42982E-03 -0.98530E+00 
  167.00  0.19797E+00 -0.25181E-01 -0.94057E-04  0.47554E-04  0.99273E+00 -0.33378E-05 -0.37627E-04 -0.99227E+00 -0.39466E-03 -0.98530E+00 
  168.00  0.19841E+00 -0.21348E-01 -0.85942E-04  0.41773E-04  0.99269E+00 -0.22419E-05 -0.32907E-04 -0.99233E+00 -0.35900E-03 -0.98527E+00 
  169.00  0.19881E+00 -0.17833E-01 -0.76637E-04  0.36421E-04  0.99264E+00 -0.13662E-05 -0.28088E-04 -0.99237E+00 -0.32165E-03 -0.98522E+00 
  170.00  0.19917E+00 -0.14635E-01 -0.66492E-04  0.31484E-04  0.99259E+00 -0.71489E-06 -0.23258E-04 -0.99238E+00 -0.28214E-03 -0.98514E+00 
  171.00  0.19950E+00 -0.11753E-01 -0.55907E-04  0.27022E-04  0.99253E+00 -0.27452E-06 -0.18571E-04 -0.99238E+00 -0.24081E-03 -0.98505E+00 
  172.00  0.19981E+00 -0.91900E-02 -0.45323E-04  0.23129E-04  0.99247E+00 -0.16119E-07 -0.14217E-04 -0.99236E+00 -0.19872E-03 -0.98494E+00 
  173.00  0.20008E+00 -0.69492E-02 -0.35195E-04  0.19896E-04  0.99240E+00  0.10082E-06 -0.10375E-04 -0.99233E+00 -0.15740E-03 -0.98482E+00 
  174.00  0.20033E+00 -0.50332E-02 -0.25944E-04  0.17370E-04  0.99233E+00  0.12269E-06 -0.71671E-05 -0.99229E+00 -0.11854E-03 -0.98469E+00 
  175.00  0.20055E+00 -0.34413E-02 -0.17912E-04  0.15533E-04  0.99226E+00  0.94707E-07 -0.46385E-05 -0.99224E+00 -0.83696E-04 -0.98455E+00 
  176.00  0.20073E+00 -0.21678E-02 -0.11322E-04  0.14309E-04  0.99219E+00  0.53418E-07 -0.27598E-05 -0.99218E+00 -0.54102E-04 -0.98441E+00 
  177.00  0.20088E+00 -0.12016E-02 -0.62698E-05  0.13573E-04  0.99213E+00  0.21151E-07 -0.14503E-05 -0.99213E+00 -0.30590E-04 -0.98428E+00 
  178.00  0.20100E+00 -0.52762E-03 -0.27449E-05  0.13183E-04  0.99208E+00  0.48578E-08 -0.60982E-06 -0.99208E+00 -0.13625E-04 -0.98417E+00 
  179.00  0.20107E+00 -0.13086E-03 -0.67885E-06  0.13010E-04  0.99205E+00  0.33134E-09 -0.14702E-06 -0.99205E+00 -0.34084E-05 -0.98410E+00 
  180.00  0.20109E+00 -0.32342E-14 -0.16759E-16  0.12963E-04  0.99204E+00  0.20944E-30 -0.35981E-17 -0.99204E+00 -0.84483E-16 -0.98407E+00 
 scattering matrix expansion coefficients
    w  a11         a22         a33         a23         a32         a44         a12         a34         a13         a24         a14
    0  0.1000E+01  0.0000E+00  0.0000E+00  0.0000E+00  0.0000E+00  0.8161E+00  0.0000E+00  0.0000E+00  0.0000E+00  0.0000E+00 -0.4178E-04
    1  0.2289E+01  0.0000E+00  0.0000E+00  0.0000E+00  0.0000E+00  0.2478E+01  0.0000E+00  0.0000E+00  0.0000E+00  0.0000E+00 -0.5188E-04
    2  0.3288E+01  0.2328E+00  0.4046E+01  0.7577E-07 -0.1055E-03  0.3272E+01 -0.3569E+00  0.6203E-03  0.4150E-05  0.5805E-04 -0.2760E-04
    3  0.3825E+01  0.5221E-01  0.4265E+01 -0.4305E-07 -0.1216E-03  0.3839E+01 -0.2157E+00 -0.1917E-02  0.3867E-04 -0.1850E-04 -0.7534E-04
    4  0.4202E+01  0.3202E-01  0.4515E+01  0.9547E-07 -0.1455E-03  0.4197E+01 -0.1554E+00 -0.4058E-02 -0.4600E-04  0.6880E-05 -0.5632E-04
    5  0.4412E+01  0.1547E-01  0.4665E+01 -0.7949E-07 -0.1843E-03  0.4402E+01 -0.1197E+00 -0.2223E-02  0.9117E-05  0.1407E-04 -0.8807E-04
    6  0.4476E+01  0.2924E-02  0.4696E+01 -0.7086E-08 -0.1650E-03  0.4479E+01 -0.1194E+00 -0.1786E-02  0.1038E-04 -0.1334E-04 -0.1151E-03
    7  0.4449E+01  0.2210E-02  0.4633E+01  0.1499E-06 -0.1401E-03  0.4456E+01 -0.1239E+00 -0.2373E-02 -0.2517E-04  0.1020E-04 -0.4856E-04
    8  0.4387E+01  0.5630E-02  0.4530E+01  0.6567E-07 -0.9157E-04  0.4386E+01 -0.1145E+00 -0.3421E-02  0.7407E-05  0.8156E-05 -0.4227E-04
    9  0.4316E+01  0.3453E-02  0.4429E+01  0.1091E-06 -0.6480E-04  0.4316E+01 -0.1023E+00 -0.4199E-02  0.2993E-04  0.2649E-04  0.1154E-05
   10  0.4261E+01  0.9453E-03  0.4351E+01  0.3653E-07 -0.1032E-03  0.4266E+01 -0.8897E-01 -0.3698E-02 -0.1007E-04 -0.8289E-05  0.1400E-04
   11  0.4241E+01  0.5474E-02  0.4305E+01  0.7440E-07 -0.1184E-03  0.4235E+01 -0.7164E-01 -0.3377E-02  0.1677E-06 -0.1311E-04 -0.2355E-04
   12  0.4240E+01  0.1925E-02  0.4292E+01  0.8088E-07 -0.1076E-03  0.4238E+01 -0.6249E-01 -0.3753E-02  0.8891E-05  0.4308E-05 -0.6728E-05
   13  0.4260E+01 -0.3703E-02  0.4307E+01 -0.4154E-08 -0.1269E-03  0.4271E+01 -0.5540E-01 -0.3961E-02  0.3317E-05  0.3911E-05  0.2146E-04
   14  0.4306E+01  0.2350E-02  0.4342E+01 -0.9976E-07 -0.1863E-03  0.4308E+01 -0.2995E-01 -0.3552E-02 -0.2304E-04  0.2756E-05  0.5931E-05
   15  0.4332E+01  0.6425E-02  0.4363E+01 -0.5105E-07 -0.2112E-03  0.4322E+01 -0.1505E-02 -0.2734E-02 -0.7293E-05 -0.5989E-05 -0.3892E-05
   16  0.4282E+01  0.1153E-02  0.4322E+01  0.4985E-07 -0.1923E-03  0.4279E+01  0.3870E-02 -0.1906E-02 -0.4628E-05 -0.4223E-05  0.2764E-04
   17  0.4148E+01 -0.1421E-02  0.4196E+01  0.5684E-08 -0.1549E-03  0.4150E+01 -0.7690E-02 -0.1050E-02  0.3362E-07  0.3691E-05  0.6343E-04
   18  0.3944E+01  0.3953E-03  0.3992E+01 -0.2434E-07 -0.1149E-03  0.3942E+01 -0.2111E-01 -0.5357E-03 -0.9566E-06  0.3049E-05  0.9879E-04
   19  0.3691E+01 -0.4259E-04  0.3737E+01  0.5129E-07 -0.7218E-04  0.3690E+01 -0.3579E-01 -0.6611E-03 -0.4439E-05  0.1173E-05  0.1246E-03
   20  0.3421E+01 -0.2030E-02  0.3466E+01  0.4755E-07 -0.4174E-04  0.3425E+01 -0.4893E-01 -0.1275E-02  0.1010E-04  0.4331E-05  0.1233E-03
   21  0.3170E+01 -0.1117E-02  0.3208E+01 -0.3054E-08 -0.4159E-04  0.3173E+01 -0.5200E-01 -0.1983E-02  0.3709E-05  0.5308E-05  0.1059E-03
   22  0.2951E+01  0.1596E-02  0.2980E+01  0.3921E-07 -0.5797E-04  0.2949E+01 -0.4719E-01 -0.2413E-02 -0.1799E-05 -0.1010E-05  0.8164E-04
   23  0.2763E+01  0.8890E-04  0.2787E+01 -0.2054E-08 -0.8426E-04  0.2763E+01 -0.4395E-01 -0.2277E-02  0.5712E-05 -0.4650E-05  0.5821E-04
   24  0.2609E+01 -0.1622E-02  0.2631E+01 -0.7148E-07 -0.1174E-03  0.2613E+01 -0.3927E-01 -0.1801E-02 -0.2148E-05 -0.2182E-05  0.5069E-04
   25  0.2492E+01  0.1537E-02  0.2508E+01 -0.1671E-07 -0.1325E-03  0.2491E+01 -0.2802E-01 -0.1092E-02 -0.1252E-04  0.1886E-07  0.5381E-04
   26  0.2397E+01  0.2488E-02  0.2408E+01  0.7979E-08 -0.1063E-03  0.2393E+01 -0.2043E-01 -0.9509E-04 -0.6024E-05 -0.4328E-06  0.5218E-04
   27  0.2314E+01 -0.9672E-03  0.2326E+01  0.3784E-07 -0.4992E-04  0.2316E+01 -0.2228E-01  0.6334E-03  0.6003E-05 -0.5931E-05  0.4818E-04
   28  0.2253E+01 -0.1626E-02  0.2264E+01 -0.9458E-08  0.8542E-07  0.2257E+01 -0.2190E-01  0.8435E-03  0.1070E-04 -0.6303E-05  0.4783E-04
   29  0.2215E+01  0.7890E-03  0.2222E+01 -0.5080E-07  0.2218E-04  0.2214E+01 -0.1319E-01  0.1044E-02  0.4958E-05  0.3235E-05  0.5170E-04
   30  0.2186E+01  0.1637E-02  0.2191E+01 -0.2374E-07  0.3287E-04  0.2183E+01 -0.4899E-02  0.1336E-02 -0.1263E-05  0.8247E-05  0.5207E-04
   31  0.2156E+01  0.5239E-03  0.2161E+01  0.2037E-07  0.4897E-04  0.2155E+01 -0.3819E-02  0.1333E-02 -0.4091E-05  0.4416E-05  0.4258E-04
   32  0.2122E+01 -0.7561E-03  0.2129E+01  0.3350E-07  0.6704E-04  0.2124E+01 -0.6212E-02  0.1050E-02 -0.4571E-05  0.1407E-05  0.2996E-04
   33  0.2090E+01 -0.1020E-02  0.2096E+01  0.9288E-08  0.8339E-04  0.2092E+01 -0.4829E-02  0.8682E-03 -0.2130E-05  0.5629E-06  0.2274E-04
   34  0.2055E+01  0.1250E-03  0.2061E+01 -0.1630E-07  0.9984E-04  0.2056E+01  0.2619E-02  0.9848E-03  0.1184E-05 -0.4952E-06  0.2032E-04
   35  0.2007E+01  0.1252E-02  0.2012E+01 -0.7727E-08  0.1105E-03  0.2005E+01  0.1090E-01  0.1310E-02  0.1769E-05 -0.1183E-05  0.1428E-04
   36  0.1930E+01  0.9079E-03  0.1937E+01  0.1634E-07  0.1086E-03  0.1928E+01  0.1360E-01  0.1649E-02  0.1374E-05 -0.8628E-06  0.3263E-05
   37  0.1819E+01 -0.6846E-04  0.1829E+01  0.1765E-07  0.9768E-04  0.1819E+01  0.1047E-01  0.1854E-02  0.1940E-05 -0.3010E-06 -0.5159E-05
   38  0.1681E+01 -0.2886E-03  0.1691E+01 -0.7803E-08  0.8581E-04  0.1681E+01  0.5668E-02  0.1941E-02  0.1464E-05  0.1314E-05 -0.5769E-05
   39  0.1522E+01 -0.5055E-04  0.1532E+01 -0.2192E-07  0.7890E-04  0.1521E+01  0.1370E-02  0.2005E-02 -0.2025E-06  0.1623E-05 -0.4977E-05
   40  0.1350E+01 -0.1480E-03  0.1361E+01 -0.9602E-08  0.7980E-04  0.1350E+01 -0.2709E-02  0.2101E-02  0.5260E-06 -0.3024E-06 -0.8137E-05
   41  0.1176E+01 -0.3645E-03  0.1186E+01  0.6838E-08  0.8581E-04  0.1176E+01 -0.6005E-02  0.2216E-02  0.3548E-05 -0.2456E-05 -0.1263E-04
   42  0.1006E+01 -0.1805E-03  0.1015E+01  0.7788E-08  0.8948E-04  0.1006E+01 -0.7301E-02  0.2311E-02  0.5198E-05 -0.2637E-05 -0.1330E-04
   43  0.8454E+00  0.1905E-03  0.8533E+00  0.4557E-09  0.8399E-04  0.8450E+00 -0.7210E-02  0.2343E-02  0.3283E-05 -0.1203E-05 -0.1036E-04
   44  0.6946E+00  0.2400E-03  0.7015E+00 -0.1629E-08  0.6982E-04  0.6939E+00 -0.7763E-02  0.2259E-02 -0.4070E-07 -0.3160E-06 -0.8318E-05
   45  0.5551E+00 -0.5572E-04  0.5614E+00  0.1709E-08  0.5335E-04  0.5550E+00 -0.9775E-02  0.2026E-02 -0.2077E-05 -0.4604E-06 -0.8070E-05
   46  0.4307E+00 -0.3121E-03  0.4363E+00  0.3252E-08  0.4055E-04  0.4312E+00 -0.1198E-01  0.1670E-02 -0.2155E-05 -0.9070E-06 -0.7388E-05
   47  0.3253E+00 -0.2979E-03  0.3299E+00  0.9604E-09  0.3327E-04  0.3259E+00 -0.1271E-01  0.1270E-02 -0.1322E-05 -0.9181E-06 -0.4487E-05
   48  0.2408E+00 -0.1125E-03  0.2442E+00 -0.1925E-08  0.2991E-04  0.2411E+00 -0.1158E-01  0.9128E-03 -0.5936E-06 -0.6073E-06  0.6265E-07
   49  0.1757E+00  0.4473E-04  0.1781E+00 -0.2963E-08  0.2815E-04  0.1757E+00 -0.9386E-02  0.6387E-03 -0.3038E-06 -0.2089E-06  0.4477E-05
   50  0.1270E+00  0.9499E-04  0.1286E+00 -0.2289E-08  0.2644E-04  0.1268E+00 -0.7127E-02  0.4448E-03 -0.2939E-06  0.6971E-07  0.7379E-05
   51  0.9085E-01  0.7824E-04  0.9206E-01 -0.1063E-08  0.2410E-04  0.9073E-01 -0.5294E-02  0.3088E-03 -0.3738E-06  0.2620E-06  0.8507E-05
   52  0.6436E-01  0.5268E-04  0.6522E-01 -0.5413E-10  0.2102E-04  0.6427E-01 -0.3918E-02  0.2109E-03 -0.4202E-06  0.3805E-06  0.8211E-05
   53  0.4505E-01  0.3920E-04  0.4566E-01  0.4345E-09  0.1743E-04  0.4498E-01 -0.2881E-02  0.1405E-03 -0.4258E-06  0.4157E-06  0.7082E-05
   54  0.3107E-01  0.3243E-04  0.3150E-01  0.4483E-09  0.1367E-04  0.3102E-01 -0.2101E-02  0.9168E-04 -0.4041E-06  0.3777E-06  0.5709E-05
   55  0.2102E-01  0.2505E-04  0.2132E-01  0.2435E-09  0.1009E-04  0.2098E-01 -0.1532E-02  0.5922E-04 -0.3478E-06  0.2736E-06  0.4327E-05
   56  0.1385E-01  0.1675E-04  0.1406E-01  0.7059E-10  0.6999E-05  0.1383E-01 -0.1128E-02  0.3823E-04 -0.2948E-06  0.1624E-06  0.3084E-05
   57  0.8828E-02  0.1031E-04  0.8971E-02  0.8975E-11  0.4555E-05  0.8816E-02 -0.8373E-03  0.2466E-04 -0.2339E-06  0.7680E-07  0.2081E-05
   58  0.5401E-02  0.7121E-05  0.5495E-02  0.3082E-10  0.2786E-05  0.5395E-02 -0.6145E-03  0.1573E-04 -0.1770E-06  0.1859E-07  0.1336E-05
   59  0.3153E-02  0.6231E-05  0.3211E-02  0.6753E-10  0.1596E-05  0.3147E-02 -0.4354E-03  0.9706E-05 -0.1271E-06 -0.1260E-07  0.8217E-06
   60  0.1749E-02  0.5967E-05  0.1781E-02  0.7741E-10  0.8529E-06  0.1742E-02 -0.2920E-03  0.5700E-05 -0.8122E-07 -0.2340E-07  0.4800E-06
   61  0.9189E-03  0.5309E-05  0.9356E-03  0.5821E-10  0.4252E-06  0.9119E-03 -0.1831E-03  0.3159E-05 -0.4816E-07 -0.2213E-07  0.2615E-06
   62  0.4571E-03  0.4171E-05  0.4647E-03  0.2874E-10  0.1970E-06  0.4510E-03 -0.1068E-03  0.1640E-05 -0.2576E-07 -0.1539E-07  0.1351E-06
   63  0.2152E-03  0.2894E-05  0.2182E-03  0.5726E-11  0.8510E-07  0.2107E-03 -0.5796E-04  0.7992E-06 -0.1246E-07 -0.9252E-08  0.6651E-07
   64  0.9591E-04  0.1797E-05  0.9689E-04 -0.6062E-11  0.3435E-07  0.9303E-04 -0.2928E-04  0.3650E-06 -0.5459E-08 -0.5059E-08  0.3189E-07
   65  0.4046E-04  0.1011E-05  0.4069E-04 -0.9023E-11  0.1306E-07  0.3880E-04 -0.1381E-04  0.1559E-06 -0.2228E-08 -0.2604E-08  0.1521E-07
   66  0.1615E-04  0.5190E-06  0.1615E-04 -0.7482E-11  0.4673E-08  0.1528E-04 -0.6084E-05  0.6240E-07 -0.7879E-09 -0.1332E-08  0.6991E-08
   67  0.6093E-05  0.2441E-06  0.6052E-05 -0.4863E-11  0.1610E-08  0.5674E-05 -0.2507E-05  0.2349E-07 -0.2975E-09 -0.6425E-09  0.3107E-08
   68  0.2170E-05  0.1055E-06  0.2140E-05 -0.2710E-11  0.5152E-09  0.1986E-05 -0.9656E-06  0.8308E-08 -0.8908E-10 -0.2994E-09  0.1301E-08
   69  0.7284E-06  0.4182E-07  0.7126E-06 -0.1336E-11  0.1577E-09  0.6548E-06 -0.3480E-06  0.2825E-08 -0.3205E-10 -0.1275E-09  0.5112E-09
   70  0.2339E-06  0.1527E-07  0.2272E-06 -0.6079E-12  0.4501E-10  0.2068E-06 -0.1179E-06  0.9266E-09 -0.7469E-11 -0.5123E-10  0.1850E-09
   71  0.6873E-07  0.5117E-08  0.6615E-07 -0.2564E-12  0.1143E-10  0.5958E-07 -0.3699E-07  0.2932E-09 -0.2267E-11 -0.1848E-10  0.6333E-10
   72  0.2216E-07  0.1683E-08  0.2131E-07 -0.9752E-13  0.3795E-11  0.1913E-07 -0.1195E-07  0.9666E-10 -0.5451E-12 -0.6315E-11  0.1915E-10
   73  0.5088E-08  0.4519E-09  0.4819E-08 -0.3277E-13  0.6771E-12  0.4277E-08 -0.3008E-08  0.2706E-10 -0.1303E-12 -0.1944E-11  0.5779E-11
   74  0.2292E-08  0.1814E-09  0.2193E-08 -0.1010E-13  0.4474E-12  0.1963E-08 -0.1261E-08  0.9753E-11 -0.8545E-13 -0.6066E-12  0.1634E-11
   75  0.2852E-09  0.2850E-10  0.2652E-09 -0.3027E-14  0.3261E-13  0.2349E-09 -0.1813E-09  0.1983E-11 -0.5190E-14 -0.1471E-12  0.3854E-12
   76  0.2739E-09  0.2462E-10  0.2605E-09 -0.8768E-15  0.5948E-13  0.2297E-09 -0.1577E-09  0.9225E-12 -0.1525E-13 -0.5800E-13  0.1585E-12
   77  0.1065E-10  0.1162E-11  0.9695E-11 -0.1759E-15  0.1112E-14  0.8668E-11 -0.7149E-11  0.9249E-13 -0.5420E-16 -0.7111E-14  0.1666E-13
   78  0.2814E-10  0.2905E-11  0.2602E-10 -0.2987E-16  0.5359E-14  0.2269E-10 -0.1714E-10  0.7410E-13 -0.1610E-14 -0.5187E-14  0.1380E-13
   79  0.2004E-12  0.2083E-13  0.1608E-12 -0.1351E-16  0.7198E-17  0.1799E-12 -0.1289E-12  0.2265E-14  0.2553E-16 -0.1857E-15  0.2221E-15
   80  0.2906E-11  0.3815E-12  0.2702E-11 -0.2192E-17  0.5333E-15  0.2237E-11 -0.1941E-11  0.6863E-14 -0.1842E-15 -0.7457E-15  0.1877E-14
