 input file is 
mstm13_128_6398_13_009.inp    
 input file comments follow:
***********************************************************
  This is the default mstm input file for v.3.0.
  The run is for a 7-sphere cluster of identical spheres.   The positions
  are embedded in the input file.

  The run makes use of the new_run and multiple_run options.

  14 April 2013
***********************************************************
 number of processors:
   1
 input parameters for run number 
    1
 number of spheres, volume size parameter:
  128  0.32244E+01
 position file:
position/n128/a13.out                                       
 output file:
output/128/x6398/13/009/mt_13_128_6398_13_009.dat           
 length, ref. indx. scale factors:
   0.640   1.300   0.090
 chiral factors:
  0.00000E+00  0.00000E+00
 scattering matrix directions based on incident frame
 automatic scattering angle calculation
 thetamin, thetamax:
      0.0    180.0
 number scattering angles:
      181
 epsmie, epssoln, max number iterations:
  0.1000E-05  0.1000E-07 5000
 medium refractive index:
  1.0000  0.0000
 target euler rotation angles:
    0.0000    0.0000    0.0000
 far field kr, iterations/correction:
  0.1000E-07   20
 plane wave incidence
 random orientation calculations
 t matrix calculated, stored in file 
tmatrixfiles/tmf_13_128_6398_13_009                         
 t matrix convergence epsilon:
  0.1000E-06
 all spheres excited (total T matrix) 
 calculation results for run 
    1
 total ext, abs, scat efficiencies, w.r.t. xv, and asym. parm
  0.11272E+01  0.73737E+00  0.38979E+00  0.70185E+00
 scattering matrix elements (normalized w/ S11)
   theta      11           12           13           14           22           23           24           33           34           44     
    0.00  0.45704E+02  0.00000E+00  0.00000E+00 -0.19658E-04  0.99993E+00  0.23275E-04  0.00000E+00  0.99993E+00  0.00000E+00  0.99986E+00
    1.00  0.45332E+02 -0.15321E-03 -0.11249E-07 -0.19436E-04  0.99993E+00  0.22897E-04 -0.34433E-08  0.99993E+00 -0.89667E-05  0.99986E+00
    2.00  0.44236E+02 -0.61385E-03 -0.45282E-07 -0.18751E-04  0.99993E+00  0.21770E-04 -0.14325E-07  0.99993E+00 -0.36809E-04  0.99986E+00
    3.00  0.42473E+02 -0.13850E-02 -0.10295E-06 -0.17543E-04  0.99992E+00  0.19919E-04 -0.34346E-07  0.99992E+00 -0.86388E-04  0.99985E+00
    4.00  0.40137E+02 -0.24718E-02 -0.18564E-06 -0.15710E-04  0.99992E+00  0.17386E-04 -0.66476E-07  0.99991E+00 -0.16259E-03  0.99983E+00
    5.00  0.37344E+02 -0.38821E-02 -0.29515E-06 -0.13104E-04  0.99991E+00  0.14235E-04 -0.11515E-06  0.99990E+00 -0.27250E-03  0.99981E+00
    6.00  0.34229E+02 -0.56260E-02 -0.43357E-06 -0.95301E-05  0.99989E+00  0.10551E-04 -0.18650E-06  0.99988E+00 -0.42551E-03  0.99977E+00
    7.00  0.30929E+02 -0.77170E-02 -0.60299E-06 -0.47412E-05  0.99988E+00  0.64467E-05 -0.28855E-06  0.99985E+00 -0.63344E-03  0.99973E+00
    8.00  0.27578E+02 -0.10171E-01 -0.80504E-06  0.15561E-05  0.99986E+00  0.20613E-05 -0.43126E-06  0.99981E+00 -0.91038E-03  0.99968E+00
    9.00  0.24299E+02 -0.13008E-01 -0.10403E-05  0.96918E-05  0.99984E+00 -0.24352E-05 -0.62627E-06  0.99976E+00 -0.12721E-02  0.99960E+00
   10.00  0.21190E+02 -0.16247E-01 -0.13076E-05  0.20006E-04  0.99981E+00 -0.68466E-05 -0.88598E-06  0.99969E+00 -0.17347E-02  0.99951E+00
   11.00  0.18327E+02 -0.19909E-01 -0.16034E-05  0.32805E-04  0.99978E+00 -0.10957E-04 -0.12217E-05  0.99960E+00 -0.23123E-02  0.99938E+00
   12.00  0.15760E+02 -0.24011E-01 -0.19219E-05  0.48288E-04  0.99974E+00 -0.14542E-04 -0.16405E-05  0.99948E+00 -0.30137E-02  0.99923E+00
   13.00  0.13512E+02 -0.28561E-01 -0.22567E-05  0.66459E-04  0.99969E+00 -0.17390E-04 -0.21407E-05  0.99932E+00 -0.38371E-02  0.99903E+00
   14.00  0.11584E+02 -0.33552E-01 -0.26041E-05  0.87030E-04  0.99964E+00 -0.19315E-04 -0.27073E-05  0.99913E+00 -0.47660E-02  0.99879E+00
   15.00  0.99608E+01 -0.38962E-01 -0.29701E-05  0.10936E-03  0.99958E+00 -0.20166E-04 -0.33070E-05  0.99889E+00 -0.57652E-02  0.99850E+00
   16.00  0.86121E+01 -0.44746E-01 -0.33799E-05  0.13246E-03  0.99952E+00 -0.19814E-04 -0.38882E-05  0.99859E+00 -0.67821E-02  0.99814E+00
   17.00  0.75016E+01 -0.50847E-01 -0.38866E-05  0.15512E-03  0.99944E+00 -0.18109E-04 -0.43848E-05  0.99824E+00 -0.77514E-02  0.99773E+00
   18.00  0.65904E+01 -0.57202E-01 -0.45780E-05  0.17609E-03  0.99936E+00 -0.14824E-04 -0.47260E-05  0.99783E+00 -0.86064E-02  0.99725E+00
   19.00  0.58409E+01 -0.63754E-01 -0.55756E-05  0.19433E-03  0.99927E+00 -0.96033E-05 -0.48500E-05  0.99737E+00 -0.92905E-02  0.99670E+00
   20.00  0.52196E+01 -0.70464E-01 -0.70243E-05  0.20920E-03  0.99917E+00 -0.19567E-05 -0.47167E-05  0.99684E+00 -0.97671E-02  0.99609E+00
   21.00  0.46988E+01 -0.77318E-01 -0.90744E-05  0.22048E-03  0.99907E+00  0.86900E-05 -0.43170E-05  0.99624E+00 -0.10023E-01  0.99541E+00
   22.00  0.42569E+01 -0.84322E-01 -0.11855E-04  0.22838E-03  0.99895E+00  0.22867E-04 -0.36776E-05  0.99558E+00 -0.10067E-01  0.99465E+00
   23.00  0.38779E+01 -0.91504E-01 -0.15441E-04  0.23338E-03  0.99883E+00  0.40880E-04 -0.28622E-05  0.99485E+00 -0.99255E-02  0.99382E+00
   24.00  0.35506E+01 -0.98903E-01 -0.19822E-04  0.23616E-03  0.99871E+00  0.62606E-04 -0.19692E-05  0.99404E+00 -0.96371E-02  0.99292E+00
   25.00  0.32672E+01 -0.10656E+00 -0.24867E-04  0.23749E-03  0.99859E+00  0.87317E-04 -0.11285E-05  0.99315E+00 -0.92467E-02  0.99193E+00
   26.00  0.30222E+01 -0.11453E+00 -0.30306E-04  0.23811E-03  0.99847E+00  0.11358E-03 -0.49329E-06  0.99216E+00 -0.88018E-02  0.99085E+00
   27.00  0.28112E+01 -0.12285E+00 -0.35733E-04  0.23878E-03  0.99836E+00  0.13934E-03 -0.22894E-06  0.99107E+00 -0.83494E-02  0.98967E+00
   28.00  0.26302E+01 -0.13156E+00 -0.40641E-04  0.24020E-03  0.99826E+00  0.16210E-03 -0.49764E-06  0.98985E+00 -0.79319E-02  0.98838E+00
   29.00  0.24752E+01 -0.14067E+00 -0.44488E-04  0.24299E-03  0.99818E+00  0.17938E-03 -0.14425E-05  0.98851E+00 -0.75840E-02  0.98698E+00
   30.00  0.23420E+01 -0.15020E+00 -0.46782E-04  0.24769E-03  0.99811E+00  0.18912E-03 -0.31746E-05  0.98701E+00 -0.73297E-02  0.98544E+00
   31.00  0.22262E+01 -0.16015E+00 -0.47162E-04  0.25469E-03  0.99805E+00  0.19010E-03 -0.57674E-05  0.98535E+00 -0.71805E-02  0.98376E+00
   32.00  0.21238E+01 -0.17051E+00 -0.45453E-04  0.26426E-03  0.99801E+00  0.18213E-03 -0.92573E-05  0.98352E+00 -0.71360E-02  0.98191E+00
   33.00  0.20309E+01 -0.18127E+00 -0.41691E-04  0.27652E-03  0.99797E+00  0.16604E-03 -0.13651E-04  0.98150E+00 -0.71849E-02  0.97988E+00
   34.00  0.19443E+01 -0.19242E+00 -0.36112E-04  0.29139E-03  0.99793E+00  0.14356E-03 -0.18934E-04  0.97927E+00 -0.73083E-02  0.97765E+00
   35.00  0.18614E+01 -0.20394E+00 -0.29111E-04  0.30862E-03  0.99789E+00  0.11697E-03 -0.25072E-04  0.97683E+00 -0.74818E-02  0.97520E+00
   36.00  0.17807E+01 -0.21583E+00 -0.21203E-04  0.32777E-03  0.99785E+00  0.88838E-04 -0.32020E-04  0.97415E+00 -0.76784E-02  0.97252E+00
   37.00  0.17010E+01 -0.22808E+00 -0.12964E-04  0.34820E-03  0.99779E+00  0.61714E-04 -0.39709E-04  0.97124E+00 -0.78710E-02  0.96959E+00
   38.00  0.16219E+01 -0.24069E+00 -0.49765E-05  0.36913E-03  0.99772E+00  0.37873E-04 -0.48053E-04  0.96806E+00 -0.80344E-02  0.96640E+00
   39.00  0.15435E+01 -0.25366E+00  0.22180E-05  0.38963E-03  0.99763E+00  0.19121E-04 -0.56934E-04  0.96461E+00 -0.81474E-02  0.96291E+00
   40.00  0.14659E+01 -0.26701E+00  0.81751E-05  0.40870E-03  0.99753E+00  0.66602E-05 -0.66209E-04  0.96085E+00 -0.81948E-02  0.95912E+00
   41.00  0.13896E+01 -0.28074E+00  0.12588E-04  0.42536E-03  0.99741E+00  0.10182E-05 -0.75709E-04  0.95678E+00 -0.81698E-02  0.95500E+00
   42.00  0.13152E+01 -0.29487E+00  0.15320E-04  0.43871E-03  0.99727E+00  0.20543E-05 -0.85251E-04  0.95236E+00 -0.80753E-02  0.95052E+00
   43.00  0.12430E+01 -0.30942E+00  0.16414E-04  0.44807E-03  0.99712E+00  0.90458E-05 -0.94647E-04  0.94757E+00 -0.79248E-02  0.94566E+00
   44.00  0.11736E+01 -0.32440E+00  0.16081E-04  0.45303E-03  0.99694E+00  0.20842E-04 -0.10373E-03  0.94237E+00 -0.77428E-02  0.94037E+00
   45.00  0.11073E+01 -0.33984E+00  0.14664E-04  0.45351E-03  0.99676E+00  0.36071E-04 -0.11235E-03  0.93672E+00 -0.75628E-02  0.93464E+00
   46.00  0.10446E+01 -0.35574E+00  0.12577E-04  0.44978E-03  0.99655E+00  0.53363E-04 -0.12041E-03  0.93060E+00 -0.74250E-02  0.92843E+00
   47.00  0.98577E+00 -0.37211E+00  0.10229E-04  0.44244E-03  0.99634E+00  0.71562E-04 -0.12787E-03  0.92397E+00 -0.73721E-02  0.92169E+00
   48.00  0.93116E+00 -0.38894E+00  0.79489E-05  0.43228E-03  0.99611E+00  0.89890E-04 -0.13470E-03  0.91678E+00 -0.74437E-02  0.91440E+00
   49.00  0.88100E+00 -0.40621E+00  0.59055E-05  0.42026E-03  0.99588E+00  0.10804E-03 -0.14093E-03  0.90903E+00 -0.76704E-02  0.90654E+00
   50.00  0.83547E+00 -0.42389E+00  0.40622E-05  0.40725E-03  0.99565E+00  0.12616E-03 -0.14658E-03  0.90068E+00 -0.80681E-02  0.89808E+00
   51.00  0.79460E+00 -0.44194E+00  0.21592E-05  0.39394E-03  0.99541E+00  0.14478E-03 -0.15165E-03  0.89172E+00 -0.86332E-02  0.88901E+00
   52.00  0.75829E+00 -0.46030E+00 -0.25752E-06  0.38066E-03  0.99518E+00  0.16459E-03 -0.15611E-03  0.88215E+00 -0.93407E-02  0.87934E+00
   53.00  0.72630E+00 -0.47890E+00 -0.37648E-05  0.36728E-03  0.99496E+00  0.18629E-03 -0.15982E-03  0.87196E+00 -0.10145E-01  0.86905E+00
   54.00  0.69820E+00 -0.49767E+00 -0.89594E-05  0.35322E-03  0.99475E+00  0.21031E-03 -0.16256E-03  0.86116E+00 -0.10986E-01  0.85816E+00
   55.00  0.67347E+00 -0.51655E+00 -0.16347E-04  0.33751E-03  0.99455E+00  0.23669E-03 -0.16405E-03  0.84975E+00 -0.11795E-01  0.84668E+00
   56.00  0.65149E+00 -0.53548E+00 -0.26248E-04  0.31891E-03  0.99436E+00  0.26504E-03 -0.16391E-03  0.83774E+00 -0.12506E-01  0.83460E+00
   57.00  0.63159E+00 -0.55442E+00 -0.38737E-04  0.29616E-03  0.99419E+00  0.29452E-03 -0.16176E-03  0.82512E+00 -0.13062E-01  0.82193E+00
   58.00  0.61313E+00 -0.57332E+00 -0.53629E-04  0.26811E-03  0.99402E+00  0.32400E-03 -0.15722E-03  0.81188E+00 -0.13423E-01  0.80866E+00
   59.00  0.59553E+00 -0.59218E+00 -0.70500E-04  0.23398E-03  0.99386E+00  0.35220E-03 -0.14998E-03  0.79801E+00 -0.13566E-01  0.79475E+00
   60.00  0.57832E+00 -0.61098E+00 -0.88737E-04  0.19339E-03  0.99370E+00  0.37779E-03 -0.13981E-03  0.78347E+00 -0.13488E-01  0.78019E+00
   61.00  0.56116E+00 -0.62971E+00 -0.10759E-03  0.14654E-03  0.99354E+00  0.39956E-03 -0.12663E-03  0.76824E+00 -0.13201E-01  0.76495E+00
   62.00  0.54385E+00 -0.64836E+00 -0.12625E-03  0.94170E-04  0.99337E+00  0.41650E-03 -0.11055E-03  0.75229E+00 -0.12729E-01  0.74898E+00
   63.00  0.52636E+00 -0.66692E+00 -0.14387E-03  0.37611E-04  0.99320E+00  0.42777E-03 -0.91842E-04  0.73557E+00 -0.12106E-01  0.73227E+00
   64.00  0.50876E+00 -0.68538E+00 -0.15962E-03 -0.21281E-04  0.99302E+00  0.43284E-03 -0.71023E-04  0.71807E+00 -0.11370E-01  0.71476E+00
   65.00  0.49121E+00 -0.70371E+00 -0.17275E-03 -0.80208E-04  0.99284E+00  0.43136E-03 -0.48816E-04  0.69974E+00 -0.10561E-01  0.69644E+00
   66.00  0.47392E+00 -0.72191E+00 -0.18260E-03 -0.13657E-03  0.99265E+00  0.42325E-03 -0.26147E-04  0.68056E+00 -0.97148E-02  0.67727E+00
   67.00  0.45714E+00 -0.73993E+00 -0.18863E-03 -0.18764E-03  0.99246E+00  0.40860E-03 -0.40964E-05  0.66052E+00 -0.88631E-02  0.65725E+00
   68.00  0.44107E+00 -0.75773E+00 -0.19047E-03 -0.23087E-03  0.99226E+00  0.38771E-03  0.16176E-04  0.63960E+00 -0.80284E-02  0.63635E+00
   69.00  0.42588E+00 -0.77528E+00 -0.18795E-03 -0.26409E-03  0.99207E+00  0.36102E-03  0.33534E-04  0.61780E+00 -0.72237E-02  0.61458E+00
   70.00  0.41169E+00 -0.79250E+00 -0.18110E-03 -0.28583E-03  0.99189E+00  0.32910E-03  0.46981E-04  0.59513E+00 -0.64510E-02  0.59194E+00
   71.00  0.39853E+00 -0.80936E+00 -0.17012E-03 -0.29546E-03  0.99171E+00  0.29262E-03  0.55767E-04  0.57159E+00 -0.57027E-02  0.56844E+00
   72.00  0.38637E+00 -0.82578E+00 -0.15542E-03 -0.29334E-03  0.99153E+00  0.25233E-03  0.59480E-04  0.54719E+00 -0.49630E-02  0.54410E+00
   73.00  0.37512E+00 -0.84171E+00 -0.13754E-03 -0.28074E-03  0.99136E+00  0.20899E-03  0.58082E-04  0.52197E+00 -0.42118E-02  0.51894E+00
   74.00  0.36464E+00 -0.85708E+00 -0.11713E-03 -0.25974E-03  0.99119E+00  0.16343E-03  0.51904E-04  0.49593E+00 -0.34278E-02  0.49297E+00
   75.00  0.35479E+00 -0.87183E+00 -0.94924E-04 -0.23292E-03  0.99102E+00  0.11645E-03  0.41594E-04  0.46912E+00 -0.25925E-02  0.46623E+00
   76.00  0.34539E+00 -0.88590E+00 -0.71667E-04 -0.20316E-03  0.99086E+00  0.68912E-04  0.28025E-04  0.44153E+00 -0.16936E-02  0.43873E+00
   77.00  0.33630E+00 -0.89923E+00 -0.48127E-04 -0.17326E-03  0.99068E+00  0.21658E-04  0.12197E-04  0.41321E+00 -0.72681E-03  0.41050E+00
   78.00  0.32740E+00 -0.91178E+00 -0.25068E-04 -0.14580E-03  0.99050E+00 -0.24427E-04 -0.48651E-05  0.38416E+00  0.30297E-03  0.38156E+00
   79.00  0.31860E+00 -0.92350E+00 -0.32398E-05 -0.12288E-03  0.99030E+00 -0.68446E-04 -0.22200E-04  0.35442E+00  0.13814E-02  0.35191E+00
   80.00  0.30987E+00 -0.93433E+00  0.16628E-04 -0.10604E-03  0.99009E+00 -0.10949E-03 -0.38972E-04  0.32399E+00  0.24854E-02  0.32160E+00
   81.00  0.30120E+00 -0.94424E+00  0.33838E-04 -0.96201E-04  0.98986E+00 -0.14667E-03 -0.54518E-04  0.29290E+00  0.35853E-02  0.29063E+00
   82.00  0.29262E+00 -0.95317E+00  0.47752E-04 -0.93606E-04  0.98962E+00 -0.17915E-03 -0.68368E-04  0.26117E+00  0.46460E-02  0.25903E+00
   83.00  0.28421E+00 -0.96109E+00  0.57819E-04 -0.97885E-04  0.98937E+00 -0.20617E-03 -0.80255E-04  0.22885E+00  0.56305E-02  0.22684E+00
   84.00  0.27604E+00 -0.96796E+00  0.63619E-04 -0.10809E-03  0.98910E+00 -0.22714E-03 -0.90102E-04  0.19596E+00  0.65021E-02  0.19409E+00
   85.00  0.26820E+00 -0.97375E+00  0.64913E-04 -0.12280E-03  0.98883E+00 -0.24168E-03 -0.98002E-04  0.16256E+00  0.72277E-02  0.16083E+00
   86.00  0.26079E+00 -0.97841E+00  0.61688E-04 -0.14020E-03  0.98855E+00 -0.24964E-03 -0.10419E-03  0.12871E+00  0.77810E-02  0.12713E+00
   87.00  0.25388E+00 -0.98193E+00  0.54190E-04 -0.15826E-03  0.98828E+00 -0.25120E-03 -0.10900E-03  0.94472E-01  0.81451E-02  0.93045E-01
   88.00  0.24755E+00 -0.98427E+00  0.42945E-04 -0.17489E-03  0.98801E+00 -0.24682E-03 -0.11284E-03  0.59937E-01  0.83141E-02  0.58672E-01
   89.00  0.24184E+00 -0.98542E+00  0.28735E-04 -0.18810E-03  0.98776E+00 -0.23722E-03 -0.11611E-03  0.25200E-01  0.82945E-02  0.24101E-01
   90.00  0.23677E+00 -0.98537E+00  0.12558E-04 -0.19618E-03  0.98752E+00 -0.22338E-03 -0.11920E-03 -0.96380E-02  0.81046E-02 -0.10564E-01
   91.00  0.23233E+00 -0.98413E+00 -0.44488E-05 -0.19780E-03  0.98730E+00 -0.20640E-03 -0.12244E-03 -0.44468E-01  0.77725E-02 -0.45218E-01
   92.00  0.22850E+00 -0.98170E+00 -0.21105E-04 -0.19212E-03  0.98710E+00 -0.18743E-03 -0.12608E-03 -0.79180E-01  0.73340E-02 -0.79750E-01
   93.00  0.22524E+00 -0.97809E+00 -0.36287E-04 -0.17884E-03  0.98693E+00 -0.16760E-03 -0.13028E-03 -0.11367E+00  0.68285E-02 -0.11405E+00
   94.00  0.22249E+00 -0.97334E+00 -0.49022E-04 -0.15815E-03  0.98678E+00 -0.14787E-03 -0.13512E-03 -0.14783E+00  0.62957E-02 -0.14803E+00
   95.00  0.22018E+00 -0.96747E+00 -0.58555E-04 -0.13066E-03  0.98666E+00 -0.12907E-03 -0.14057E-03 -0.18158E+00  0.57721E-02 -0.18159E+00
   96.00  0.21825E+00 -0.96053E+00 -0.64395E-04 -0.97352E-04  0.98655E+00 -0.11178E-03 -0.14658E-03 -0.21484E+00  0.52888E-02 -0.21464E+00
   97.00  0.21663E+00 -0.95254E+00 -0.66324E-04 -0.59443E-04  0.98646E+00 -0.96373E-04 -0.15300E-03 -0.24753E+00  0.48696E-02 -0.24713E+00
   98.00  0.21524E+00 -0.94357E+00 -0.64386E-04 -0.18291E-04  0.98639E+00 -0.83047E-04 -0.15969E-03 -0.27960E+00  0.45306E-02 -0.27900E+00
   99.00  0.21403E+00 -0.93364E+00 -0.58846E-04  0.24683E-04  0.98633E+00 -0.71839E-04 -0.16643E-03 -0.31100E+00  0.42803E-02 -0.31019E+00
  100.00  0.21295E+00 -0.92281E+00 -0.50146E-04  0.68072E-04  0.98627E+00 -0.62680E-04 -0.17300E-03 -0.34170E+00  0.41206E-02 -0.34067E+00
  101.00  0.21197E+00 -0.91113E+00 -0.38848E-04  0.11052E-03  0.98623E+00 -0.55437E-04 -0.17915E-03 -0.37166E+00  0.40477E-02 -0.37042E+00
  102.00  0.21106E+00 -0.89864E+00 -0.25578E-04  0.15077E-03  0.98619E+00 -0.49951E-04 -0.18458E-03 -0.40088E+00  0.40541E-02 -0.39941E+00
  103.00  0.21020E+00 -0.88539E+00 -0.10985E-04  0.18766E-03  0.98615E+00 -0.46062E-04 -0.18896E-03 -0.42931E+00  0.41293E-02 -0.42762E+00
  104.00  0.20938E+00 -0.87143E+00  0.43091E-05  0.22015E-03  0.98611E+00 -0.43629E-04 -0.19192E-03 -0.45697E+00  0.42618E-02 -0.45503E+00
  105.00  0.20861E+00 -0.85680E+00  0.19734E-04  0.24733E-03  0.98608E+00 -0.42535E-04 -0.19307E-03 -0.48382E+00  0.44395E-02 -0.48165E+00
  106.00  0.20789E+00 -0.84155E+00  0.34795E-04  0.26844E-03  0.98604E+00 -0.42689E-04 -0.19196E-03 -0.50988E+00  0.46509E-02 -0.50745E+00
  107.00  0.20723E+00 -0.82573E+00  0.49087E-04  0.28287E-03  0.98601E+00 -0.44015E-04 -0.18817E-03 -0.53512E+00  0.48856E-02 -0.53244E+00
  108.00  0.20663E+00 -0.80938E+00  0.62298E-04  0.29015E-03  0.98598E+00 -0.46440E-04 -0.18127E-03 -0.55954E+00  0.51348E-02 -0.55661E+00
  109.00  0.20611E+00 -0.79255E+00  0.74205E-04  0.29001E-03  0.98595E+00 -0.49885E-04 -0.17088E-03 -0.58315E+00  0.53909E-02 -0.57996E+00
  110.00  0.20568E+00 -0.77529E+00  0.84666E-04  0.28235E-03  0.98592E+00 -0.54251E-04 -0.15669E-03 -0.60592E+00  0.56481E-02 -0.60247E+00
  111.00  0.20532E+00 -0.75763E+00  0.93611E-04  0.26728E-03  0.98589E+00 -0.59407E-04 -0.13847E-03 -0.62788E+00  0.59019E-02 -0.62415E+00
  112.00  0.20506E+00 -0.73964E+00  0.10103E-03  0.24506E-03  0.98586E+00 -0.65192E-04 -0.11614E-03 -0.64900E+00  0.61488E-02 -0.64501E+00
  113.00  0.20488E+00 -0.72136E+00  0.10694E-03  0.21616E-03  0.98583E+00 -0.71412E-04 -0.89733E-04 -0.66930E+00  0.63862E-02 -0.66503E+00
  114.00  0.20476E+00 -0.70282E+00  0.11142E-03  0.18119E-03  0.98580E+00 -0.77843E-04 -0.59453E-04 -0.68877E+00  0.66120E-02 -0.68422E+00
  115.00  0.20471E+00 -0.68408E+00  0.11456E-03  0.14088E-03  0.98577E+00 -0.84245E-04 -0.25653E-04 -0.70741E+00  0.68243E-02 -0.70258E+00
  116.00  0.20471E+00 -0.66519E+00  0.11644E-03  0.96096E-04  0.98574E+00 -0.90368E-04  0.11164E-04 -0.72523E+00  0.70214E-02 -0.72012E+00
  117.00  0.20474E+00 -0.64619E+00  0.11719E-03  0.47735E-04  0.98570E+00 -0.95971E-04  0.50362E-04 -0.74224E+00  0.72015E-02 -0.73684E+00
  118.00  0.20478E+00 -0.62712E+00  0.11693E-03 -0.32573E-05  0.98566E+00 -0.10083E-03  0.91188E-04 -0.75844E+00  0.73626E-02 -0.75276E+00
  119.00  0.20481E+00 -0.60802E+00  0.11579E-03 -0.55940E-04  0.98562E+00 -0.10476E-03  0.13280E-03 -0.77385E+00  0.75026E-02 -0.76787E+00
  120.00  0.20482E+00 -0.58894E+00  0.11393E-03 -0.10940E-03  0.98557E+00 -0.10760E-03  0.17431E-03 -0.78847E+00  0.76194E-02 -0.78221E+00
  121.00  0.20480E+00 -0.56992E+00  0.11150E-03 -0.16280E-03  0.98552E+00 -0.10926E-03  0.21479E-03 -0.80233E+00  0.77108E-02 -0.79577E+00
  122.00  0.20473E+00 -0.55098E+00  0.10868E-03 -0.21534E-03  0.98546E+00 -0.10968E-03  0.25333E-03 -0.81543E+00  0.77745E-02 -0.80859E+00
  123.00  0.20461E+00 -0.53217E+00  0.10565E-03 -0.26635E-03  0.98540E+00 -0.10888E-03  0.28903E-03 -0.82781E+00  0.78087E-02 -0.82067E+00
  124.00  0.20442E+00 -0.51352E+00  0.10261E-03 -0.31524E-03  0.98533E+00 -0.10690E-03  0.32109E-03 -0.83947E+00  0.78116E-02 -0.83204E+00
  125.00  0.20416E+00 -0.49506E+00  0.99783E-04 -0.36152E-03  0.98525E+00 -0.10385E-03  0.34878E-03 -0.85045E+00  0.77819E-02 -0.84272E+00
  126.00  0.20384E+00 -0.47681E+00  0.97371E-04 -0.40483E-03  0.98518E+00 -0.99867E-04  0.37146E-03 -0.86077E+00  0.77188E-02 -0.85274E+00
  127.00  0.20346E+00 -0.45880E+00  0.95590E-04 -0.44488E-03  0.98509E+00 -0.95122E-04  0.38864E-03 -0.87044E+00  0.76219E-02 -0.86212E+00
  128.00  0.20302E+00 -0.44106E+00  0.94640E-04 -0.48152E-03  0.98500E+00 -0.89806E-04  0.39996E-03 -0.87951E+00  0.74914E-02 -0.87089E+00
  129.00  0.20254E+00 -0.42360E+00  0.94703E-04 -0.51465E-03  0.98491E+00 -0.84120E-04  0.40522E-03 -0.88798E+00  0.73279E-02 -0.87907E+00
  130.00  0.20203E+00 -0.40644E+00  0.95934E-04 -0.54428E-03  0.98482E+00 -0.78265E-04  0.40434E-03 -0.89589E+00  0.71328E-02 -0.88669E+00
  131.00  0.20149E+00 -0.38960E+00  0.98449E-04 -0.57048E-03  0.98473E+00 -0.72434E-04  0.39742E-03 -0.90327E+00  0.69079E-02 -0.89377E+00
  132.00  0.20095E+00 -0.37310E+00  0.10232E-03 -0.59340E-03  0.98463E+00 -0.66801E-04  0.38470E-03 -0.91014E+00  0.66553E-02 -0.90035E+00
  133.00  0.20041E+00 -0.35694E+00  0.10757E-03 -0.61320E-03  0.98454E+00 -0.61518E-04  0.36655E-03 -0.91652E+00  0.63779E-02 -0.90644E+00
  134.00  0.19989E+00 -0.34114E+00  0.11415E-03 -0.63012E-03  0.98445E+00 -0.56704E-04  0.34347E-03 -0.92244E+00  0.60786E-02 -0.91208E+00
  135.00  0.19940E+00 -0.32570E+00  0.12197E-03 -0.64440E-03  0.98436E+00 -0.52448E-04  0.31605E-03 -0.92793E+00  0.57608E-02 -0.91730E+00
  136.00  0.19895E+00 -0.31064E+00  0.13088E-03 -0.65629E-03  0.98427E+00 -0.48804E-04  0.28497E-03 -0.93301E+00  0.54279E-02 -0.92210E+00
  137.00  0.19856E+00 -0.29595E+00  0.14068E-03 -0.66605E-03  0.98419E+00 -0.45790E-04  0.25098E-03 -0.93771E+00  0.50836E-02 -0.92653E+00
  138.00  0.19824E+00 -0.28165E+00  0.15110E-03 -0.67392E-03  0.98411E+00 -0.43395E-04  0.21486E-03 -0.94204E+00  0.47315E-02 -0.93060E+00
  139.00  0.19798E+00 -0.26774E+00  0.16185E-03 -0.68013E-03  0.98404E+00 -0.41579E-04  0.17738E-03 -0.94603E+00  0.43752E-02 -0.93434E+00
  140.00  0.19781E+00 -0.25421E+00  0.17261E-03 -0.68487E-03  0.98397E+00 -0.40276E-04  0.13931E-03 -0.94970E+00  0.40182E-02 -0.93776E+00
  141.00  0.19771E+00 -0.24108E+00  0.18306E-03 -0.68833E-03  0.98391E+00 -0.39406E-04  0.10139E-03 -0.95307E+00  0.36638E-02 -0.94089E+00
  142.00  0.19770E+00 -0.22833E+00  0.19285E-03 -0.69065E-03  0.98386E+00 -0.38874E-04  0.64283E-04 -0.95616E+00  0.33150E-02 -0.94376E+00
  143.00  0.19778E+00 -0.21597E+00  0.20167E-03 -0.69197E-03  0.98381E+00 -0.38579E-04  0.28598E-04 -0.95899E+00  0.29747E-02 -0.94637E+00
  144.00  0.19793E+00 -0.20399E+00  0.20922E-03 -0.69238E-03  0.98376E+00 -0.38421E-04 -0.51470E-05 -0.96158E+00  0.26453E-02 -0.94874E+00
  145.00  0.19817E+00 -0.19239E+00  0.21525E-03 -0.69198E-03  0.98373E+00 -0.38304E-04 -0.36522E-04 -0.96394E+00  0.23291E-02 -0.95090E+00
  146.00  0.19849E+00 -0.18117E+00  0.21956E-03 -0.69086E-03  0.98370E+00 -0.38140E-04 -0.65185E-04 -0.96610E+00  0.20279E-02 -0.95286E+00
  147.00  0.19888E+00 -0.17033E+00  0.22197E-03 -0.68910E-03  0.98367E+00 -0.37854E-04 -0.90886E-04 -0.96806E+00  0.17433E-02 -0.95463E+00
  148.00  0.19933E+00 -0.15986E+00  0.22239E-03 -0.68679E-03  0.98365E+00 -0.37385E-04 -0.11346E-03 -0.96983E+00  0.14765E-02 -0.95623E+00
  149.00  0.19985E+00 -0.14975E+00  0.22079E-03 -0.68402E-03  0.98363E+00 -0.36689E-04 -0.13281E-03 -0.97145E+00  0.12286E-02 -0.95767E+00
  150.00  0.20042E+00 -0.14001E+00  0.21718E-03 -0.68090E-03  0.98361E+00 -0.35737E-04 -0.14892E-03 -0.97290E+00  0.10000E-02 -0.95895E+00
  151.00  0.20104E+00 -0.13062E+00  0.21163E-03 -0.67755E-03  0.98360E+00 -0.34516E-04 -0.16184E-03 -0.97422E+00  0.79133E-03 -0.96011E+00
  152.00  0.20170E+00 -0.12158E+00  0.20427E-03 -0.67409E-03  0.98358E+00 -0.33031E-04 -0.17165E-03 -0.97540E+00  0.60259E-03 -0.96113E+00
  153.00  0.20240E+00 -0.11289E+00  0.19527E-03 -0.67064E-03  0.98357E+00 -0.31297E-04 -0.17849E-03 -0.97646E+00  0.43369E-03 -0.96203E+00
  154.00  0.20312E+00 -0.10455E+00  0.18483E-03 -0.66736E-03  0.98355E+00 -0.29342E-04 -0.18253E-03 -0.97740E+00  0.28432E-03 -0.96283E+00
  155.00  0.20385E+00 -0.96540E-01  0.17320E-03 -0.66438E-03  0.98354E+00 -0.27204E-04 -0.18396E-03 -0.97824E+00  0.15395E-03 -0.96352E+00
  156.00  0.20460E+00 -0.88867E-01  0.16063E-03 -0.66182E-03  0.98352E+00 -0.24928E-04 -0.18301E-03 -0.97898E+00  0.41849E-04 -0.96412E+00
  157.00  0.20536E+00 -0.81525E-01  0.14740E-03 -0.65982E-03  0.98350E+00 -0.22562E-04 -0.17990E-03 -0.97963E+00 -0.52825E-04 -0.96462E+00
  158.00  0.20612E+00 -0.74511E-01  0.13379E-03 -0.65849E-03  0.98347E+00 -0.20156E-04 -0.17487E-03 -0.98020E+00 -0.13107E-03 -0.96505E+00
  159.00  0.20687E+00 -0.67820E-01  0.12006E-03 -0.65791E-03  0.98345E+00 -0.17762E-04 -0.16819E-03 -0.98070E+00 -0.19396E-03 -0.96540E+00
  160.00  0.20761E+00 -0.61451E-01  0.10647E-03 -0.65816E-03  0.98341E+00 -0.15427E-04 -0.16010E-03 -0.98112E+00 -0.24267E-03 -0.96568E+00
  161.00  0.20834E+00 -0.55402E-01  0.93275E-04 -0.65928E-03  0.98337E+00 -0.13194E-04 -0.15085E-03 -0.98148E+00 -0.27839E-03 -0.96590E+00
  162.00  0.20905E+00 -0.49670E-01  0.80672E-04 -0.66130E-03  0.98333E+00 -0.11100E-04 -0.14070E-03 -0.98178E+00 -0.30236E-03 -0.96605E+00
  163.00  0.20973E+00 -0.44254E-01  0.68841E-04 -0.66422E-03  0.98328E+00 -0.91753E-05 -0.12986E-03 -0.98202E+00 -0.31578E-03 -0.96615E+00
  164.00  0.21039E+00 -0.39153E-01  0.57924E-04 -0.66799E-03  0.98323E+00 -0.74412E-05 -0.11858E-03 -0.98222E+00 -0.31986E-03 -0.96620E+00
  165.00  0.21103E+00 -0.34368E-01  0.48020E-04 -0.67256E-03  0.98317E+00 -0.59113E-05 -0.10707E-03 -0.98237E+00 -0.31578E-03 -0.96621E+00
  166.00  0.21163E+00 -0.29896E-01  0.39190E-04 -0.67785E-03  0.98310E+00 -0.45907E-05 -0.95511E-04 -0.98249E+00 -0.30468E-03 -0.96617E+00
  167.00  0.21220E+00 -0.25739E-01  0.31456E-04 -0.68375E-03  0.98303E+00 -0.34768E-05 -0.84097E-04 -0.98256E+00 -0.28766E-03 -0.96610E+00
  168.00  0.21274E+00 -0.21896E-01  0.24803E-04 -0.69013E-03  0.98296E+00 -0.25602E-05 -0.72987E-04 -0.98261E+00 -0.26581E-03 -0.96600E+00
  169.00  0.21324E+00 -0.18368E-01  0.19187E-04 -0.69684E-03  0.98288E+00 -0.18261E-05 -0.62324E-04 -0.98263E+00 -0.24020E-03 -0.96588E+00
  170.00  0.21371E+00 -0.15154E-01  0.14535E-04 -0.70374E-03  0.98280E+00 -0.12554E-05 -0.52233E-04 -0.98263E+00 -0.21190E-03 -0.96573E+00
  171.00  0.21413E+00 -0.12252E-01  0.10759E-04 -0.71066E-03  0.98272E+00 -0.82643E-06 -0.42824E-04 -0.98260E+00 -0.18195E-03 -0.96558E+00
  172.00  0.21452E+00 -0.96636E-02  0.77565E-05 -0.71742E-03  0.98264E+00 -0.51630E-06 -0.34190E-04 -0.98257E+00 -0.15141E-03 -0.96541E+00
  173.00  0.21486E+00 -0.73857E-02  0.54208E-05 -0.72386E-03  0.98257E+00 -0.30222E-06 -0.26409E-04 -0.98252E+00 -0.12134E-03 -0.96525E+00
  174.00  0.21517E+00 -0.54173E-02  0.36455E-05 -0.72983E-03  0.98250E+00 -0.16266E-06 -0.19547E-04 -0.98247E+00 -0.92738E-04 -0.96509E+00
  175.00  0.21543E+00 -0.37563E-02  0.23301E-05 -0.73516E-03  0.98244E+00 -0.78148E-07 -0.13657E-04 -0.98242E+00 -0.66592E-04 -0.96494E+00
  176.00  0.21564E+00 -0.24009E-02  0.13845E-05 -0.73972E-03  0.98238E+00 -0.31879E-07 -0.87834E-05 -0.98238E+00 -0.43804E-04 -0.96481E+00
  177.00  0.21581E+00 -0.13490E-02  0.73166E-06 -0.74339E-03  0.98234E+00 -0.10048E-07 -0.49591E-05 -0.98234E+00 -0.25172E-04 -0.96470E+00
  178.00  0.21593E+00 -0.59908E-03  0.31014E-06 -0.74609E-03  0.98230E+00 -0.19787E-08 -0.22098E-05 -0.98230E+00 -0.11360E-04 -0.96462E+00
  179.00  0.21600E+00 -0.14970E-03  0.75273E-07 -0.74773E-03  0.98228E+00 -0.12342E-09 -0.55331E-06 -0.98228E+00 -0.28662E-05 -0.96457E+00
  180.00  0.21602E+00 -0.37094E-14  0.18468E-17 -0.74828E-03  0.98228E+00 -0.75756E-31 -0.13720E-16 -0.98228E+00 -0.71253E-16 -0.96455E+00
 scattering matrix expansion coefficients
    w  a11         a22         a33         a23         a32         a44         a12         a34         a13         a24         a14
    0  0.1000E+01  0.0000E+00  0.0000E+00  0.0000E+00  0.0000E+00  0.7640E+00  0.0000E+00  0.0000E+00  0.0000E+00  0.0000E+00  0.8808E-04
    1  0.2106E+01  0.0000E+00  0.0000E+00  0.0000E+00  0.0000E+00  0.2323E+01  0.0000E+00  0.0000E+00  0.0000E+00  0.0000E+00  0.3579E-03
    2  0.2835E+01  0.2834E+00  0.3788E+01  0.3357E-06  0.1657E-03  0.2862E+01 -0.4773E+00 -0.3077E-02 -0.1453E-04 -0.4245E-04  0.2660E-03
    3  0.3139E+01  0.9976E-01  0.3604E+01  0.2870E-06  0.3579E-04  0.3123E+01 -0.2815E+00 -0.1095E-01 -0.6340E-04 -0.8427E-04  0.2361E-03
    4  0.3291E+01  0.3031E-01  0.3598E+01  0.1100E-06 -0.1150E-03  0.3294E+01 -0.1819E+00 -0.1255E-01  0.4558E-05 -0.2476E-04 -0.2540E-04
    5  0.3361E+01  0.1708E-01  0.3589E+01  0.3277E-07 -0.4726E-04  0.3363E+01 -0.1345E+00 -0.1205E-01 -0.1496E-04 -0.5859E-04 -0.2343E-03
    6  0.3357E+01  0.1511E-01  0.3532E+01 -0.2288E-08  0.2671E-04  0.3342E+01 -0.1046E+00 -0.1158E-01  0.4760E-05 -0.2760E-04 -0.1143E-03
    7  0.3262E+01 -0.2383E-02  0.3419E+01 -0.8515E-07  0.9401E-05  0.3274E+01 -0.1003E+00 -0.1261E-01 -0.4601E-04  0.1212E-03 -0.3878E-04
    8  0.3136E+01  0.3438E-02  0.3264E+01 -0.1343E-07 -0.1202E-03  0.3141E+01 -0.9039E-01 -0.1625E-01 -0.6106E-04  0.7493E-05 -0.9150E-04
    9  0.2972E+01  0.6720E-02  0.3077E+01 -0.5305E-07 -0.1474E-03  0.2966E+01 -0.6592E-01 -0.1668E-01 -0.5789E-04  0.5794E-05 -0.8470E-04
   10  0.2749E+01  0.2344E-02  0.2847E+01 -0.1004E-08 -0.6911E-05  0.2747E+01 -0.5580E-01 -0.1421E-01  0.9590E-05 -0.1672E-04 -0.1686E-03
   11  0.2476E+01  0.1131E-02  0.2566E+01  0.3138E-07  0.1449E-03  0.2475E+01 -0.5959E-01 -0.1208E-01  0.6597E-04 -0.5859E-04 -0.2661E-03
   12  0.2172E+01 -0.8824E-03  0.2252E+01  0.4199E-07  0.1862E-03  0.2174E+01 -0.6463E-01 -0.1092E-01  0.2311E-04 -0.5319E-05 -0.2300E-03
   13  0.1867E+01  0.4949E-03  0.1934E+01 -0.1204E-07  0.1831E-03  0.1868E+01 -0.6454E-01 -0.9667E-02 -0.2471E-05  0.1004E-04 -0.1578E-03
   14  0.1582E+01  0.1319E-02  0.1635E+01 -0.1529E-08  0.1664E-03  0.1581E+01 -0.6123E-01 -0.8009E-02  0.2535E-05 -0.1556E-04 -0.1663E-03
   15  0.1329E+01 -0.9033E-03  0.1372E+01  0.7658E-08  0.1436E-03  0.1332E+01 -0.5610E-01 -0.6240E-02  0.1482E-04 -0.1971E-04 -0.1763E-03
   16  0.1118E+01  0.1694E-03  0.1151E+01 -0.2853E-08  0.1039E-03  0.1121E+01 -0.4297E-01 -0.4109E-02  0.3912E-05 -0.7959E-05 -0.1237E-03
   17  0.9417E+00  0.2941E-02  0.9655E+00  0.2996E-08  0.4966E-04  0.9382E+00 -0.2520E-01 -0.1293E-02 -0.1675E-04  0.9395E-05 -0.3483E-04
   18  0.7786E+00  0.2217E-02  0.7986E+00  0.1710E-07  0.8587E-05  0.7747E+00 -0.1612E-01  0.1256E-02 -0.2456E-04  0.1783E-04  0.2273E-04
   19  0.6219E+00 -0.2725E-03  0.6409E+00  0.1061E-07 -0.9813E-05  0.6223E+00 -0.1794E-01  0.2290E-02 -0.2267E-04  0.8121E-05  0.2152E-04
   20  0.4810E+00 -0.9074E-03  0.4972E+00  0.8429E-09 -0.8391E-05  0.4830E+00 -0.2058E-01  0.1923E-02 -0.1574E-04 -0.3378E-05 -0.3454E-05
   21  0.3637E+00 -0.2733E-04  0.3756E+00 -0.1417E-08  0.1210E-04  0.3644E+00 -0.1810E-01  0.1225E-02 -0.3859E-05 -0.4532E-05 -0.1389E-04
   22  0.2691E+00  0.5351E-03  0.2775E+00 -0.1473E-08  0.4224E-04  0.2685E+00 -0.1330E-01  0.8634E-03  0.7156E-05  0.2165E-06 -0.5625E-05
   23  0.1922E+00  0.3332E-03  0.1985E+00 -0.1467E-08  0.6318E-04  0.1917E+00 -0.1024E-01  0.7942E-03  0.1038E-04  0.3107E-05  0.6405E-05
   24  0.1299E+00 -0.3261E-04  0.1349E+00 -0.9786E-09  0.6443E-04  0.1300E+00 -0.9291E-02  0.7517E-03  0.7021E-05  0.2541E-05  0.1199E-04
   25  0.8167E-01 -0.1517E-03  0.8539E-01 -0.2336E-09  0.5035E-04  0.8205E-01 -0.8725E-02  0.6208E-03  0.2241E-05  0.9107E-06  0.1122E-04
   26  0.4724E-01 -0.5759E-04  0.4964E-01  0.8670E-10  0.3196E-04  0.4750E-01 -0.7380E-02  0.4347E-03 -0.5412E-06 -0.1947E-06  0.7705E-05
   27  0.2500E-01  0.6528E-04  0.2633E-01  0.1460E-09  0.1707E-04  0.2503E-01 -0.5376E-02  0.2618E-03 -0.1291E-05 -0.4995E-06  0.4285E-05
   28  0.1208E-01  0.1194E-03  0.1271E-01  0.1395E-09  0.7858E-05  0.1198E-01 -0.3368E-02  0.1379E-03 -0.1013E-05 -0.4016E-06  0.2048E-05
   29  0.5335E-02  0.1087E-03  0.5587E-02  0.1085E-09  0.3163E-05  0.5203E-02 -0.1835E-02  0.6447E-04 -0.5606E-06 -0.2283E-06  0.8614E-06
   30  0.2155E-02  0.7252E-04  0.2239E-02  0.6429E-10  0.1130E-05  0.2056E-02 -0.8799E-03  0.2696E-04 -0.2475E-06 -0.1020E-06  0.3151E-06
   31  0.7983E-03  0.3924E-04  0.8202E-03  0.2973E-10  0.3633E-06  0.7408E-03 -0.3749E-03  0.1015E-04 -0.9454E-07 -0.3808E-07  0.1004E-06
   32  0.2716E-03  0.1800E-04  0.2753E-03  0.1077E-10  0.1062E-06  0.2440E-03 -0.1431E-03  0.3465E-05 -0.3168E-07 -0.1260E-07  0.2959E-07
   33  0.8505E-04  0.7178E-05  0.8490E-04  0.3124E-11  0.2837E-07  0.7374E-04 -0.4931E-04  0.1079E-05 -0.9457E-08 -0.3910E-08  0.8124E-08
   34  0.2458E-04  0.2532E-05  0.2413E-04  0.7452E-12  0.7072E-08  0.2050E-04 -0.1542E-04  0.3075E-06 -0.2601E-08 -0.1051E-08  0.1937E-08
   35  0.6571E-05  0.8001E-06  0.6337E-05  0.1475E-12  0.1661E-08  0.5256E-05 -0.4405E-05  0.8012E-07 -0.6702E-09 -0.1955E-09  0.2914E-09
   36  0.1627E-05  0.2285E-06  0.1540E-05  0.2884E-13  0.3801E-09  0.1246E-05 -0.1153E-05  0.1904E-07 -0.1662E-09  0.9893E-11 -0.4882E-10
   37  0.3731E-06  0.5927E-07  0.3466E-06  0.7434E-14  0.8672E-10  0.2730E-06 -0.2770E-06  0.4099E-08 -0.4108E-10  0.2624E-10 -0.5768E-10
   38  0.7924E-07  0.1400E-07  0.7223E-07  0.2631E-14  0.1953E-10  0.5533E-07 -0.6121E-07  0.8055E-09 -0.1003E-10  0.1308E-10 -0.2592E-10
   39  0.1544E-07  0.2995E-08  0.1381E-07  0.8619E-15  0.4092E-11  0.1027E-07 -0.1234E-07  0.1436E-09 -0.2232E-11  0.4298E-11 -0.8069E-11
   40  0.2785E-08  0.5850E-09  0.2446E-08  0.2668E-15  0.7528E-12  0.1767E-08 -0.2290E-08  0.2345E-10 -0.4376E-12  0.1099E-11 -0.1992E-11
   41  0.4408E-09  0.9950E-10  0.3801E-09  0.8442E-16  0.1171E-12  0.2662E-09 -0.3720E-09  0.3497E-11 -0.7140E-13  0.2242E-12 -0.3918E-12
   42  0.6601E-10  0.1581E-10  0.5601E-10  0.1958E-16  0.1453E-13  0.3803E-10 -0.5689E-10  0.4676E-12 -0.9450E-14  0.3742E-13 -0.6368E-13
   43  0.7490E-11  0.1899E-11  0.6247E-11  0.4363E-17  0.1401E-14  0.4104E-11 -0.6590E-11  0.5446E-13 -0.9612E-15  0.4956E-14 -0.8188E-14
   44  0.9211E-12  0.2433E-12  0.7568E-12  0.6159E-18  0.9635E-16  0.4833E-12 -0.8216E-12  0.5542E-14 -0.7310E-16  0.5117E-15 -0.8237E-15
   45  0.5072E-13  0.1409E-13  0.4107E-13  0.1223E-18  0.3664E-17  0.2531E-13 -0.4609E-13  0.3660E-15 -0.3052E-17  0.3521E-16 -0.5598E-16
   46  0.8282E-14  0.2415E-14  0.6714E-14  0.2003E-19  0.2444E-19  0.4038E-14 -0.7632E-14  0.3402E-16 -0.4460E-19  0.9449E-18 -0.1537E-17
