 input file is 
mstm11_256_9598_13_000438.inp 
 input file comments follow:
***********************************************************
  This is the default mstm input file for v.3.0.
  The run is for a 7-sphere cluster of identical spheres.   The positions
  are embedded in the input file.

  The run makes use of the new_run and multiple_run options.

  14 April 2013
***********************************************************
 number of processors:
   1
 input parameters for run number 
    1
 number of spheres, volume size parameter:
  256  0.60944E+01
 position file:
position/n256/a11.out                                       
 output file:
output/256/x9598/13/000438/mt_11_256_9598_13_000438.dat     
 length, ref. indx. scale factors:
   0.960   1.300   0.004
 chiral factors:
  0.00000E+00  0.00000E+00
 scattering matrix directions based on incident frame
 automatic scattering angle calculation
 thetamin, thetamax:
      0.0    180.0
 number scattering angles:
      181
 epsmie, epssoln, max number iterations:
  0.1000E-05  0.1000E-07 5000
 medium refractive index:
  1.0000  0.0000
 target euler rotation angles:
    0.0000    0.0000    0.0000
 far field kr, iterations/correction:
 -0.1000E+01   20
 plane wave incidence
 random orientation calculations
 t matrix calculated, stored in file 
tmatrixfiles/11256959813000438                              
 t matrix convergence epsilon:
  0.1000E-06
 all spheres excited (total T matrix) 
 calculation results for run 
    1
 total ext, abs, scat efficiencies, w.r.t. xv, and asym. parm
  0.16913E+01  0.80212E-01  0.16111E+01  0.78496E+00
 scattering matrix elements (normalized w/ S11)
   theta      11           12           13           14           22           23           24           33           34           44      
    0.00  0.14292E+03  0.00000E+00  0.00000E+00  0.57184E-04  0.99993E+00  0.58969E-04  0.00000E+00  0.99993E+00  0.00000E+00  0.99987E+00 
    1.00  0.13908E+03 -0.20053E-03 -0.42535E-07  0.57514E-04  0.99993E+00  0.55840E-04 -0.22559E-07  0.99993E+00 -0.59628E-04  0.99986E+00 
    2.00  0.12816E+03 -0.80883E-03 -0.16854E-06  0.58644E-04  0.99992E+00  0.46201E-04 -0.94993E-07  0.99992E+00 -0.24551E-03  0.99985E+00 
    3.00  0.11185E+03 -0.18457E-02 -0.37240E-06  0.61042E-04  0.99991E+00  0.29306E-04 -0.23292E-06  0.99991E+00 -0.57904E-03  0.99983E+00 
    4.00  0.92512E+02 -0.33477E-02 -0.64164E-06  0.65611E-04  0.99990E+00  0.40013E-05 -0.46709E-06  0.99989E+00 -0.10964E-02  0.99980E+00 
    5.00  0.72671E+02 -0.53672E-02 -0.94994E-06  0.73883E-04  0.99987E+00 -0.30921E-04 -0.85074E-06  0.99986E+00 -0.18454E-02  0.99974E+00 
    6.00  0.54533E+02 -0.79634E-02 -0.12429E-05  0.88211E-04  0.99984E+00 -0.75575E-04 -0.14681E-05  0.99981E+00 -0.28697E-02  0.99965E+00 
    7.00  0.39595E+02 -0.11164E-01 -0.14129E-05  0.11158E-03  0.99979E+00 -0.12608E-03 -0.24320E-05  0.99972E+00 -0.41579E-02  0.99952E+00 
    8.00  0.28496E+02 -0.14869E-01 -0.12756E-05  0.14604E-03  0.99971E+00 -0.16928E-03 -0.38357E-05  0.99960E+00 -0.55340E-02  0.99934E+00 
    9.00  0.21088E+02 -0.18716E-01 -0.60634E-06  0.18866E-03  0.99963E+00 -0.17950E-03 -0.56148E-05  0.99944E+00 -0.65444E-02  0.99910E+00 
   10.00  0.16666E+02 -0.22151E-01  0.68346E-06  0.22817E-03  0.99955E+00 -0.13100E-03 -0.74117E-05  0.99927E+00 -0.66175E-02  0.99887E+00 
   11.00  0.14275E+02 -0.24897E-01  0.23796E-05  0.25153E-03  0.99949E+00 -0.26491E-04 -0.87691E-05  0.99912E+00 -0.56285E-02  0.99867E+00 
   12.00  0.12992E+02 -0.27282E-01  0.41346E-05  0.25646E-03  0.99946E+00  0.99673E-04 -0.95687E-05  0.99900E+00 -0.41267E-02  0.99852E+00 
   13.00  0.12115E+02 -0.29853E-01  0.57532E-05  0.25143E-03  0.99943E+00  0.21346E-03 -0.10070E-04  0.99887E+00 -0.27956E-02  0.99838E+00 
   14.00  0.11236E+02 -0.32958E-01  0.71812E-05  0.24627E-03  0.99939E+00  0.29895E-03 -0.10595E-04  0.99872E+00 -0.20088E-02  0.99820E+00 
   15.00  0.10208E+02 -0.36697E-01  0.83339E-05  0.24731E-03  0.99933E+00  0.35189E-03 -0.11328E-04  0.99852E+00 -0.18487E-02  0.99796E+00 
   16.00  0.90562E+01 -0.41040E-01  0.89954E-05  0.25713E-03  0.99923E+00  0.37062E-03 -0.12275E-04  0.99827E+00 -0.22402E-02  0.99763E+00 
   17.00  0.78794E+01 -0.45896E-01  0.88370E-05  0.27514E-03  0.99911E+00  0.35333E-03 -0.13252E-04  0.99794E+00 -0.30105E-02  0.99721E+00 
   18.00  0.67715E+01 -0.51149E-01  0.75590E-05  0.29744E-03  0.99896E+00  0.29989E-03 -0.13874E-04  0.99755E+00 -0.39098E-02  0.99670E+00 
   19.00  0.57871E+01 -0.56678E-01  0.51162E-05  0.31728E-03  0.99877E+00  0.21496E-03 -0.13606E-04  0.99708E+00 -0.46583E-02  0.99609E+00 
   20.00  0.49395E+01 -0.62378E-01  0.19034E-05  0.32658E-03  0.99856E+00  0.10905E-03 -0.11896E-04  0.99653E+00 -0.50380E-02  0.99538E+00 
   21.00  0.42190E+01 -0.68177E-01 -0.12505E-05  0.31835E-03  0.99831E+00 -0.38240E-05 -0.83587E-05  0.99590E+00 -0.49830E-02  0.99456E+00 
   22.00  0.36122E+01 -0.74034E-01 -0.33155E-05  0.28893E-03  0.99803E+00 -0.11038E-03 -0.29579E-05  0.99518E+00 -0.46069E-02  0.99363E+00 
   23.00  0.31120E+01 -0.79942E-01 -0.34425E-05  0.23952E-03  0.99770E+00 -0.20118E-03  0.38270E-05  0.99437E+00 -0.41514E-02  0.99259E+00 
   24.00  0.27165E+01 -0.85951E-01 -0.14013E-05  0.17717E-03  0.99736E+00 -0.27168E-03  0.10882E-04  0.99348E+00 -0.38788E-02  0.99146E+00 
   25.00  0.24216E+01 -0.92210E-01  0.21043E-05  0.11421E-03  0.99701E+00 -0.32171E-03  0.16595E-04  0.99254E+00 -0.39424E-02  0.99028E+00 
   26.00  0.22143E+01 -0.98966E-01  0.56035E-05  0.64168E-04  0.99669E+00 -0.35386E-03  0.19457E-04  0.99156E+00 -0.42987E-02  0.98907E+00 
   27.00  0.20709E+01 -0.10649E+00  0.76441E-05  0.35258E-04  0.99641E+00 -0.37070E-03  0.18838E-04  0.99050E+00 -0.47454E-02  0.98783E+00 
   28.00  0.19623E+01 -0.11495E+00  0.76327E-05  0.26651E-04  0.99615E+00 -0.37213E-03  0.15253E-04  0.98933E+00 -0.50710E-02  0.98649E+00 
   29.00  0.18623E+01 -0.12442E+00  0.60355E-05  0.30507E-04  0.99589E+00 -0.35469E-03  0.99050E-05  0.98796E+00 -0.51820E-02  0.98497E+00 
   30.00  0.17552E+01 -0.13482E+00  0.40028E-05  0.36346E-04  0.99559E+00 -0.31298E-03  0.41228E-05  0.98634E+00 -0.51239E-02  0.98317E+00 
   31.00  0.16379E+01 -0.14602E+00  0.28901E-05  0.33930E-04  0.99524E+00 -0.24272E-03 -0.86460E-06  0.98443E+00 -0.50317E-02  0.98107E+00 
   32.00  0.15183E+01 -0.15784E+00  0.38609E-05  0.14438E-04  0.99484E+00 -0.14500E-03 -0.38578E-05  0.98224E+00 -0.50664E-02  0.97866E+00 
   33.00  0.14092E+01 -0.17002E+00  0.74675E-05 -0.28291E-04  0.99443E+00 -0.30672E-04 -0.36218E-05  0.97981E+00 -0.53528E-02  0.97602E+00 
   34.00  0.13215E+01 -0.18229E+00  0.13216E-04 -0.95530E-04  0.99407E+00  0.78715E-04  0.92849E-06  0.97721E+00 -0.59235E-02  0.97325E+00 
   35.00  0.12600E+01 -0.19450E+00  0.19462E-04 -0.18182E-03  0.99379E+00  0.15745E-03  0.10303E-04  0.97452E+00 -0.66965E-02  0.97046E+00 
   36.00  0.12221E+01 -0.20667E+00  0.23972E-04 -0.27597E-03  0.99361E+00  0.18793E-03  0.24104E-04  0.97175E+00 -0.75207E-02  0.96765E+00 
   37.00  0.11998E+01 -0.21897E+00  0.24895E-04 -0.36488E-03  0.99351E+00  0.16903E-03  0.41101E-04  0.96885E+00 -0.82627E-02  0.96475E+00 
   38.00  0.11833E+01 -0.23159E+00  0.21421E-04 -0.43700E-03  0.99343E+00  0.11401E-03  0.59569E-04  0.96574E+00 -0.88659E-02  0.96165E+00 
   39.00  0.11640E+01 -0.24466E+00  0.13864E-04 -0.48330E-03  0.99333E+00  0.41903E-04  0.77491E-04  0.96234E+00 -0.93458E-02  0.95825E+00 
   40.00  0.11368E+01 -0.25819E+00  0.34251E-05 -0.49647E-03  0.99320E+00 -0.30014E-04  0.92536E-04  0.95859E+00 -0.97517E-02  0.95447E+00 
   41.00  0.11000E+01 -0.27208E+00 -0.80427E-05 -0.47058E-03  0.99300E+00 -0.89916E-04  0.10199E-03  0.95449E+00 -0.10129E-01  0.95029E+00 
   42.00  0.10547E+01 -0.28623E+00 -0.18271E-04 -0.40207E-03  0.99273E+00 -0.13203E-03  0.10294E-03  0.95003E+00 -0.10498E-01  0.94573E+00 
   43.00  0.10030E+01 -0.30057E+00 -0.24920E-04 -0.29153E-03  0.99238E+00 -0.15559E-03  0.92702E-04  0.94521E+00 -0.10858E-01  0.94076E+00 
   44.00  0.94689E+00 -0.31509E+00 -0.26070E-04 -0.14523E-03  0.99195E+00 -0.16285E-03  0.69567E-04  0.94000E+00 -0.11188E-01  0.93537E+00 
   45.00  0.88844E+00 -0.32990E+00 -0.20778E-04  0.24797E-04  0.99142E+00 -0.15680E-03  0.33432E-04  0.93436E+00 -0.11467E-01  0.92950E+00 
   46.00  0.82930E+00 -0.34512E+00 -0.94987E-05  0.20210E-03  0.99078E+00 -0.13918E-03 -0.13771E-04  0.92820E+00 -0.11673E-01  0.92308E+00 
   47.00  0.77125E+00 -0.36086E+00  0.57682E-05  0.36849E-03  0.99003E+00 -0.10969E-03 -0.67997E-04  0.92146E+00 -0.11782E-01  0.91603E+00 
   48.00  0.71633E+00 -0.37712E+00  0.21684E-04  0.50733E-03  0.98921E+00 -0.66761E-04 -0.12342E-03  0.91412E+00 -0.11759E-01  0.90834E+00 
   49.00  0.66658E+00 -0.39379E+00  0.34220E-04  0.60722E-03  0.98835E+00 -0.96751E-05 -0.17329E-03  0.90622E+00 -0.11554E-01  0.90010E+00 
   50.00  0.62370E+00 -0.41061E+00  0.39746E-04  0.66545E-03  0.98752E+00  0.58930E-04 -0.21155E-03  0.89788E+00 -0.11113E-01  0.89146E+00 
   51.00  0.58855E+00 -0.42732E+00  0.36348E-04  0.68997E-03  0.98680E+00  0.13157E-03 -0.23482E-03  0.88925E+00 -0.10399E-01  0.88262E+00 
   52.00  0.56089E+00 -0.44375E+00  0.24743E-04  0.69762E-03  0.98623E+00  0.19680E-03 -0.24399E-03  0.88045E+00 -0.94253E-02  0.87371E+00 
   53.00  0.53949E+00 -0.45988E+00  0.81897E-05  0.70858E-03  0.98581E+00  0.24245E-03 -0.24409E-03  0.87149E+00 -0.82659E-02  0.86475E+00 
   54.00  0.52244E+00 -0.47591E+00 -0.86892E-05  0.73911E-03  0.98550E+00  0.25927E-03 -0.24244E-03  0.86226E+00 -0.70400E-02  0.85558E+00 
   55.00  0.50769E+00 -0.49210E+00 -0.21490E-04  0.79645E-03  0.98524E+00  0.24305E-03 -0.24572E-03  0.85256E+00 -0.58752E-02  0.84596E+00 
   56.00  0.49347E+00 -0.50870E+00 -0.27224E-04  0.87743E-03  0.98494E+00  0.19461E-03 -0.25767E-03  0.84216E+00 -0.48696E-02  0.83563E+00 
   57.00  0.47861E+00 -0.52585E+00 -0.24794E-04  0.97032E-03  0.98455E+00  0.11843E-03 -0.27793E-03  0.83088E+00 -0.40697E-02  0.82438E+00 
   58.00  0.46262E+00 -0.54356E+00 -0.14880E-04  0.10582E-02  0.98405E+00  0.21356E-04 -0.30211E-03  0.81864E+00 -0.34675E-02  0.81208E+00 
   59.00  0.44556E+00 -0.56171E+00  0.49466E-06  0.11229E-02  0.98342E+00 -0.88203E-04 -0.32290E-03  0.80541E+00 -0.30129E-02  0.79873E+00 
   60.00  0.42784E+00 -0.58011E+00  0.18522E-04  0.11481E-02  0.98271E+00 -0.20061E-03 -0.33167E-03  0.79126E+00 -0.26371E-02  0.78443E+00 
   61.00  0.41001E+00 -0.59855E+00  0.36233E-04  0.11224E-02  0.98193E+00 -0.30529E-03 -0.32063E-03  0.77631E+00 -0.22796E-02  0.76930E+00 
   62.00  0.39260E+00 -0.61686E+00  0.51112E-04  0.10415E-02  0.98115E+00 -0.39145E-03 -0.28483E-03  0.76068E+00 -0.19104E-02  0.75350E+00 
   63.00  0.37605E+00 -0.63493E+00  0.61650E-04  0.90851E-03  0.98039E+00 -0.44949E-03 -0.22372E-03  0.74444E+00 -0.15401E-02  0.73713E+00 
   64.00  0.36068E+00 -0.65274E+00  0.67737E-04  0.73337E-03  0.97968E+00 -0.47285E-03 -0.14158E-03  0.72764E+00 -0.12112E-02  0.72024E+00 
   65.00  0.34670E+00 -0.67034E+00  0.70831E-04  0.53118E-03  0.97903E+00 -0.46007E-03 -0.46888E-04  0.71024E+00 -0.97624E-03  0.70282E+00 
   66.00  0.33425E+00 -0.68779E+00  0.73844E-04  0.31985E-03  0.97844E+00 -0.41608E-03  0.49384E-04  0.69218E+00 -0.86966E-03  0.68479E+00 
   67.00  0.32333E+00 -0.70514E+00  0.80726E-04  0.11762E-03  0.97788E+00 -0.35220E-03  0.13607E-03  0.67337E+00 -0.88792E-03  0.66606E+00 
   68.00  0.31385E+00 -0.72241E+00  0.95756E-04 -0.59296E-04  0.97735E+00 -0.28425E-03  0.20401E-03  0.65374E+00 -0.98700E-03  0.64653E+00 
   69.00  0.30561E+00 -0.73957E+00  0.12267E-03 -0.19867E-03  0.97682E+00 -0.22920E-03  0.24762E-03  0.63324E+00 -0.10991E-02  0.62613E+00 
   70.00  0.29831E+00 -0.75654E+00  0.16379E-03 -0.29348E-03  0.97627E+00 -0.20115E-03  0.26535E-03  0.61183E+00 -0.11607E-02  0.60484E+00 
   71.00  0.29160E+00 -0.77322E+00  0.21938E-03 -0.34223E-03  0.97569E+00 -0.20801E-03  0.25919E-03  0.58953E+00 -0.11386E-02  0.58265E+00 
   72.00  0.28513E+00 -0.78950E+00  0.28736E-03 -0.34827E-03  0.97507E+00 -0.24974E-03  0.23333E-03  0.56636E+00 -0.10429E-02  0.55958E+00 
   73.00  0.27864E+00 -0.80529E+00  0.36334E-03 -0.31858E-03  0.97441E+00 -0.31870E-03  0.19274E-03  0.54234E+00 -0.92028E-03  0.53567E+00 
   74.00  0.27195E+00 -0.82052E+00  0.44105E-03 -0.26210E-03  0.97371E+00 -0.40147E-03  0.14208E-03  0.51751E+00 -0.83314E-03  0.51095E+00 
   75.00  0.26501E+00 -0.83514E+00  0.51301E-03 -0.18820E-03  0.97299E+00 -0.48167E-03  0.84978E-04  0.49190E+00 -0.83050E-03  0.48547E+00 
   76.00  0.25789E+00 -0.84911E+00  0.57139E-03 -0.10533E-03  0.97225E+00 -0.54321E-03  0.23871E-04  0.46555E+00 -0.92106E-03  0.45927E+00 
   77.00  0.25068E+00 -0.86242E+00  0.60918E-03 -0.20111E-04  0.97150E+00 -0.57329E-03 -0.39822E-04  0.43849E+00 -0.10564E-02  0.43238E+00 
   78.00  0.24353E+00 -0.87503E+00  0.62127E-03  0.63122E-04  0.97077E+00 -0.56469E-03 -0.10534E-03  0.41076E+00 -0.11307E-02  0.40484E+00 
   79.00  0.23653E+00 -0.88691E+00  0.60545E-03  0.14219E-03  0.97006E+00 -0.51703E-03 -0.17216E-03  0.38237E+00 -0.99728E-03  0.37667E+00 
   80.00  0.22977E+00 -0.89803E+00  0.56300E-03  0.21636E-03  0.96936E+00 -0.43656E-03 -0.23953E-03  0.35336E+00 -0.50062E-03  0.34789E+00 
   81.00  0.22327E+00 -0.90834E+00  0.49859E-03  0.28536E-03  0.96868E+00 -0.33459E-03 -0.30620E-03  0.32374E+00  0.48709E-03  0.31851E+00 
   82.00  0.21701E+00 -0.91777E+00  0.41973E-03  0.34831E-03  0.96800E+00 -0.22495E-03 -0.37014E-03  0.29354E+00  0.20329E-02  0.28857E+00 
   83.00  0.21098E+00 -0.92626E+00  0.33556E-03  0.40312E-03  0.96733E+00 -0.12127E-03 -0.42860E-03  0.26279E+00  0.41230E-02  0.25809E+00 
   84.00  0.20517E+00 -0.93376E+00  0.25567E-03  0.44650E-03  0.96664E+00 -0.34395E-04 -0.47829E-03  0.23156E+00  0.66594E-02  0.22714E+00 
   85.00  0.19959E+00 -0.94021E+00  0.18870E-03  0.47467E-03  0.96596E+00  0.29151E-04 -0.51581E-03  0.19991E+00  0.94721E-02  0.19579E+00 
   86.00  0.19428E+00 -0.94558E+00  0.14122E-03  0.48454E-03  0.96528E+00  0.67938E-04 -0.53833E-03  0.16794E+00  0.12345E-01  0.16413E+00 
   87.00  0.18930E+00 -0.94985E+00  0.11680E-03  0.47513E-03  0.96462E+00  0.85379E-04 -0.54441E-03  0.13575E+00  0.15048E-01  0.13227E+00 
   88.00  0.18471E+00 -0.95301E+00  0.11540E-03  0.44864E-03  0.96400E+00  0.88750E-04 -0.53478E-03  0.10343E+00  0.17374E-01  0.10031E+00 
   89.00  0.18055E+00 -0.95509E+00  0.13314E-03  0.41077E-03  0.96343E+00  0.87677E-04 -0.51285E-03  0.71065E-01  0.19169E-01  0.68321E-01 
   90.00  0.17681E+00 -0.95610E+00  0.16264E-03  0.37013E-03  0.96293E+00  0.92398E-04 -0.48471E-03  0.38687E-01  0.20356E-01  0.36361E-01 
   91.00  0.17348E+00 -0.95606E+00  0.19385E-03  0.33675E-03  0.96249E+00  0.11211E-03 -0.45855E-03  0.63150E-02  0.20938E-01  0.44420E-02 
   92.00  0.17049E+00 -0.95497E+00  0.21527E-03  0.32010E-03  0.96211E+00  0.15371E-03 -0.44349E-03 -0.26062E-01  0.20991E-01 -0.27446E-01 
   93.00  0.16772E+00 -0.95281E+00  0.21547E-03  0.32723E-03  0.96176E+00  0.22110E-03 -0.44813E-03 -0.58464E-01  0.20642E-01 -0.59324E-01 
   94.00  0.16506E+00 -0.94955E+00  0.18449E-03  0.36146E-03  0.96141E+00  0.31507E-03 -0.47913E-03 -0.90904E-01  0.20039E-01 -0.91206E-01 
   95.00  0.16242E+00 -0.94514E+00  0.11503E-03  0.42193E-03  0.96102E+00  0.43355E-03 -0.54013E-03 -0.12337E+00  0.19322E-01 -0.12308E+00 
   96.00  0.15969E+00 -0.93955E+00  0.33742E-05  0.50390E-03  0.96058E+00  0.57205E-03 -0.63111E-03 -0.15583E+00  0.18608E-01 -0.15492E+00 
   97.00  0.15683E+00 -0.93274E+00 -0.15007E-03  0.59964E-03  0.96006E+00  0.72415E-03 -0.74833E-03 -0.18820E+00  0.17974E-01 -0.18664E+00 
   98.00  0.15383E+00 -0.92473E+00 -0.34042E-03  0.69948E-03  0.95946E+00  0.88189E-03 -0.88456E-03 -0.22038E+00  0.17460E-01 -0.21814E+00 
   99.00  0.15073E+00 -0.91553E+00 -0.55835E-03  0.79287E-03  0.95877E+00  0.10361E-02 -0.10297E-02 -0.25224E+00  0.17070E-01 -0.24930E+00 
  100.00  0.14758E+00 -0.90522E+00 -0.79037E-03  0.86934E-03  0.95802E+00  0.11770E-02 -0.11719E-02 -0.28364E+00  0.16784E-01 -0.27998E+00 
  101.00  0.14448E+00 -0.89388E+00 -0.10197E-02  0.91921E-03  0.95723E+00  0.12947E-02 -0.12981E-02 -0.31445E+00  0.16564E-01 -0.31004E+00 
  102.00  0.14154E+00 -0.88163E+00 -0.12277E-02  0.93425E-03  0.95645E+00  0.13801E-02 -0.13961E-02 -0.34454E+00  0.16373E-01 -0.33939E+00 
  103.00  0.13884E+00 -0.86862E+00 -0.13959E-02  0.90840E-03  0.95573E+00  0.14261E-02 -0.14554E-02 -0.37383E+00  0.16175E-01 -0.36794E+00 
  104.00  0.13647E+00 -0.85497E+00 -0.15082E-02  0.83832E-03  0.95509E+00  0.14283E-02 -0.14690E-02 -0.40226E+00  0.15949E-01 -0.39565E+00 
  105.00  0.13449E+00 -0.84080E+00 -0.15534E-02  0.72404E-03  0.95459E+00  0.13864E-02 -0.14342E-02 -0.42984E+00  0.15686E-01 -0.42251E+00 
  106.00  0.13290E+00 -0.82619E+00 -0.15266E-02  0.56932E-03  0.95423E+00  0.13037E-02 -0.13533E-02 -0.45655E+00  0.15390E-01 -0.44854E+00 
  107.00  0.13171E+00 -0.81118E+00 -0.14306E-02  0.38169E-03  0.95402E+00  0.11871E-02 -0.12336E-02 -0.48245E+00  0.15075E-01 -0.47378E+00 
  108.00  0.13088E+00 -0.79580E+00 -0.12743E-02  0.17202E-03  0.95395E+00  0.10460E-02 -0.10866E-02 -0.50757E+00  0.14757E-01 -0.49827E+00 
  109.00  0.13036E+00 -0.78003E+00 -0.10722E-02 -0.46461E-04  0.95400E+00  0.89067E-03 -0.92672E-03 -0.53193E+00  0.14446E-01 -0.52204E+00 
  110.00  0.13008E+00 -0.76386E+00 -0.84147E-03 -0.25945E-03  0.95414E+00  0.73095E-03 -0.76938E-03 -0.55556E+00  0.14145E-01 -0.54509E+00 
  111.00  0.12995E+00 -0.74727E+00 -0.59969E-03 -0.45314E-03  0.95433E+00  0.57507E-03 -0.62963E-03 -0.57846E+00  0.13845E-01 -0.56742E+00 
  112.00  0.12993E+00 -0.73024E+00 -0.36290E-03 -0.61569E-03  0.95454E+00  0.42889E-03 -0.52037E-03 -0.60061E+00  0.13524E-01 -0.58901E+00 
  113.00  0.12994E+00 -0.71278E+00 -0.14398E-03 -0.73850E-03  0.95476E+00  0.29571E-03 -0.45112E-03 -0.62199E+00  0.13153E-01 -0.60984E+00 
  114.00  0.12995E+00 -0.69491E+00  0.48083E-04 -0.81710E-03  0.95495E+00  0.17650E-03 -0.42711E-03 -0.64257E+00  0.12697E-01 -0.62987E+00 
  115.00  0.12992E+00 -0.67667E+00  0.20841E-03 -0.85152E-03  0.95512E+00  0.70457E-04 -0.44876E-03 -0.66232E+00  0.12120E-01 -0.64907E+00 
  116.00  0.12985E+00 -0.65811E+00  0.33589E-03 -0.84617E-03  0.95526E+00 -0.24349E-04 -0.51161E-03 -0.68123E+00  0.11389E-01 -0.66744E+00 
  117.00  0.12974E+00 -0.63930E+00  0.43248E-03 -0.80916E-03  0.95537E+00 -0.11024E-03 -0.60671E-03 -0.69928E+00  0.10481E-01 -0.68496E+00 
  118.00  0.12960E+00 -0.62029E+00  0.50233E-03 -0.75128E-03  0.95548E+00 -0.18933E-03 -0.72149E-03 -0.71649E+00  0.93845E-02 -0.70165E+00 
  119.00  0.12946E+00 -0.60116E+00  0.55088E-03 -0.68457E-03  0.95559E+00 -0.26316E-03 -0.84100E-03 -0.73286E+00  0.81032E-02 -0.71752E+00 
  120.00  0.12935E+00 -0.58197E+00  0.58390E-03 -0.62085E-03  0.95571E+00 -0.33236E-03 -0.94951E-03 -0.74841E+00  0.66557E-02 -0.73260E+00 
  121.00  0.12929E+00 -0.56280E+00  0.60677E-03 -0.57029E-03  0.95586E+00 -0.39674E-03 -0.10323E-02 -0.76318E+00  0.50760E-02 -0.74691E+00 
  122.00  0.12931E+00 -0.54369E+00  0.62394E-03 -0.54029E-03  0.95605E+00 -0.45539E-03 -0.10771E-02 -0.77719E+00  0.34109E-02 -0.76049E+00 
  123.00  0.12943E+00 -0.52470E+00  0.63856E-03 -0.53479E-03  0.95628E+00 -0.50700E-03 -0.10758E-02 -0.79048E+00  0.17160E-02 -0.77336E+00 
  124.00  0.12965E+00 -0.50587E+00  0.65249E-03 -0.55415E-03  0.95656E+00 -0.55016E-03 -0.10251E-02 -0.80306E+00  0.50279E-04 -0.78555E+00 
  125.00  0.12999E+00 -0.48725E+00  0.66636E-03 -0.59548E-03  0.95688E+00 -0.58372E-03 -0.92639E-03 -0.81496E+00 -0.15293E-02 -0.79706E+00 
  126.00  0.13043E+00 -0.46887E+00  0.67987E-03 -0.65340E-03  0.95723E+00 -0.60700E-03 -0.78593E-03 -0.82620E+00 -0.29734E-02 -0.80792E+00 
  127.00  0.13097E+00 -0.45077E+00  0.69209E-03 -0.72106E-03  0.95761E+00 -0.61991E-03 -0.61339E-03 -0.83678E+00 -0.42445E-02 -0.81812E+00 
  128.00  0.13158E+00 -0.43298E+00  0.70174E-03 -0.79113E-03  0.95801E+00 -0.62294E-03 -0.42069E-03 -0.84672E+00 -0.53194E-02 -0.82768E+00 
  129.00  0.13225E+00 -0.41551E+00  0.70749E-03 -0.85675E-03  0.95842E+00 -0.61701E-03 -0.22050E-03 -0.85604E+00 -0.61901E-02 -0.83660E+00 
  130.00  0.13296E+00 -0.39840E+00  0.70803E-03 -0.91226E-03  0.95882E+00 -0.60336E-03 -0.24812E-04 -0.86474E+00 -0.68622E-02 -0.84490E+00 
  131.00  0.13368E+00 -0.38165E+00  0.70226E-03 -0.95364E-03  0.95922E+00 -0.58331E-03  0.15622E-03 -0.87285E+00 -0.73526E-02 -0.85260E+00 
  132.00  0.13439E+00 -0.36526E+00  0.68926E-03 -0.97878E-03  0.95959E+00 -0.55812E-03  0.31506E-03 -0.88040E+00 -0.76861E-02 -0.85972E+00 
  133.00  0.13507E+00 -0.34925E+00  0.66841E-03 -0.98737E-03  0.95995E+00 -0.52893E-03  0.44719E-03 -0.88740E+00 -0.78914E-02 -0.86629E+00 
  134.00  0.13571E+00 -0.33361E+00  0.63934E-03 -0.98081E-03  0.96028E+00 -0.49673E-03  0.55110E-03 -0.89390E+00 -0.79979E-02 -0.87235E+00 
  135.00  0.13630E+00 -0.31833E+00  0.60206E-03 -0.96175E-03  0.96059E+00 -0.46242E-03  0.62784E-03 -0.89993E+00 -0.80332E-02 -0.87792E+00 
  136.00  0.13683E+00 -0.30341E+00  0.55697E-03 -0.93376E-03  0.96086E+00 -0.42688E-03  0.68043E-03 -0.90552E+00 -0.80208E-02 -0.88306E+00 
  137.00  0.13730E+00 -0.28884E+00  0.50490E-03 -0.90080E-03  0.96111E+00 -0.39102E-03  0.71306E-03 -0.91071E+00 -0.79794E-02 -0.88778E+00 
  138.00  0.13772E+00 -0.27460E+00  0.44710E-03 -0.86678E-03  0.96133E+00 -0.35581E-03  0.73025E-03 -0.91551E+00 -0.79229E-02 -0.89213E+00 
  139.00  0.13810E+00 -0.26070E+00  0.38519E-03 -0.83519E-03  0.96153E+00 -0.32221E-03  0.73622E-03 -0.91996E+00 -0.78604E-02 -0.89612E+00 
  140.00  0.13844E+00 -0.24713E+00  0.32106E-03 -0.80879E-03  0.96172E+00 -0.29110E-03  0.73435E-03 -0.92408E+00 -0.77976E-02 -0.89978E+00 
  141.00  0.13876E+00 -0.23389E+00  0.25665E-03 -0.78952E-03  0.96188E+00 -0.26319E-03  0.72698E-03 -0.92788E+00 -0.77376E-02 -0.90314E+00 
  142.00  0.13907E+00 -0.22098E+00  0.19381E-03 -0.77848E-03  0.96203E+00 -0.23883E-03  0.71546E-03 -0.93138E+00 -0.76820E-02 -0.90620E+00 
  143.00  0.13939E+00 -0.20841E+00  0.13412E-03 -0.77607E-03  0.96216E+00 -0.21804E-03  0.70037E-03 -0.93461E+00 -0.76321E-02 -0.90899E+00 
  144.00  0.13974E+00 -0.19618E+00  0.78722E-04 -0.78215E-03  0.96229E+00 -0.20042E-03  0.68191E-03 -0.93756E+00 -0.75891E-02 -0.91152E+00 
  145.00  0.14011E+00 -0.18431E+00  0.28345E-04 -0.79624E-03  0.96241E+00 -0.18530E-03  0.66033E-03 -0.94025E+00 -0.75548E-02 -0.91379E+00 
  146.00  0.14054E+00 -0.17280E+00 -0.16726E-04 -0.81763E-03  0.96252E+00 -0.17179E-03  0.63613E-03 -0.94270E+00 -0.75310E-02 -0.91584E+00 
  147.00  0.14102E+00 -0.16167E+00 -0.56543E-04 -0.84541E-03  0.96264E+00 -0.15901E-03  0.61027E-03 -0.94492E+00 -0.75194E-02 -0.91766E+00 
  148.00  0.14156E+00 -0.15093E+00 -0.91381E-04 -0.87837E-03  0.96275E+00 -0.14615E-03  0.58402E-03 -0.94692E+00 -0.75208E-02 -0.91928E+00 
  149.00  0.14217E+00 -0.14058E+00 -0.12163E-03 -0.91493E-03  0.96286E+00 -0.13267E-03  0.55879E-03 -0.94872E+00 -0.75342E-02 -0.92071E+00 
  150.00  0.14286E+00 -0.13063E+00 -0.14770E-03 -0.95300E-03  0.96297E+00 -0.11829E-03  0.53584E-03 -0.95033E+00 -0.75565E-02 -0.92197E+00 
  151.00  0.14362E+00 -0.12110E+00 -0.16998E-03 -0.98994E-03  0.96308E+00 -0.10306E-03  0.51597E-03 -0.95178E+00 -0.75822E-02 -0.92307E+00 
  152.00  0.14445E+00 -0.11198E+00 -0.18884E-03 -0.10227E-02  0.96319E+00 -0.87263E-04  0.49945E-03 -0.95309E+00 -0.76031E-02 -0.92404E+00 
  153.00  0.14535E+00 -0.10326E+00 -0.20461E-03 -0.10480E-02  0.96330E+00 -0.71365E-04  0.48598E-03 -0.95425E+00 -0.76092E-02 -0.92488E+00 
  154.00  0.14632E+00 -0.94955E-01 -0.21760E-03 -0.10627E-02  0.96340E+00 -0.55909E-04  0.47489E-03 -0.95530E+00 -0.75891E-02 -0.92560E+00 
  155.00  0.14734E+00 -0.87042E-01 -0.22810E-03 -0.10643E-02  0.96349E+00 -0.41417E-04  0.46532E-03 -0.95624E+00 -0.75316E-02 -0.92620E+00 
  156.00  0.14842E+00 -0.79513E-01 -0.23633E-03 -0.10510E-02  0.96356E+00 -0.28319E-04  0.45652E-03 -0.95708E+00 -0.74261E-02 -0.92670E+00 
  157.00  0.14953E+00 -0.72355E-01 -0.24242E-03 -0.10221E-02  0.96361E+00 -0.16896E-04  0.44798E-03 -0.95782E+00 -0.72645E-02 -0.92709E+00 
  158.00  0.15069E+00 -0.65554E-01 -0.24639E-03 -0.97813E-03  0.96364E+00 -0.72600E-05  0.43950E-03 -0.95847E+00 -0.70418E-02 -0.92737E+00 
  159.00  0.15187E+00 -0.59100E-01 -0.24813E-03 -0.92029E-03  0.96363E+00  0.63942E-06  0.43116E-03 -0.95903E+00 -0.67564E-02 -0.92753E+00 
  160.00  0.15307E+00 -0.52981E-01 -0.24737E-03 -0.85051E-03  0.96359E+00  0.69770E-05  0.42312E-03 -0.95949E+00 -0.64105E-02 -0.92758E+00 
  161.00  0.15428E+00 -0.47192E-01 -0.24377E-03 -0.77101E-03  0.96351E+00  0.11999E-04  0.41557E-03 -0.95987E+00 -0.60102E-02 -0.92751E+00 
  162.00  0.15549E+00 -0.41725E-01 -0.23693E-03 -0.68398E-03  0.96339E+00  0.15962E-04  0.40852E-03 -0.96016E+00 -0.55645E-02 -0.92733E+00 
  163.00  0.15671E+00 -0.36577E-01 -0.22645E-03 -0.59137E-03  0.96324E+00  0.19075E-04  0.40182E-03 -0.96036E+00 -0.50851E-02 -0.92704E+00 
  164.00  0.15792E+00 -0.31744E-01 -0.21204E-03 -0.49477E-03  0.96304E+00  0.21459E-04  0.39516E-03 -0.96048E+00 -0.45853E-02 -0.92663E+00 
  165.00  0.15911E+00 -0.27223E-01 -0.19361E-03 -0.39534E-03  0.96281E+00  0.23134E-04  0.38805E-03 -0.96052E+00 -0.40793E-02 -0.92614E+00 
  166.00  0.16029E+00 -0.23012E-01 -0.17133E-03 -0.29388E-03  0.96255E+00  0.24035E-04  0.37993E-03 -0.96050E+00 -0.35806E-02 -0.92556E+00 
  167.00  0.16145E+00 -0.19113E-01 -0.14574E-03 -0.19083E-03  0.96225E+00  0.24057E-04  0.37012E-03 -0.96043E+00 -0.31015E-02 -0.92490E+00 
  168.00  0.16259E+00 -0.15534E-01 -0.11781E-03 -0.86364E-04  0.96190E+00  0.23117E-04  0.35784E-03 -0.96031E+00 -0.26520E-02 -0.92417E+00 
  169.00  0.16370E+00 -0.12292E-01 -0.88914E-04  0.19534E-04  0.96151E+00  0.21211E-04  0.34215E-03 -0.96015E+00 -0.22388E-02 -0.92336E+00 
  170.00  0.16479E+00 -0.94078E-02 -0.60766E-04  0.12691E-03  0.96106E+00  0.18458E-04  0.32210E-03 -0.95993E+00 -0.18649E-02 -0.92246E+00 
  171.00  0.16585E+00 -0.69102E-02 -0.35202E-04  0.23564E-03  0.96055E+00  0.15107E-04  0.29677E-03 -0.95966E+00 -0.15303E-02 -0.92147E+00 
  172.00  0.16688E+00 -0.48225E-02 -0.13930E-04  0.34517E-03  0.95999E+00  0.11507E-04  0.26563E-03 -0.95933E+00 -0.12325E-02 -0.92036E+00 
  173.00  0.16787E+00 -0.31569E-02  0.17754E-05  0.45425E-03  0.95938E+00  0.80437E-05  0.22878E-03 -0.95893E+00 -0.96767E-03 -0.91915E+00 
  174.00  0.16880E+00 -0.19059E-02  0.11340E-04  0.56074E-03  0.95875E+00  0.50582E-05  0.18724E-03 -0.95846E+00 -0.73260E-03 -0.91786E+00 
  175.00  0.16967E+00 -0.10364E-02  0.15051E-04  0.66152E-03  0.95811E+00  0.27757E-05  0.14306E-03 -0.95796E+00 -0.52560E-03 -0.91654E+00 
  176.00  0.17043E+00 -0.49032E-03  0.14040E-04  0.75268E-03  0.95751E+00  0.12634E-05  0.99281E-04 -0.95745E+00 -0.34742E-03 -0.91528E+00 
  177.00  0.17107E+00 -0.19118E-03  0.10082E-04  0.82986E-03  0.95699E+00  0.43389E-06  0.59577E-04 -0.95697E+00 -0.20116E-03 -0.91415E+00 
  178.00  0.17155E+00 -0.55749E-04  0.52417E-05  0.88875E-03  0.95659E+00  0.90860E-07  0.27755E-04 -0.95658E+00 -0.91474E-04 -0.91326E+00 
  179.00  0.17185E+00 -0.93027E-05  0.14317E-05  0.92571E-03  0.95633E+00  0.58809E-08  0.71398E-05 -0.95633E+00 -0.23205E-04 -0.91268E+00 
  180.00  0.17195E+00 -0.19119E-15  0.36515E-16  0.93832E-03  0.95624E+00  0.36546E-29  0.17866E-15 -0.95624E+00 -0.57802E-15 -0.91249E+00 
 scattering matrix expansion coefficients
    w  a11         a22         a33         a23         a32         a44         a12         a34         a13         a24         a14
    0  0.1000E+01  0.0000E+00  0.0000E+00  0.0000E+00  0.0000E+00  0.8391E+00  0.0000E+00  0.0000E+00  0.0000E+00  0.0000E+00  0.1269E-03
    1  0.2355E+01  0.0000E+00  0.0000E+00  0.0000E+00  0.0000E+00  0.2494E+01  0.0000E+00  0.0000E+00  0.0000E+00  0.0000E+00  0.4201E-03
    2  0.3386E+01  0.1884E+00  0.4115E+01 -0.2784E-06 -0.3715E-05  0.3393E+01 -0.3327E+00 -0.5179E-03  0.2737E-04 -0.1273E-03  0.3677E-03
    3  0.4047E+01  0.5777E-01  0.4443E+01 -0.3993E-06  0.4701E-04  0.4058E+01 -0.2099E+00 -0.5985E-02  0.3076E-04  0.1852E-04  0.4947E-03
    4  0.4588E+01  0.3278E-01  0.4850E+01  0.5941E-07  0.1703E-03  0.4576E+01 -0.1308E+00 -0.1040E-01  0.3973E-04  0.7928E-04  0.7091E-03
    5  0.4989E+01  0.9758E-02  0.5205E+01  0.5239E-06  0.6703E-04  0.4987E+01 -0.9650E-01 -0.6676E-02 -0.1148E-03 -0.1296E-03  0.7242E-03
    6  0.5280E+01  0.4664E-02  0.5465E+01 -0.5145E-06 -0.7588E-04  0.5281E+01 -0.8735E-01 -0.7451E-02 -0.1504E-04  0.9264E-04  0.9084E-03
    7  0.5472E+01  0.1963E-02  0.5634E+01 -0.4768E-06  0.2084E-03  0.5478E+01 -0.7646E-01 -0.7612E-02  0.1947E-03  0.6132E-04  0.8952E-03
    8  0.5587E+01  0.7799E-02  0.5725E+01  0.8334E-07  0.6888E-04  0.5577E+01 -0.6066E-01 -0.7074E-02 -0.6400E-04  0.7662E-05  0.6175E-03
    9  0.5600E+01  0.3029E-03  0.5732E+01  0.3101E-06 -0.2139E-03  0.5599E+01 -0.6004E-01 -0.7273E-02 -0.7916E-04 -0.7315E-04  0.8149E-04
   10  0.5539E+01  0.2479E-03  0.5659E+01 -0.2554E-06 -0.2717E-03  0.5538E+01 -0.7135E-01 -0.9671E-02  0.6495E-04 -0.1561E-03 -0.5501E-04
   11  0.5422E+01 -0.2295E-03  0.5530E+01  0.5777E-07 -0.4158E-03  0.5423E+01 -0.8264E-01 -0.1310E-01  0.3087E-04 -0.6786E-04 -0.3241E-04
   12  0.5285E+01 -0.3112E-03  0.5377E+01 -0.2454E-06 -0.5930E-03  0.5287E+01 -0.8939E-01 -0.1623E-01 -0.3067E-04  0.2634E-04  0.1488E-03
   13  0.5155E+01  0.3946E-04  0.5232E+01 -0.3472E-06 -0.6212E-03  0.5158E+01 -0.9000E-01 -0.1556E-01  0.3772E-04  0.1685E-04  0.2504E-03
   14  0.5052E+01  0.6833E-03  0.5114E+01 -0.7486E-07 -0.6300E-03  0.5054E+01 -0.8104E-01 -0.1448E-01  0.3150E-04  0.9285E-04  0.2635E-03
   15  0.4978E+01  0.2586E-02  0.5028E+01 -0.5118E-07 -0.6888E-03  0.4977E+01 -0.6673E-01 -0.1549E-01 -0.6015E-04 -0.7962E-04  0.6268E-04
   16  0.4919E+01  0.1038E-02  0.4963E+01 -0.1859E-06 -0.6384E-03  0.4920E+01 -0.5448E-01 -0.1591E-01  0.1217E-04 -0.1456E-03 -0.4342E-04
   17  0.4864E+01  0.2812E-03  0.4904E+01 -0.7106E-08 -0.4341E-03  0.4866E+01 -0.4199E-01 -0.1571E-01  0.1011E-03  0.1741E-04  0.9468E-04
   18  0.4799E+01  0.3609E-02  0.4833E+01 -0.5369E-07 -0.1568E-03  0.4794E+01 -0.2839E-01 -0.1623E-01 -0.1549E-04  0.6245E-05  0.7301E-04
   19  0.4698E+01  0.1829E-02  0.4733E+01  0.9190E-07  0.1666E-03  0.4695E+01 -0.2730E-01 -0.1766E-01 -0.7861E-04 -0.8793E-04 -0.4240E-04
   20  0.4563E+01 -0.1609E-02  0.4601E+01  0.9447E-07  0.5727E-03  0.4566E+01 -0.3678E-01 -0.1891E-01  0.2640E-04  0.6489E-05  0.3021E-04
   21  0.4415E+01 -0.9318E-03  0.4450E+01 -0.6670E-07  0.8603E-03  0.4418E+01 -0.4123E-01 -0.1922E-01  0.2945E-04  0.3439E-04  0.1468E-03
   22  0.4264E+01  0.6566E-03  0.4294E+01 -0.2914E-06  0.9082E-03  0.4263E+01 -0.3612E-01 -0.1896E-01 -0.4913E-04  0.1572E-04  0.2536E-03
   23  0.4102E+01  0.4018E-03  0.4131E+01 -0.2226E-06  0.8789E-03  0.4102E+01 -0.2837E-01 -0.1934E-01 -0.5726E-04  0.4651E-04  0.3337E-03
   24  0.3919E+01  0.9388E-03  0.3948E+01  0.1951E-07  0.9260E-03  0.3918E+01 -0.2109E-01 -0.1990E-01 -0.4652E-05  0.4099E-04  0.2963E-03
   25  0.3701E+01  0.1432E-02  0.3730E+01  0.1340E-06  0.1000E-02  0.3699E+01 -0.1780E-01 -0.1953E-01  0.1061E-04 -0.2002E-04  0.1276E-03
   26  0.3441E+01  0.5190E-03  0.3471E+01 -0.5260E-09  0.1013E-02  0.3440E+01 -0.2172E-01 -0.1877E-01  0.1632E-05 -0.4908E-04 -0.2661E-04
   27  0.3146E+01 -0.5901E-03  0.3178E+01 -0.5909E-07  0.9615E-03  0.3147E+01 -0.2992E-01 -0.1823E-01 -0.1685E-04 -0.4944E-04 -0.1006E-03
   28  0.2836E+01 -0.4049E-03  0.2865E+01 -0.3046E-08  0.8956E-03  0.2837E+01 -0.3555E-01 -0.1767E-01 -0.3242E-04 -0.9998E-05 -0.6792E-04
   29  0.2526E+01  0.1155E-03  0.2552E+01  0.3540E-07  0.8425E-03  0.2526E+01 -0.3705E-01 -0.1656E-01 -0.3618E-04  0.1961E-04  0.1198E-04
   30  0.2226E+01  0.1356E-03  0.2250E+01 -0.1087E-07  0.7918E-03  0.2226E+01 -0.3659E-01 -0.1506E-01 -0.2019E-04  0.1655E-04  0.6810E-04
   31  0.1943E+01 -0.8757E-04  0.1965E+01 -0.4799E-07  0.6998E-03  0.1944E+01 -0.3525E-01 -0.1353E-01 -0.6058E-05 -0.1136E-05  0.8676E-04
   32  0.1683E+01  0.2570E-04  0.1702E+01 -0.4698E-07  0.5688E-03  0.1684E+01 -0.3225E-01 -0.1195E-01  0.4539E-05 -0.1346E-04  0.8952E-04
   33  0.1447E+01  0.2693E-03  0.1463E+01 -0.1829E-07  0.4293E-03  0.1447E+01 -0.2796E-01 -0.1001E-01  0.9387E-05 -0.1495E-04  0.8689E-04
   34  0.1233E+01  0.3595E-03  0.1247E+01  0.2458E-07  0.3049E-03  0.1233E+01 -0.2366E-01 -0.7720E-02  0.9415E-05 -0.6445E-05  0.8497E-04
   35  0.1039E+01  0.2401E-03  0.1051E+01  0.4800E-07  0.2017E-03  0.1039E+01 -0.2029E-01 -0.5409E-02  0.4805E-05  0.3121E-05  0.9300E-04
   36  0.8638E+00  0.1439E-03  0.8742E+00  0.4167E-07  0.1238E-03  0.8636E+00 -0.1770E-01 -0.3411E-02 -0.5695E-06  0.9200E-05  0.1092E-03
   37  0.7044E+00  0.1228E-03  0.7134E+00  0.2920E-07  0.7511E-04  0.7042E+00 -0.1572E-01 -0.1824E-02 -0.4305E-05  0.6780E-05  0.1153E-03
   38  0.5594E+00  0.1202E-03  0.5673E+00  0.2289E-07  0.5569E-04  0.5593E+00 -0.1448E-01 -0.6017E-03 -0.4844E-05  0.3078E-05  0.1059E-03
   39  0.4286E+00  0.5395E-04  0.4354E+00  0.1568E-07  0.5551E-04  0.4286E+00 -0.1409E-01  0.3022E-03 -0.4540E-05  0.3228E-06  0.8486E-04
   40  0.3137E+00 -0.3136E-04  0.3194E+00  0.6472E-08  0.6133E-04  0.3138E+00 -0.1407E-01  0.8653E-03 -0.4156E-05 -0.2104E-06  0.6211E-04
   41  0.2173E+00 -0.7352E-04  0.2219E+00 -0.4462E-09  0.6234E-04  0.2175E+00 -0.1366E-01  0.1081E-02 -0.4465E-05 -0.1223E-06  0.4293E-04
   42  0.1416E+00 -0.4132E-04  0.1449E+00 -0.2272E-08  0.5494E-04  0.1418E+00 -0.1232E-01  0.1011E-02 -0.4712E-05 -0.6640E-07  0.2876E-04
   43  0.8636E-01  0.2928E-04  0.8859E-01 -0.2315E-08  0.4176E-04  0.8643E-01 -0.1007E-01  0.7820E-03 -0.4501E-05 -0.2522E-06  0.1864E-04
   44  0.4922E-01  0.9099E-04  0.5056E-01 -0.1869E-08  0.2764E-04  0.4916E-01 -0.7424E-02  0.5190E-03 -0.3661E-05 -0.4399E-06  0.1156E-04
   45  0.2619E-01  0.1156E-03  0.2691E-01 -0.1053E-08  0.1613E-04  0.2606E-01 -0.4934E-02  0.3028E-03 -0.2549E-05 -0.4861E-06  0.6736E-05
   46  0.1302E-01  0.1061E-03  0.1336E-01 -0.2211E-09  0.8435E-05  0.1288E-01 -0.2970E-02  0.1577E-03 -0.1542E-05 -0.4170E-06  0.3653E-05
   47  0.6055E-02  0.7912E-04  0.6200E-02  0.1901E-09  0.3990E-05  0.5938E-02 -0.1629E-02  0.7426E-04 -0.8188E-06 -0.2905E-06  0.1836E-05
   48  0.2638E-02  0.5051E-04  0.2691E-02  0.1946E-09  0.1727E-05  0.2559E-02 -0.8185E-03  0.3192E-04 -0.3858E-06 -0.1678E-06  0.8268E-06
   49  0.1078E-02  0.2833E-04  0.1095E-02  0.8420E-10  0.6910E-06  0.1033E-02 -0.3788E-03  0.1267E-04 -0.1669E-06 -0.8034E-07  0.3245E-06
   50  0.4147E-03  0.1422E-04  0.4184E-03  0.6459E-11  0.2561E-06  0.3913E-03 -0.1622E-03  0.4693E-05 -0.6679E-07 -0.3330E-07  0.1115E-06
   51  0.1503E-03  0.6471E-05  0.1505E-03 -0.1945E-10  0.8709E-07  0.1394E-03 -0.6454E-04  0.1639E-05 -0.2495E-07 -0.1343E-07  0.3837E-07
   52  0.5143E-04  0.2697E-05  0.5112E-04 -0.1837E-10  0.2595E-07  0.4686E-04 -0.2398E-04  0.5407E-06 -0.8162E-08 -0.6129E-08  0.1606E-07
   53  0.1665E-04  0.1039E-05  0.1641E-04 -0.1468E-10  0.6174E-08  0.1487E-04 -0.8345E-05  0.1683E-06 -0.2019E-08 -0.2922E-08  0.7395E-08
   54  0.5109E-05  0.3713E-06  0.4986E-05 -0.1251E-10  0.9220E-09  0.4465E-05 -0.2729E-05  0.5013E-07 -0.2141E-09 -0.1266E-08  0.3010E-08
   55  0.1489E-05  0.1236E-06  0.1438E-05 -0.9309E-11 -0.2465E-10  0.1272E-05 -0.8412E-06  0.1405E-07  0.7018E-10 -0.4686E-09  0.1037E-08
   56  0.4148E-06  0.3847E-07  0.3969E-06 -0.5780E-11 -0.7120E-10  0.3470E-06 -0.2459E-06  0.3910E-08  0.6655E-10 -0.1448E-09  0.2598E-09
   57  0.1126E-06  0.1121E-07  0.1069E-06 -0.3024E-11 -0.1797E-10  0.9281E-07 -0.6907E-07  0.1205E-08  0.2052E-10 -0.4258E-10  0.4998E-10
   58  0.3142E-07  0.3105E-08  0.2977E-07 -0.1360E-11 -0.2264E-11  0.2592E-07 -0.1936E-07  0.4712E-09  0.4079E-11 -0.1262E-10  0.5338E-11
   59  0.9539E-08  0.8396E-09  0.9074E-08 -0.4972E-12  0.2041E-12  0.8068E-08 -0.5815E-08  0.2492E-09  0.4426E-12 -0.3979E-11  0.2348E-11
   60  0.4049E-08  0.2565E-09  0.3946E-08 -0.1244E-12  0.8947E-12  0.3607E-08 -0.2195E-08  0.1242E-09 -0.1100E-12 -0.2141E-11  0.8871E-12
   61  0.1267E-08  0.7915E-10  0.1218E-08 -0.1431E-13  0.1061E-12  0.1138E-08 -0.7467E-09  0.5952E-10 -0.3013E-12 -0.5754E-12  0.6353E-12
   62  0.1003E-08  0.6127E-10  0.9827E-09  0.3503E-14  0.2817E-12  0.8964E-09 -0.5350E-09  0.2233E-10 -0.7151E-13 -0.4341E-12  0.4133E-12
   63  0.1622E-09  0.1098E-10  0.1536E-09  0.4160E-14  0.1078E-13  0.1453E-09 -0.9989E-10  0.8136E-11 -0.5575E-13 -0.6469E-13  0.9887E-13
   64  0.2081E-09  0.1825E-10  0.1991E-09  0.2993E-14  0.4254E-13  0.1754E-09 -0.1225E-09  0.2048E-11 -0.1328E-13 -0.5376E-13  0.5940E-13
   65  0.1340E-10  0.1172E-11  0.1225E-10  0.1268E-14 -0.1130E-14  0.1165E-10 -0.8745E-11  0.5846E-12 -0.5641E-14 -0.4389E-14  0.9280E-14
   66  0.2817E-10  0.3272E-11  0.2628E-10  0.4258E-15  0.4079E-14  0.2224E-10 -0.1822E-10  0.7989E-13 -0.1422E-14 -0.3929E-14  0.4546E-14
   67  0.6301E-12  0.6975E-13  0.5504E-12  0.1258E-15 -0.7676E-16  0.5276E-12 -0.4306E-12  0.2157E-13 -0.4080E-15 -0.2217E-15  0.3821E-15
   68  0.2402E-11  0.3309E-12  0.2172E-11  0.3342E-16  0.2926E-15  0.1788E-11 -0.1658E-11 -0.1877E-15 -0.1176E-15 -0.1582E-15  0.1798E-15
   69  0.1358E-13  0.1504E-14  0.9694E-14  0.7671E-17 -0.3701E-17  0.1264E-13 -0.8298E-14  0.3664E-15 -0.2136E-16 -0.3643E-17  0.3886E-17
   70  0.1663E-12  0.2755E-13  0.1500E-12  0.8642E-18  0.1842E-16  0.1171E-12 -0.1232E-12 -0.2201E-15 -0.7002E-17 -0.6462E-18  0.3188E-17
