 input file is 
mstm6_256_6398_23_00226.inp   
 input file comments follow:
***********************************************************
  This is the default mstm input file for v.3.0.
  The run is for a 7-sphere cluster of identical spheres.   The positions
  are embedded in the input file.

  The run makes use of the new_run and multiple_run options.

  14 April 2013
***********************************************************
 number of processors:
   1
 input parameters for run number 
    1
 number of spheres, volume size parameter:
  256  0.40625E+01
 position file:
position/n256/a6.out                                        
 output file:
output/256/x6398/23/00226/mt_6_256_6398_23_00226.dat        
 length, ref. indx. scale factors:
   0.640   2.300   0.023
 chiral factors:
  0.00000E+00  0.00000E+00
 scattering matrix directions based on incident frame
 automatic scattering angle calculation
 thetamin, thetamax:
      0.0    180.0
 number scattering angles:
      181
 epsmie, epssoln, max number iterations:
  0.1000E-05  0.1000E-07 5000
 medium refractive index:
  1.0000  0.0000
 target euler rotation angles:
    0.0000    0.0000    0.0000
 far field kr, iterations/correction:
 -0.1000E+01   20
 plane wave incidence
 random orientation calculations
 t matrix calculated, stored in file 
tmatrixfiles/625663982300226                                
 t matrix convergence epsilon:
  0.1000E-06
 all spheres excited (total T matrix) 
 calculation results for run 
    1
 total ext, abs, scat efficiencies, w.r.t. xv, and asym. parm
  0.78233E+01  0.25293E+00  0.75703E+01  0.69338E+00
 scattering matrix elements (normalized w/ S11)
   theta      11           12           13           14           22           23           24           33           34           44      
    0.00  0.75505E+02  0.00000E+00  0.00000E+00  0.80363E-03  0.99927E+00  0.12164E-02  0.00000E+00  0.99927E+00  0.00000E+00  0.99865E+00 
    1.00  0.74255E+02 -0.87608E-04 -0.41828E-06  0.79903E-03  0.99925E+00  0.12217E-02  0.38271E-06  0.99925E+00  0.85178E-04  0.99862E+00 
    2.00  0.70627E+02 -0.35130E-03 -0.17057E-05  0.78507E-03  0.99921E+00  0.12385E-02  0.15371E-05  0.99921E+00  0.33714E-03  0.99854E+00 
    3.00  0.64974E+02 -0.79427E-03 -0.39663E-05  0.76134E-03  0.99912E+00  0.12698E-02  0.34797E-05  0.99912E+00  0.74356E-03  0.99839E+00 
    4.00  0.57828E+02 -0.14240E-02 -0.73951E-05  0.72717E-03  0.99899E+00  0.13207E-02  0.62301E-05  0.99899E+00  0.12781E-02  0.99816E+00 
    5.00  0.49828E+02 -0.22566E-02 -0.12312E-04  0.68176E-03  0.99880E+00  0.13992E-02  0.97941E-05  0.99880E+00  0.18900E-02  0.99783E+00 
    6.00  0.41637E+02 -0.33239E-02 -0.19211E-04  0.62448E-03  0.99853E+00  0.15164E-02  0.14131E-04  0.99852E+00  0.24862E-02  0.99734E+00 
    7.00  0.33855E+02 -0.46860E-02 -0.28802E-04  0.55545E-03  0.99815E+00  0.16859E-02  0.19095E-04  0.99813E+00  0.29051E-02  0.99666E+00 
    8.00  0.26961E+02 -0.64477E-02 -0.42002E-04  0.47689E-03  0.99762E+00  0.19207E-02  0.24344E-04  0.99759E+00  0.28870E-02  0.99572E+00 
    9.00  0.21257E+02 -0.87698E-02 -0.59731E-04  0.39506E-03  0.99692E+00  0.22237E-02  0.29244E-04  0.99687E+00  0.20690E-02  0.99447E+00 
   10.00  0.16868E+02 -0.11848E-01 -0.82329E-04  0.32207E-03  0.99606E+00  0.25709E-02  0.32892E-04  0.99598E+00  0.73522E-04  0.99293E+00 
   11.00  0.13742E+02 -0.15817E-01 -0.10861E-03  0.27428E-03  0.99511E+00  0.28939E-02  0.34503E-04  0.99497E+00 -0.32339E-02  0.99122E+00 
   12.00  0.11698E+02 -0.20598E-01 -0.13545E-03  0.26361E-03  0.99422E+00  0.30902E-02  0.34188E-04  0.99399E+00 -0.74191E-02  0.98959E+00 
   13.00  0.10470E+02 -0.25848E-01 -0.15915E-03  0.28627E-03  0.99353E+00  0.30793E-02  0.33463E-04  0.99319E+00 -0.11501E-01  0.98830E+00 
   14.00  0.97634E+01 -0.31159E-01 -0.17799E-03  0.32264E-03  0.99307E+00  0.28577E-02  0.34598E-04  0.99259E+00 -0.14514E-01  0.98739E+00 
   15.00  0.93068E+01 -0.36297E-01 -0.19315E-03  0.35036E-03  0.99276E+00  0.24895E-02  0.39392E-04  0.99211E+00 -0.16058E-01  0.98672E+00 
   16.00  0.88856E+01 -0.41266E-01 -0.20744E-03  0.35534E-03  0.99245E+00  0.20530E-02  0.48685E-04  0.99162E+00 -0.16288E-01  0.98604E+00 
   17.00  0.83637E+01 -0.46195E-01 -0.22391E-03  0.33293E-03  0.99202E+00  0.16073E-02  0.62677E-04  0.99096E+00 -0.15616E-01  0.98512E+00 
   18.00  0.76852E+01 -0.51248E-01 -0.24526E-03  0.28424E-03  0.99133E+00  0.11896E-02  0.81366E-04  0.99004E+00 -0.14478E-01  0.98375E+00 
   19.00  0.68631E+01 -0.56574E-01 -0.27380E-03  0.21325E-03  0.99029E+00  0.82812E-03  0.10473E-03  0.98873E+00 -0.13284E-01  0.98174E+00 
   20.00  0.59571E+01 -0.62297E-01 -0.31136E-03  0.12622E-03  0.98877E+00  0.55453E-03  0.13258E-03  0.98693E+00 -0.12442E-01  0.97891E+00 
   21.00  0.50491E+01 -0.68520E-01 -0.35859E-03  0.33020E-04  0.98667E+00  0.41254E-03  0.16422E-03  0.98454E+00 -0.12418E-01  0.97508E+00 
   22.00  0.42190E+01 -0.75295E-01 -0.41310E-03 -0.50851E-04  0.98392E+00  0.45688E-03  0.19776E-03  0.98149E+00 -0.13734E-01  0.97016E+00 
   23.00  0.35273E+01 -0.82585E-01 -0.46663E-03 -0.10383E-03  0.98059E+00  0.73260E-03  0.22946E-03  0.97789E+00 -0.16832E-01  0.96430E+00 
   24.00  0.30057E+01 -0.90218E-01 -0.50321E-03 -0.10411E-03  0.97703E+00  0.12272E-02  0.25405E-03  0.97408E+00 -0.21744E-01  0.95810E+00 
   25.00  0.26548E+01 -0.97912E-01 -0.50280E-03 -0.43874E-04  0.97381E+00  0.18204E-02  0.26690E-03  0.97060E+00 -0.27733E-01  0.95252E+00 
   26.00  0.24501E+01 -0.10543E+00 -0.45205E-03  0.58329E-04  0.97148E+00  0.23011E-02  0.26745E-03  0.96793E+00 -0.33406E-01  0.94841E+00 
   27.00  0.23510E+01 -0.11277E+00 -0.35298E-03  0.16443E-03  0.97020E+00  0.24755E-02  0.26004E-03  0.96613E+00 -0.37473E-01  0.94596E+00 
   28.00  0.23115E+01 -0.12016E+00 -0.21948E-03  0.23955E-03  0.96970E+00  0.22636E-02  0.25065E-03  0.96487E+00 -0.39450E-01  0.94461E+00 
   29.00  0.22899E+01 -0.12790E+00 -0.66881E-04  0.26696E-03  0.96949E+00  0.16963E-02  0.24298E-03  0.96363E+00 -0.39635E-01  0.94351E+00 
   30.00  0.22551E+01 -0.13624E+00  0.94338E-04  0.24693E-03  0.96915E+00  0.85561E-03  0.23721E-03  0.96198E+00 -0.38659E-01  0.94195E+00 
   31.00  0.21900E+01 -0.14535E+00  0.25833E-03  0.18940E-03  0.96840E+00 -0.16955E-03  0.23061E-03  0.95963E+00 -0.37134E-01  0.93944E+00 
   32.00  0.20907E+01 -0.15533E+00  0.42091E-03  0.10938E-03  0.96708E+00 -0.12925E-02  0.21853E-03  0.95641E+00 -0.35519E-01  0.93573E+00 
   33.00  0.19634E+01 -0.16617E+00  0.57676E-03  0.26129E-04  0.96513E+00 -0.24194E-02  0.19520E-03  0.95226E+00 -0.34109E-01  0.93073E+00 
   34.00  0.18204E+01 -0.17777E+00  0.71769E-03 -0.35651E-04  0.96257E+00 -0.34387E-02  0.15469E-03  0.94722E+00 -0.33052E-01  0.92448E+00 
   35.00  0.16754E+01 -0.18993E+00  0.83272E-03 -0.45263E-04  0.95950E+00 -0.42210E-02  0.92258E-04  0.94143E+00 -0.32347E-01  0.91721E+00 
   36.00  0.15400E+01 -0.20228E+00  0.91034E-03  0.31581E-04  0.95610E+00 -0.46385E-02  0.62988E-05  0.93516E+00 -0.31855E-01  0.90933E+00 
   37.00  0.14215E+01 -0.21441E+00  0.94282E-03  0.22610E-03  0.95262E+00 -0.46046E-02 -0.10002E-03  0.92878E+00 -0.31321E-01  0.90136E+00 
   38.00  0.13227E+01 -0.22592E+00  0.93085E-03  0.55710E-03  0.94928E+00 -0.41165E-02 -0.21864E-03  0.92261E+00 -0.30464E-01  0.89378E+00 
   39.00  0.12423E+01 -0.23655E+00  0.88551E-03  0.10236E-02  0.94625E+00 -0.32739E-02 -0.33876E-03  0.91688E+00 -0.29084E-01  0.88692E+00 
   40.00  0.11761E+01 -0.24629E+00  0.82576E-03  0.16031E-02  0.94354E+00 -0.22569E-02 -0.45045E-03  0.91160E+00 -0.27158E-01  0.88081E+00 
   41.00  0.11193E+01 -0.25533E+00  0.77270E-03  0.22565E-02  0.94107E+00 -0.12737E-02 -0.54785E-03  0.90658E+00 -0.24860E-01  0.87522E+00 
   42.00  0.10676E+01 -0.26398E+00  0.74366E-03  0.29331E-02  0.93866E+00 -0.50907E-03 -0.63019E-03  0.90152E+00 -0.22523E-01  0.86977E+00 
   43.00  0.10179E+01 -0.27261E+00  0.74830E-03  0.35746E-02  0.93616E+00 -0.90354E-04 -0.70101E-03  0.89611E+00 -0.20558E-01  0.86405E+00 
   44.00  0.96913E+00 -0.28157E+00  0.78687E-03  0.41161E-02  0.93343E+00 -0.74414E-04 -0.76610E-03  0.89010E+00 -0.19370E-01  0.85771E+00 
   45.00  0.92149E+00 -0.29116E+00  0.85003E-03  0.44892E-02  0.93043E+00 -0.44510E-03 -0.83132E-03  0.88333E+00 -0.19277E-01  0.85055E+00 
   46.00  0.87619E+00 -0.30162E+00  0.91972E-03  0.46282E-02  0.92719E+00 -0.11165E-02 -0.90042E-03  0.87576E+00 -0.20440E-01  0.84251E+00 
   47.00  0.83466E+00 -0.31309E+00  0.97175E-03  0.44839E-02  0.92379E+00 -0.19437E-02 -0.97337E-03  0.86746E+00 -0.22797E-01  0.83366E+00 
   48.00  0.79794E+00 -0.32558E+00  0.98024E-03  0.40396E-02  0.92036E+00 -0.27463E-02 -0.10456E-02  0.85859E+00 -0.26050E-01  0.82417E+00 
   49.00  0.76632E+00 -0.33895E+00  0.92344E-03  0.33230E-02  0.91699E+00 -0.33458E-02 -0.11088E-02  0.84935E+00 -0.29710E-01  0.81425E+00 
   50.00  0.73927E+00 -0.35295E+00  0.78921E-03  0.24064E-02  0.91372E+00 -0.36066E-02 -0.11523E-02  0.83990E+00 -0.33211E-01  0.80406E+00 
   51.00  0.71561E+00 -0.36723E+00  0.57791E-03  0.13932E-02  0.91051E+00 -0.34665E-02 -0.11668E-02  0.83034E+00 -0.36052E-01  0.79371E+00 
   52.00  0.69381E+00 -0.38139E+00  0.30204E-03  0.39554E-03  0.90726E+00 -0.29450E-02 -0.11460E-02  0.82069E+00 -0.37916E-01  0.78319E+00 
   53.00  0.67237E+00 -0.39509E+00 -0.16784E-04 -0.48702E-03  0.90383E+00 -0.21303E-02 -0.10887E-02  0.81090E+00 -0.38710E-01  0.77243E+00 
   54.00  0.65015E+00 -0.40805E+00 -0.35150E-03 -0.11830E-02  0.90007E+00 -0.11542E-02 -0.99916E-03  0.80089E+00 -0.38558E-01  0.76132E+00 
   55.00  0.62654E+00 -0.42007E+00 -0.67290E-03 -0.16560E-02  0.89584E+00 -0.16533E-03 -0.88679E-03  0.79058E+00 -0.37738E-01  0.74977E+00 
   56.00  0.60156E+00 -0.43108E+00 -0.95209E-03 -0.19052E-02  0.89110E+00  0.69400E-03 -0.76548E-03  0.77989E+00 -0.36617E-01  0.73772E+00 
   57.00  0.57573E+00 -0.44114E+00 -0.11627E-02 -0.19632E-02  0.88583E+00  0.13069E-02 -0.65243E-03  0.76877E+00 -0.35584E-01  0.72514E+00 
   58.00  0.54991E+00 -0.45045E+00 -0.12838E-02 -0.18895E-02  0.88014E+00  0.15981E-02 -0.56638E-03  0.75720E+00 -0.34981E-01  0.71207E+00 
   59.00  0.52508E+00 -0.45935E+00 -0.13027E-02 -0.17608E-02  0.87419E+00  0.15471E-02 -0.52492E-03  0.74515E+00 -0.35053E-01  0.69857E+00 
   60.00  0.50216E+00 -0.46830E+00 -0.12191E-02 -0.16561E-02  0.86823E+00  0.11949E-02 -0.54117E-03  0.73260E+00 -0.35905E-01  0.68470E+00 
   61.00  0.48180E+00 -0.47779E+00 -0.10463E-02 -0.16386E-02  0.86254E+00  0.64019E-03 -0.62048E-03  0.71948E+00 -0.37480E-01  0.67051E+00 
   62.00  0.46434E+00 -0.48830E+00 -0.81118E-03 -0.17379E-02  0.85736E+00  0.20148E-04 -0.75823E-03  0.70573E+00 -0.39581E-01  0.65601E+00 
   63.00  0.44980E+00 -0.50014E+00 -0.54921E-03 -0.19394E-02  0.85289E+00 -0.52025E-03 -0.94011E-03  0.69123E+00 -0.41921E-01  0.64118E+00 
   64.00  0.43789E+00 -0.51342E+00 -0.29775E-03 -0.21856E-02  0.84923E+00 -0.86308E-03 -0.11449E-02  0.67591E+00 -0.44204E-01  0.62595E+00 
   65.00  0.42818E+00 -0.52801E+00 -0.88213E-04 -0.23892E-02  0.84638E+00 -0.94462E-03 -0.13489E-02  0.65970E+00 -0.46194E-01  0.61027E+00 
   66.00  0.42013E+00 -0.54361E+00  0.59733E-04 -0.24548E-02  0.84425E+00 -0.76688E-03 -0.15311E-02  0.64263E+00 -0.47766E-01  0.59413E+00 
   67.00  0.41321E+00 -0.55978E+00  0.14078E-03 -0.23013E-02  0.84269E+00 -0.39195E-03 -0.16769E-02  0.62476E+00 -0.48913E-01  0.57755E+00 
   68.00  0.40699E+00 -0.57606E+00  0.16318E-03 -0.18797E-02  0.84154E+00  0.76600E-04 -0.17797E-02  0.60622E+00 -0.49724E-01  0.56059E+00 
   69.00  0.40115E+00 -0.59203E+00  0.14527E-03 -0.11839E-02  0.84062E+00  0.51882E-03 -0.18414E-02  0.58718E+00 -0.50345E-01  0.54337E+00 
   70.00  0.39547E+00 -0.60735E+00  0.11055E-03 -0.25151E-03  0.83979E+00  0.82377E-03 -0.18709E-02  0.56784E+00 -0.50931E-01  0.52600E+00 
   71.00  0.38985E+00 -0.62179E+00  0.82113E-04  0.84239E-03  0.83891E+00  0.91102E-03 -0.18820E-02  0.54835E+00 -0.51605E-01  0.50859E+00 
   72.00  0.38425E+00 -0.63524E+00  0.77519E-04  0.19984E-02  0.83789E+00  0.74502E-03 -0.18907E-02  0.52884E+00 -0.52431E-01  0.49119E+00 
   73.00  0.37867E+00 -0.64769E+00  0.10470E-03  0.31099E-02  0.83664E+00  0.34075E-03 -0.19127E-02  0.50934E+00 -0.53402E-01  0.47380E+00 
   74.00  0.37310E+00 -0.65922E+00  0.15971E-03  0.40816E-02  0.83511E+00 -0.24017E-03 -0.19612E-02  0.48983E+00 -0.54444E-01  0.45635E+00 
   75.00  0.36752E+00 -0.66994E+00  0.22671E-03  0.48445E-02  0.83326E+00 -0.90191E-03 -0.20449E-02  0.47022E+00 -0.55434E-01  0.43871E+00 
   76.00  0.36188E+00 -0.67994E+00  0.28025E-03  0.53669E-02  0.83105E+00 -0.15329E-02 -0.21674E-02  0.45036E+00 -0.56226E-01  0.42071E+00 
   77.00  0.35612E+00 -0.68932E+00  0.28942E-03  0.56557E-02  0.82850E+00 -0.20265E-02 -0.23271E-02  0.43008E+00 -0.56681E-01  0.40221E+00 
   78.00  0.35016E+00 -0.69812E+00  0.22319E-03  0.57524E-02  0.82561E+00 -0.22997E-02 -0.25176E-02  0.40922E+00 -0.56692E-01  0.38304E+00 
   79.00  0.34393E+00 -0.70632E+00  0.55802E-04  0.57208E-02  0.82241E+00 -0.23072E-02 -0.27287E-02  0.38766E+00 -0.56204E-01  0.36311E+00 
   80.00  0.33739E+00 -0.71388E+00 -0.22836E-03  0.56330E-02  0.81893E+00 -0.20479E-02 -0.29476E-02  0.36533E+00 -0.55221E-01  0.34240E+00 
   81.00  0.33054E+00 -0.72071E+00 -0.63138E-03  0.55542E-02  0.81521E+00 -0.15646E-02 -0.31595E-02  0.34223E+00 -0.53806E-01  0.32095E+00 
   82.00  0.32340E+00 -0.72672E+00 -0.11402E-02  0.55299E-02  0.81132E+00 -0.93674E-03 -0.33483E-02  0.31844E+00 -0.52072E-01  0.29885E+00 
   83.00  0.31605E+00 -0.73183E+00 -0.17269E-02  0.55776E-02  0.80731E+00 -0.26812E-03 -0.34975E-02  0.29407E+00 -0.50170E-01  0.27624E+00 
   84.00  0.30860E+00 -0.73598E+00 -0.23512E-02  0.56833E-02  0.80324E+00  0.32844E-03 -0.35899E-02  0.26926E+00 -0.48273E-01  0.25331E+00 
   85.00  0.30117E+00 -0.73917E+00 -0.29647E-02  0.58045E-02  0.79918E+00  0.74802E-03 -0.36091E-02  0.24421E+00 -0.46552E-01  0.23022E+00 
   86.00  0.29391E+00 -0.74143E+00 -0.35169E-02  0.58784E-02  0.79519E+00  0.90939E-03 -0.35394E-02  0.21905E+00 -0.45161E-01  0.20712E+00 
   87.00  0.28695E+00 -0.74285E+00 -0.39617E-02  0.58339E-02  0.79133E+00  0.76764E-03 -0.33675E-02  0.19394E+00 -0.44222E-01  0.18413E+00 
   88.00  0.28040E+00 -0.74355E+00 -0.42636E-02  0.56066E-02  0.78767E+00  0.32142E-03 -0.30840E-02  0.16895E+00 -0.43803E-01  0.16130E+00 
   89.00  0.27435E+00 -0.74367E+00 -0.44039E-02  0.51524E-02  0.78426E+00 -0.38652E-03 -0.26847E-02  0.14412E+00 -0.43922E-01  0.13865E+00 
   90.00  0.26888E+00 -0.74333E+00 -0.43828E-02  0.44588E-02  0.78112E+00 -0.12761E-02 -0.21722E-02  0.11943E+00 -0.44537E-01  0.11614E+00 
   91.00  0.26399E+00 -0.74264E+00 -0.42196E-02  0.35495E-02  0.77830E+00 -0.22425E-02 -0.15568E-02  0.94844E-01 -0.45555E-01  0.93682E-01 
   92.00  0.25968E+00 -0.74166E+00 -0.39499E-02  0.24826E-02  0.77578E+00 -0.31731E-02 -0.85613E-03  0.70276E-01 -0.46850E-01  0.71206E-01 
   93.00  0.25592E+00 -0.74040E+00 -0.36194E-02  0.13426E-02  0.77357E+00 -0.39641E-02 -0.94934E-04  0.45646E-01 -0.48273E-01  0.48632E-01 
   94.00  0.25264E+00 -0.73881E+00 -0.32774E-02  0.22739E-03  0.77163E+00 -0.45351E-02  0.69730E-03  0.20890E-01 -0.49677E-01  0.25909E-01 
   95.00  0.24975E+00 -0.73679E+00 -0.29693E-02 -0.76683E-03  0.76993E+00 -0.48380E-02  0.14887E-02 -0.40312E-02 -0.50933E-01  0.30201E-02 
   96.00  0.24719E+00 -0.73423E+00 -0.27312E-02 -0.15590E-02  0.76841E+00 -0.48602E-02  0.22477E-02 -0.29121E-01 -0.51943E-01 -0.20010E-01 
   97.00  0.24484E+00 -0.73097E+00 -0.25863E-02 -0.20937E-02  0.76702E+00 -0.46213E-02  0.29463E-02 -0.54347E-01 -0.52649E-01 -0.43124E-01 
   98.00  0.24262E+00 -0.72688E+00 -0.25437E-02 -0.23466E-02  0.76570E+00 -0.41658E-02  0.35620E-02 -0.79644E-01 -0.53035E-01 -0.66236E-01 
   99.00  0.24046E+00 -0.72185E+00 -0.25992E-02 -0.23249E-02  0.76438E+00 -0.35533E-02  0.40798E-02 -0.10492E+00 -0.53126E-01 -0.89247E-01 
  100.00  0.23830E+00 -0.71577E+00 -0.27382E-02 -0.20636E-02  0.76302E+00 -0.28480E-02  0.44930E-02 -0.13009E+00 -0.52980E-01 -0.11205E+00 
  101.00  0.23608E+00 -0.70859E+00 -0.29395E-02 -0.16183E-02  0.76158E+00 -0.21100E-02  0.48030E-02 -0.15504E+00 -0.52680E-01 -0.13456E+00 
  102.00  0.23378E+00 -0.70031E+00 -0.31788E-02 -0.10564E-02  0.76003E+00 -0.13882E-02  0.50191E-02 -0.17966E+00 -0.52321E-01 -0.15668E+00 
  103.00  0.23140E+00 -0.69094E+00 -0.34324E-02 -0.44813E-03  0.75836E+00 -0.71707E-03  0.51565E-02 -0.20387E+00 -0.52003E-01 -0.17834E+00 
  104.00  0.22895E+00 -0.68053E+00 -0.36800E-02  0.14194E-03  0.75657E+00 -0.11541E-03  0.52340E-02 -0.22760E+00 -0.51815E-01 -0.19951E+00 
  105.00  0.22645E+00 -0.66918E+00 -0.39062E-02  0.66150E-03  0.75467E+00  0.41230E-03  0.52726E-02 -0.25077E+00 -0.51832E-01 -0.22013E+00 
  106.00  0.22394E+00 -0.65699E+00 -0.41013E-02  0.10750E-02  0.75271E+00  0.87262E-03  0.52919E-02 -0.27334E+00 -0.52106E-01 -0.24019E+00 
  107.00  0.22147E+00 -0.64408E+00 -0.42608E-02  0.13658E-02  0.75070E+00  0.12791E-02  0.53086E-02 -0.29528E+00 -0.52664E-01 -0.25968E+00 
  108.00  0.21908E+00 -0.63059E+00 -0.43850E-02  0.15359E-02  0.74871E+00  0.16478E-02  0.53346E-02 -0.31657E+00 -0.53501E-01 -0.27857E+00 
  109.00  0.21683E+00 -0.61665E+00 -0.44770E-02  0.16033E-02  0.74678E+00  0.19938E-02  0.53754E-02 -0.33719E+00 -0.54591E-01 -0.29686E+00 
  110.00  0.21475E+00 -0.60238E+00 -0.45415E-02  0.15983E-02  0.74495E+00  0.23280E-02  0.54306E-02 -0.35716E+00 -0.55884E-01 -0.31452E+00 
  111.00  0.21289E+00 -0.58790E+00 -0.45832E-02  0.15580E-02  0.74326E+00  0.26558E-02  0.54937E-02 -0.37648E+00 -0.57313E-01 -0.33154E+00 
  112.00  0.21126E+00 -0.57329E+00 -0.46061E-02  0.15213E-02  0.74175E+00  0.29772E-02  0.55546E-02 -0.39518E+00 -0.58805E-01 -0.34790E+00 
  113.00  0.20989E+00 -0.55863E+00 -0.46125E-02  0.15242E-02  0.74042E+00  0.32876E-02  0.56007E-02 -0.41327E+00 -0.60287E-01 -0.36358E+00 
  114.00  0.20877E+00 -0.54398E+00 -0.46035E-02  0.15956E-02  0.73929E+00  0.35796E-02  0.56200E-02 -0.43079E+00 -0.61689E-01 -0.37855E+00 
  115.00  0.20789E+00 -0.52935E+00 -0.45790E-02  0.17552E-02  0.73834E+00  0.38452E-02  0.56026E-02 -0.44775E+00 -0.62954E-01 -0.39280E+00 
  116.00  0.20724E+00 -0.51478E+00 -0.45385E-02  0.20130E-02  0.73757E+00  0.40780E-02  0.55429E-02 -0.46420E+00 -0.64038E-01 -0.40632E+00 
  117.00  0.20680E+00 -0.50025E+00 -0.44820E-02  0.23695E-02  0.73695E+00  0.42739E-02  0.54401E-02 -0.48013E+00 -0.64912E-01 -0.41909E+00 
  118.00  0.20655E+00 -0.48577E+00 -0.44102E-02  0.28180E-02  0.73645E+00  0.44326E-02  0.52984E-02 -0.49557E+00 -0.65561E-01 -0.43111E+00 
  119.00  0.20645E+00 -0.47131E+00 -0.43253E-02  0.33461E-02  0.73607E+00  0.45566E-02  0.51263E-02 -0.51051E+00 -0.65980E-01 -0.44239E+00 
  120.00  0.20647E+00 -0.45685E+00 -0.42309E-02  0.39385E-02  0.73578E+00  0.46510E-02  0.49356E-02 -0.52495E+00 -0.66174E-01 -0.45294E+00 
  121.00  0.20661E+00 -0.44240E+00 -0.41319E-02  0.45789E-02  0.73558E+00  0.47222E-02  0.47390E-02 -0.53888E+00 -0.66155E-01 -0.46277E+00 
  122.00  0.20682E+00 -0.42792E+00 -0.40340E-02  0.52513E-02  0.73545E+00  0.47767E-02  0.45496E-02 -0.55228E+00 -0.65938E-01 -0.47192E+00 
  123.00  0.20709E+00 -0.41344E+00 -0.39433E-02  0.59407E-02  0.73541E+00  0.48195E-02  0.43783E-02 -0.56515E+00 -0.65537E-01 -0.48041E+00 
  124.00  0.20742E+00 -0.39893E+00 -0.38654E-02  0.66335E-02  0.73545E+00  0.48540E-02  0.42340E-02 -0.57746E+00 -0.64972E-01 -0.48830E+00 
  125.00  0.20778E+00 -0.38441E+00 -0.38051E-02  0.73169E-02  0.73559E+00  0.48807E-02  0.41222E-02 -0.58923E+00 -0.64260E-01 -0.49565E+00 
  126.00  0.20816E+00 -0.36988E+00 -0.37657E-02  0.79785E-02  0.73583E+00  0.48978E-02  0.40453E-02 -0.60047E+00 -0.63419E-01 -0.50252E+00 
  127.00  0.20857E+00 -0.35535E+00 -0.37486E-02  0.86056E-02  0.73621E+00  0.49012E-02  0.40032E-02 -0.61118E+00 -0.62468E-01 -0.50897E+00 
  128.00  0.20899E+00 -0.34085E+00 -0.37530E-02  0.91847E-02  0.73671E+00  0.48851E-02  0.39936E-02 -0.62139E+00 -0.61425E-01 -0.51508E+00 
  129.00  0.20944E+00 -0.32639E+00 -0.37764E-02  0.97015E-02  0.73736E+00  0.48429E-02  0.40130E-02 -0.63113E+00 -0.60308E-01 -0.52093E+00 
  130.00  0.20991E+00 -0.31199E+00 -0.38144E-02  0.10141E-01  0.73817E+00  0.47681E-02  0.40572E-02 -0.64044E+00 -0.59137E-01 -0.52658E+00 
  131.00  0.21040E+00 -0.29767E+00 -0.38610E-02  0.10490E-01  0.73913E+00  0.46551E-02  0.41218E-02 -0.64934E+00 -0.57929E-01 -0.53208E+00 
  132.00  0.21093E+00 -0.28347E+00 -0.39097E-02  0.10734E-01  0.74025E+00  0.45000E-02  0.42026E-02 -0.65786E+00 -0.56700E-01 -0.53747E+00 
  133.00  0.21149E+00 -0.26942E+00 -0.39531E-02  0.10863E-01  0.74154E+00  0.43011E-02  0.42952E-02 -0.66603E+00 -0.55463E-01 -0.54279E+00 
  134.00  0.21211E+00 -0.25555E+00 -0.39847E-02  0.10871E-01  0.74297E+00  0.40593E-02  0.43956E-02 -0.67386E+00 -0.54232E-01 -0.54805E+00 
  135.00  0.21279E+00 -0.24191E+00 -0.39984E-02  0.10755E-01  0.74456E+00  0.37784E-02  0.44992E-02 -0.68136E+00 -0.53015E-01 -0.55326E+00 
  136.00  0.21354E+00 -0.22854E+00 -0.39896E-02  0.10518E-01  0.74629E+00  0.34644E-02  0.46008E-02 -0.68854E+00 -0.51819E-01 -0.55840E+00 
  137.00  0.21437E+00 -0.21547E+00 -0.39554E-02  0.10170E-01  0.74814E+00  0.31257E-02  0.46950E-02 -0.69539E+00 -0.50647E-01 -0.56346E+00 
  138.00  0.21528E+00 -0.20275E+00 -0.38948E-02  0.97253E-02  0.75010E+00  0.27720E-02  0.47758E-02 -0.70192E+00 -0.49501E-01 -0.56841E+00 
  139.00  0.21630E+00 -0.19040E+00 -0.38087E-02  0.92008E-02  0.75215E+00  0.24141E-02  0.48372E-02 -0.70812E+00 -0.48381E-01 -0.57322E+00 
  140.00  0.21741E+00 -0.17846E+00 -0.36996E-02  0.86174E-02  0.75426E+00  0.20622E-02  0.48741E-02 -0.71399E+00 -0.47283E-01 -0.57786E+00 
  141.00  0.21863E+00 -0.16695E+00 -0.35714E-02  0.79968E-02  0.75642E+00  0.17257E-02  0.48821E-02 -0.71954E+00 -0.46202E-01 -0.58230E+00 
  142.00  0.21995E+00 -0.15587E+00 -0.34289E-02  0.73601E-02  0.75860E+00  0.14123E-02  0.48589E-02 -0.72477E+00 -0.45134E-01 -0.58650E+00 
  143.00  0.22137E+00 -0.14525E+00 -0.32775E-02  0.67263E-02  0.76079E+00  0.11275E-02  0.48044E-02 -0.72968E+00 -0.44070E-01 -0.59045E+00 
  144.00  0.22290E+00 -0.13508E+00 -0.31227E-02  0.61115E-02  0.76295E+00  0.87419E-03  0.47206E-02 -0.73429E+00 -0.43002E-01 -0.59410E+00 
  145.00  0.22452E+00 -0.12535E+00 -0.29694E-02  0.55281E-02  0.76507E+00  0.65275E-03  0.46121E-02 -0.73860E+00 -0.41923E-01 -0.59745E+00 
  146.00  0.22623E+00 -0.11606E+00 -0.28222E-02  0.49847E-02  0.76714E+00  0.46150E-03  0.44851E-02 -0.74263E+00 -0.40826E-01 -0.60047E+00 
  147.00  0.22802E+00 -0.10719E+00 -0.26850E-02  0.44863E-02  0.76914E+00  0.29713E-03  0.43472E-02 -0.74638E+00 -0.39703E-01 -0.60314E+00 
  148.00  0.22990E+00 -0.98718E-01 -0.25608E-02  0.40351E-02  0.77106E+00  0.15544E-03  0.42062E-02 -0.74989E+00 -0.38550E-01 -0.60547E+00 
  149.00  0.23184E+00 -0.90627E-01 -0.24518E-02  0.36312E-02  0.77288E+00  0.32091E-04  0.40696E-02 -0.75315E+00 -0.37364E-01 -0.60745E+00 
  150.00  0.23385E+00 -0.82894E-01 -0.23596E-02  0.32737E-02  0.77459E+00 -0.76761E-04  0.39434E-02 -0.75619E+00 -0.36143E-01 -0.60908E+00 
  151.00  0.23592E+00 -0.75503E-01 -0.22853E-02  0.29611E-02  0.77618E+00 -0.17390E-03  0.38320E-02 -0.75902E+00 -0.34888E-01 -0.61036E+00 
  152.00  0.23804E+00 -0.68439E-01 -0.22290E-02  0.26926E-02  0.77765E+00 -0.26081E-03  0.37374E-02 -0.76165E+00 -0.33601E-01 -0.61130E+00 
  153.00  0.24021E+00 -0.61693E-01 -0.21904E-02  0.24681E-02  0.77897E+00 -0.33758E-03  0.36593E-02 -0.76409E+00 -0.32283E-01 -0.61189E+00 
  154.00  0.24244E+00 -0.55262E-01 -0.21684E-02  0.22884E-02  0.78014E+00 -0.40320E-03  0.35953E-02 -0.76633E+00 -0.30939E-01 -0.61215E+00 
  155.00  0.24472E+00 -0.49148E-01 -0.21607E-02  0.21556E-02  0.78117E+00 -0.45589E-03  0.35408E-02 -0.76838E+00 -0.29569E-01 -0.61206E+00 
  156.00  0.24706E+00 -0.43358E-01 -0.21646E-02  0.20720E-02  0.78205E+00 -0.49363E-03  0.34902E-02 -0.77023E+00 -0.28176E-01 -0.61164E+00 
  157.00  0.24946E+00 -0.37898E-01 -0.21758E-02  0.20403E-02  0.78279E+00 -0.51473E-03  0.34370E-02 -0.77189E+00 -0.26763E-01 -0.61088E+00 
  158.00  0.25191E+00 -0.32772E-01 -0.21897E-02  0.20628E-02  0.78339E+00 -0.51828E-03  0.33744E-02 -0.77333E+00 -0.25332E-01 -0.60980E+00 
  159.00  0.25443E+00 -0.27980E-01 -0.22006E-02  0.21410E-02  0.78386E+00 -0.50445E-03  0.32963E-02 -0.77458E+00 -0.23885E-01 -0.60841E+00 
  160.00  0.25700E+00 -0.23517E-01 -0.22030E-02  0.22749E-02  0.78421E+00 -0.47468E-03  0.31978E-02 -0.77564E+00 -0.22427E-01 -0.60674E+00 
  161.00  0.25961E+00 -0.19371E-01 -0.21910E-02  0.24625E-02  0.78445E+00 -0.43157E-03  0.30751E-02 -0.77652E+00 -0.20963E-01 -0.60482E+00 
  162.00  0.26228E+00 -0.15529E-01 -0.21598E-02  0.27003E-02  0.78459E+00 -0.37866E-03  0.29265E-02 -0.77725E+00 -0.19498E-01 -0.60269E+00 
  163.00  0.26498E+00 -0.11978E-01 -0.21056E-02  0.29822E-02  0.78464E+00 -0.32002E-03  0.27520E-02 -0.77786E+00 -0.18038E-01 -0.60038E+00 
  164.00  0.26772E+00 -0.87109E-02 -0.20259E-02  0.33008E-02  0.78459E+00 -0.25982E-03  0.25536E-02 -0.77837E+00 -0.16590E-01 -0.59792E+00 
  165.00  0.27048E+00 -0.57326E-02 -0.19202E-02  0.36468E-02  0.78445E+00 -0.20192E-03  0.23347E-02 -0.77880E+00 -0.15159E-01 -0.59533E+00 
  166.00  0.27328E+00 -0.30598E-02 -0.17897E-02  0.40100E-02  0.78422E+00 -0.14945E-03  0.21003E-02 -0.77916E+00 -0.13748E-01 -0.59261E+00 
  167.00  0.27611E+00 -0.72223E-03 -0.16375E-02  0.43797E-02  0.78388E+00 -0.10461E-03  0.18565E-02 -0.77946E+00 -0.12358E-01 -0.58976E+00 
  168.00  0.27897E+00  0.12411E-02 -0.14680E-02  0.47452E-02  0.78346E+00 -0.68528E-04  0.16098E-02 -0.77970E+00 -0.10992E-01 -0.58677E+00 
  169.00  0.28187E+00  0.27891E-02 -0.12871E-02  0.50966E-02  0.78294E+00 -0.41350E-04  0.13668E-02 -0.77985E+00 -0.96509E-02 -0.58363E+00 
  170.00  0.28479E+00  0.38883E-02 -0.11008E-02  0.54252E-02  0.78233E+00 -0.22359E-04  0.11338E-02 -0.77991E+00 -0.83365E-02 -0.58032E+00 
  171.00  0.28772E+00  0.45230E-02 -0.91584E-03  0.57242E-02  0.78166E+00 -0.10246E-04  0.91625E-03 -0.77985E+00 -0.70550E-02 -0.57688E+00 
  172.00  0.29063E+00  0.47041E-02 -0.73810E-03  0.59887E-02  0.78095E+00 -0.33989E-05  0.71857E-03 -0.77968E+00 -0.58164E-02 -0.57333E+00 
  173.00  0.29346E+00  0.44753E-02 -0.57294E-03  0.62162E-02  0.78022E+00 -0.17460E-06  0.54385E-03 -0.77939E+00 -0.46362E-02 -0.56976E+00 
  174.00  0.29616E+00  0.39132E-02 -0.42462E-03  0.64060E-02  0.77950E+00  0.87449E-06  0.39388E-03 -0.77901E+00 -0.35348E-02 -0.56626E+00 
  175.00  0.29865E+00  0.31231E-02 -0.29629E-03  0.65593E-02  0.77882E+00  0.86108E-06  0.26927E-03 -0.77856E+00 -0.25370E-02 -0.56295E+00 
  176.00  0.30085E+00  0.22292E-02 -0.18999E-03  0.66785E-02  0.77821E+00  0.51284E-06  0.16968E-03 -0.77810E+00 -0.16699E-02 -0.55999E+00 
  177.00  0.30267E+00  0.13615E-02 -0.10689E-03  0.67666E-02  0.77771E+00  0.20430E-06  0.94120E-04 -0.77768E+00 -0.96070E-03 -0.55750E+00 
  178.00  0.30403E+00  0.64089E-03 -0.47478E-04  0.68268E-02  0.77734E+00  0.46572E-07  0.41371E-04 -0.77733E+00 -0.43406E-03 -0.55562E+00 
  179.00  0.30487E+00  0.16576E-03 -0.11861E-04  0.68617E-02  0.77710E+00  0.31510E-08  0.10270E-04 -0.77710E+00 -0.10961E-03 -0.55445E+00 
  180.00  0.30516E+00  0.41548E-14 -0.29389E-15  0.68732E-02  0.77703E+00  0.19854E-29  0.25390E-15 -0.77703E+00 -0.27256E-14 -0.55405E+00 
 scattering matrix expansion coefficients
    w  a11         a22         a33         a23         a32         a44         a12         a34         a13         a24         a14
    0  0.1000E+01  0.0000E+00  0.0000E+00  0.0000E+00  0.0000E+00  0.7585E+00  0.0000E+00  0.0000E+00  0.0000E+00  0.0000E+00  0.1041E-02
    1  0.2080E+01  0.0000E+00  0.0000E+00  0.0000E+00  0.0000E+00  0.2223E+01  0.0000E+00  0.0000E+00  0.0000E+00  0.0000E+00  0.3561E-03
    2  0.2899E+01  0.2319E+00  0.3707E+01 -0.2367E-06  0.3739E-02  0.2880E+01 -0.3752E+00 -0.3517E-01 -0.1018E-02  0.1927E-03  0.1467E-02
    3  0.3312E+01  0.4853E-01  0.3713E+01  0.4021E-07  0.6174E-02  0.3323E+01 -0.2023E+00 -0.1951E-01  0.1057E-02 -0.1805E-02  0.1427E-02
    4  0.3631E+01  0.3491E-01  0.3901E+01 -0.3551E-07  0.8378E-02  0.3603E+01 -0.1232E+00 -0.3328E-01  0.1211E-03  0.7518E-03  0.1225E-02
    5  0.3750E+01 -0.2551E-02  0.3993E+01  0.1836E-06  0.8274E-02  0.3763E+01 -0.1239E+00 -0.2806E-01  0.1671E-03  0.6265E-03  0.2379E-02
    6  0.3796E+01  0.7369E-02  0.3985E+01  0.2505E-06  0.1046E-01  0.3797E+01 -0.1193E+00 -0.3487E-01 -0.3106E-03  0.2513E-03  0.1086E-02
    7  0.3770E+01  0.3277E-02  0.3927E+01  0.2331E-07  0.8294E-02  0.3779E+01 -0.1015E+00 -0.3679E-01 -0.1915E-03 -0.4193E-03  0.1018E-02
    8  0.3724E+01  0.8460E-02  0.3845E+01  0.1004E-06  0.6363E-02  0.3722E+01 -0.6956E-01 -0.3428E-01 -0.7603E-03  0.1066E-02  0.4841E-02
    9  0.3623E+01  0.3452E-02  0.3730E+01 -0.1640E-07  0.5884E-02  0.3620E+01 -0.5419E-01 -0.2399E-01 -0.1182E-02  0.8286E-03  0.4669E-02
   10  0.3488E+01  0.1591E-02  0.3581E+01 -0.1100E-07  0.4368E-02  0.3484E+01 -0.5154E-01 -0.1787E-01 -0.1504E-02 -0.1292E-03  0.3568E-02
   11  0.3321E+01 -0.4144E-02  0.3404E+01 -0.1388E-06  0.3717E-02  0.3325E+01 -0.5918E-01 -0.1110E-01 -0.7662E-03 -0.4229E-03  0.1276E-02
   12  0.3159E+01 -0.2633E-02  0.3228E+01 -0.4843E-07  0.3651E-02  0.3163E+01 -0.5702E-01 -0.7056E-02 -0.1557E-04  0.6339E-04  0.7540E-03
   13  0.3010E+01  0.2293E-02  0.3065E+01 -0.1222E-06  0.3984E-02  0.3009E+01 -0.4062E-01 -0.3328E-02  0.3267E-03 -0.3206E-04  0.2132E-02
   14  0.2866E+01  0.5383E-02  0.2911E+01 -0.1239E-06  0.3196E-02  0.2859E+01 -0.2722E-01 -0.9294E-03 -0.3908E-03 -0.1178E-03  0.2484E-02
   15  0.2713E+01 -0.1339E-02  0.2758E+01 -0.2688E-06  0.2534E-02  0.2718E+01 -0.3639E-01 -0.3128E-02 -0.2155E-03 -0.1201E-03  0.2593E-02
   16  0.2588E+01 -0.2344E-02  0.2624E+01 -0.9261E-07  0.2853E-02  0.2596E+01 -0.4068E-01 -0.8267E-02  0.2493E-03  0.3469E-03  0.3477E-02
   17  0.2502E+01  0.1882E-04  0.2529E+01  0.5987E-08  0.2512E-02  0.2506E+01 -0.2784E-01 -0.7987E-02  0.2640E-03  0.2790E-03  0.3287E-02
   18  0.2448E+01  0.1878E-02  0.2467E+01 -0.2855E-07  0.7629E-03  0.2448E+01 -0.6925E-02 -0.2310E-02  0.4180E-04 -0.2175E-03  0.2268E-02
   19  0.2399E+01  0.2118E-02  0.2417E+01 -0.1960E-07 -0.8293E-03  0.2399E+01  0.9663E-02  0.4967E-02  0.6233E-04 -0.1212E-03  0.1778E-02
   20  0.2341E+01  0.3246E-02  0.2357E+01  0.1840E-07 -0.1650E-02  0.2337E+01  0.2197E-01  0.1212E-01  0.1594E-03  0.1329E-03  0.1499E-02
   21  0.2249E+01  0.1711E-02  0.2267E+01  0.4265E-07 -0.2333E-02  0.2245E+01  0.2488E-01  0.1988E-01 -0.2086E-03  0.1874E-03  0.1113E-02
   22  0.2112E+01 -0.7285E-03  0.2135E+01 -0.2382E-08 -0.2865E-02  0.2113E+01  0.1889E-01  0.2569E-01 -0.6432E-03  0.5336E-04  0.1318E-02
   23  0.1929E+01 -0.1956E-02  0.1955E+01 -0.5615E-08 -0.1766E-02  0.1933E+01  0.1013E-01  0.2796E-01 -0.4733E-03  0.3035E-04  0.2553E-02
   24  0.1707E+01 -0.8316E-03  0.1734E+01  0.8584E-08  0.1140E-02  0.1709E+01  0.6139E-02  0.2840E-01  0.6773E-04 -0.1216E-04  0.3169E-02
   25  0.1453E+01  0.2540E-05  0.1479E+01  0.1445E-07  0.3496E-02  0.1453E+01  0.3559E-02  0.2951E-01  0.2680E-03  0.9745E-05  0.2379E-02
   26  0.1177E+01  0.9245E-04  0.1202E+01  0.1297E-07  0.3886E-02  0.1176E+01 -0.1968E-02  0.3073E-01  0.1535E-03  0.1529E-03  0.1331E-02
   27  0.8972E+00 -0.5318E-03  0.9196E+00  0.1383E-07  0.2938E-02  0.8967E+00 -0.1191E-01  0.3011E-01  0.2264E-04  0.2192E-03  0.9215E-03
   28  0.6360E+00 -0.7564E-03  0.6552E+00  0.1275E-07  0.1878E-02  0.6365E+00 -0.2148E-01  0.2630E-01 -0.9856E-05  0.1661E-03  0.9478E-03
   29  0.4159E+00 -0.5930E-03  0.4307E+00  0.7642E-08  0.1158E-02  0.4168E+00 -0.2635E-01  0.2006E-01 -0.2433E-04  0.8663E-04  0.9124E-03
   30  0.2498E+00 -0.1160E-03  0.2598E+00  0.4778E-08  0.7185E-03  0.2503E+00 -0.2486E-01  0.1324E-01 -0.4362E-04  0.2297E-04  0.6788E-03
   31  0.1376E+00  0.2056E-03  0.1434E+00  0.3851E-08  0.4389E-03  0.1375E+00 -0.1937E-01  0.7616E-02 -0.4858E-04 -0.3906E-05  0.3979E-03
   32  0.6943E-01  0.3396E-03  0.7247E-01  0.1564E-08  0.2523E-03  0.6908E-01 -0.1281E-01  0.3842E-02 -0.4027E-04 -0.7173E-05  0.1941E-03
   33  0.3214E-01  0.2994E-03  0.3354E-01  0.3953E-09  0.1327E-03  0.3176E-01 -0.7398E-02  0.1720E-02 -0.2684E-04 -0.4529E-05  0.8288E-04
   34  0.1369E-01  0.2067E-03  0.1425E-01  0.9571E-09  0.6307E-04  0.1339E-01 -0.3777E-02  0.6883E-03 -0.1534E-04 -0.2011E-05  0.3298E-04
   35  0.5373E-02  0.1175E-03  0.5573E-02  0.8936E-09  0.2678E-04  0.5195E-02 -0.1728E-02  0.2492E-03 -0.7475E-05 -0.1036E-05  0.1262E-04
   36  0.1952E-02  0.5834E-04  0.2014E-02  0.3280E-09  0.1023E-04  0.1860E-02 -0.7150E-03  0.8202E-04 -0.3170E-05 -0.5042E-06  0.4718E-05
   37  0.6586E-03  0.2553E-04  0.6748E-03  0.4644E-09  0.3540E-05  0.6172E-03 -0.2697E-03  0.2479E-04 -0.1201E-05 -0.2542E-06  0.1709E-05
   38  0.2071E-03  0.1005E-04  0.2105E-03  0.6294E-09  0.1115E-05  0.1905E-03 -0.9330E-04  0.6908E-05 -0.4047E-06 -0.1155E-06  0.6027E-06
   39  0.6092E-04  0.3581E-05  0.6138E-04  0.5614E-09  0.3242E-06  0.5491E-04 -0.2981E-04  0.1789E-05 -0.1249E-06 -0.4793E-07  0.2006E-06
   40  0.1682E-04  0.1171E-05  0.1678E-04  0.3443E-09  0.8852E-07  0.1483E-04 -0.8842E-05  0.4321E-06 -0.3536E-07 -0.1773E-07  0.6177E-07
   41  0.4375E-05  0.3522E-06  0.4320E-05  0.1398E-09  0.2203E-07  0.3771E-05 -0.2449E-05  0.9944E-07 -0.8765E-08 -0.6010E-08  0.1756E-07
   42  0.1080E-05  0.9820E-07  0.1055E-05  0.3058E-10  0.4930E-08  0.9102E-06 -0.6375E-06  0.2414E-07 -0.1815E-08 -0.1866E-08  0.4507E-08
   43  0.2576E-06  0.2538E-07  0.2496E-06 -0.7114E-11  0.1098E-08  0.2137E-06 -0.1583E-06  0.7195E-08 -0.3154E-09 -0.5181E-09  0.1012E-08
   44  0.6246E-07  0.6263E-08  0.6019E-07 -0.1225E-10  0.2967E-09  0.5164E-07 -0.3897E-07  0.2485E-08 -0.4154E-10 -0.1250E-09  0.2520E-09
   45  0.1675E-07  0.1520E-08  0.1616E-07 -0.8261E-11  0.1045E-09  0.1414E-07 -0.1026E-07  0.9932E-09 -0.9119E-11 -0.1984E-10  0.7067E-10
   46  0.5904E-08  0.3916E-09  0.5758E-08 -0.4040E-11  0.2420E-10  0.5238E-08 -0.3320E-08  0.5746E-09  0.4241E-12  0.7217E-11  0.2256E-10
   47  0.2753E-08  0.8622E-10  0.2729E-08 -0.1665E-11  0.1510E-11  0.2613E-08 -0.1504E-08  0.4560E-09  0.3228E-11  0.1209E-10 -0.5601E-11
   48  0.2077E-08  0.3646E-10  0.2118E-08 -0.6699E-12 -0.8928E-11  0.2034E-08 -0.9329E-09  0.3385E-09  0.2462E-11  0.6640E-11 -0.1387E-11
   49  0.7277E-09  0.1223E-10  0.7205E-09 -0.2639E-12 -0.2252E-11  0.7148E-09 -0.4131E-09  0.1650E-09  0.1608E-11  0.3524E-11 -0.5362E-11
   50  0.8594E-09  0.4312E-10  0.8618E-09 -0.1012E-12 -0.5255E-11  0.7920E-09 -0.4418E-09  0.8591E-10  0.1610E-11  0.8781E-12  0.4246E-12
   51  0.1132E-09  0.4830E-11  0.1086E-09 -0.3633E-13 -0.3012E-12  0.1070E-09 -0.7011E-10  0.2185E-10  0.3060E-12  0.5024E-12 -0.9495E-12
   52  0.1824E-09  0.1668E-10  0.1766E-09 -0.1205E-13 -0.9877E-12  0.1540E-09 -0.1093E-09  0.9998E-11  0.3391E-12  0.1407E-14  0.2044E-12
   53  0.7874E-11  0.5091E-12  0.7243E-11 -0.3599E-14 -0.2363E-13  0.7267E-11 -0.5176E-11  0.1355E-11  0.2812E-13  0.3854E-13 -0.7153E-13
   54  0.2082E-10  0.2612E-11  0.1953E-10 -0.8220E-15 -0.9983E-13  0.1626E-10 -0.1387E-10  0.6051E-12  0.3816E-13 -0.5081E-14  0.2222E-13
   55  0.2715E-12  0.2391E-13  0.2345E-12 -0.1484E-15 -0.5343E-15  0.2461E-12 -0.1842E-12  0.3917E-13  0.1039E-14  0.1588E-14 -0.2710E-14
   56  0.1388E-11  0.2085E-12  0.1259E-11 -0.4030E-16 -0.5442E-14  0.1013E-11 -0.9906E-12  0.2344E-13  0.2268E-14 -0.4439E-15  0.1336E-14
   57  0.3642E-14  0.2518E-15  0.2183E-14 -0.8512E-17  0.1570E-16  0.4062E-14 -0.1935E-14  0.4152E-15  0.2467E-16  0.3057E-16 -0.5271E-16
   58  0.6727E-13  0.1206E-13  0.6072E-13 -0.8096E-18 -0.2153E-15  0.4620E-13 -0.5144E-13  0.7021E-15  0.9529E-16 -0.3409E-16  0.7027E-16
