 input file is 
mstm6_256_9598_20_009.inp     
 input file comments follow:
***********************************************************
  This is the default mstm input file for v.3.0.
  The run is for a 7-sphere cluster of identical spheres.   The positions
  are embedded in the input file.

  The run makes use of the new_run and multiple_run options.

  14 April 2013
***********************************************************
 number of processors:
   1
 input parameters for run number 
    1
 number of spheres, volume size parameter:
  256  0.60944E+01
 position file:
position/n256/a6.out                                        
 output file:
output/256/x9598/20/009/mt_6_256_9598_20_009.dat            
 length, ref. indx. scale factors:
   0.960   2.000   0.090
 chiral factors:
  0.00000E+00  0.00000E+00
 scattering matrix directions based on incident frame
 automatic scattering angle calculation
 thetamin, thetamax:
      0.0    180.0
 number scattering angles:
      181
 epsmie, epssoln, max number iterations:
  0.1000E-05  0.1000E-07 5000
 medium refractive index:
  1.0000  0.0000
 target euler rotation angles:
    0.0000    0.0000    0.0000
 far field kr, iterations/correction:
 -0.1000E+01   20
 plane wave incidence
 random orientation calculations
 t matrix calculated, stored in file 
tmatrixfiles/6256959820009                                  
 t matrix convergence epsilon:
  0.1000E-06
 all spheres excited (total T matrix) 
 calculation results for run 
    1
 total ext, abs, scat efficiencies, w.r.t. xv, and asym. parm
  0.10193E+02  0.16766E+01  0.85162E+01  0.73234E+00
 scattering matrix elements (normalized w/ S11)
   theta      11           12           13           14           22           23           24           33           34           44      
    0.00  0.16077E+03  0.00000E+00  0.00000E+00 -0.13733E-02  0.99956E+00  0.11148E-02  0.00000E+00  0.99956E+00  0.00000E+00  0.99923E+00 
    1.00  0.15482E+03 -0.98594E-04  0.42550E-06 -0.13789E-02  0.99954E+00  0.11277E-02 -0.80467E-06  0.99954E+00  0.17989E-03  0.99921E+00 
    2.00  0.13826E+03 -0.39225E-03  0.16365E-05 -0.13980E-02  0.99950E+00  0.11655E-02 -0.33281E-05  0.99950E+00  0.71402E-03  0.99914E+00 
    3.00  0.11451E+03 -0.87545E-03  0.33755E-05 -0.14387E-02  0.99942E+00  0.12250E-02 -0.79034E-05  0.99942E+00  0.15733E-02  0.99901E+00 
    4.00  0.88176E+02 -0.15438E-02  0.49684E-05 -0.15165E-02  0.99927E+00  0.12966E-02 -0.15062E-04  0.99927E+00  0.26569E-02  0.99877E+00 
    5.00  0.63657E+02 -0.24100E-02  0.48248E-05 -0.16556E-02  0.99901E+00  0.13569E-02 -0.25290E-04  0.99902E+00  0.36746E-02  0.99835E+00 
    6.00  0.44092E+02 -0.35471E-02 -0.30420E-06 -0.18798E-02  0.99857E+00  0.13566E-02 -0.38015E-04  0.99858E+00  0.39397E-02  0.99764E+00 
    7.00  0.30760E+02 -0.51564E-02 -0.15036E-04 -0.21696E-02  0.99791E+00  0.12262E-02 -0.49207E-04  0.99794E+00  0.23130E-02  0.99656E+00 
    8.00  0.23151E+02 -0.75135E-02 -0.40549E-04 -0.23929E-02  0.99714E+00  0.95526E-03 -0.50299E-04  0.99717E+00 -0.18166E-02  0.99530E+00 
    9.00  0.19572E+02 -0.10615E-01 -0.68558E-04 -0.23728E-02  0.99652E+00  0.69087E-03 -0.36117E-04  0.99652E+00 -0.68319E-02  0.99424E+00 
   10.00  0.17977E+02 -0.14069E-01 -0.89426E-04 -0.21042E-02  0.99614E+00  0.60579E-03 -0.12788E-04  0.99606E+00 -0.10211E-01  0.99354E+00 
   11.00  0.16703E+02 -0.17556E-01 -0.10313E-03 -0.17195E-02  0.99581E+00  0.72309E-03  0.11217E-04  0.99562E+00 -0.11325E-01  0.99289E+00 
   12.00  0.14870E+02 -0.20973E-01 -0.11526E-03 -0.13153E-02  0.99530E+00  0.98455E-03  0.32876E-04  0.99497E+00 -0.11003E-01  0.99193E+00 
   13.00  0.12386E+02 -0.24241E-01 -0.13119E-03 -0.92752E-03  0.99438E+00  0.13439E-02  0.52236E-04  0.99391E+00 -0.10277E-01  0.99032E+00 
   14.00  0.96766E+01 -0.27149E-01 -0.15419E-03 -0.57683E-03  0.99281E+00  0.17767E-02  0.68497E-04  0.99225E+00 -0.10156E-01  0.98770E+00 
   15.00  0.72914E+01 -0.29383E-01 -0.18292E-03 -0.29955E-03  0.99043E+00  0.22537E-02  0.77161E-04  0.98988E+00 -0.11761E-01  0.98386E+00 
   16.00  0.56052E+01 -0.30926E-01 -0.20628E-03 -0.13370E-03  0.98742E+00  0.27056E-02  0.69895E-04  0.98708E+00 -0.15841E-01  0.97923E+00 
   17.00  0.46851E+01 -0.32791E-01 -0.20638E-03 -0.29639E-04  0.98475E+00  0.30367E-02  0.43600E-04  0.98477E+00 -0.21284E-01  0.97529E+00 
   18.00  0.43382E+01 -0.36542E-01 -0.18114E-03  0.18651E-03  0.98332E+00  0.32288E-02  0.11189E-04  0.98357E+00 -0.25272E-01  0.97328E+00 
   19.00  0.42586E+01 -0.42577E-01 -0.15154E-03  0.64690E-03  0.98287E+00  0.33553E-02 -0.11046E-04  0.98301E+00 -0.26506E-01  0.97255E+00 
   20.00  0.41807E+01 -0.50143E-01 -0.13838E-03  0.13454E-02  0.98251E+00  0.34594E-02 -0.19935E-04  0.98220E+00 -0.25996E-01  0.97167E+00 
   21.00  0.39683E+01 -0.58393E-01 -0.15180E-03  0.22038E-02  0.98163E+00  0.35138E-02 -0.22488E-04  0.98060E+00 -0.25186E-01  0.96973E+00 
   22.00  0.36190E+01 -0.66618E-01 -0.19545E-03  0.31054E-02  0.97997E+00  0.34657E-02 -0.29967E-04  0.97805E+00 -0.25005E-01  0.96645E+00 
   23.00  0.32108E+01 -0.74087E-01 -0.26759E-03  0.38791E-02  0.97755E+00  0.32968E-02 -0.55751E-04  0.97471E+00 -0.25763E-01  0.96201E+00 
   24.00  0.28316E+01 -0.80107E-01 -0.35767E-03  0.43239E-02  0.97464E+00  0.30855E-02 -0.11089E-03  0.97105E+00 -0.27082E-01  0.95706E+00 
   25.00  0.25327E+01 -0.84478E-01 -0.44629E-03  0.43273E-02  0.97169E+00  0.30154E-02 -0.19468E-03  0.96770E+00 -0.27996E-01  0.95251E+00 
   26.00  0.23169E+01 -0.87867E-01 -0.51505E-03  0.39882E-02  0.96907E+00  0.32625E-02 -0.28889E-03  0.96504E+00 -0.27572E-01  0.94892E+00 
   27.00  0.21565E+01 -0.91473E-01 -0.55810E-03  0.35684E-02  0.96677E+00  0.38379E-02 -0.36593E-03  0.96288E+00 -0.25675E-01  0.94610E+00 
   28.00  0.20204E+01 -0.96272E-01 -0.58088E-03  0.33017E-02  0.96456E+00  0.45502E-02 -0.40395E-03  0.96066E+00 -0.23098E-01  0.94333E+00 
   29.00  0.18917E+01 -0.10261E+00 -0.58893E-03  0.32621E-02  0.96216E+00  0.51009E-02 -0.39518E-03  0.95790E+00 -0.21069E-01  0.93997E+00 
   30.00  0.17713E+01 -0.11026E+00 -0.57954E-03  0.33645E-02  0.95955E+00  0.52143E-02 -0.34759E-03  0.95447E+00 -0.20670E-01  0.93580E+00 
   31.00  0.16685E+01 -0.11865E+00 -0.54308E-03  0.34417E-02  0.95691E+00  0.47671E-02 -0.28361E-03  0.95059E+00 -0.22347E-01  0.93111E+00 
   32.00  0.15893E+01 -0.12713E+00 -0.47292E-03  0.33545E-02  0.95446E+00  0.38714E-02 -0.23268E-03  0.94670E+00 -0.25611E-01  0.92639E+00 
   33.00  0.15301E+01 -0.13520E+00 -0.37606E-03  0.30782E-02  0.95228E+00  0.28187E-02 -0.21650E-03  0.94309E+00 -0.29250E-01  0.92203E+00 
   34.00  0.14791E+01 -0.14265E+00 -0.27445E-03  0.26965E-02  0.95015E+00  0.18920E-02 -0.23702E-03  0.93972E+00 -0.31996E-01  0.91796E+00 
   35.00  0.14231E+01 -0.14943E+00 -0.19610E-03  0.23175E-02  0.94774E+00  0.12082E-02 -0.27748E-03  0.93630E+00 -0.33119E-01  0.91382E+00 
   36.00  0.13544E+01 -0.15548E+00 -0.16428E-03  0.19952E-02  0.94470E+00  0.70732E-03 -0.31331E-03  0.93244E+00 -0.32546E-01  0.90916E+00 
   37.00  0.12741E+01 -0.16070E+00 -0.18927E-03  0.17072E-02  0.94091E+00  0.25022E-03 -0.32458E-03  0.92795E+00 -0.30674E-01  0.90375E+00 
   38.00  0.11903E+01 -0.16508E+00 -0.26214E-03  0.13897E-02  0.93647E+00 -0.25528E-03 -0.30659E-03  0.92283E+00 -0.28163E-01  0.89761E+00 
   39.00  0.11130E+01 -0.16888E+00 -0.35208E-03  0.10061E-02  0.93175E+00 -0.75880E-03 -0.27684E-03  0.91734E+00 -0.25764E-01  0.89109E+00 
   40.00  0.10494E+01 -0.17284E+00 -0.41407E-03  0.61448E-03  0.92723E+00 -0.10623E-02 -0.27238E-03  0.91186E+00 -0.24122E-01  0.88467E+00 
   41.00  0.10015E+01 -0.17793E+00 -0.40901E-03  0.37280E-03  0.92331E+00 -0.94172E-03 -0.33255E-03  0.90664E+00 -0.23587E-01  0.87871E+00 
   42.00  0.96648E+00 -0.18500E+00 -0.32481E-03  0.45134E-03  0.92014E+00 -0.32781E-03 -0.47504E-03  0.90172E+00 -0.24154E-01  0.87331E+00 
   43.00  0.93967E+00 -0.19439E+00 -0.18180E-03  0.90839E-03  0.91762E+00  0.60141E-03 -0.68251E-03  0.89691E+00 -0.25574E-01  0.86831E+00 
   44.00  0.91675E+00 -0.20589E+00 -0.20648E-04  0.16204E-02  0.91554E+00  0.14862E-02 -0.90809E-03  0.89199E+00 -0.27533E-01  0.86349E+00 
   45.00  0.89543E+00 -0.21887E+00  0.11579E-03  0.23099E-02  0.91372E+00  0.19567E-02 -0.10940E-02  0.88681E+00 -0.29755E-01  0.85866E+00 
   46.00  0.87532E+00 -0.23254E+00  0.19652E-03  0.26595E-02  0.91206E+00  0.18147E-02 -0.11945E-02  0.88133E+00 -0.32009E-01  0.85375E+00 
   47.00  0.85676E+00 -0.24616E+00  0.20894E-03  0.24661E-02  0.91046E+00  0.11459E-02 -0.11955E-02  0.87560E+00 -0.34076E-01  0.84866E+00 
   48.00  0.83952E+00 -0.25922E+00  0.15749E-03  0.17634E-02  0.90878E+00  0.29727E-03 -0.11235E-02  0.86960E+00 -0.35736E-01  0.84328E+00 
   49.00  0.82229E+00 -0.27149E+00  0.56210E-04  0.83143E-03  0.90680E+00 -0.28105E-03 -0.10361E-02  0.86322E+00 -0.36786E-01  0.83739E+00 
   50.00  0.80302E+00 -0.28303E+00 -0.80071E-04  0.78411E-04  0.90429E+00 -0.24725E-03 -0.99853E-03  0.85628E+00 -0.37072E-01  0.83081E+00 
   51.00  0.77980E+00 -0.29397E+00 -0.24049E-03 -0.14230E-03  0.90105E+00  0.48383E-03 -0.10577E-02  0.84859E+00 -0.36504E-01  0.82338E+00 
   52.00  0.75186E+00 -0.30445E+00 -0.41710E-03  0.31184E-03  0.89701E+00  0.17146E-02 -0.12241E-02  0.84005E+00 -0.35065E-01  0.81510E+00 
   53.00  0.71995E+00 -0.31448E+00 -0.60026E-03  0.12977E-02  0.89220E+00  0.30475E-02 -0.14659E-02  0.83068E+00 -0.32828E-01  0.80609E+00 
   54.00  0.68615E+00 -0.32403E+00 -0.77502E-03  0.24119E-02  0.88683E+00  0.40348E-02 -0.17156E-02  0.82067E+00 -0.29980E-01  0.79662E+00 
   55.00  0.65308E+00 -0.33307E+00 -0.92244E-03  0.31216E-02  0.88121E+00  0.43528E-02 -0.18883E-02  0.81030E+00 -0.26840E-01  0.78696E+00 
   56.00  0.62302E+00 -0.34172E+00 -0.10270E-02  0.29802E-02  0.87568E+00  0.39413E-02 -0.19108E-02  0.79987E+00 -0.23827E-01  0.77733E+00 
   57.00  0.59727E+00 -0.35023E+00 -0.10868E-02  0.18453E-02  0.87051E+00  0.30368E-02 -0.17518E-02  0.78957E+00 -0.21351E-01  0.76780E+00 
   58.00  0.57589E+00 -0.35898E+00 -0.11178E-02 -0.26538E-04  0.86582E+00  0.20558E-02 -0.14363E-02  0.77936E+00 -0.19666E-01  0.75828E+00 
   59.00  0.55789E+00 -0.36836E+00 -0.11488E-02 -0.20875E-02  0.86153E+00  0.13824E-02 -0.10335E-02  0.76899E+00 -0.18769E-01  0.74851E+00 
   60.00  0.54180E+00 -0.37854E+00 -0.12055E-02 -0.37499E-02  0.85742E+00  0.11852E-02 -0.62439E-03  0.75810E+00 -0.18404E-01  0.73821E+00 
   61.00  0.52614E+00 -0.38949E+00 -0.12951E-02 -0.46349E-02  0.85323E+00  0.13632E-02 -0.26766E-03  0.74632E+00 -0.18189E-01  0.72715E+00 
   62.00  0.50989E+00 -0.40094E+00 -0.13980E-02 -0.46986E-02  0.84875E+00  0.16256E-02  0.20186E-04  0.73341E+00 -0.17777E-01  0.71518E+00 
   63.00  0.49266E+00 -0.41250E+00 -0.14710E-02 -0.42075E-02  0.84381E+00  0.16445E-02  0.26511E-03  0.71930E+00 -0.17021E-01  0.70225E+00 
   64.00  0.47464E+00 -0.42377E+00 -0.14604E-02 -0.36025E-02  0.83838E+00  0.12034E-02  0.52069E-03  0.70410E+00 -0.16044E-01  0.68839E+00 
   65.00  0.45643E+00 -0.43447E+00 -0.13217E-02 -0.33139E-02  0.83252E+00  0.28814E-03  0.84502E-03  0.68805E+00 -0.15229E-01  0.67372E+00 
   66.00  0.43874E+00 -0.44451E+00 -0.10385E-02 -0.35944E-02  0.82633E+00 -0.90947E-03  0.12771E-02  0.67151E+00 -0.15084E-01  0.65843E+00 
   67.00  0.42222E+00 -0.45401E+00 -0.63344E-03 -0.44278E-02  0.81999E+00 -0.20758E-02  0.18203E-02  0.65486E+00 -0.16038E-01  0.64279E+00 
   68.00  0.40728E+00 -0.46322E+00 -0.16477E-03 -0.55518E-02  0.81365E+00 -0.29121E-02  0.24395E-02  0.63841E+00 -0.18229E-01  0.62714E+00 
   69.00  0.39402E+00 -0.47243E+00  0.29145E-03 -0.65832E-02  0.80745E+00 -0.32619E-02  0.30723E-02  0.62234E+00 -0.21382E-01  0.61179E+00 
   70.00  0.38230E+00 -0.48182E+00  0.66589E-03 -0.71865E-02  0.80141E+00 -0.31696E-02  0.36496E-02  0.60665E+00 -0.24866E-01  0.59693E+00 
   71.00  0.37179E+00 -0.49141E+00  0.91609E-03 -0.72041E-02  0.79550E+00 -0.28432E-02  0.41169E-02  0.59116E+00 -0.27895E-01  0.58260E+00 
   72.00  0.36209E+00 -0.50105E+00  0.10339E-02 -0.66942E-02  0.78964E+00 -0.25507E-02  0.44456E-02  0.57560E+00 -0.29802E-01  0.56864E+00 
   73.00  0.35284E+00 -0.51047E+00  0.10393E-02 -0.58741E-02  0.78374E+00 -0.25022E-02  0.46339E-02  0.55964E+00 -0.30264E-01  0.55474E+00 
   74.00  0.34376E+00 -0.51945E+00  0.96629E-03 -0.50130E-02  0.77775E+00 -0.27738E-02  0.46992E-02  0.54303E+00 -0.29390E-01  0.54049E+00 
   75.00  0.33475E+00 -0.52783E+00  0.84920E-03 -0.43257E-02  0.77169E+00 -0.32953E-02  0.46668E-02  0.52564E+00 -0.27655E-01  0.52555E+00 
   76.00  0.32582E+00 -0.53557E+00  0.71442E-03 -0.39096E-02  0.76561E+00 -0.38957E-02  0.45615E-02  0.50748E+00 -0.25731E-01  0.50968E+00 
   77.00  0.31703E+00 -0.54275E+00  0.57996E-03 -0.37366E-02  0.75962E+00 -0.43811E-02  0.44030E-02  0.48871E+00 -0.24260E-01  0.49283E+00 
   78.00  0.30850E+00 -0.54946E+00  0.45979E-03 -0.36913E-02  0.75381E+00 -0.46091E-02  0.42057E-02  0.46957E+00 -0.23672E-01  0.47515E+00 
   79.00  0.30028E+00 -0.55575E+00  0.36871E-03 -0.36325E-02  0.74820E+00 -0.45338E-02  0.39793E-02  0.45029E+00 -0.24098E-01  0.45692E+00 
   80.00  0.29241E+00 -0.56161E+00  0.32337E-03 -0.34491E-02  0.74274E+00 -0.42063E-02  0.37309E-02  0.43105E+00 -0.25391E-01  0.43849E+00 
   81.00  0.28489E+00 -0.56692E+00  0.33799E-03 -0.30926E-02  0.73735E+00 -0.37369E-02  0.34646E-02  0.41193E+00 -0.27246E-01  0.42014E+00 
   82.00  0.27768E+00 -0.57155E+00  0.41645E-03 -0.25791E-02  0.73190E+00 -0.32410E-02  0.31803E-02  0.39287E+00 -0.29339E-01  0.40210E+00 
   83.00  0.27079E+00 -0.57542E+00  0.54514E-03 -0.19682E-02  0.72635E+00 -0.27926E-02  0.28737E-02  0.37376E+00 -0.31441E-01  0.38442E+00 
   84.00  0.26427E+00 -0.57859E+00  0.69096E-03 -0.13354E-02  0.72072E+00 -0.24040E-02  0.25364E-02  0.35445E+00 -0.33452E-01  0.36706E+00 
   85.00  0.25817E+00 -0.58127E+00  0.80743E-03 -0.74847E-03  0.71514E+00 -0.20353E-02  0.21598E-02  0.33478E+00 -0.35364E-01  0.34985E+00 
   86.00  0.25256E+00 -0.58377E+00  0.84796E-03 -0.25543E-03  0.70979E+00 -0.16254E-02  0.17397E-02  0.31464E+00 -0.37189E-01  0.33255E+00 
   87.00  0.24747E+00 -0.58646E+00  0.78241E-03  0.11654E-03  0.70488E+00 -0.11284E-02  0.12814E-02  0.29395E+00 -0.38896E-01  0.31491E+00 
   88.00  0.24288E+00 -0.58958E+00  0.61046E-03  0.35651E-03  0.70054E+00 -0.54026E-03  0.80276E-03  0.27263E+00 -0.40387E-01  0.29667E+00 
   89.00  0.23868E+00 -0.59321E+00  0.36625E-03  0.46418E-03  0.69679E+00  0.96311E-04  0.33272E-03  0.25067E+00 -0.41530E-01  0.27763E+00 
   90.00  0.23476E+00 -0.59718E+00  0.11190E-03  0.44693E-03  0.69353E+00  0.70627E-03 -0.93129E-04  0.22803E+00 -0.42215E-01  0.25769E+00 
   91.00  0.23097E+00 -0.60114E+00 -0.77831E-04  0.31974E-03  0.69057E+00  0.12087E-02 -0.44014E-03  0.20473E+00 -0.42415E-01  0.23684E+00 
   92.00  0.22719E+00 -0.60464E+00 -0.13439E-03  0.10649E-03  0.68770E+00  0.15426E-02 -0.68246E-03  0.18085E+00 -0.42211E-01  0.21522E+00 
   93.00  0.22336E+00 -0.60724E+00 -0.12296E-04 -0.15979E-03  0.68473E+00  0.16827E-02 -0.80933E-03  0.15651E+00 -0.41778E-01  0.19303E+00 
   94.00  0.21949E+00 -0.60862E+00  0.30031E-03 -0.43917E-03  0.68154E+00  0.16427E-02 -0.82841E-03  0.13188E+00 -0.41331E-01  0.17056E+00 
   95.00  0.21563E+00 -0.60865E+00  0.77912E-03 -0.68995E-03  0.67810E+00  0.14652E-02 -0.76531E-03  0.10716E+00 -0.41065E-01  0.14809E+00 
   96.00  0.21187E+00 -0.60738E+00  0.13693E-02 -0.87593E-03  0.67447E+00  0.12066E-02 -0.65897E-03  0.82530E-01 -0.41097E-01  0.12585E+00 
   97.00  0.20829E+00 -0.60502E+00  0.19976E-02 -0.97400E-03  0.67079E+00  0.92004E-03 -0.55355E-03  0.58118E-01 -0.41442E-01  0.10394E+00 
   98.00  0.20498E+00 -0.60185E+00  0.25877E-02 -0.97974E-03  0.66721E+00  0.64271E-03 -0.48832E-03  0.33994E-01 -0.42012E-01  0.82397E-01 
   99.00  0.20198E+00 -0.59814E+00  0.30758E-02 -0.90905E-03  0.66385E+00  0.39131E-03 -0.48808E-03  0.10157E-01 -0.42654E-01  0.61122E-01 
  100.00  0.19928E+00 -0.59410E+00  0.34210E-02 -0.79435E-03  0.66084E+00  0.16509E-03 -0.55694E-03 -0.13430E-01 -0.43201E-01  0.39977E-01 
  101.00  0.19688E+00 -0.58980E+00  0.36097E-02 -0.67599E-03  0.65821E+00 -0.45565E-04 -0.67728E-03 -0.36814E-01 -0.43514E-01  0.18837E-01 
  102.00  0.19472E+00 -0.58523E+00  0.36537E-02 -0.59074E-03  0.65594E+00 -0.24909E-03 -0.81450E-03 -0.60009E-01 -0.43519E-01 -0.23650E-02 
  103.00  0.19275E+00 -0.58025E+00  0.35817E-02 -0.56051E-03  0.65397E+00 -0.44532E-03 -0.92604E-03 -0.82987E-01 -0.43213E-01 -0.23599E-01 
  104.00  0.19092E+00 -0.57472E+00  0.34305E-02 -0.58477E-03  0.65221E+00 -0.62282E-03 -0.97204E-03 -0.10567E+00 -0.42664E-01 -0.44741E-01 
  105.00  0.18917E+00 -0.56847E+00  0.32354E-02 -0.63893E-03  0.65055E+00 -0.76118E-03 -0.92494E-03 -0.12797E+00 -0.41985E-01 -0.65597E-01 
  106.00  0.18747E+00 -0.56141E+00  0.30244E-02 -0.67956E-03  0.64888E+00 -0.83656E-03 -0.77550E-03 -0.14977E+00 -0.41311E-01 -0.85943E-01 
  107.00  0.18577E+00 -0.55351E+00  0.28155E-02 -0.65533E-03  0.64712E+00 -0.82829E-03 -0.53425E-03 -0.17101E+00 -0.40776E-01 -0.10557E+00 
  108.00  0.18406E+00 -0.54481E+00  0.26170E-02 -0.52053E-03  0.64521E+00 -0.72395E-03 -0.22844E-03 -0.19164E+00 -0.40489E-01 -0.12430E+00 
  109.00  0.18234E+00 -0.53539E+00  0.24308E-02 -0.24776E-03  0.64315E+00 -0.52194E-03  0.10432E-03 -0.21165E+00 -0.40519E-01 -0.14205E+00 
  110.00  0.18060E+00 -0.52538E+00  0.22560E-02  0.16385E-03  0.64097E+00 -0.23108E-03  0.42388E-03 -0.23108E+00 -0.40891E-01 -0.15876E+00 
  111.00  0.17888E+00 -0.51494E+00  0.20922E-02  0.68684E-03  0.63873E+00  0.13184E-03  0.69508E-03 -0.24995E+00 -0.41580E-01 -0.17447E+00 
  112.00  0.17719E+00 -0.50419E+00  0.19426E-02  0.12704E-02  0.63655E+00  0.54540E-03  0.89355E-03 -0.26829E+00 -0.42525E-01 -0.18924E+00 
  113.00  0.17556E+00 -0.49324E+00  0.18143E-02  0.18503E-02  0.63453E+00  0.98667E-03  0.10090E-02 -0.28611E+00 -0.43643E-01 -0.20317E+00 
  114.00  0.17403E+00 -0.48215E+00  0.17190E-02  0.23622E-02  0.63282E+00  0.14333E-02  0.10458E-02 -0.30340E+00 -0.44850E-01 -0.21637E+00 
  115.00  0.17263E+00 -0.47097E+00  0.16717E-02  0.27532E-02  0.63154E+00  0.18647E-02  0.10202E-02 -0.32015E+00 -0.46083E-01 -0.22895E+00 
  116.00  0.17136E+00 -0.45969E+00  0.16888E-02  0.29916E-02  0.63078E+00  0.22617E-02  0.95661E-03 -0.33634E+00 -0.47309E-01 -0.24105E+00 
  117.00  0.17024E+00 -0.44831E+00  0.17856E-02  0.30709E-02  0.63060E+00  0.26071E-02  0.88168E-03 -0.35194E+00 -0.48533E-01 -0.25278E+00 
  118.00  0.16929E+00 -0.43682E+00  0.19729E-02  0.30094E-02  0.63102E+00  0.28856E-02  0.81881E-03 -0.36700E+00 -0.49791E-01 -0.26425E+00 
  119.00  0.16851E+00 -0.42520E+00  0.22542E-02  0.28448E-02  0.63201E+00  0.30841E-02  0.78361E-03 -0.38153E+00 -0.51138E-01 -0.27558E+00 
  120.00  0.16789E+00 -0.41346E+00  0.26226E-02  0.26260E-02  0.63353E+00  0.31932E-02  0.78147E-03 -0.39562E+00 -0.52629E-01 -0.28687E+00 
  121.00  0.16745E+00 -0.40160E+00  0.30600E-02  0.24030E-02  0.63548E+00  0.32082E-02  0.80765E-03 -0.40935E+00 -0.54304E-01 -0.29819E+00 
  122.00  0.16717E+00 -0.38966E+00  0.35373E-02  0.22181E-02  0.63776E+00  0.31297E-02  0.84987E-03 -0.42280E+00 -0.56174E-01 -0.30961E+00 
  123.00  0.16704E+00 -0.37767E+00  0.40177E-02  0.20978E-02  0.64027E+00  0.29637E-02  0.89246E-03 -0.43607E+00 -0.58217E-01 -0.32114E+00 
  124.00  0.16707E+00 -0.36565E+00  0.44617E-02  0.20495E-02  0.64293E+00  0.27218E-02  0.92092E-03 -0.44923E+00 -0.60376E-01 -0.33279E+00 
  125.00  0.16725E+00 -0.35364E+00  0.48318E-02  0.20619E-02  0.64568E+00  0.24200E-02  0.92540E-03 -0.46231E+00 -0.62568E-01 -0.34451E+00 
  126.00  0.16755E+00 -0.34169E+00  0.50979E-02  0.21095E-02  0.64845E+00  0.20781E-02  0.90228E-03 -0.47533E+00 -0.64692E-01 -0.35623E+00 
  127.00  0.16797E+00 -0.32981E+00  0.52398E-02  0.21610E-02  0.65123E+00  0.17192E-02  0.85362E-03 -0.48824E+00 -0.66642E-01 -0.36787E+00 
  128.00  0.16851E+00 -0.31804E+00  0.52489E-02  0.21869E-02  0.65402E+00  0.13684E-02  0.78505E-03 -0.50100E+00 -0.68318E-01 -0.37932E+00 
  129.00  0.16913E+00 -0.30641E+00  0.51266E-02  0.21676E-02  0.65679E+00  0.10518E-02  0.70318E-03 -0.51352E+00 -0.69639E-01 -0.39047E+00 
  130.00  0.16984E+00 -0.29493E+00  0.48833E-02  0.20968E-02  0.65957E+00  0.79395E-03  0.61354E-03 -0.52572E+00 -0.70553E-01 -0.40120E+00 
  131.00  0.17062E+00 -0.28359E+00  0.45359E-02  0.19820E-02  0.66234E+00  0.61555E-03  0.51980E-03 -0.53750E+00 -0.71041E-01 -0.41142E+00 
  132.00  0.17145E+00 -0.27240E+00  0.41066E-02  0.18409E-02  0.66509E+00  0.52975E-03  0.42405E-03 -0.54878E+00 -0.71120E-01 -0.42105E+00 
  133.00  0.17232E+00 -0.26131E+00  0.36212E-02  0.16952E-02  0.66781E+00  0.53958E-03  0.32779E-03 -0.55953E+00 -0.70836E-01 -0.43002E+00 
  134.00  0.17323E+00 -0.25031E+00  0.31086E-02  0.15653E-02  0.67047E+00  0.63664E-03  0.23261E-03 -0.56970E+00 -0.70253E-01 -0.43830E+00 
  135.00  0.17414E+00 -0.23937E+00  0.25984E-02  0.14653E-02  0.67305E+00  0.80186E-03  0.14013E-03 -0.57931E+00 -0.69442E-01 -0.44589E+00 
  136.00  0.17507E+00 -0.22847E+00  0.21187E-02  0.14009E-02  0.67552E+00  0.10086E-02  0.50935E-04 -0.58837E+00 -0.68469E-01 -0.45280E+00 
  137.00  0.17601E+00 -0.21761E+00  0.16930E-02  0.13698E-02  0.67788E+00  0.12272E-02 -0.36974E-04 -0.59690E+00 -0.67380E-01 -0.45907E+00 
  138.00  0.17696E+00 -0.20681E+00  0.13370E-02  0.13636E-02  0.68012E+00  0.14301E-02 -0.12949E-03 -0.60494E+00 -0.66200E-01 -0.46474E+00 
  139.00  0.17793E+00 -0.19611E+00  0.10566E-02  0.13701E-02  0.68225E+00  0.15961E-02 -0.23671E-03 -0.61249E+00 -0.64932E-01 -0.46985E+00 
  140.00  0.17893E+00 -0.18555E+00  0.84742E-03  0.13756E-02  0.68430E+00  0.17122E-02 -0.37181E-03 -0.61959E+00 -0.63566E-01 -0.47448E+00 
  141.00  0.17995E+00 -0.17513E+00  0.69586E-03  0.13659E-02  0.68627E+00  0.17742E-02 -0.54862E-03 -0.62625E+00 -0.62087E-01 -0.47867E+00 
  142.00  0.18101E+00 -0.16488E+00  0.58224E-03  0.13267E-02  0.68819E+00  0.17843E-02 -0.77858E-03 -0.63250E+00 -0.60491E-01 -0.48248E+00 
  143.00  0.18210E+00 -0.15476E+00  0.48451E-03  0.12439E-02  0.69008E+00  0.17483E-02 -0.10679E-02 -0.63838E+00 -0.58793E-01 -0.48599E+00 
  144.00  0.18320E+00 -0.14477E+00  0.38201E-03  0.11038E-02  0.69192E+00  0.16732E-02 -0.14157E-02 -0.64392E+00 -0.57025E-01 -0.48922E+00 
  145.00  0.18432E+00 -0.13486E+00  0.25830E-03  0.89480E-03  0.69373E+00  0.15653E-02 -0.18139E-02 -0.64920E+00 -0.55238E-01 -0.49223E+00 
  146.00  0.18543E+00 -0.12502E+00  0.10254E-03  0.60929E-03  0.69549E+00  0.14304E-02 -0.22485E-02 -0.65423E+00 -0.53487E-01 -0.49503E+00 
  147.00  0.18654E+00 -0.11526E+00 -0.90630E-04  0.24607E-03  0.69722E+00  0.12742E-02 -0.27017E-02 -0.65907E+00 -0.51823E-01 -0.49762E+00 
  148.00  0.18766E+00 -0.10562E+00 -0.32234E-03 -0.18768E-03  0.69891E+00  0.11036E-02 -0.31545E-02 -0.66369E+00 -0.50278E-01 -0.50000E+00 
  149.00  0.18879E+00 -0.96155E-01 -0.59120E-03 -0.67566E-03  0.70057E+00  0.92772E-03 -0.35894E-02 -0.66811E+00 -0.48863E-01 -0.50214E+00 
  150.00  0.18994E+00 -0.86931E-01 -0.89482E-03 -0.11934E-02  0.70222E+00  0.75737E-03 -0.39918E-02 -0.67229E+00 -0.47564E-01 -0.50402E+00 
  151.00  0.19112E+00 -0.78010E-01 -0.12305E-02 -0.17114E-02  0.70387E+00  0.60388E-03 -0.43504E-02 -0.67622E+00 -0.46350E-01 -0.50563E+00 
  152.00  0.19235E+00 -0.69436E-01 -0.15946E-02 -0.21992E-02  0.70551E+00  0.47697E-03 -0.46574E-02 -0.67990E+00 -0.45178E-01 -0.50698E+00 
  153.00  0.19362E+00 -0.61235E-01 -0.19814E-02 -0.26312E-02  0.70714E+00  0.38255E-03 -0.49071E-02 -0.68336E+00 -0.44004E-01 -0.50807E+00 
  154.00  0.19495E+00 -0.53417E-01 -0.23810E-02 -0.29906E-02  0.70875E+00  0.32112E-03 -0.50938E-02 -0.68662E+00 -0.42788E-01 -0.50893E+00 
  155.00  0.19634E+00 -0.45985E-01 -0.27783E-02 -0.32729E-02  0.71033E+00  0.28762E-03 -0.52110E-02 -0.68972E+00 -0.41495E-01 -0.50958E+00 
  156.00  0.19779E+00 -0.38944E-01 -0.31527E-02 -0.34853E-02  0.71187E+00  0.27279E-03 -0.52506E-02 -0.69271E+00 -0.40101E-01 -0.51003E+00 
  157.00  0.19931E+00 -0.32301E-01 -0.34804E-02 -0.36441E-02  0.71333E+00  0.26580E-03 -0.52026E-02 -0.69560E+00 -0.38587E-01 -0.51028E+00 
  158.00  0.20090E+00 -0.26071E-01 -0.37375E-02 -0.37692E-02  0.71473E+00  0.25741E-03 -0.50578E-02 -0.69840E+00 -0.36945E-01 -0.51033E+00 
  159.00  0.20256E+00 -0.20267E-01 -0.39045E-02 -0.38773E-02  0.71603E+00  0.24249E-03 -0.48099E-02 -0.70111E+00 -0.35177E-01 -0.51016E+00 
  160.00  0.20430E+00 -0.14905E-01 -0.39694E-02 -0.39764E-02  0.71723E+00  0.22108E-03 -0.44589E-02 -0.70369E+00 -0.33297E-01 -0.50977E+00 
  161.00  0.20614E+00 -0.10004E-01 -0.39300E-02 -0.40633E-02  0.71831E+00  0.19752E-03 -0.40130E-02 -0.70614E+00 -0.31329E-01 -0.50912E+00 
  162.00  0.20807E+00 -0.55870E-02 -0.37928E-02 -0.41244E-02  0.71926E+00  0.17797E-03 -0.34900E-02 -0.70842E+00 -0.29300E-01 -0.50816E+00 
  163.00  0.21010E+00 -0.16882E-02 -0.35712E-02 -0.41405E-02  0.72008E+00  0.16738E-03 -0.29152E-02 -0.71050E+00 -0.27240E-01 -0.50683E+00 
  164.00  0.21225E+00  0.16602E-02 -0.32818E-02 -0.40932E-02  0.72077E+00  0.16704E-03 -0.23190E-02 -0.71235E+00 -0.25170E-01 -0.50509E+00 
  165.00  0.21451E+00  0.44406E-02 -0.29420E-02 -0.39714E-02  0.72136E+00  0.17382E-03 -0.17321E-02 -0.71395E+00 -0.23105E-01 -0.50289E+00 
  166.00  0.21689E+00  0.66669E-02 -0.25684E-02 -0.37744E-02  0.72189E+00  0.18134E-03 -0.11820E-02 -0.71530E+00 -0.21051E-01 -0.50025E+00 
  167.00  0.21938E+00  0.83923E-02 -0.21763E-02 -0.35120E-02  0.72237E+00  0.18254E-03 -0.68998E-03 -0.71643E+00 -0.19016E-01 -0.49721E+00 
  168.00  0.22195E+00  0.97001E-02 -0.17812E-02 -0.32015E-02  0.72284E+00  0.17247E-03 -0.27065E-03 -0.71740E+00 -0.17005E-01 -0.49388E+00 
  169.00  0.22459E+00  0.10675E-01 -0.13986E-02 -0.28624E-02  0.72328E+00  0.15016E-03  0.67816E-04 -0.71830E+00 -0.15032E-01 -0.49037E+00 
  170.00  0.22729E+00  0.11366E-01 -0.10445E-02 -0.25125E-02  0.72370E+00  0.11872E-03  0.32197E-03 -0.71920E+00 -0.13109E-01 -0.48673E+00 
  171.00  0.23006E+00  0.11755E-01 -0.73371E-03 -0.21658E-02  0.72406E+00  0.83963E-04  0.49187E-03 -0.72015E+00 -0.11245E-01 -0.48298E+00 
  172.00  0.23291E+00  0.11754E-01 -0.47739E-03 -0.18320E-02  0.72435E+00  0.52049E-04  0.58065E-03 -0.72115E+00 -0.94459E-02 -0.47905E+00 
  173.00  0.23586E+00  0.11242E-01 -0.28134E-03 -0.15186E-02  0.72454E+00  0.27390E-04  0.59512E-03 -0.72214E+00 -0.77115E-02 -0.47483E+00 
  174.00  0.23889E+00  0.10125E-01 -0.14460E-03 -0.12322E-02  0.72464E+00  0.11537E-04  0.54664E-03 -0.72303E+00 -0.60478E-02 -0.47028E+00 
  175.00  0.24194E+00  0.84107E-02 -0.59926E-04 -0.97961E-03  0.72467E+00  0.33893E-05  0.45151E-03 -0.72373E+00 -0.44749E-02 -0.46545E+00 
  176.00  0.24488E+00  0.62566E-02 -0.15681E-04 -0.76686E-03  0.72465E+00  0.35947E-06  0.33017E-03 -0.72420E+00 -0.30352E-02 -0.46058E+00 
  177.00  0.24752E+00  0.39632E-02  0.14794E-05 -0.59879E-03  0.72460E+00 -0.20974E-06  0.20502E-03 -0.72444E+00 -0.17935E-02 -0.45605E+00 
  178.00  0.24963E+00  0.19187E-02  0.39833E-05 -0.47816E-03  0.72456E+00 -0.95493E-07  0.97552E-04 -0.72452E+00 -0.82748E-03 -0.45233E+00 
  179.00  0.25100E+00  0.50503E-03  0.14972E-05 -0.40588E-03  0.72452E+00 -0.82240E-08  0.25382E-04 -0.72452E+00 -0.21175E-03 -0.44988E+00 
  180.00  0.25148E+00  0.12734E-13  0.41249E-16 -0.38184E-03  0.72451E+00 -0.55379E-29  0.63741E-15 -0.72451E+00 -0.52899E-14 -0.44903E+00 
 scattering matrix expansion coefficients
    w  a11         a22         a33         a23         a32         a44         a12         a34         a13         a24         a14
    0  0.1000E+01  0.0000E+00  0.0000E+00  0.0000E+00  0.0000E+00  0.8129E+00  0.0000E+00  0.0000E+00  0.0000E+00  0.0000E+00 -0.4745E-03
    1  0.2197E+01  0.0000E+00  0.0000E+00  0.0000E+00  0.0000E+00  0.2289E+01  0.0000E+00  0.0000E+00  0.0000E+00  0.0000E+00 -0.1101E-02
    2  0.3092E+01  0.1615E+00  0.3845E+01 -0.2534E-07  0.6110E-02  0.3066E+01 -0.2781E+00 -0.2444E-01  0.3052E-03  0.3016E-03 -0.1638E-02
    3  0.3647E+01  0.2276E-01  0.4015E+01 -0.6695E-07  0.7259E-02  0.3664E+01 -0.1575E+00 -0.1404E-01 -0.8164E-03  0.1919E-04 -0.2739E-02
    4  0.4171E+01  0.2479E-01  0.4393E+01  0.6489E-07  0.6957E-02  0.4159E+01 -0.9989E-01 -0.3296E-01 -0.3923E-03 -0.1001E-02 -0.6712E-02
    5  0.4578E+01  0.2592E-02  0.4756E+01 -0.2525E-06  0.5402E-02  0.4584E+01 -0.7306E-01 -0.2675E-01 -0.3681E-04 -0.7657E-03 -0.9254E-02
    6  0.4918E+01  0.6171E-02  0.5066E+01 -0.2399E-06  0.5811E-02  0.4913E+01 -0.5440E-01 -0.3370E-01 -0.5568E-03 -0.4618E-03 -0.1081E-01
    7  0.5148E+01  0.1890E-03  0.5285E+01 -0.4798E-07  0.5682E-02  0.5147E+01 -0.5184E-01 -0.2788E-01  0.1021E-03  0.1509E-02 -0.1107E-01
    8  0.5293E+01  0.1657E-03  0.5419E+01  0.2204E-06  0.5026E-02  0.5293E+01 -0.5259E-01 -0.2588E-01 -0.8396E-03  0.3646E-03 -0.1082E-01
    9  0.5354E+01 -0.2938E-02  0.5471E+01 -0.7785E-07  0.3470E-02  0.5361E+01 -0.6028E-01 -0.2774E-01 -0.3283E-03 -0.3265E-03 -0.1194E-01
   10  0.5381E+01  0.5180E-02  0.5477E+01 -0.2330E-06  0.2839E-02  0.5376E+01 -0.5071E-01 -0.3062E-01 -0.6829E-03 -0.9077E-03 -0.1255E-01
   11  0.5364E+01 -0.6875E-03  0.5454E+01  0.2484E-07  0.4195E-02  0.5370E+01 -0.4650E-01 -0.2774E-01 -0.1704E-03 -0.2014E-04 -0.1203E-01
   12  0.5333E+01  0.7835E-03  0.5410E+01  0.7104E-08  0.6492E-02  0.5336E+01 -0.3590E-01 -0.2638E-01  0.3987E-03  0.5916E-03 -0.9443E-02
   13  0.5271E+01  0.1097E-02  0.5341E+01  0.3754E-07  0.7116E-02  0.5270E+01 -0.2710E-01 -0.1961E-01  0.3125E-03  0.3395E-03 -0.7927E-02
   14  0.5180E+01  0.1616E-02  0.5244E+01 -0.1814E-07  0.7010E-02  0.5179E+01 -0.2176E-01 -0.1351E-01 -0.6284E-03  0.3123E-03 -0.6994E-02
   15  0.5057E+01 -0.5799E-03  0.5118E+01  0.3338E-07  0.7437E-02  0.5059E+01 -0.2649E-01 -0.9357E-02 -0.3305E-03 -0.2319E-03 -0.6404E-02
   16  0.4918E+01  0.3686E-03  0.4972E+01 -0.5652E-07  0.6883E-02  0.4916E+01 -0.3288E-01 -0.8134E-02 -0.1110E-03  0.8949E-04 -0.6234E-02
   17  0.4768E+01 -0.1737E-02  0.4818E+01 -0.1176E-06  0.6276E-02  0.4770E+01 -0.3862E-01 -0.8574E-02 -0.4038E-03 -0.8706E-04 -0.6064E-02
   18  0.4625E+01 -0.7482E-03  0.4668E+01 -0.3028E-06  0.6402E-02  0.4627E+01 -0.3633E-01 -0.6813E-02  0.6593E-04 -0.3164E-04 -0.5686E-02
   19  0.4491E+01 -0.5192E-04  0.4528E+01 -0.1137E-06  0.6366E-02  0.4491E+01 -0.2955E-01 -0.9824E-03 -0.1175E-03 -0.2742E-03 -0.5237E-02
   20  0.4363E+01  0.9308E-03  0.4396E+01 -0.2181E-06  0.6460E-02  0.4362E+01 -0.2164E-01  0.5150E-02 -0.2806E-03 -0.2123E-03 -0.4919E-02
   21  0.4235E+01  0.4772E-03  0.4266E+01  0.3546E-08  0.6372E-02  0.4234E+01 -0.1696E-01  0.8427E-02 -0.4072E-03 -0.2836E-03 -0.4802E-02
   22  0.4108E+01  0.1450E-02  0.4135E+01 -0.3119E-07  0.6443E-02  0.4105E+01 -0.1332E-01  0.7835E-02 -0.2107E-03 -0.3140E-03 -0.4758E-02
   23  0.3975E+01  0.3777E-03  0.4001E+01 -0.1600E-06  0.6946E-02  0.3974E+01 -0.1559E-01  0.6323E-02  0.7466E-04 -0.2097E-03 -0.4803E-02
   24  0.3843E+01 -0.8767E-03  0.3867E+01 -0.1348E-06  0.7304E-02  0.3845E+01 -0.2292E-01  0.5610E-02  0.3638E-04 -0.8762E-04 -0.4277E-02
   25  0.3723E+01 -0.1706E-02  0.3745E+01 -0.4075E-07  0.7133E-02  0.3728E+01 -0.2845E-01  0.5550E-02 -0.1338E-03 -0.2428E-03 -0.3742E-02
   26  0.3633E+01  0.2225E-03  0.3650E+01  0.9465E-07  0.6394E-02  0.3634E+01 -0.2314E-01  0.5701E-02  0.1878E-03 -0.1763E-03 -0.3570E-02
   27  0.3568E+01  0.1101E-02  0.3582E+01  0.2385E-07  0.5255E-02  0.3568E+01 -0.1108E-01  0.9541E-02  0.5213E-03 -0.4027E-04 -0.3139E-02
   28  0.3517E+01  0.1144E-02  0.3528E+01 -0.2467E-07  0.4059E-02  0.3516E+01  0.1523E-02  0.1664E-01  0.3927E-03 -0.2259E-03 -0.2979E-02
   29  0.3462E+01  0.8823E-03  0.3473E+01 -0.1584E-06  0.3006E-02  0.3460E+01  0.1100E-01  0.2394E-01  0.9104E-04 -0.4448E-03 -0.3112E-02
   30  0.3390E+01  0.1256E-02  0.3402E+01 -0.9396E-07  0.2373E-02  0.3387E+01  0.1699E-01  0.2922E-01 -0.3280E-04 -0.3771E-03 -0.2768E-02
   31  0.3296E+01  0.7938E-03  0.3308E+01 -0.8117E-07  0.2286E-02  0.3293E+01  0.1813E-01  0.3170E-01 -0.1746E-04 -0.1425E-03 -0.1583E-02
   32  0.3179E+01  0.3974E-03  0.3191E+01 -0.1085E-06  0.2627E-02  0.3176E+01  0.1747E-01  0.3232E-01  0.8007E-05 -0.3984E-04 -0.4310E-03
   33  0.3038E+01 -0.6112E-04  0.3051E+01 -0.3991E-07  0.3076E-02  0.3036E+01  0.1648E-01  0.3303E-01  0.8740E-04 -0.7934E-04 -0.2680E-03
   34  0.2871E+01 -0.3040E-04  0.2885E+01  0.2191E-07  0.3149E-02  0.2868E+01  0.1514E-01  0.3414E-01  0.1873E-03 -0.2096E-03 -0.1361E-02
   35  0.2674E+01 -0.5046E-03  0.2690E+01  0.3845E-07  0.2375E-02  0.2672E+01  0.1037E-01  0.3456E-01  0.1590E-03 -0.3712E-03 -0.2973E-02
   36  0.2451E+01 -0.8953E-03  0.2467E+01 -0.1723E-07  0.1178E-02  0.2451E+01  0.3647E-02  0.3339E-01  0.8091E-04 -0.3495E-03 -0.3732E-02
   37  0.2208E+01 -0.1184E-02  0.2225E+01 -0.1361E-07  0.5094E-03  0.2209E+01 -0.2408E-02  0.3191E-01  0.3463E-04 -0.1633E-03 -0.3249E-02
   38  0.1956E+01 -0.9795E-03  0.1972E+01 -0.2925E-07  0.7824E-03  0.1957E+01 -0.6022E-02  0.3157E-01  0.7472E-04  0.7756E-04 -0.2282E-02
   39  0.1700E+01 -0.7621E-03  0.1715E+01 -0.5839E-07  0.1327E-02  0.1700E+01 -0.8702E-02  0.3221E-01  0.8464E-04  0.1958E-03 -0.1939E-02
   40  0.1444E+01 -0.4916E-03  0.1458E+01 -0.7485E-07  0.1145E-02  0.1443E+01 -0.1156E-01  0.3223E-01  0.2477E-04  0.1575E-03 -0.2452E-02
   41  0.1192E+01 -0.3846E-03  0.1205E+01 -0.5539E-07  0.1112E-03  0.1191E+01 -0.1493E-01  0.3058E-01 -0.1555E-04  0.4563E-04 -0.3134E-02
   42  0.9508E+00 -0.1882E-03  0.9624E+00 -0.2034E-07 -0.1144E-02  0.9498E+00 -0.1777E-01  0.2743E-01  0.7363E-05 -0.4002E-04 -0.3239E-02
   43  0.7279E+00 -0.9525E-04  0.7381E+00 -0.8832E-08 -0.1890E-02  0.7274E+00 -0.1979E-01  0.2353E-01  0.7472E-04 -0.7269E-04 -0.2613E-02
   44  0.5318E+00  0.1774E-04  0.5405E+00 -0.1449E-07 -0.1914E-02  0.5317E+00 -0.2036E-01  0.1924E-01  0.1207E-03 -0.6225E-04 -0.1659E-02
   45  0.3691E+00  0.6918E-04  0.3759E+00 -0.1212E-07 -0.1452E-02  0.3692E+00 -0.1933E-01  0.1483E-01  0.1191E-03 -0.4309E-04 -0.8515E-03
   46  0.2428E+00  0.1386E-03  0.2477E+00 -0.7463E-08 -0.8755E-03  0.2428E+00 -0.1671E-01  0.1064E-01  0.8034E-04 -0.3279E-04 -0.3940E-03
   47  0.1510E+00  0.1677E-03  0.1543E+00 -0.3853E-08 -0.4187E-03  0.1510E+00 -0.1321E-01  0.7117E-02  0.4187E-04 -0.2486E-04 -0.2042E-03
   48  0.8876E-01  0.1773E-03  0.9081E-01  0.2460E-08 -0.1492E-03  0.8862E-01 -0.9558E-02  0.4431E-02  0.1456E-04 -0.1762E-04 -0.1421E-03
   49  0.4925E-01  0.1533E-03  0.5042E-01  0.6634E-08 -0.2620E-04  0.4907E-01 -0.6389E-02  0.2579E-02  0.1727E-05 -0.9749E-05 -0.1104E-03
   50  0.2577E-01  0.1202E-03  0.2639E-01  0.7233E-08  0.1279E-04  0.2561E-01 -0.3953E-02  0.1400E-02 -0.2506E-05 -0.4018E-05 -0.8024E-04
   51  0.1271E-01  0.8326E-04  0.1302E-01  0.3520E-08  0.1667E-04  0.1259E-01 -0.2273E-02  0.7082E-03 -0.2701E-05 -0.4891E-06 -0.5001E-04
   52  0.5912E-02  0.5314E-04  0.6048E-02 -0.2843E-08  0.1149E-04  0.5828E-02 -0.1214E-02  0.3334E-03 -0.1860E-05  0.5886E-06 -0.2695E-04
   53  0.2593E-02  0.3066E-04  0.2649E-02 -0.7528E-08  0.6259E-05  0.2542E-02 -0.6035E-03  0.1468E-03 -0.1075E-05  0.6663E-06 -0.1257E-04
   54  0.1074E-02  0.1637E-04  0.1095E-02 -0.7749E-08  0.2998E-05  0.1047E-02 -0.2798E-03  0.6050E-04 -0.5589E-06  0.3751E-06 -0.5220E-05
   55  0.4208E-03  0.8010E-05  0.4280E-03 -0.6395E-08  0.1279E-05  0.4071E-03 -0.1214E-03  0.2354E-04 -0.2627E-06  0.1577E-06 -0.1943E-05
   56  0.1562E-03  0.3650E-05  0.1584E-03 -0.4387E-08  0.4993E-06  0.1499E-03 -0.4939E-04  0.8654E-05 -0.1084E-06  0.3579E-07 -0.6620E-06
   57  0.5505E-04  0.1542E-05  0.5562E-04 -0.3001E-08  0.1775E-06  0.5235E-04 -0.1891E-04  0.3029E-05 -0.3524E-07 -0.1094E-07 -0.2066E-06
   58  0.1844E-04  0.6111E-06  0.1855E-04 -0.1998E-08  0.5819E-07  0.1736E-04 -0.6837E-05  0.1010E-05 -0.5233E-08 -0.2341E-07 -0.5981E-07
   59  0.5880E-05  0.2267E-06  0.5890E-05 -0.1187E-08  0.1747E-07  0.5479E-05 -0.2339E-05  0.3225E-06  0.3976E-08 -0.2151E-07 -0.1617E-07
   60  0.1791E-05  0.7942E-07  0.1785E-05 -0.6544E-09  0.4656E-08  0.1650E-05 -0.7601E-06  0.9927E-07  0.4809E-08 -0.1559E-07 -0.4178E-08
   61  0.5235E-06  0.2625E-07  0.5189E-06 -0.3164E-09  0.9610E-09  0.4768E-06 -0.2356E-06  0.3015E-07  0.3284E-08 -0.9676E-08 -0.9387E-09
   62  0.1491E-06  0.8226E-08  0.1471E-06 -0.1409E-09  0.2850E-10  0.1345E-06 -0.7033E-07  0.9539E-08  0.1788E-08 -0.5337E-08 -0.8178E-10
   63  0.4303E-07  0.2444E-08  0.4228E-07 -0.6229E-10 -0.1111E-09  0.3867E-07 -0.2076E-07  0.3467E-08  0.8215E-09 -0.2682E-08  0.1328E-09
   64  0.1380E-07  0.7072E-09  0.1357E-07 -0.2584E-10 -0.8432E-10  0.1255E-07 -0.6447E-08  0.1518E-08  0.3247E-09 -0.1239E-08  0.1157E-09
   65  0.5512E-08  0.2030E-09  0.5450E-08 -0.9673E-11 -0.3191E-10  0.5161E-08 -0.2391E-08  0.7617E-09  0.1063E-09 -0.5311E-09  0.6509E-10
   66  0.3039E-08  0.7169E-10  0.3026E-08 -0.3158E-11 -0.6676E-11  0.2923E-08 -0.1192E-08  0.4161E-09  0.2527E-10 -0.2135E-09  0.2513E-10
   67  0.1943E-08  0.2682E-10  0.1940E-08 -0.8234E-12  0.3365E-11  0.1896E-08 -0.7335E-09  0.3057E-09  0.2924E-11 -0.7817E-10  0.6246E-11
   68  0.1480E-08  0.2303E-10  0.1474E-08 -0.1375E-12  0.5747E-11  0.1442E-08 -0.5200E-09  0.2886E-09 -0.1536E-11 -0.2558E-10  0.2864E-11
   69  0.1052E-08  0.6660E-11  0.1046E-08 -0.8142E-13  0.2785E-11  0.1037E-08 -0.4194E-09  0.2665E-09  0.2863E-12 -0.7510E-11  0.3433E-11
   70  0.1101E-08  0.1026E-10  0.1114E-08 -0.1548E-12 -0.7244E-12  0.1090E-08 -0.3439E-09  0.2357E-09  0.9596E-12 -0.9770E-12  0.2871E-11
   71  0.4395E-09  0.3040E-11  0.4342E-09 -0.1540E-12  0.2482E-11  0.4350E-09 -0.1902E-09  0.1274E-09  0.8953E-12  0.1388E-12  0.1390E-11
   72  0.6122E-09  0.1421E-10  0.6167E-09 -0.1070E-12 -0.1408E-12  0.5908E-09 -0.2197E-09  0.9358E-10  0.5278E-12  0.2589E-12  0.1989E-11
   73  0.1046E-09  0.1653E-11  0.1019E-09 -0.6003E-13  0.8052E-12  0.1025E-09 -0.4895E-10  0.2967E-10  0.2460E-12  0.2703E-12  0.1404E-12
   74  0.1945E-09  0.8064E-11  0.1933E-09 -0.2903E-13  0.5289E-13  0.1808E-09 -0.8171E-10  0.2046E-10  0.1071E-12  0.1172E-13  0.6954E-12
   75  0.1422E-10  0.4166E-12  0.1354E-10 -0.1219E-13  0.1419E-12  0.1367E-10 -0.7145E-11  0.3638E-11  0.3512E-13  0.5959E-13 -0.1211E-13
   76  0.3658E-10  0.2162E-11  0.3577E-10 -0.4547E-14  0.4567E-13  0.3276E-10 -0.1743E-10  0.2760E-11  0.5484E-14 -0.4968E-14  0.1159E-12
   77  0.1060E-11  0.4270E-13  0.9709E-12 -0.1515E-14  0.1333E-13  0.1010E-11 -0.5563E-12  0.2471E-12  0.3715E-14  0.7345E-14 -0.3832E-14
   78  0.4423E-11  0.3334E-12  0.4265E-11 -0.4601E-15  0.7747E-14  0.3822E-11 -0.2323E-11  0.2534E-12 -0.5470E-15 -0.6887E-15  0.1139E-13
   79  0.4098E-13  0.1963E-14  0.3516E-13 -0.1336E-15  0.7543E-15  0.3930E-13 -0.2182E-13  0.8669E-14  0.3074E-15  0.5330E-15 -0.3327E-15
   80  0.3544E-12  0.3138E-13  0.3351E-12 -0.3431E-16  0.7088E-15  0.2964E-12 -0.1997E-12  0.1642E-13 -0.1058E-15 -0.5456E-16  0.7624E-15
   81  0.5769E-15 -0.8449E-17  0.1555E-15 -0.6602E-17  0.3564E-16  0.7417E-15 -0.1165E-15  0.7599E-16  0.1257E-16  0.2913E-16 -0.1304E-16
   82  0.2417E-13  0.2562E-14  0.2293E-13 -0.1074E-17  0.6552E-16  0.1958E-13 -0.1470E-13  0.9676E-15 -0.1871E-16 -0.5218E-17  0.4117E-16
