 input file is 
mstm1_256_3360_18_000438.inp  
 input file comments follow:
***********************************************************
  This is the default mstm input file for v.3.0.
  The run is for a 7-sphere cluster of identical spheres.   The positions
  are embedded in the input file.

  The run makes use of the new_run and multiple_run options.

  14 April 2013
***********************************************************
 number of processors:
   1
 input parameters for run number 
    1
 number of spheres, volume size parameter:
  256  0.21335E+01
 position file:
position/n256/a1.out                                        
 output file:
output/256/x3360/18/000438/mt_1_256_3360_18_000438.dat      
 length, ref. indx. scale factors:
   0.336   1.800   0.004
 chiral factors:
  0.00000E+00  0.00000E+00
 scattering matrix directions based on incident frame
 automatic scattering angle calculation
 thetamin, thetamax:
      0.0    180.0
 number scattering angles:
      181
 epsmie, epssoln, max number iterations:
  0.1000E-05  0.1000E-07 5000
 medium refractive index:
  1.0000  0.0000
 target euler rotation angles:
    0.0000    0.0000    0.0000
 far field kr, iterations/correction:
 -0.1000E+01   20
 plane wave incidence
 random orientation calculations
 t matrix calculated, stored in file 
tmatrixfiles/1256336018000438                               
 t matrix convergence epsilon:
  0.1000E-06
 all spheres excited (total T matrix) 
 calculation results for run 
    1
 total ext, abs, scat efficiencies, w.r.t. xv, and asym. parm
  0.78176E+00  0.20677E-01  0.76108E+00  0.71239E+00
 scattering matrix elements (normalized w/ S11)
   theta      11           12           13           14           22           23           24           33           34           44      
    0.00  0.26110E+02  0.00000E+00  0.00000E+00 -0.75783E-04  0.99988E+00 -0.31550E-04  0.00000E+00  0.99988E+00  0.00000E+00  0.99977E+00 
    1.00  0.26014E+02 -0.13253E-03 -0.74644E-08 -0.76603E-04  0.99988E+00 -0.32657E-04  0.43413E-08  0.99988E+00  0.51075E-05  0.99977E+00 
    2.00  0.25730E+02 -0.53027E-03 -0.28798E-07 -0.79073E-04  0.99988E+00 -0.35989E-04  0.17299E-07  0.99988E+00  0.20293E-04  0.99976E+00 
    3.00  0.25264E+02 -0.11938E-02 -0.60788E-07 -0.83220E-04  0.99988E+00 -0.41568E-04  0.38682E-07  0.99988E+00  0.45139E-04  0.99976E+00 
    4.00  0.24626E+02 -0.21239E-02 -0.97969E-07 -0.89089E-04  0.99987E+00 -0.49433E-04  0.68198E-07  0.99987E+00  0.78936E-04  0.99975E+00 
    5.00  0.23833E+02 -0.33220E-02 -0.13246E-06 -0.96740E-04  0.99987E+00 -0.59636E-04  0.10549E-06  0.99986E+00  0.12066E-03  0.99973E+00 
    6.00  0.22902E+02 -0.47899E-02 -0.15376E-06 -0.10625E-03  0.99986E+00 -0.72236E-04  0.15018E-06  0.99985E+00  0.16892E-03  0.99971E+00 
    7.00  0.21853E+02 -0.65299E-02 -0.14845E-06 -0.11770E-03  0.99985E+00 -0.87294E-04  0.20193E-06  0.99983E+00  0.22195E-03  0.99968E+00 
    8.00  0.20709E+02 -0.85450E-02 -0.99935E-07 -0.13120E-03  0.99983E+00 -0.10487E-03  0.26050E-06  0.99980E+00  0.27753E-03  0.99964E+00 
    9.00  0.19494E+02 -0.10839E-01  0.11850E-07 -0.14683E-03  0.99982E+00 -0.12500E-03  0.32575E-06  0.99976E+00  0.33296E-03  0.99959E+00 
   10.00  0.18232E+02 -0.13416E-01  0.21069E-06 -0.16468E-03  0.99980E+00 -0.14771E-03  0.39769E-06  0.99971E+00  0.38498E-03  0.99952E+00 
   11.00  0.16945E+02 -0.16283E-01  0.52420E-06 -0.18484E-03  0.99978E+00 -0.17295E-03  0.47640E-06  0.99965E+00  0.42976E-03  0.99944E+00 
   12.00  0.15657E+02 -0.19446E-01  0.98371E-06 -0.20733E-03  0.99975E+00 -0.20063E-03  0.56184E-06  0.99956E+00  0.46284E-03  0.99934E+00 
   13.00  0.14387E+02 -0.22913E-01  0.16238E-05 -0.23215E-03  0.99972E+00 -0.23054E-03  0.65357E-06  0.99946E+00  0.47918E-03  0.99920E+00 
   14.00  0.13153E+02 -0.26694E-01  0.24815E-05 -0.25921E-03  0.99969E+00 -0.26236E-03  0.75017E-06  0.99933E+00  0.47320E-03  0.99904E+00 
   15.00  0.11971E+02 -0.30802E-01  0.35940E-05 -0.28832E-03  0.99964E+00 -0.29557E-03  0.84838E-06  0.99917E+00  0.43896E-03  0.99884E+00 
   16.00  0.10853E+02 -0.35248E-01  0.49969E-05 -0.31916E-03  0.99959E+00 -0.32947E-03  0.94186E-06  0.99897E+00  0.37037E-03  0.99860E+00 
   17.00  0.98077E+01 -0.40049E-01  0.67196E-05 -0.35124E-03  0.99953E+00 -0.36312E-03  0.10195E-05  0.99874E+00  0.26165E-03  0.99832E+00 
   18.00  0.88424E+01 -0.45219E-01  0.87808E-05 -0.38389E-03  0.99947E+00 -0.39529E-03  0.10632E-05  0.99845E+00  0.10778E-03  0.99797E+00 
   19.00  0.79600E+01 -0.50774E-01  0.11182E-04 -0.41620E-03  0.99939E+00 -0.42449E-03  0.10455E-05  0.99810E+00 -0.94713E-04  0.99756E+00 
   20.00  0.71616E+01 -0.56732E-01  0.13903E-04 -0.44708E-03  0.99930E+00 -0.44900E-03  0.92659E-06  0.99770E+00 -0.34706E-03  0.99708E+00 
   21.00  0.64456E+01 -0.63105E-01  0.16890E-04 -0.47528E-03  0.99920E+00 -0.46689E-03  0.65206E-06  0.99722E+00 -0.64740E-03  0.99652E+00 
   22.00  0.58088E+01 -0.69905E-01  0.20060E-04 -0.49938E-03  0.99909E+00 -0.47620E-03  0.15107E-06  0.99665E+00 -0.99018E-03  0.99587E+00 
   23.00  0.52462E+01 -0.77138E-01  0.23289E-04 -0.51801E-03  0.99897E+00 -0.47503E-03 -0.66389E-06  0.99600E+00 -0.13658E-02  0.99511E+00 
   24.00  0.47518E+01 -0.84804E-01  0.26421E-04 -0.52986E-03  0.99884E+00 -0.46176E-03 -0.18954E-05  0.99525E+00 -0.17607E-02  0.99426E+00 
   25.00  0.43191E+01 -0.92899E-01  0.29271E-04 -0.53389E-03  0.99870E+00 -0.43524E-03 -0.36569E-05  0.99438E+00 -0.21581E-02  0.99328E+00 
   26.00  0.39411E+01 -0.10141E+00  0.31643E-04 -0.52942E-03  0.99855E+00 -0.39491E-03 -0.60669E-05  0.99340E+00 -0.25394E-02  0.99219E+00 
   27.00  0.36108E+01 -0.11032E+00  0.33334E-04 -0.51625E-03  0.99839E+00 -0.34091E-03 -0.92410E-05  0.99230E+00 -0.28855E-02  0.99096E+00 
   28.00  0.33215E+01 -0.11962E+00  0.34158E-04 -0.49464E-03  0.99823E+00 -0.27404E-03 -0.13283E-04  0.99106E+00 -0.31790E-02  0.98960E+00 
   29.00  0.30671E+01 -0.12927E+00  0.33956E-04 -0.46532E-03  0.99805E+00 -0.19573E-03 -0.18278E-04  0.98967E+00 -0.34054E-02  0.98809E+00 
   30.00  0.28422E+01 -0.13927E+00  0.32604E-04 -0.42941E-03  0.99788E+00 -0.10787E-03 -0.24282E-04  0.98814E+00 -0.35545E-02  0.98644E+00 
   31.00  0.26418E+01 -0.14958E+00  0.30019E-04 -0.38830E-03  0.99769E+00 -0.12647E-04 -0.31321E-04  0.98645E+00 -0.36205E-02  0.98462E+00 
   32.00  0.24619E+01 -0.16021E+00  0.26159E-04 -0.34353E-03  0.99750E+00  0.87623E-04 -0.39380E-04  0.98460E+00 -0.36024E-02  0.98264E+00 
   33.00  0.22993E+01 -0.17113E+00  0.21021E-04 -0.29665E-03  0.99731E+00  0.19062E-03 -0.48403E-04  0.98257E+00 -0.35033E-02  0.98047E+00 
   34.00  0.21514E+01 -0.18233E+00  0.14638E-04 -0.24921E-03  0.99710E+00  0.29411E-03 -0.58287E-04  0.98035E+00 -0.33292E-02  0.97812E+00 
   35.00  0.20161E+01 -0.19382E+00  0.70786E-05 -0.20259E-03  0.99689E+00  0.39602E-03 -0.68881E-04  0.97793E+00 -0.30884E-02  0.97557E+00 
   36.00  0.18921E+01 -0.20559E+00 -0.15600E-05 -0.15804E-03  0.99667E+00  0.49440E-03 -0.79982E-04  0.97531E+00 -0.27904E-02  0.97281E+00 
   37.00  0.17781E+01 -0.21763E+00 -0.11148E-04 -0.11659E-03  0.99644E+00  0.58751E-03 -0.91333E-04  0.97246E+00 -0.24445E-02  0.96983E+00 
   38.00  0.16736E+01 -0.22995E+00 -0.21525E-04 -0.79079E-04  0.99620E+00  0.67373E-03 -0.10264E-03  0.96939E+00 -0.20592E-02  0.96661E+00 
   39.00  0.15778E+01 -0.24253E+00 -0.32501E-04 -0.46093E-04  0.99596E+00  0.75165E-03 -0.11355E-03  0.96607E+00 -0.16418E-02  0.96315E+00 
   40.00  0.14903E+01 -0.25538E+00 -0.43861E-04 -0.17982E-04  0.99570E+00  0.82003E-03 -0.12372E-03  0.96251E+00 -0.11968E-02  0.95944E+00 
   41.00  0.14106E+01 -0.26849E+00 -0.55366E-04  0.51597E-05  0.99544E+00  0.87791E-03 -0.13279E-03  0.95868E+00 -0.72656E-03  0.95547E+00 
   42.00  0.13382E+01 -0.28186E+00 -0.66767E-04  0.23494E-04  0.99518E+00  0.92457E-03 -0.14043E-03  0.95458E+00 -0.23017E-03  0.95122E+00 
   43.00  0.12728E+01 -0.29549E+00 -0.77815E-04  0.37426E-04  0.99492E+00  0.95967E-03 -0.14638E-03  0.95019E+00  0.29587E-03  0.94669E+00 
   44.00  0.12136E+01 -0.30937E+00 -0.88274E-04  0.47571E-04  0.99466E+00  0.98320E-03 -0.15045E-03  0.94551E+00  0.85753E-03  0.94187E+00 
   45.00  0.11600E+01 -0.32350E+00 -0.97939E-04  0.54709E-04  0.99439E+00  0.99554E-03 -0.15257E-03  0.94052E+00  0.14626E-02  0.93673E+00 
   46.00  0.11113E+01 -0.33788E+00 -0.10664E-03  0.59722E-04  0.99413E+00  0.99739E-03 -0.15278E-03  0.93519E+00  0.21197E-02  0.93127E+00 
   47.00  0.10669E+01 -0.35252E+00 -0.11427E-03  0.63524E-04  0.99388E+00  0.98974E-03 -0.15122E-03  0.92952E+00  0.28376E-02  0.92546E+00 
   48.00  0.10259E+01 -0.36743E+00 -0.12074E-03  0.66998E-04  0.99362E+00  0.97377E-03 -0.14816E-03  0.92347E+00  0.36241E-02  0.91928E+00 
   49.00  0.98757E+00 -0.38260E+00 -0.12606E-03  0.70932E-04  0.99336E+00  0.95075E-03 -0.14390E-03  0.91703E+00  0.44854E-02  0.91270E+00 
   50.00  0.95137E+00 -0.39804E+00 -0.13025E-03  0.75982E-04  0.99309E+00  0.92199E-03 -0.13884E-03  0.91016E+00  0.54251E-02  0.90570E+00 
   51.00  0.91663E+00 -0.41377E+00 -0.13337E-03  0.82643E-04  0.99282E+00  0.88869E-03 -0.13335E-03  0.90283E+00  0.64442E-02  0.89823E+00 
   52.00  0.88288E+00 -0.42978E+00 -0.13553E-03  0.91240E-04  0.99254E+00  0.85199E-03 -0.12785E-03  0.89501E+00  0.75407E-02  0.89027E+00 
   53.00  0.84970E+00 -0.44608E+00 -0.13684E-03  0.10193E-03  0.99225E+00  0.81285E-03 -0.12268E-03  0.88666E+00  0.87092E-02  0.88177E+00 
   54.00  0.81681E+00 -0.46268E+00 -0.13745E-03  0.11472E-03  0.99194E+00  0.77209E-03 -0.11816E-03  0.87774E+00  0.99411E-02  0.87270E+00 
   55.00  0.78406E+00 -0.47956E+00 -0.13751E-03  0.12947E-03  0.99161E+00  0.73038E-03 -0.11456E-03  0.86822E+00  0.11225E-01  0.86302E+00 
   56.00  0.75136E+00 -0.49673E+00 -0.13719E-03  0.14594E-03  0.99126E+00  0.68829E-03 -0.11208E-03  0.85804E+00  0.12544E-01  0.85268E+00 
   57.00  0.71875E+00 -0.51419E+00 -0.13667E-03  0.16376E-03  0.99088E+00  0.64630E-03 -0.11084E-03  0.84718E+00  0.13882E-01  0.84164E+00 
   58.00  0.68632E+00 -0.53192E+00 -0.13617E-03  0.18250E-03  0.99047E+00  0.60484E-03 -0.11090E-03  0.83559E+00  0.15216E-01  0.82986E+00 
   59.00  0.65426E+00 -0.54991E+00 -0.13591E-03  0.20165E-03  0.99004E+00  0.56430E-03 -0.11226E-03  0.82322E+00  0.16521E-01  0.81729E+00 
   60.00  0.62275E+00 -0.56815E+00 -0.13614E-03  0.22067E-03  0.98957E+00  0.52510E-03 -0.11481E-03  0.81003E+00  0.17769E-01  0.80390E+00 
   61.00  0.59204E+00 -0.58661E+00 -0.13716E-03  0.23896E-03  0.98908E+00  0.48768E-03 -0.11840E-03  0.79598E+00  0.18931E-01  0.78965E+00 
   62.00  0.56235E+00 -0.60527E+00 -0.13925E-03  0.25596E-03  0.98856E+00  0.45252E-03 -0.12281E-03  0.78104E+00  0.19976E-01  0.77450E+00 
   63.00  0.53391E+00 -0.62408E+00 -0.14275E-03  0.27109E-03  0.98802E+00  0.42014E-03 -0.12775E-03  0.76516E+00  0.20873E-01  0.75843E+00 
   64.00  0.50690E+00 -0.64303E+00 -0.14798E-03  0.28388E-03  0.98746E+00  0.39109E-03 -0.13291E-03  0.74833E+00  0.21592E-01  0.74140E+00 
   65.00  0.48150E+00 -0.66204E+00 -0.15526E-03  0.29392E-03  0.98688E+00  0.36593E-03 -0.13794E-03  0.73052E+00  0.22108E-01  0.72341E+00 
   66.00  0.45781E+00 -0.68106E+00 -0.16484E-03  0.30098E-03  0.98630E+00  0.34517E-03 -0.14254E-03  0.71172E+00  0.22400E-01  0.70446E+00 
   67.00  0.43591E+00 -0.70004E+00 -0.17695E-03  0.30499E-03  0.98572E+00  0.32927E-03 -0.14641E-03  0.69195E+00  0.22457E-01  0.68454E+00 
   68.00  0.41583E+00 -0.71889E+00 -0.19170E-03  0.30610E-03  0.98514E+00  0.31855E-03 -0.14938E-03  0.67119E+00  0.22277E-01  0.66368E+00 
   69.00  0.39755E+00 -0.73754E+00 -0.20909E-03  0.30469E-03  0.98458E+00  0.31317E-03 -0.15139E-03  0.64949E+00  0.21868E-01  0.64189E+00 
   70.00  0.38101E+00 -0.75592E+00 -0.22900E-03  0.30136E-03  0.98403E+00  0.31308E-03 -0.15251E-03  0.62687E+00  0.21248E-01  0.61923E+00 
   71.00  0.36611E+00 -0.77394E+00 -0.25117E-03  0.29694E-03  0.98351E+00  0.31802E-03 -0.15301E-03  0.60337E+00  0.20449E-01  0.59571E+00 
   72.00  0.35274E+00 -0.79152E+00 -0.27518E-03  0.29240E-03  0.98302E+00  0.32752E-03 -0.15332E-03  0.57903E+00  0.19507E-01  0.57140E+00 
   73.00  0.34075E+00 -0.80860E+00 -0.30054E-03  0.28885E-03  0.98255E+00  0.34093E-03 -0.15407E-03  0.55389E+00  0.18465E-01  0.54632E+00 
   74.00  0.32999E+00 -0.82509E+00 -0.32663E-03  0.28743E-03  0.98212E+00  0.35745E-03 -0.15600E-03  0.52800E+00  0.17370E-01  0.52053E+00 
   75.00  0.32030E+00 -0.84094E+00 -0.35281E-03  0.28928E-03  0.98171E+00  0.37618E-03 -0.15999E-03  0.50140E+00  0.16266E-01  0.49406E+00 
   76.00  0.31151E+00 -0.85609E+00 -0.37838E-03  0.29549E-03  0.98132E+00  0.39620E-03 -0.16701E-03  0.47413E+00  0.15195E-01  0.46694E+00 
   77.00  0.30347E+00 -0.87048E+00 -0.40269E-03  0.30701E-03  0.98095E+00  0.41664E-03 -0.17804E-03  0.44621E+00  0.14193E-01  0.43919E+00 
   78.00  0.29604E+00 -0.88408E+00 -0.42511E-03  0.32469E-03  0.98059E+00  0.43668E-03 -0.19409E-03  0.41767E+00  0.13287E-01  0.41085E+00 
   79.00  0.28909E+00 -0.89683E+00 -0.44510E-03  0.34919E-03  0.98024E+00  0.45562E-03 -0.21614E-03  0.38854E+00  0.12500E-01  0.38192E+00 
   80.00  0.28250E+00 -0.90869E+00 -0.46217E-03  0.38104E-03  0.97988E+00  0.47289E-03 -0.24509E-03  0.35883E+00  0.11844E-01  0.35243E+00 
   81.00  0.27619E+00 -0.91963E+00 -0.47596E-03  0.42057E-03  0.97952E+00  0.48808E-03 -0.28178E-03  0.32857E+00  0.11324E-01  0.32240E+00 
   82.00  0.27007E+00 -0.92962E+00 -0.48619E-03  0.46798E-03  0.97916E+00  0.50092E-03 -0.32694E-03  0.29776E+00  0.10939E-01  0.29183E+00 
   83.00  0.26410E+00 -0.93861E+00 -0.49270E-03  0.52329E-03  0.97878E+00  0.51129E-03 -0.38121E-03  0.26645E+00  0.10683E-01  0.26075E+00 
   84.00  0.25823E+00 -0.94657E+00 -0.49541E-03  0.58638E-03  0.97838E+00  0.51918E-03 -0.44507E-03  0.23465E+00  0.10543E-01  0.22919E+00 
   85.00  0.25243E+00 -0.95347E+00 -0.49436E-03  0.65698E-03  0.97796E+00  0.52471E-03 -0.51887E-03  0.20239E+00  0.10506E-01  0.19718E+00 
   86.00  0.24671E+00 -0.95927E+00 -0.48968E-03  0.73464E-03  0.97753E+00  0.52808E-03 -0.60278E-03  0.16971E+00  0.10554E-01  0.16475E+00 
   87.00  0.24106E+00 -0.96396E+00 -0.48161E-03  0.81877E-03  0.97708E+00  0.52957E-03 -0.69683E-03  0.13666E+00  0.10668E-01  0.13195E+00 
   88.00  0.23548E+00 -0.96749E+00 -0.47046E-03  0.90858E-03  0.97660E+00  0.52950E-03 -0.80079E-03  0.10327E+00  0.10829E-01  0.98825E-01 
   89.00  0.23001E+00 -0.96986E+00 -0.45663E-03  0.10031E-02  0.97612E+00  0.52822E-03 -0.91427E-03  0.69621E-01  0.11018E-01  0.65431E-01 
   90.00  0.22466E+00 -0.97103E+00 -0.44057E-03  0.11013E-02  0.97562E+00  0.52610E-03 -0.10366E-02  0.35757E-01  0.11217E-01  0.31833E-01 
   91.00  0.21945E+00 -0.97101E+00 -0.42279E-03  0.12017E-02  0.97511E+00  0.52349E-03 -0.11669E-02  0.17515E-02  0.11408E-01 -0.19030E-02 
   92.00  0.21442E+00 -0.96978E+00 -0.40383E-03  0.13029E-02  0.97459E+00  0.52070E-03 -0.13040E-02 -0.32325E-01  0.11576E-01 -0.35703E-01 
   93.00  0.20958E+00 -0.96734E+00 -0.38425E-03  0.14033E-02  0.97407E+00  0.51798E-03 -0.14466E-02 -0.66395E-01  0.11708E-01 -0.69489E-01 
   94.00  0.20495E+00 -0.96371E+00 -0.36457E-03  0.15010E-02  0.97355E+00  0.51553E-03 -0.15929E-02 -0.10038E+00  0.11792E-01 -0.10318E+00 
   95.00  0.20057E+00 -0.95889E+00 -0.34530E-03  0.15942E-02  0.97303E+00  0.51348E-03 -0.17413E-02 -0.13419E+00  0.11819E-01 -0.13670E+00 
   96.00  0.19644E+00 -0.95291E+00 -0.32685E-03  0.16810E-02  0.97253E+00  0.51184E-03 -0.18896E-02 -0.16776E+00  0.11785E-01 -0.16996E+00 
   97.00  0.19257E+00 -0.94579E+00 -0.30957E-03  0.17594E-02  0.97204E+00  0.51054E-03 -0.20358E-02 -0.20100E+00  0.11686E-01 -0.20288E+00 
   98.00  0.18898E+00 -0.93758E+00 -0.29366E-03  0.18276E-02  0.97157E+00  0.50945E-03 -0.21776E-02 -0.23382E+00  0.11522E-01 -0.23538E+00 
   99.00  0.18567E+00 -0.92832E+00 -0.27921E-03  0.18837E-02  0.97113E+00  0.50833E-03 -0.23128E-02 -0.26617E+00  0.11294E-01 -0.26739E+00 
  100.00  0.18263E+00 -0.91804E+00 -0.26617E-03  0.19262E-02  0.97070E+00  0.50688E-03 -0.24394E-02 -0.29795E+00  0.11006E-01 -0.29883E+00 
  101.00  0.17987E+00 -0.90681E+00 -0.25433E-03  0.19538E-02  0.97031E+00  0.50474E-03 -0.25552E-02 -0.32912E+00  0.10663E-01 -0.32965E+00 
  102.00  0.17738E+00 -0.89468E+00 -0.24334E-03  0.19654E-02  0.96994E+00  0.50153E-03 -0.26584E-02 -0.35961E+00  0.10273E-01 -0.35978E+00 
  103.00  0.17515E+00 -0.88170E+00 -0.23274E-03  0.19601E-02  0.96959E+00  0.49685E-03 -0.27473E-02 -0.38938E+00  0.98421E-02 -0.38917E+00 
  104.00  0.17317E+00 -0.86793E+00 -0.22193E-03  0.19375E-02  0.96928E+00  0.49032E-03 -0.28206E-02 -0.41837E+00  0.93786E-02 -0.41779E+00 
  105.00  0.17142E+00 -0.85344E+00 -0.21025E-03  0.18975E-02  0.96900E+00  0.48157E-03 -0.28771E-02 -0.44655E+00  0.88902E-02 -0.44558E+00 
  106.00  0.16989E+00 -0.83827E+00 -0.19697E-03  0.18403E-02  0.96874E+00  0.47030E-03 -0.29161E-02 -0.47390E+00  0.83844E-02 -0.47253E+00 
  107.00  0.16857E+00 -0.82250E+00 -0.18133E-03  0.17664E-02  0.96851E+00  0.45624E-03 -0.29372E-02 -0.50038E+00  0.78680E-02 -0.49861E+00 
  108.00  0.16744E+00 -0.80617E+00 -0.16258E-03  0.16767E-02  0.96830E+00  0.43922E-03 -0.29401E-02 -0.52599E+00  0.73472E-02 -0.52380E+00 
  109.00  0.16649E+00 -0.78935E+00 -0.14001E-03  0.15723E-02  0.96812E+00  0.41914E-03 -0.29250E-02 -0.55071E+00  0.68270E-02 -0.54809E+00 
  110.00  0.16570E+00 -0.77207E+00 -0.11297E-03  0.14544E-02  0.96796E+00  0.39597E-03 -0.28924E-02 -0.57454E+00  0.63117E-02 -0.57148E+00 
  111.00  0.16506E+00 -0.75441E+00 -0.80889E-04  0.13247E-02  0.96782E+00  0.36978E-03 -0.28428E-02 -0.59747E+00  0.58048E-02 -0.59397E+00 
  112.00  0.16456E+00 -0.73640E+00 -0.43311E-04  0.11847E-02  0.96770E+00  0.34071E-03 -0.27772E-02 -0.61950E+00  0.53084E-02 -0.61554E+00 
  113.00  0.16418E+00 -0.71810E+00  0.97766E-07  0.10362E-02  0.96759E+00  0.30897E-03 -0.26965E-02 -0.64065E+00  0.48245E-02 -0.63622E+00 
  114.00  0.16392E+00 -0.69956E+00  0.49538E-04  0.88103E-03  0.96750E+00  0.27483E-03 -0.26021E-02 -0.66091E+00  0.43539E-02 -0.65601E+00 
  115.00  0.16376E+00 -0.68081E+00  0.10507E-03  0.72104E-03  0.96743E+00  0.23862E-03 -0.24951E-02 -0.68031E+00  0.38972E-02 -0.67491E+00 
  116.00  0.16369E+00 -0.66191E+00  0.16661E-03  0.55808E-03  0.96737E+00  0.20073E-03 -0.23771E-02 -0.69884E+00  0.34543E-02 -0.69294E+00 
  117.00  0.16372E+00 -0.64289E+00  0.23393E-03  0.39394E-03  0.96733E+00  0.16155E-03 -0.22493E-02 -0.71652E+00  0.30250E-02 -0.71012E+00 
  118.00  0.16383E+00 -0.62380E+00  0.30668E-03  0.23035E-03  0.96730E+00  0.12153E-03 -0.21134E-02 -0.73338E+00  0.26091E-02 -0.72646E+00 
  119.00  0.16402E+00 -0.60467E+00  0.38436E-03  0.68967E-04  0.96728E+00  0.81118E-04 -0.19708E-02 -0.74942E+00  0.22058E-02 -0.74198E+00 
  120.00  0.16429E+00 -0.58556E+00  0.46638E-03 -0.88688E-04  0.96728E+00  0.40761E-04 -0.18230E-02 -0.76466E+00  0.18148E-02 -0.75670E+00 
  121.00  0.16463E+00 -0.56648E+00  0.55203E-03 -0.24121E-03  0.96730E+00  0.90821E-06 -0.16714E-02 -0.77913E+00  0.14356E-02 -0.77063E+00 
  122.00  0.16503E+00 -0.54748E+00  0.64052E-03 -0.38736E-03  0.96732E+00 -0.38005E-04 -0.15174E-02 -0.79283E+00  0.10680E-02 -0.78380E+00 
  123.00  0.16551E+00 -0.52860E+00  0.73100E-03 -0.52603E-03  0.96737E+00 -0.75566E-04 -0.13624E-02 -0.80580E+00  0.71170E-03 -0.79624E+00 
  124.00  0.16605E+00 -0.50986E+00  0.82255E-03 -0.65628E-03  0.96743E+00 -0.11139E-03 -0.12075E-02 -0.81806E+00  0.36674E-03 -0.80796E+00 
  125.00  0.16665E+00 -0.49130E+00  0.91424E-03 -0.77733E-03  0.96750E+00 -0.14512E-03 -0.10539E-02 -0.82962E+00  0.33261E-04 -0.81899E+00 
  126.00  0.16732E+00 -0.47294E+00  0.10051E-02 -0.88859E-03  0.96759E+00 -0.17645E-03 -0.90275E-03 -0.84051E+00 -0.28841E-03 -0.82935E+00 
  127.00  0.16806E+00 -0.45481E+00  0.10942E-02 -0.98960E-03  0.96770E+00 -0.20511E-03 -0.75487E-03 -0.85076E+00 -0.59782E-03 -0.83907E+00 
  128.00  0.16885E+00 -0.43694E+00  0.11806E-02 -0.10801E-02  0.96782E+00 -0.23088E-03 -0.61115E-03 -0.86039E+00 -0.89439E-03 -0.84818E+00 
  129.00  0.16971E+00 -0.41934E+00  0.12634E-02 -0.11598E-02  0.96796E+00 -0.25357E-03 -0.47232E-03 -0.86942E+00 -0.11774E-02 -0.85669E+00 
  130.00  0.17063E+00 -0.40205E+00  0.13418E-02 -0.12289E-02  0.96811E+00 -0.27307E-03 -0.33902E-03 -0.87787E+00 -0.14463E-02 -0.86465E+00 
  131.00  0.17161E+00 -0.38507E+00  0.14151E-02 -0.12873E-02  0.96828E+00 -0.28930E-03 -0.21178E-03 -0.88578E+00 -0.17000E-02 -0.87206E+00 
  132.00  0.17264E+00 -0.36842E+00  0.14824E-02 -0.13353E-02  0.96846E+00 -0.30223E-03 -0.91035E-04 -0.89317E+00 -0.19380E-02 -0.87897E+00 
  133.00  0.17373E+00 -0.35213E+00  0.15433E-02 -0.13731E-02  0.96866E+00 -0.31189E-03  0.22874E-04 -0.90006E+00 -0.21595E-02 -0.88539E+00 
  134.00  0.17488E+00 -0.33619E+00  0.15971E-02 -0.14011E-02  0.96887E+00 -0.31833E-03  0.12968E-03 -0.90648E+00 -0.23637E-02 -0.89136E+00 
  135.00  0.17608E+00 -0.32063E+00  0.16436E-02 -0.14197E-02  0.96909E+00 -0.32166E-03  0.22919E-03 -0.91244E+00 -0.25502E-02 -0.89688E+00 
  136.00  0.17733E+00 -0.30545E+00  0.16823E-02 -0.14294E-02  0.96932E+00 -0.32204E-03  0.32129E-03 -0.91798E+00 -0.27183E-02 -0.90200E+00 
  137.00  0.17862E+00 -0.29065E+00  0.17131E-02 -0.14306E-02  0.96955E+00 -0.31963E-03  0.40590E-03 -0.92312E+00 -0.28677E-02 -0.90673E+00 
  138.00  0.17996E+00 -0.27625E+00  0.17359E-02 -0.14238E-02  0.96980E+00 -0.31466E-03  0.48301E-03 -0.92788E+00 -0.29982E-02 -0.91110E+00 
  139.00  0.18135E+00 -0.26224E+00  0.17505E-02 -0.14094E-02  0.97005E+00 -0.30734E-03  0.55265E-03 -0.93229E+00 -0.31097E-02 -0.91512E+00 
  140.00  0.18277E+00 -0.24863E+00  0.17572E-02 -0.13880E-02  0.97031E+00 -0.29794E-03  0.61488E-03 -0.93635E+00 -0.32023E-02 -0.91883E+00 
  141.00  0.18422E+00 -0.23542E+00  0.17560E-02 -0.13600E-02  0.97057E+00 -0.28672E-03  0.66979E-03 -0.94010E+00 -0.32762E-02 -0.92223E+00 
  142.00  0.18571E+00 -0.22261E+00  0.17472E-02 -0.13259E-02  0.97083E+00 -0.27395E-03  0.71750E-03 -0.94356E+00 -0.33316E-02 -0.92535E+00 
  143.00  0.18722E+00 -0.21019E+00  0.17310E-02 -0.12860E-02  0.97109E+00 -0.25990E-03  0.75816E-03 -0.94673E+00 -0.33692E-02 -0.92821E+00 
  144.00  0.18876E+00 -0.19818E+00  0.17079E-02 -0.12409E-02  0.97135E+00 -0.24486E-03  0.79191E-03 -0.94965E+00 -0.33895E-02 -0.93082E+00 
  145.00  0.19032E+00 -0.18656E+00  0.16782E-02 -0.11909E-02  0.97161E+00 -0.22910E-03  0.81895E-03 -0.95232E+00 -0.33931E-02 -0.93320E+00 
  146.00  0.19189E+00 -0.17534E+00  0.16425E-02 -0.11364E-02  0.97187E+00 -0.21285E-03  0.83946E-03 -0.95477E+00 -0.33810E-02 -0.93536E+00 
  147.00  0.19347E+00 -0.16450E+00  0.16011E-02 -0.10778E-02  0.97212E+00 -0.19639E-03  0.85367E-03 -0.95701E+00 -0.33538E-02 -0.93733E+00 
  148.00  0.19506E+00 -0.15405E+00  0.15546E-02 -0.10155E-02  0.97236E+00 -0.17992E-03  0.86180E-03 -0.95905E+00 -0.33126E-02 -0.93911E+00 
  149.00  0.19665E+00 -0.14397E+00  0.15036E-02 -0.94970E-03  0.97260E+00 -0.16365E-03  0.86411E-03 -0.96090E+00 -0.32582E-02 -0.94071E+00 
  150.00  0.19824E+00 -0.13428E+00  0.14485E-02 -0.88091E-03  0.97282E+00 -0.14777E-03  0.86085E-03 -0.96259E+00 -0.31916E-02 -0.94216E+00 
  151.00  0.19983E+00 -0.12496E+00  0.13899E-02 -0.80944E-03  0.97304E+00 -0.13244E-03  0.85232E-03 -0.96412E+00 -0.31138E-02 -0.94345E+00 
  152.00  0.20140E+00 -0.11601E+00  0.13284E-02 -0.73566E-03  0.97325E+00 -0.11779E-03  0.83883E-03 -0.96550E+00 -0.30257E-02 -0.94460E+00 
  153.00  0.20296E+00 -0.10743E+00  0.12645E-02 -0.65993E-03  0.97344E+00 -0.10394E-03  0.82069E-03 -0.96675E+00 -0.29281E-02 -0.94562E+00 
  154.00  0.20451E+00 -0.99205E-01  0.11986E-02 -0.58265E-03  0.97363E+00 -0.90973E-04  0.79826E-03 -0.96786E+00 -0.28220E-02 -0.94652E+00 
  155.00  0.20604E+00 -0.91339E-01  0.11313E-02 -0.50418E-03  0.97379E+00 -0.78947E-04  0.77190E-03 -0.96886E+00 -0.27083E-02 -0.94731E+00 
  156.00  0.20754E+00 -0.83827E-01  0.10631E-02 -0.42491E-03  0.97395E+00 -0.67905E-04  0.74199E-03 -0.96976E+00 -0.25878E-02 -0.94799E+00 
  157.00  0.20901E+00 -0.76666E-01  0.99439E-03 -0.34525E-03  0.97409E+00 -0.57865E-04  0.70893E-03 -0.97055E+00 -0.24613E-02 -0.94857E+00 
  158.00  0.21046E+00 -0.69851E-01  0.92563E-03 -0.26558E-03  0.97422E+00 -0.48829E-04  0.67313E-03 -0.97124E+00 -0.23297E-02 -0.94905E+00 
  159.00  0.21186E+00 -0.63379E-01  0.85720E-03 -0.18630E-03  0.97433E+00 -0.40777E-04  0.63502E-03 -0.97185E+00 -0.21936E-02 -0.94946E+00 
  160.00  0.21324E+00 -0.57246E-01  0.78949E-03 -0.10781E-03  0.97443E+00 -0.33678E-04  0.59501E-03 -0.97238E+00 -0.20541E-02 -0.94978E+00 
  161.00  0.21457E+00 -0.51449E-01  0.72287E-03 -0.30508E-04  0.97452E+00 -0.27486E-04  0.55356E-03 -0.97284E+00 -0.19118E-02 -0.95004E+00 
  162.00  0.21585E+00 -0.45985E-01  0.65765E-03  0.45235E-04  0.97459E+00 -0.22147E-04  0.51109E-03 -0.97323E+00 -0.17676E-02 -0.95023E+00 
  163.00  0.21709E+00 -0.40849E-01  0.59416E-03  0.11904E-03  0.97465E+00 -0.17598E-04  0.46805E-03 -0.97357E+00 -0.16225E-02 -0.95036E+00 
  164.00  0.21828E+00 -0.36038E-01  0.53268E-03  0.19055E-03  0.97470E+00 -0.13771E-04  0.42486E-03 -0.97384E+00 -0.14773E-02 -0.95044E+00 
  165.00  0.21942E+00 -0.31548E-01  0.47349E-03  0.25943E-03  0.97473E+00 -0.10596E-04  0.38195E-03 -0.97407E+00 -0.13330E-02 -0.95047E+00 
  166.00  0.22050E+00 -0.27374E-01  0.41684E-03  0.32534E-03  0.97475E+00 -0.80003E-05  0.33972E-03 -0.97425E+00 -0.11906E-02 -0.95046E+00 
  167.00  0.22152E+00 -0.23514E-01  0.36298E-03  0.38798E-03  0.97477E+00 -0.59131E-05  0.29858E-03 -0.97439E+00 -0.10512E-02 -0.95042E+00 
  168.00  0.22248E+00 -0.19962E-01  0.31213E-03  0.44707E-03  0.97478E+00 -0.42649E-05  0.25889E-03 -0.97450E+00 -0.91596E-03 -0.95035E+00 
  169.00  0.22338E+00 -0.16716E-01  0.26451E-03  0.50235E-03  0.97478E+00 -0.29901E-05  0.22102E-03 -0.97458E+00 -0.78589E-03 -0.95026E+00 
  170.00  0.22421E+00 -0.13769E-01  0.22031E-03  0.55358E-03  0.97477E+00 -0.20273E-05  0.18530E-03 -0.97464E+00 -0.66218E-03 -0.95016E+00 
  171.00  0.22496E+00 -0.11118E-01  0.17972E-03  0.60054E-03  0.97476E+00 -0.13203E-05  0.15202E-03 -0.97467E+00 -0.54596E-03 -0.95004E+00 
  172.00  0.22565E+00 -0.87598E-02  0.14291E-03  0.64306E-03  0.97475E+00 -0.81825E-06  0.12149E-03 -0.97469E+00 -0.43836E-03 -0.94992E+00 
  173.00  0.22626E+00 -0.66894E-02  0.11003E-03  0.68094E-03  0.97473E+00 -0.47630E-06  0.93940E-04 -0.97470E+00 -0.34047E-03 -0.94980E+00 
  174.00  0.22680E+00 -0.49033E-02  0.81241E-04  0.71407E-03  0.97472E+00 -0.25543E-06  0.69608E-04 -0.97470E+00 -0.25330E-03 -0.94969E+00 
  175.00  0.22725E+00 -0.33983E-02  0.56655E-04  0.74229E-03  0.97470E+00 -0.12247E-06  0.48686E-04 -0.97469E+00 -0.17779E-03 -0.94958E+00 
  176.00  0.22763E+00 -0.21713E-02  0.36384E-04  0.76553E-03  0.97469E+00 -0.49914E-07  0.31341E-04 -0.97469E+00 -0.11480E-03 -0.94949E+00 
  177.00  0.22792E+00 -0.12198E-02  0.20521E-04  0.78368E-03  0.97468E+00 -0.15730E-07  0.17709E-04 -0.97468E+00 -0.65020E-04 -0.94942E+00 
  178.00  0.22813E+00 -0.54161E-03  0.91381E-05  0.79669E-03  0.97467E+00 -0.30979E-08  0.78957E-05 -0.97467E+00 -0.29041E-04 -0.94937E+00 
  179.00  0.22826E+00 -0.13533E-03  0.22872E-05  0.80452E-03  0.97466E+00 -0.19327E-09  0.19777E-05 -0.97466E+00 -0.72819E-05 -0.94933E+00 
  180.00  0.22830E+00 -0.33532E-14  0.56707E-16  0.80713E-03  0.97466E+00 -0.11864E-30  0.49047E-16 -0.97466E+00 -0.18065E-15 -0.94932E+00 
 scattering matrix expansion coefficients
    w  a11         a22         a33         a23         a32         a44         a12         a34         a13         a24         a14
    0  0.1000E+01  0.0000E+00  0.0000E+00  0.0000E+00  0.0000E+00  0.7914E+00  0.0000E+00  0.0000E+00  0.0000E+00  0.0000E+00 -0.1282E-03
    1  0.2137E+01  0.0000E+00  0.0000E+00  0.0000E+00  0.0000E+00  0.2328E+01  0.0000E+00  0.0000E+00  0.0000E+00  0.0000E+00 -0.4724E-03
    2  0.2806E+01  0.2507E+00  0.3819E+01  0.9693E-06 -0.1164E-03  0.2802E+01 -0.4398E+00  0.6081E-02 -0.5069E-04 -0.4002E-03 -0.1038E-02
    3  0.2914E+01  0.6599E-01  0.3496E+01 -0.8197E-06 -0.9355E-03  0.2940E+01 -0.2992E+00  0.4997E-02 -0.2425E-03  0.1200E-03 -0.8760E-03
    4  0.2883E+01  0.4619E-01  0.3248E+01  0.1191E-05 -0.1232E-02  0.2869E+01 -0.2079E+00 -0.1945E-02  0.2500E-03  0.1189E-03 -0.5552E-03
    5  0.2716E+01  0.1333E-01  0.2990E+01 -0.3882E-06 -0.1172E-02  0.2719E+01 -0.1500E+00 -0.6124E-02 -0.1342E-03 -0.4245E-03 -0.8106E-03
    6  0.2476E+01  0.8557E-02  0.2690E+01  0.2611E-06 -0.8479E-03  0.2479E+01 -0.1208E+00 -0.8114E-02  0.1363E-03  0.1229E-03 -0.1985E-03
    7  0.2174E+01  0.7613E-02  0.2345E+01  0.7023E-06 -0.8568E-04  0.2173E+01 -0.9496E-01 -0.4672E-02  0.4270E-04  0.1189E-03  0.1684E-03
    8  0.1826E+01  0.6016E-02  0.1964E+01  0.1167E-05  0.4209E-03  0.1820E+01 -0.8053E-01  0.5309E-03  0.6033E-04 -0.9592E-05  0.2232E-03
    9  0.1457E+01  0.8781E-03  0.1570E+01  0.3501E-06  0.7434E-03  0.1458E+01 -0.8262E-01  0.3547E-02  0.9224E-04  0.6096E-05  0.3223E-03
   10  0.1120E+01 -0.1562E-02  0.1205E+01  0.4665E-07  0.7603E-03  0.1128E+01 -0.8190E-01  0.2997E-02 -0.3132E-05  0.6849E-04  0.4491E-03
   11  0.8528E+00  0.2014E-02  0.9092E+00 -0.1189E-06  0.6006E-03  0.8547E+00 -0.6128E-01  0.1745E-02 -0.4989E-04  0.2654E-04  0.4147E-03
   12  0.6446E+00  0.4353E-02  0.6813E+00  0.1111E-06  0.4452E-03  0.6393E+00 -0.3456E-01  0.2144E-02 -0.2690E-04 -0.2147E-04  0.2918E-03
   13  0.4650E+00  0.1924E-02  0.4938E+00  0.3351E-06  0.3075E-03  0.4614E+00 -0.2354E-01  0.3453E-02 -0.1282E-04 -0.3130E-04  0.1642E-03
   14  0.3058E+00 -0.7270E-03  0.3298E+00  0.3111E-06  0.1811E-03  0.3068E+00 -0.2633E-01  0.3819E-02 -0.1406E-04 -0.1997E-04  0.6398E-04
   15  0.1780E+00 -0.9065E-03  0.1951E+00  0.1514E-06  0.8050E-04  0.1803E+00 -0.2837E-01  0.2969E-02 -0.1474E-04 -0.2666E-05  0.1350E-04
   16  0.9077E-01  0.1184E-03  0.1003E+00  0.4855E-07  0.2392E-04  0.9165E-01 -0.2325E-01  0.1723E-02 -0.8988E-05  0.5411E-05 -0.2616E-05
   17  0.4046E-01  0.7060E-03  0.4465E-01  0.9494E-08  0.2411E-05  0.4007E-01 -0.1461E-01  0.7883E-03 -0.3686E-05  0.5500E-05 -0.4203E-05
   18  0.1581E-01  0.6549E-03  0.1725E-01  0.1121E-08 -0.2094E-05  0.1512E-01 -0.7323E-02  0.2937E-03 -0.7923E-06  0.3238E-05 -0.2430E-05
   19  0.5438E-02  0.3823E-03  0.5819E-02  0.2595E-10 -0.1624E-05  0.4957E-02 -0.3022E-02  0.9132E-04  0.3787E-07  0.1422E-05 -0.1126E-05
   20  0.1654E-02  0.1680E-03  0.1728E-02 -0.1308E-09 -0.6989E-06  0.1424E-02 -0.1053E-02  0.2410E-04  0.1198E-06  0.5082E-06 -0.4360E-06
   21  0.4475E-03  0.5946E-04  0.4545E-03 -0.9708E-10 -0.2227E-06  0.3614E-03 -0.3152E-03  0.5523E-05  0.5447E-07  0.1523E-06 -0.1406E-06
   22  0.1082E-03  0.1761E-04  0.1068E-03 -0.4789E-10 -0.5990E-07  0.8174E-04 -0.8227E-04  0.1123E-05  0.1862E-07  0.3968E-07 -0.3701E-07
   23  0.2357E-04  0.4482E-05  0.2259E-04 -0.1653E-10 -0.1376E-07  0.1664E-04 -0.1899E-04  0.2044E-06  0.5031E-08  0.9498E-08 -0.8892E-08
   24  0.4660E-05  0.1002E-05  0.4342E-05 -0.4484E-11 -0.2748E-08  0.3077E-05 -0.3922E-05  0.3261E-07  0.1091E-08  0.2045E-08 -0.1901E-08
   25  0.8405E-06  0.1998E-06  0.7621E-06 -0.1025E-11 -0.4813E-09  0.5191E-06 -0.7318E-06  0.4824E-08  0.2114E-09  0.3859E-09 -0.3399E-09
   26  0.1389E-06  0.3584E-07  0.1228E-06 -0.2063E-12 -0.7590E-10  0.8034E-07 -0.1242E-06  0.5035E-09  0.3697E-10  0.6032E-10 -0.4989E-10
   27  0.2059E-07  0.5703E-08  0.1773E-07 -0.3878E-13 -0.8508E-11  0.1113E-07 -0.1882E-07  0.5610E-10  0.4084E-11  0.7215E-11 -0.4894E-11
   28  0.2812E-08  0.8251E-09  0.2369E-08 -0.5764E-14 -0.1204E-11  0.1423E-08 -0.2617E-08  0.2990E-11  0.7208E-12  0.6834E-12 -0.3124E-12
   29  0.2991E-09  0.9260E-10  0.2462E-09 -0.6281E-15 -0.6201E-13  0.1414E-09 -0.2830E-09  0.1989E-12  0.3382E-13  0.2396E-13  0.2183E-13
   30  0.3254E-10  0.1053E-10  0.2625E-10 -0.7522E-16 -0.8338E-14  0.1436E-10 -0.3120E-10  0.9431E-15  0.5795E-14 -0.1384E-14  0.6411E-14
   31  0.1582E-11  0.5313E-12  0.1251E-11 -0.7329E-17 -0.6527E-16  0.6598E-12 -0.1534E-11 -0.9624E-16  0.6334E-16 -0.5444E-15  0.8280E-15
   32  0.2111E-12  0.7591E-13  0.1658E-12 -0.4903E-20 -0.1944E-16  0.8217E-13 -0.2089E-12 -0.2862E-15  0.1246E-16 -0.3037E-16  0.4513E-16
