 input file is 
mstm13_256_7299_20_00226.inp  
 input file comments follow:
***********************************************************
  This is the default mstm input file for v.3.0.
  The run is for a 7-sphere cluster of identical spheres.   The positions
  are embedded in the input file.

  The run makes use of the new_run and multiple_run options.

  14 April 2013
***********************************************************
 number of processors:
   1
 input parameters for run number 
    1
 number of spheres, volume size parameter:
  256  0.46346E+01
 position file:
position/n256/a13.out                                       
 output file:
output/256/x7299/20/00226/mt_13_256_7299_20_00226.dat       
 length, ref. indx. scale factors:
   0.730   2.000   0.023
 chiral factors:
  0.00000E+00  0.00000E+00
 scattering matrix directions based on incident frame
 automatic scattering angle calculation
 thetamin, thetamax:
      0.0    180.0
 number scattering angles:
      181
 epsmie, epssoln, max number iterations:
  0.1000E-05  0.1000E-07 5000
 medium refractive index:
  1.0000  0.0000
 target euler rotation angles:
    0.0000    0.0000    0.0000
 far field kr, iterations/correction:
 -0.1000E+01   20
 plane wave incidence
 random orientation calculations
 t matrix calculated, stored in file 
tmatrixfiles/1325672992000226                               
 t matrix convergence epsilon:
  0.1000E-06
 all spheres excited (total T matrix) 
 calculation results for run 
    1
 total ext, abs, scat efficiencies, w.r.t. xv, and asym. parm
  0.70530E+01  0.31185E+00  0.67411E+01  0.71365E+00
 scattering matrix elements (normalized w/ S11)
   theta      11           12           13           14           22           23           24           33           34           44      
    0.00  0.93558E+02  0.00000E+00  0.00000E+00 -0.22980E-03  0.99952E+00 -0.10780E-02  0.00000E+00  0.99952E+00  0.00000E+00  0.99917E+00 
    1.00  0.91979E+02 -0.20222E-03  0.23409E-06 -0.22777E-03  0.99951E+00 -0.10787E-02  0.15553E-06  0.99951E+00 -0.86797E-04  0.99914E+00 
    2.00  0.87407E+02 -0.81194E-03  0.95565E-06 -0.22130E-03  0.99947E+00 -0.10813E-02  0.62803E-06  0.99947E+00 -0.34868E-03  0.99907E+00 
    3.00  0.80308E+02 -0.18383E-02  0.22276E-05 -0.20929E-03  0.99940E+00 -0.10883E-02  0.14367E-05  0.99940E+00 -0.78996E-03  0.99895E+00 
    4.00  0.71370E+02 -0.32963E-02  0.41731E-05 -0.19004E-03  0.99930E+00 -0.11040E-02  0.26187E-05  0.99930E+00 -0.14172E-02  0.99876E+00 
    5.00  0.61402E+02 -0.52057E-02  0.70045E-05 -0.16164E-03  0.99915E+00 -0.11351E-02  0.42406E-05  0.99914E+00 -0.22380E-02  0.99847E+00 
    6.00  0.51207E+02 -0.75897E-02  0.11068E-04 -0.12264E-03  0.99894E+00 -0.11912E-02  0.64199E-05  0.99891E+00 -0.32600E-02  0.99806E+00 
    7.00  0.41485E+02 -0.10471E-01  0.16903E-04 -0.73473E-04  0.99864E+00 -0.12855E-02  0.93639E-05  0.99858E+00 -0.44884E-02  0.99749E+00 
    8.00  0.32758E+02 -0.13866E-01  0.25292E-04 -0.18843E-04  0.99821E+00 -0.14345E-02  0.13433E-04  0.99812E+00 -0.59248E-02  0.99667E+00 
    9.00  0.25341E+02 -0.17776E-01  0.37257E-04  0.28718E-04  0.99762E+00 -0.16555E-02  0.19220E-04  0.99747E+00 -0.75661E-02  0.99555E+00 
   10.00  0.19347E+02 -0.22172E-01  0.53878E-04  0.44797E-04  0.99681E+00 -0.19603E-02  0.27615E-04  0.99658E+00 -0.94053E-02  0.99401E+00 
   11.00  0.14721E+02 -0.26994E-01  0.75737E-04 -0.84800E-05  0.99574E+00 -0.23422E-02  0.39725E-04  0.99540E+00 -0.11436E-01  0.99198E+00 
   12.00  0.11301E+02 -0.32156E-01  0.10187E-03 -0.17563E-03  0.99440E+00 -0.27572E-02  0.56479E-04  0.99391E+00 -0.13652E-01  0.98945E+00 
   13.00  0.88645E+01 -0.37585E-01  0.12849E-03 -0.48689E-03  0.99283E+00 -0.31102E-02  0.77792E-04  0.99214E+00 -0.16044E-01  0.98649E+00 
   14.00  0.71796E+01 -0.43279E-01  0.14861E-03 -0.92858E-03  0.99117E+00 -0.32664E-02  0.10163E-03  0.99022E+00 -0.18570E-01  0.98334E+00 
   15.00  0.60349E+01 -0.49338E-01  0.15365E-03 -0.14285E-02  0.98958E+00 -0.30971E-02  0.12388E-03  0.98829E+00 -0.21125E-01  0.98027E+00 
   16.00  0.52569E+01 -0.55912E-01  0.13666E-03 -0.18783E-02  0.98817E+00 -0.25344E-02  0.13958E-03  0.98645E+00 -0.23547E-01  0.97749E+00 
   17.00  0.47144E+01 -0.63111E-01  0.94795E-04 -0.21803E-02  0.98699E+00 -0.15934E-02  0.14487E-03  0.98473E+00 -0.25669E-01  0.97504E+00 
   18.00  0.43157E+01 -0.70945E-01  0.29738E-04 -0.22829E-02  0.98601E+00 -0.35219E-03  0.13815E-03  0.98309E+00 -0.27398E-01  0.97285E+00 
   19.00  0.40013E+01 -0.79312E-01 -0.53376E-04 -0.21858E-02  0.98514E+00  0.10800E-02  0.12015E-03  0.98144E+00 -0.28767E-01  0.97076E+00 
   20.00  0.37363E+01 -0.88038E-01 -0.14698E-03 -0.19250E-02  0.98430E+00  0.25819E-02  0.93304E-04  0.97971E+00 -0.29941E-01  0.96865E+00 
   21.00  0.35037E+01 -0.96899E-01 -0.24163E-03 -0.15550E-02  0.98344E+00  0.40233E-02  0.60909E-04  0.97788E+00 -0.31169E-01  0.96643E+00 
   22.00  0.32975E+01 -0.10564E+00 -0.32643E-03 -0.11353E-02  0.98256E+00  0.52652E-02  0.26502E-04  0.97595E+00 -0.32702E-01  0.96413E+00 
   23.00  0.31176E+01 -0.11402E+00 -0.39015E-03 -0.72236E-03  0.98167E+00  0.61691E-02 -0.66740E-05  0.97399E+00 -0.34689E-01  0.96182E+00 
   24.00  0.29653E+01 -0.12179E+00 -0.42343E-03 -0.36415E-03  0.98083E+00  0.66209E-02 -0.36024E-04  0.97208E+00 -0.37102E-01  0.95961E+00 
   25.00  0.28398E+01 -0.12884E+00 -0.42165E-03 -0.96452E-04  0.98007E+00  0.65646E-02 -0.59729E-04  0.97029E+00 -0.39716E-01  0.95761E+00 
   26.00  0.27366E+01 -0.13519E+00 -0.38707E-03  0.59827E-04  0.97939E+00  0.60261E-02 -0.76567E-04  0.96865E+00 -0.42186E-01  0.95582E+00 
   27.00  0.26471E+01 -0.14101E+00 -0.32872E-03  0.98379E-04  0.97875E+00  0.51095E-02 -0.85461E-04  0.96708E+00 -0.44182E-01  0.95417E+00 
   28.00  0.25607E+01 -0.14660E+00 -0.25997E-03  0.24197E-04  0.97807E+00  0.39647E-02 -0.84957E-04  0.96547E+00 -0.45507E-01  0.95248E+00 
   29.00  0.24674E+01 -0.15233E+00 -0.19521E-03 -0.15090E-03  0.97725E+00  0.27459E-02 -0.72874E-04  0.96365E+00 -0.46159E-01  0.95051E+00 
   30.00  0.23603E+01 -0.15854E+00 -0.14710E-03 -0.41135E-03  0.97620E+00  0.15804E-02 -0.46315E-04  0.96146E+00 -0.46296E-01  0.94805E+00 
   31.00  0.22374E+01 -0.16556E+00 -0.12511E-03 -0.73803E-03  0.97486E+00  0.55591E-03 -0.20833E-05  0.95875E+00 -0.46169E-01  0.94490E+00 
   32.00  0.21018E+01 -0.17363E+00 -0.13476E-03 -0.11060E-02  0.97319E+00 -0.27907E-03  0.62458E-04  0.95542E+00 -0.46044E-01  0.94097E+00 
   33.00  0.19607E+01 -0.18294E+00 -0.17706E-03 -0.14814E-02  0.97122E+00 -0.90939E-03  0.14812E-03  0.95143E+00 -0.46124E-01  0.93623E+00 
   34.00  0.18230E+01 -0.19350E+00 -0.24783E-03 -0.18210E-02  0.96903E+00 -0.13481E-02  0.25245E-03  0.94685E+00 -0.46488E-01  0.93079E+00 
   35.00  0.16966E+01 -0.20515E+00 -0.33754E-03 -0.20774E-02  0.96675E+00 -0.16322E-02  0.36874E-03  0.94182E+00 -0.47054E-01  0.92488E+00 
   36.00  0.15870E+01 -0.21754E+00 -0.43264E-03 -0.22101E-02  0.96453E+00 -0.18156E-02  0.48645E-03  0.93658E+00 -0.47589E-01  0.91883E+00 
   37.00  0.14962E+01 -0.23012E+00 -0.51877E-03 -0.22000E-02  0.96250E+00 -0.19579E-02  0.59352E-03  0.93138E+00 -0.47786E-01  0.91296E+00 
   38.00  0.14225E+01 -0.24233E+00 -0.58504E-03 -0.20586E-02  0.96072E+00 -0.21090E-02  0.67984E-03  0.92643E+00 -0.47390E-01  0.90749E+00 
   39.00  0.13621E+01 -0.25374E+00 -0.62692E-03 -0.18248E-02  0.95914E+00 -0.22980E-02  0.73997E-03  0.92180E+00 -0.46292E-01  0.90249E+00 
   40.00  0.13103E+01 -0.26415E+00 -0.64625E-03 -0.15513E-02  0.95768E+00 -0.25292E-02  0.77359E-03  0.91745E+00 -0.44570E-01  0.89788E+00 
   41.00  0.12624E+01 -0.27364E+00 -0.64877E-03 -0.12885E-02  0.95621E+00 -0.27885E-02  0.78373E-03  0.91325E+00 -0.42441E-01  0.89345E+00 
   42.00  0.12152E+01 -0.28244E+00 -0.64073E-03 -0.10723E-02  0.95461E+00 -0.30524E-02  0.77428E-03  0.90900E+00 -0.40181E-01  0.88899E+00 
   43.00  0.11670E+01 -0.29096E+00 -0.62618E-03 -0.91943E-03  0.95281E+00 -0.32970E-02  0.74793E-03  0.90451E+00 -0.38053E-01  0.88425E+00 
   44.00  0.11172E+01 -0.29960E+00 -0.60552E-03 -0.82790E-03  0.95077E+00 -0.35036E-02  0.70537E-03  0.89957E+00 -0.36248E-01  0.87903E+00 
   45.00  0.10662E+01 -0.30879E+00 -0.57535E-03 -0.78124E-03  0.94848E+00 -0.36621E-02  0.64568E-03  0.89402E+00 -0.34871E-01  0.87316E+00 
   46.00  0.10150E+01 -0.31882E+00 -0.52947E-03 -0.75493E-03  0.94593E+00 -0.37702E-02  0.56757E-03  0.88770E+00 -0.33939E-01  0.86650E+00 
   47.00  0.96451E+00 -0.32987E+00 -0.46060E-03 -0.72385E-03  0.94316E+00 -0.38320E-02  0.47119E-03  0.88051E+00 -0.33404E-01  0.85893E+00 
   48.00  0.91572E+00 -0.34198E+00 -0.36263E-03 -0.66956E-03  0.94018E+00 -0.38539E-02  0.35971E-03  0.87241E+00 -0.33189E-01  0.85039E+00 
   49.00  0.86941E+00 -0.35505E+00 -0.23285E-03 -0.58599E-03  0.93702E+00 -0.38410E-02  0.24041E-03  0.86340E+00 -0.33208E-01  0.84090E+00 
   50.00  0.82623E+00 -0.36886E+00 -0.73819E-04 -0.48210E-03  0.93372E+00 -0.37933E-02  0.12469E-03  0.85357E+00 -0.33384E-01  0.83056E+00 
   51.00  0.78668E+00 -0.38317E+00  0.10559E-03 -0.38068E-03  0.93035E+00 -0.37054E-02  0.26935E-04  0.84307E+00 -0.33643E-01  0.81952E+00 
   52.00  0.75103E+00 -0.39777E+00  0.29021E-03 -0.31331E-03  0.92698E+00 -0.35664E-02 -0.37848E-04  0.83207E+00 -0.33899E-01  0.80799E+00 
   53.00  0.71926E+00 -0.41247E+00  0.46007E-03 -0.31267E-03  0.92367E+00 -0.33638E-02 -0.56948E-04  0.82073E+00 -0.34042E-01  0.79620E+00 
   54.00  0.69096E+00 -0.42716E+00  0.59308E-03 -0.40426E-03  0.92045E+00 -0.30872E-02 -0.22699E-04  0.80917E+00 -0.33945E-01  0.78428E+00 
   55.00  0.66542E+00 -0.44180E+00  0.66831E-03 -0.60035E-03  0.91733E+00 -0.27320E-02  0.65993E-04  0.79738E+00 -0.33483E-01  0.77227E+00 
   56.00  0.64168E+00 -0.45634E+00  0.66908E-03 -0.89809E-03  0.91423E+00 -0.23015E-02  0.20391E-03  0.78527E+00 -0.32570E-01  0.76010E+00 
   57.00  0.61871E+00 -0.47076E+00  0.58493E-03 -0.12820E-02  0.91106E+00 -0.18065E-02  0.38141E-03  0.77269E+00 -0.31195E-01  0.74758E+00 
   58.00  0.59567E+00 -0.48499E+00  0.41259E-03 -0.17290E-02  0.90767E+00 -0.12643E-02  0.58708E-03  0.75942E+00 -0.29441E-01  0.73447E+00 
   59.00  0.57200E+00 -0.49895E+00  0.15622E-03 -0.22142E-02  0.90394E+00 -0.69732E-03  0.81029E-03  0.74528E+00 -0.27479E-01  0.72055E+00 
   60.00  0.54758E+00 -0.51256E+00 -0.17230E-03 -0.27150E-02  0.89978E+00 -0.13192E-03  0.10431E-02  0.73015E+00 -0.25545E-01  0.70564E+00 
   61.00  0.52268E+00 -0.52573E+00 -0.55290E-03 -0.32130E-02  0.89514E+00  0.40231E-03  0.12811E-02  0.71396E+00 -0.23897E-01  0.68966E+00 
   62.00  0.49786E+00 -0.53844E+00 -0.95714E-03 -0.36944E-02  0.89004E+00  0.87374E-03  0.15238E-02  0.69679E+00 -0.22761E-01  0.67266E+00 
   63.00  0.47381E+00 -0.55068E+00 -0.13491E-02 -0.41486E-02  0.88457E+00  0.12512E-02  0.17741E-02  0.67879E+00 -0.22279E-01  0.65479E+00 
   64.00  0.45118E+00 -0.56251E+00 -0.16882E-02 -0.45663E-02  0.87886E+00  0.15085E-02  0.20370E-02  0.66019E+00 -0.22465E-01  0.63629E+00 
   65.00  0.43048E+00 -0.57402E+00 -0.19351E-02 -0.49380E-02  0.87309E+00  0.16294E-02  0.23179E-02  0.64127E+00 -0.23197E-01  0.61746E+00 
   66.00  0.41198E+00 -0.58527E+00 -0.20584E-02 -0.52524E-02  0.86742E+00  0.16131E-02  0.26206E-02  0.62226E+00 -0.24240E-01  0.59859E+00 
   67.00  0.39569E+00 -0.59634E+00 -0.20418E-02 -0.54970E-02  0.86201E+00  0.14769E-02  0.29448E-02  0.60336E+00 -0.25315E-01  0.57989E+00 
   68.00  0.38148E+00 -0.60724E+00 -0.18878E-02 -0.56591E-02  0.85694E+00  0.12547E-02  0.32846E-02  0.58465E+00 -0.26182E-01  0.56150E+00 
   69.00  0.36909E+00 -0.61796E+00 -0.16181E-02 -0.57277E-02  0.85229E+00  0.99267E-03  0.36278E-02  0.56613E+00 -0.26703E-01  0.54345E+00 
   70.00  0.35824E+00 -0.62845E+00 -0.12699E-02 -0.56956E-02  0.84808E+00  0.74118E-03  0.39566E-02  0.54770E+00 -0.26877E-01  0.52567E+00 
   71.00  0.34870E+00 -0.63871E+00 -0.88940E-03 -0.55618E-02  0.84434E+00  0.54667E-03  0.42495E-02  0.52922E+00 -0.26829E-01  0.50805E+00 
   72.00  0.34028E+00 -0.64874E+00 -0.52372E-03 -0.53323E-02  0.84105E+00  0.44385E-03  0.44843E-02  0.51051E+00 -0.26759E-01  0.49041E+00 
   73.00  0.33285E+00 -0.65860E+00 -0.21377E-03 -0.50200E-02  0.83821E+00  0.44977E-03  0.46413E-02  0.49141E+00 -0.26879E-01  0.47257E+00 
   74.00  0.32629E+00 -0.66835E+00  0.12274E-04 -0.46433E-02  0.83578E+00  0.56064E-03  0.47070E-02  0.47176E+00 -0.27346E-01  0.45433E+00 
   75.00  0.32049E+00 -0.67802E+00  0.14299E-03 -0.42243E-02  0.83367E+00  0.75207E-03  0.46762E-02  0.45144E+00 -0.28225E-01  0.43552E+00 
   76.00  0.31531E+00 -0.68764E+00  0.18481E-03 -0.37861E-02  0.83179E+00  0.98294E-03  0.45532E-02  0.43036E+00 -0.29476E-01  0.41599E+00 
   77.00  0.31058E+00 -0.69715E+00  0.15985E-03 -0.33502E-02  0.82997E+00  0.12024E-02  0.43508E-02  0.40849E+00 -0.30978E-01  0.39563E+00 
   78.00  0.30611E+00 -0.70642E+00  0.10101E-03 -0.29352E-02  0.82806E+00  0.13586E-02  0.40878E-02  0.38584E+00 -0.32563E-01  0.37439E+00 
   79.00  0.30170E+00 -0.71529E+00  0.45478E-04 -0.25566E-02  0.82593E+00  0.14070E-02  0.37855E-02  0.36246E+00 -0.34067E-01  0.35227E+00 
   80.00  0.29719E+00 -0.72356E+00  0.28007E-04 -0.22273E-02  0.82346E+00  0.13179E-02  0.34645E-02  0.33842E+00 -0.35362E-01  0.32934E+00 
   81.00  0.29244E+00 -0.73107E+00  0.75202E-04 -0.19580E-02  0.82060E+00  0.10803E-02  0.31418E-02  0.31381E+00 -0.36381E-01  0.30569E+00 
   82.00  0.28742E+00 -0.73767E+00  0.20148E-03 -0.17580E-02  0.81734E+00  0.70394E-03  0.28293E-02  0.28872E+00 -0.37110E-01  0.28145E+00 
   83.00  0.28212E+00 -0.74327E+00  0.40711E-03 -0.16343E-02  0.81373E+00  0.21765E-03  0.25333E-02  0.26321E+00 -0.37582E-01  0.25674E+00 
   84.00  0.27660E+00 -0.74783E+00  0.67851E-03 -0.15903E-02  0.80986E+00 -0.33429E-03  0.22548E-02  0.23732E+00 -0.37849E-01  0.23167E+00 
   85.00  0.27092E+00 -0.75134E+00  0.99064E-03 -0.16235E-02  0.80585E+00 -0.89844E-03  0.19903E-02  0.21107E+00 -0.37966E-01  0.20634E+00 
   86.00  0.26518E+00 -0.75384E+00  0.13114E-02 -0.17238E-02  0.80179E+00 -0.14199E-02  0.17337E-02  0.18447E+00 -0.37965E-01  0.18080E+00 
   87.00  0.25943E+00 -0.75532E+00  0.16073E-02 -0.18726E-02  0.79778E+00 -0.18507E-02  0.14777E-02  0.15749E+00 -0.37856E-01  0.15511E+00 
   88.00  0.25372E+00 -0.75582E+00  0.18494E-02 -0.20426E-02  0.79386E+00 -0.21568E-02  0.12154E-02  0.13015E+00 -0.37627E-01  0.12932E+00 
   89.00  0.24807E+00 -0.75529E+00  0.20190E-02 -0.22006E-02  0.79002E+00 -0.23236E-02  0.94182E-03  0.10248E+00 -0.37259E-01  0.10345E+00 
   90.00  0.24246E+00 -0.75371E+00  0.21108E-02 -0.23111E-02  0.78624E+00 -0.23569E-02  0.65486E-03  0.74532E-01 -0.36737E-01  0.77587E-01 
   91.00  0.23688E+00 -0.75102E+00  0.21338E-02 -0.23404E-02  0.78246E+00 -0.22817E-02  0.35622E-03  0.46433E-01 -0.36070E-01  0.51804E-01 
   92.00  0.23132E+00 -0.74720E+00  0.21104E-02 -0.22619E-02  0.77862E+00 -0.21370E-02  0.51545E-04  0.18328E-01 -0.35299E-01  0.26216E-01 
   93.00  0.22580E+00 -0.74224E+00  0.20719E-02 -0.20589E-02  0.77468E+00 -0.19692E-02 -0.24977E-03 -0.96032E-02 -0.34500E-01  0.95697E-03 
   94.00  0.22034E+00 -0.73619E+00  0.20540E-02 -0.17277E-02  0.77064E+00 -0.18252E-02 -0.53515E-03 -0.37172E-01 -0.33772E-01 -0.23836E-01 
   95.00  0.21502E+00 -0.72917E+00  0.20904E-02 -0.12780E-02  0.76654E+00 -0.17449E-02 -0.78989E-03 -0.64198E-01 -0.33229E-01 -0.48034E-01 
   96.00  0.20991E+00 -0.72135E+00  0.22076E-02 -0.73202E-03  0.76246E+00 -0.17568E-02 -0.99873E-03 -0.90532E-01 -0.32980E-01 -0.71540E-01 
   97.00  0.20511E+00 -0.71293E+00  0.24200E-02 -0.12231E-03  0.75853E+00 -0.18739E-02 -0.11477E-02 -0.11607E+00 -0.33108E-01 -0.94300E-01 
   98.00  0.20073E+00 -0.70415E+00  0.27268E-02  0.51245E-03  0.75490E+00 -0.20929E-02 -0.12266E-02 -0.14078E+00 -0.33657E-01 -0.11632E+00 
   99.00  0.19684E+00 -0.69524E+00  0.31112E-02  0.11320E-02  0.75172E+00 -0.23955E-02 -0.12306E-02 -0.16468E+00 -0.34624E-01 -0.13765E+00 
  100.00  0.19351E+00 -0.68637E+00  0.35422E-02  0.16996E-02  0.74912E+00 -0.27517E-02 -0.11622E-02 -0.18784E+00 -0.35961E-01 -0.15840E+00 
  101.00  0.19078E+00 -0.67763E+00  0.39781E-02  0.21860E-02  0.74719E+00 -0.31248E-02 -0.10318E-02 -0.21039E+00 -0.37586E-01 -0.17870E+00 
  102.00  0.18864E+00 -0.66907E+00  0.43722E-02  0.25726E-02  0.74596E+00 -0.34768E-02 -0.85688E-03 -0.23247E+00 -0.39394E-01 -0.19869E+00 
  103.00  0.18707E+00 -0.66061E+00  0.46786E-02  0.28523E-02  0.74543E+00 -0.37733E-02 -0.66015E-03 -0.25420E+00 -0.41282E-01 -0.21848E+00 
  104.00  0.18602E+00 -0.65216E+00  0.48575E-02  0.30288E-02  0.74551E+00 -0.39869E-02 -0.46703E-03 -0.27569E+00 -0.43162E-01 -0.23814E+00 
  105.00  0.18541E+00 -0.64358E+00  0.48789E-02  0.31140E-02  0.74613E+00 -0.40994E-02 -0.30250E-03 -0.29698E+00 -0.44968E-01 -0.25769E+00 
  106.00  0.18518E+00 -0.63472E+00  0.47247E-02  0.31254E-02  0.74714E+00 -0.41018E-02 -0.18834E-03 -0.31809E+00 -0.46663E-01 -0.27710E+00 
  107.00  0.18525E+00 -0.62547E+00  0.43895E-02  0.30826E-02  0.74845E+00 -0.39935E-02 -0.14107E-03 -0.33899E+00 -0.48229E-01 -0.29630E+00 
  108.00  0.18553E+00 -0.61575E+00  0.38792E-02  0.30054E-02  0.74993E+00 -0.37815E-02 -0.17064E-03 -0.35960E+00 -0.49658E-01 -0.31518E+00 
  109.00  0.18597E+00 -0.60553E+00  0.32106E-02  0.29114E-02  0.75149E+00 -0.34781E-02 -0.28006E-03 -0.37986E+00 -0.50947E-01 -0.33363E+00 
  110.00  0.18650E+00 -0.59481E+00  0.24089E-02  0.28153E-02  0.75306E+00 -0.31006E-02 -0.46567E-03 -0.39968E+00 -0.52088E-01 -0.35154E+00 
  111.00  0.18709E+00 -0.58361E+00  0.15067E-02  0.27283E-02  0.75459E+00 -0.26697E-02 -0.71794E-03 -0.41899E+00 -0.53060E-01 -0.36882E+00 
  112.00  0.18770E+00 -0.57199E+00  0.54147E-03  0.26577E-02  0.75603E+00 -0.22087E-02 -0.10227E-02 -0.43773E+00 -0.53839E-01 -0.38540E+00 
  113.00  0.18829E+00 -0.56000E+00 -0.44586E-03  0.26073E-02  0.75737E+00 -0.17426E-02 -0.13622E-02 -0.45586E+00 -0.54392E-01 -0.40125E+00 
  114.00  0.18885E+00 -0.54768E+00 -0.14135E-02  0.25776E-02  0.75861E+00 -0.12962E-02 -0.17169E-02 -0.47338E+00 -0.54690E-01 -0.41637E+00 
  115.00  0.18937E+00 -0.53507E+00 -0.23210E-02  0.25662E-02  0.75974E+00 -0.89331E-03 -0.20663E-02 -0.49027E+00 -0.54711E-01 -0.43075E+00 
  116.00  0.18982E+00 -0.52218E+00 -0.31318E-02  0.25681E-02  0.76079E+00 -0.55460E-03 -0.23904E-02 -0.50655E+00 -0.54451E-01 -0.44445E+00 
  117.00  0.19022E+00 -0.50903E+00 -0.38157E-02  0.25765E-02  0.76175E+00 -0.29630E-03 -0.26709E-02 -0.52223E+00 -0.53922E-01 -0.45750E+00 
  118.00  0.19055E+00 -0.49562E+00 -0.43505E-02  0.25832E-02  0.76267E+00 -0.12884E-03 -0.28921E-02 -0.53734E+00 -0.53158E-01 -0.46996E+00 
  119.00  0.19084E+00 -0.48195E+00 -0.47236E-02  0.25795E-02  0.76357E+00 -0.55991E-04 -0.30418E-02 -0.55189E+00 -0.52209E-01 -0.48188E+00 
  120.00  0.19107E+00 -0.46805E+00 -0.49331E-02  0.25569E-02  0.76446E+00 -0.74532E-04 -0.31119E-02 -0.56591E+00 -0.51140E-01 -0.49332E+00 
  121.00  0.19128E+00 -0.45392E+00 -0.49870E-02  0.25078E-02  0.76538E+00 -0.17457E-03 -0.30987E-02 -0.57940E+00 -0.50021E-01 -0.50434E+00 
  122.00  0.19147E+00 -0.43959E+00 -0.49025E-02  0.24263E-02  0.76635E+00 -0.34044E-03 -0.30036E-02 -0.59240E+00 -0.48923E-01 -0.51498E+00 
  123.00  0.19165E+00 -0.42511E+00 -0.47046E-02  0.23088E-02  0.76740E+00 -0.55208E-03 -0.28329E-02 -0.60491E+00 -0.47908E-01 -0.52528E+00 
  124.00  0.19186E+00 -0.41051E+00 -0.44233E-02  0.21547E-02  0.76853E+00 -0.78685E-03 -0.25970E-02 -0.61695E+00 -0.47024E-01 -0.53528E+00 
  125.00  0.19210E+00 -0.39585E+00 -0.40912E-02  0.19667E-02  0.76977E+00 -0.10215E-02 -0.23103E-02 -0.62853E+00 -0.46302E-01 -0.54499E+00 
  126.00  0.19238E+00 -0.38119E+00 -0.37405E-02  0.17508E-02  0.77111E+00 -0.12344E-02 -0.19901E-02 -0.63965E+00 -0.45755E-01 -0.55444E+00 
  127.00  0.19273E+00 -0.36658E+00 -0.34003E-02  0.15161E-02  0.77257E+00 -0.14070E-02 -0.16549E-02 -0.65034E+00 -0.45376E-01 -0.56362E+00 
  128.00  0.19315E+00 -0.35206E+00 -0.30947E-02  0.12744E-02  0.77414E+00 -0.15254E-02 -0.13236E-02 -0.66059E+00 -0.45146E-01 -0.57253E+00 
  129.00  0.19364E+00 -0.33768E+00 -0.28408E-02  0.10390E-02  0.77581E+00 -0.15816E-02 -0.10138E-02 -0.67041E+00 -0.45035E-01 -0.58117E+00 
  130.00  0.19422E+00 -0.32347E+00 -0.26483E-02  0.82366E-03  0.77758E+00 -0.15731E-02 -0.74037E-03 -0.67981E+00 -0.45011E-01 -0.58950E+00 
  131.00  0.19488E+00 -0.30945E+00 -0.25193E-02  0.64145E-03  0.77943E+00 -0.15030E-02 -0.51496E-03 -0.68879E+00 -0.45042E-01 -0.59752E+00 
  132.00  0.19563E+00 -0.29566E+00 -0.24491E-02  0.50359E-03  0.78133E+00 -0.13785E-02 -0.34502E-03 -0.69737E+00 -0.45101E-01 -0.60520E+00 
  133.00  0.19645E+00 -0.28210E+00 -0.24277E-02  0.41861E-03  0.78328E+00 -0.12101E-02 -0.23392E-03 -0.70555E+00 -0.45168E-01 -0.61251E+00 
  134.00  0.19734E+00 -0.26878E+00 -0.24409E-02  0.39183E-03  0.78524E+00 -0.10099E-02 -0.18124E-03 -0.71334E+00 -0.45231E-01 -0.61943E+00 
  135.00  0.19830E+00 -0.25573E+00 -0.24726E-02  0.42514E-03  0.78720E+00 -0.79000E-03 -0.18334E-03 -0.72075E+00 -0.45284E-01 -0.62594E+00 
  136.00  0.19933E+00 -0.24295E+00 -0.25060E-02  0.51716E-03  0.78914E+00 -0.56189E-03 -0.23420E-03 -0.72777E+00 -0.45325E-01 -0.63201E+00 
  137.00  0.20041E+00 -0.23047E+00 -0.25252E-02  0.66353E-03  0.79103E+00 -0.33563E-03 -0.32611E-03 -0.73443E+00 -0.45351E-01 -0.63761E+00 
  138.00  0.20154E+00 -0.21829E+00 -0.25157E-02  0.85732E-03  0.79285E+00 -0.11964E-03 -0.45035E-03 -0.74070E+00 -0.45358E-01 -0.64273E+00 
  139.00  0.20271E+00 -0.20644E+00 -0.24655E-02  0.10895E-02  0.79460E+00  0.79150E-04 -0.59750E-03 -0.74660E+00 -0.45340E-01 -0.64735E+00 
  140.00  0.20394E+00 -0.19494E+00 -0.23654E-02  0.13493E-02  0.79625E+00  0.25499E-03 -0.75773E-03 -0.75212E+00 -0.45284E-01 -0.65146E+00 
  141.00  0.20520E+00 -0.18381E+00 -0.22090E-02  0.16248E-02  0.79781E+00  0.40306E-03 -0.92075E-03 -0.75725E+00 -0.45174E-01 -0.65505E+00 
  142.00  0.20651E+00 -0.17306E+00 -0.19933E-02  0.19030E-02  0.79928E+00  0.51928E-03 -0.10759E-02 -0.76200E+00 -0.44993E-01 -0.65814E+00 
  143.00  0.20785E+00 -0.16271E+00 -0.17183E-02  0.21708E-02  0.80065E+00  0.60037E-03 -0.12125E-02 -0.76637E+00 -0.44722E-01 -0.66073E+00 
  144.00  0.20922E+00 -0.15274E+00 -0.13877E-02  0.24154E-02  0.80194E+00  0.64410E-03 -0.13196E-02 -0.77037E+00 -0.44343E-01 -0.66286E+00 
  145.00  0.21062E+00 -0.14317E+00 -0.10081E-02  0.26249E-02  0.80315E+00  0.64963E-03 -0.13872E-02 -0.77400E+00 -0.43840E-01 -0.66455E+00 
  146.00  0.21205E+00 -0.13397E+00 -0.58936E-03  0.27892E-02  0.80431E+00  0.61781E-03 -0.14066E-02 -0.77731E+00 -0.43204E-01 -0.66586E+00 
  147.00  0.21350E+00 -0.12512E+00 -0.14404E-03  0.29008E-02  0.80541E+00  0.55146E-03 -0.13713E-02 -0.78030E+00 -0.42428E-01 -0.66683E+00 
  148.00  0.21496E+00 -0.11660E+00  0.31334E-03  0.29549E-02  0.80648E+00  0.45531E-03 -0.12777E-02 -0.78302E+00 -0.41511E-01 -0.66752E+00 
  149.00  0.21644E+00 -0.10836E+00  0.76696E-03  0.29503E-02  0.80751E+00  0.33577E-03 -0.11260E-02 -0.78550E+00 -0.40455E-01 -0.66798E+00 
  150.00  0.21792E+00 -0.10040E+00  0.12006E-02  0.28888E-02  0.80851E+00  0.20046E-03 -0.91986E-03 -0.78777E+00 -0.39266E-01 -0.66826E+00 
  151.00  0.21941E+00 -0.92665E-01  0.15985E-02  0.27753E-02  0.80948E+00  0.57627E-04 -0.66721E-03 -0.78986E+00 -0.37953E-01 -0.66839E+00 
  152.00  0.22090E+00 -0.85141E-01  0.19463E-02  0.26169E-02  0.81041E+00 -0.84498E-04 -0.37934E-03 -0.79180E+00 -0.36527E-01 -0.66840E+00 
  153.00  0.22240E+00 -0.77809E-01  0.22313E-02  0.24226E-02  0.81129E+00 -0.21827E-03 -0.70391E-04 -0.79361E+00 -0.34999E-01 -0.66831E+00 
  154.00  0.22390E+00 -0.70656E-01  0.24438E-02  0.22022E-02  0.81211E+00 -0.33710E-03  0.24361E-03 -0.79530E+00 -0.33382E-01 -0.66811E+00 
  155.00  0.22542E+00 -0.63679E-01  0.25768E-02  0.19653E-02  0.81286E+00 -0.43581E-03  0.54591E-03 -0.79687E+00 -0.31691E-01 -0.66780E+00 
  156.00  0.22697E+00 -0.56880E-01  0.26266E-02  0.17207E-02  0.81351E+00 -0.51084E-03  0.82028E-03 -0.79833E+00 -0.29940E-01 -0.66735E+00 
  157.00  0.22853E+00 -0.50266E-01  0.25934E-02  0.14754E-02  0.81407E+00 -0.56032E-03  0.10523E-02 -0.79968E+00 -0.28146E-01 -0.66674E+00 
  158.00  0.23014E+00 -0.43850E-01  0.24808E-02  0.12339E-02  0.81451E+00 -0.58408E-03  0.12305E-02 -0.80091E+00 -0.26326E-01 -0.66595E+00 
  159.00  0.23178E+00 -0.37650E-01  0.22964E-02  0.99843E-03  0.81484E+00 -0.58360E-03  0.13470E-02 -0.80202E+00 -0.24499E-01 -0.66495E+00 
  160.00  0.23348E+00 -0.31687E-01  0.20511E-02  0.76813E-03  0.81502E+00 -0.56177E-03  0.13986E-02 -0.80302E+00 -0.22683E-01 -0.66372E+00 
  161.00  0.23524E+00 -0.25993E-01  0.17589E-02  0.53993E-03  0.81508E+00 -0.52263E-03  0.13862E-02 -0.80390E+00 -0.20897E-01 -0.66225E+00 
  162.00  0.23707E+00 -0.20600E-01  0.14358E-02  0.30897E-03  0.81499E+00 -0.47097E-03  0.13150E-02 -0.80468E+00 -0.19157E-01 -0.66053E+00 
  163.00  0.23897E+00 -0.15550E-01  0.10987E-02  0.69507E-04  0.81478E+00 -0.41183E-03  0.11937E-02 -0.80535E+00 -0.17475E-01 -0.65855E+00 
  164.00  0.24096E+00 -0.10889E-01  0.76477E-03 -0.18408E-03  0.81443E+00 -0.35004E-03  0.10333E-02 -0.80592E+00 -0.15862E-01 -0.65630E+00 
  165.00  0.24305E+00 -0.66662E-02  0.44950E-03 -0.45640E-03  0.81395E+00 -0.28968E-03  0.84659E-03 -0.80639E+00 -0.14322E-01 -0.65377E+00 
  166.00  0.24525E+00 -0.29332E-02  0.16620E-03 -0.75038E-03  0.81336E+00 -0.23383E-03  0.64659E-03 -0.80676E+00 -0.12854E-01 -0.65096E+00 
  167.00  0.24756E+00  0.25955E-03 -0.74850E-04 -0.10669E-02  0.81267E+00 -0.18439E-03  0.44613E-03 -0.80702E+00 -0.11456E-01 -0.64788E+00 
  168.00  0.24998E+00  0.28659E-02 -0.26675E-03 -0.14049E-02  0.81189E+00 -0.14216E-03  0.25701E-03 -0.80719E+00 -0.10120E-01 -0.64453E+00 
  169.00  0.25251E+00  0.48492E-02 -0.40605E-03 -0.17615E-02  0.81102E+00 -0.10708E-03  0.89486E-04 -0.80723E+00 -0.88394E-02 -0.64091E+00 
  170.00  0.25515E+00  0.61883E-02 -0.49255E-03 -0.21321E-02  0.81010E+00 -0.78539E-04 -0.48219E-04 -0.80716E+00 -0.76080E-02 -0.63707E+00 
  171.00  0.25787E+00  0.68856E-02 -0.52902E-03 -0.25112E-02  0.80913E+00 -0.55713E-04 -0.15038E-03 -0.80696E+00 -0.64236E-02 -0.63304E+00 
  172.00  0.26062E+00  0.69743E-02 -0.52085E-03 -0.28918E-02  0.80815E+00 -0.37799E-04 -0.21423E-03 -0.80663E+00 -0.52891E-02 -0.62889E+00 
  173.00  0.26337E+00  0.65237E-02 -0.47574E-03 -0.32659E-02  0.80718E+00 -0.24129E-04 -0.24040E-03 -0.80620E+00 -0.42138E-02 -0.62471E+00 
  174.00  0.26604E+00  0.56417E-02 -0.40322E-03 -0.36240E-02  0.80626E+00 -0.14158E-04 -0.23298E-03 -0.80567E+00 -0.32128E-02 -0.62062E+00 
  175.00  0.26853E+00  0.44706E-02 -0.31422E-03 -0.39555E-02  0.80540E+00 -0.73795E-05 -0.19936E-03 -0.80510E+00 -0.23066E-02 -0.61677E+00 
  176.00  0.27077E+00  0.31766E-02 -0.22027E-03 -0.42488E-02  0.80465E+00 -0.32363E-05 -0.14943E-03 -0.80452E+00 -0.15189E-02 -0.61332E+00 
  177.00  0.27264E+00  0.19347E-02 -0.13277E-03 -0.44923E-02  0.80404E+00 -0.10830E-05 -0.94435E-04 -0.80400E+00 -0.87426E-03 -0.61043E+00 
  178.00  0.27405E+00  0.90932E-03 -0.61946E-04 -0.46753E-02  0.80358E+00 -0.22297E-06 -0.45479E-04 -0.80357E+00 -0.39515E-03 -0.60824E+00 
  179.00  0.27493E+00  0.23501E-03 -0.15940E-04 -0.47890E-02  0.80330E+00 -0.14295E-07 -0.11918E-04 -0.80330E+00 -0.99807E-04 -0.60687E+00 
  180.00  0.27523E+00  0.58889E-14 -0.39885E-15 -0.48275E-02  0.80321E+00 -0.88561E-29 -0.30000E-15 -0.80321E+00 -0.24821E-14 -0.60641E+00 
 scattering matrix expansion coefficients
    w  a11         a22         a33         a23         a32         a44         a12         a34         a13         a24         a14
    0  0.1000E+01  0.0000E+00  0.0000E+00  0.0000E+00  0.0000E+00  0.7743E+00  0.0000E+00  0.0000E+00  0.0000E+00  0.0000E+00 -0.6774E-03
    1  0.2141E+01  0.0000E+00  0.0000E+00  0.0000E+00  0.0000E+00  0.2276E+01  0.0000E+00  0.0000E+00  0.0000E+00  0.0000E+00 -0.1786E-02
    2  0.2989E+01  0.2217E+00  0.3784E+01 -0.5022E-06 -0.2960E-02  0.2960E+01 -0.3646E+00 -0.2959E-01 -0.3466E-04  0.5906E-03 -0.1001E-02
    3  0.3411E+01  0.4504E-01  0.3836E+01 -0.3811E-06 -0.2659E-02  0.3427E+01 -0.2435E+00 -0.2723E-01 -0.1175E-03  0.1114E-02 -0.2007E-03
    4  0.3777E+01  0.3755E-01  0.4034E+01  0.1836E-06 -0.3757E-02  0.3767E+01 -0.1873E+00 -0.5065E-01 -0.9949E-03 -0.9873E-04 -0.1154E-02
    5  0.4063E+01  0.1527E-01  0.4246E+01  0.1258E-06 -0.4258E-02  0.4062E+01 -0.1494E+00 -0.5107E-01  0.3766E-04 -0.5883E-03 -0.1421E-02
    6  0.4324E+01  0.1121E-01  0.4461E+01 -0.3874E-06 -0.6741E-02  0.4326E+01 -0.1233E+00 -0.5561E-01  0.4460E-03  0.1546E-03 -0.8981E-03
    7  0.4544E+01  0.5000E-02  0.4660E+01 -0.1014E-06 -0.1045E-01  0.4555E+01 -0.1034E+00 -0.4780E-01 -0.1141E-02  0.5171E-03  0.4050E-03
    8  0.4740E+01  0.1260E-01  0.4832E+01  0.2156E-06 -0.1266E-01  0.4732E+01 -0.6967E-01 -0.4113E-01  0.2544E-04  0.3770E-03 -0.7339E-04
    9  0.4844E+01  0.5028E-02  0.4938E+01  0.1783E-06 -0.1253E-01  0.4842E+01 -0.6013E-01 -0.3058E-01  0.3760E-03 -0.4093E-03  0.2322E-03
   10  0.4868E+01 -0.4621E-03  0.4964E+01  0.3259E-06 -0.1081E-01  0.4877E+01 -0.6977E-01 -0.2680E-01  0.2698E-03 -0.6090E-03 -0.5167E-03
   11  0.4843E+01  0.1042E-02  0.4929E+01  0.2065E-06 -0.8361E-02  0.4852E+01 -0.6365E-01 -0.2478E-01  0.3749E-03 -0.1477E-03 -0.6846E-03
   12  0.4782E+01  0.9317E-02  0.4853E+01  0.2608E-06 -0.5332E-02  0.4771E+01 -0.3731E-01 -0.1920E-01  0.5360E-03  0.8686E-03  0.1514E-03
   13  0.4636E+01  0.1391E-02  0.4714E+01  0.1655E-06 -0.2799E-02  0.4635E+01 -0.3598E-01 -0.1750E-01 -0.2018E-03  0.4097E-03  0.1212E-02
   14  0.4419E+01 -0.2210E-02  0.4500E+01  0.7169E-07 -0.9560E-03  0.4428E+01 -0.4834E-01 -0.2107E-01 -0.4515E-03  0.4265E-03  0.1686E-02
   15  0.4155E+01 -0.6641E-03  0.4230E+01  0.1496E-06  0.1301E-02  0.4162E+01 -0.5510E-01 -0.2399E-01  0.8551E-03  0.5382E-03  0.9729E-03
   16  0.3864E+01  0.1986E-02  0.3931E+01  0.6158E-07  0.2143E-02  0.3865E+01 -0.4893E-01 -0.2573E-01  0.5378E-03 -0.1305E-03 -0.2496E-04
   17  0.3548E+01  0.5934E-03  0.3610E+01  0.7002E-07  0.2668E-02  0.3551E+01 -0.4621E-01 -0.2669E-01  0.6965E-03 -0.8354E-05 -0.2161E-03
   18  0.3221E+01  0.1858E-02  0.3276E+01  0.5166E-07  0.2723E-02  0.3221E+01 -0.4544E-01 -0.2645E-01  0.6911E-03 -0.9941E-04 -0.1035E-02
   19  0.2889E+01  0.7898E-03  0.2939E+01  0.8417E-08  0.1229E-02  0.2889E+01 -0.5005E-01 -0.2447E-01  0.3818E-04 -0.1633E-03 -0.1933E-02
   20  0.2568E+01 -0.7812E-03  0.2612E+01  0.2729E-07 -0.8497E-03  0.2569E+01 -0.5647E-01 -0.2247E-01 -0.3618E-03 -0.1919E-03 -0.2511E-02
   21  0.2270E+01 -0.1618E-02  0.2309E+01  0.7852E-07 -0.2168E-02  0.2274E+01 -0.6047E-01 -0.2069E-01 -0.1004E-04  0.8260E-04 -0.2708E-02
   22  0.2006E+01 -0.5318E-05  0.2037E+01  0.4150E-07 -0.2826E-02  0.2008E+01 -0.5570E-01 -0.1986E-01  0.1924E-03  0.9866E-04 -0.2792E-02
   23  0.1765E+01  0.2723E-03  0.1792E+01 -0.2587E-08 -0.3446E-02  0.1766E+01 -0.4687E-01 -0.1863E-01 -0.4100E-04 -0.1219E-04 -0.2618E-02
   24  0.1534E+01 -0.1245E-03  0.1559E+01 -0.8968E-08 -0.3879E-02  0.1536E+01 -0.3913E-01 -0.1611E-01 -0.3448E-03 -0.8809E-04 -0.2074E-02
   25  0.1308E+01 -0.2233E-04  0.1330E+01 -0.3492E-07 -0.3738E-02  0.1309E+01 -0.3453E-01 -0.1293E-01 -0.3651E-03 -0.3847E-04 -0.1378E-02
   26  0.1088E+01  0.9740E-03  0.1107E+01 -0.3203E-07 -0.2928E-02  0.1087E+01 -0.3110E-01 -0.1033E-01 -0.1433E-03  0.5289E-04 -0.8234E-03
   27  0.8815E+00  0.8087E-03  0.8980E+00 -0.1304E-07 -0.1934E-02  0.8809E+00 -0.2997E-01 -0.8979E-02  0.2037E-04  0.6953E-04 -0.4892E-03
   28  0.6981E+00  0.1777E-03  0.7120E+00 -0.6456E-08 -0.1168E-02  0.6985E+00 -0.2928E-01 -0.9411E-02  0.4515E-04  0.2116E-04 -0.3099E-03
   29  0.5453E+00  0.2349E-04  0.5561E+00 -0.1245E-09 -0.6165E-03  0.5458E+00 -0.2663E-01 -0.1031E-01  0.7157E-04 -0.1637E-04 -0.2416E-03
   30  0.4244E+00  0.3695E-03  0.4320E+00  0.9304E-08 -0.2728E-03  0.4239E+00 -0.2206E-01 -0.1032E-01  0.1037E-03 -0.3779E-04 -0.2258E-03
   31  0.3300E+00  0.2838E-03  0.3357E+00  0.2162E-08 -0.1582E-03  0.3296E+00 -0.1825E-01 -0.9568E-02  0.9590E-04 -0.9182E-05 -0.1304E-03
   32  0.2573E+00  0.5526E-05  0.2617E+00  0.1778E-09 -0.2140E-03  0.2574E+00 -0.1546E-01 -0.8842E-02  0.5750E-04  0.2201E-04  0.4172E-04
   33  0.2025E+00 -0.4706E-04  0.2059E+00  0.1618E-08 -0.3218E-03  0.2029E+00 -0.1225E-01 -0.8134E-02  0.2242E-04  0.4380E-04  0.2135E-03
   34  0.1620E+00  0.2061E-03  0.1643E+00 -0.9141E-09 -0.3984E-03  0.1620E+00 -0.7997E-02 -0.6910E-02 -0.3267E-05  0.4525E-04  0.3007E-03
   35  0.1306E+00  0.3658E-03  0.1323E+00 -0.3575E-08 -0.4173E-03  0.1303E+00 -0.4113E-02 -0.5004E-02 -0.1402E-04  0.3914E-04  0.3088E-03
   36  0.1037E+00  0.3209E-03  0.1052E+00 -0.4604E-08 -0.3877E-03  0.1035E+00 -0.1891E-02 -0.2891E-02 -0.1584E-04  0.2457E-04  0.2705E-03
   37  0.7908E-01  0.1398E-03  0.8046E-01 -0.3725E-08 -0.3184E-03  0.7909E-01 -0.1479E-02 -0.1171E-02 -0.6621E-05  0.1166E-04  0.2192E-03
   38  0.5669E-01  0.4690E-05  0.5796E-01 -0.1738E-08 -0.2375E-03  0.5688E-01 -0.1940E-02 -0.1353E-03  0.2898E-06 -0.7194E-06  0.1616E-03
   39  0.3775E-01 -0.4686E-04  0.3877E-01  0.4503E-09 -0.1603E-03  0.3796E-01 -0.2366E-02  0.2869E-03  0.5311E-05 -0.5531E-05  0.1107E-03
   40  0.2323E-01 -0.2678E-04  0.2393E-01  0.1094E-08 -0.9880E-04  0.2336E-01 -0.2312E-02  0.3409E-03  0.6202E-05 -0.7004E-05  0.6781E-04
   41  0.1318E-01  0.3420E-05  0.1360E-01  0.1409E-08 -0.5561E-04  0.1322E-01 -0.1873E-02  0.2524E-03  0.5333E-05 -0.5403E-05  0.3767E-04
   42  0.6911E-02  0.2404E-04  0.7132E-02  0.1160E-08 -0.2886E-04  0.6894E-02 -0.1291E-02  0.1480E-03  0.3577E-05 -0.3530E-05  0.1862E-04
   43  0.3353E-02  0.2674E-04  0.3455E-02  0.7620E-09 -0.1373E-04  0.3318E-02 -0.7807E-03  0.7431E-04  0.2164E-05 -0.1841E-05  0.8417E-05
   44  0.1511E-02  0.2115E-04  0.1552E-02  0.4753E-09 -0.6057E-05  0.1479E-02 -0.4199E-03  0.3288E-04  0.1101E-05 -0.8955E-06  0.3330E-05
   45  0.6338E-03  0.1326E-04  0.6478E-03  0.2766E-09 -0.2463E-05  0.6126E-03 -0.2041E-03  0.1323E-04  0.5180E-06 -0.3571E-06  0.1229E-05
   46  0.2484E-03  0.7175E-05  0.2524E-03  0.1588E-09 -0.9273E-06  0.2365E-03 -0.9038E-04  0.4834E-05  0.2126E-06 -0.1394E-06  0.4078E-06
   47  0.9114E-04  0.3412E-05  0.9200E-04  0.9773E-10 -0.3252E-06  0.8539E-04 -0.3683E-04  0.1617E-05  0.8286E-07 -0.4757E-07  0.1309E-06
   48  0.3141E-04  0.1465E-05  0.3147E-04  0.5761E-10 -0.1087E-06  0.2891E-04 -0.1388E-04  0.4970E-06  0.2939E-07 -0.1516E-07  0.3671E-07
   49  0.1020E-04  0.5702E-06  0.1014E-04  0.2969E-10 -0.3392E-07  0.9215E-05 -0.4871E-05  0.1474E-06  0.9975E-08 -0.4155E-08  0.9514E-08
   50  0.3139E-05  0.2042E-06  0.3094E-05  0.1310E-10 -0.9853E-08  0.2784E-05 -0.1601E-05  0.4369E-07  0.3048E-08 -0.1249E-08  0.2643E-08
   51  0.9238E-06  0.6795E-07  0.9031E-06  0.4825E-11 -0.2514E-08  0.8050E-06 -0.4982E-06  0.1353E-07  0.8873E-09 -0.4807E-09  0.1189E-08
   52  0.2640E-06  0.2142E-07  0.2561E-06  0.1519E-11 -0.5317E-09  0.2264E-06 -0.1489E-06  0.4268E-08  0.2295E-09 -0.2412E-09  0.6528E-09
   53  0.7430E-07  0.6522E-08  0.7154E-07  0.3570E-12 -0.7887E-10  0.6283E-07 -0.4352E-07  0.1277E-08  0.5838E-10 -0.1290E-09  0.3640E-09
   54  0.2134E-07  0.1987E-08  0.2043E-07  0.4921E-13 -0.2251E-11  0.1784E-07 -0.1277E-07  0.3470E-09  0.1470E-10 -0.5455E-10  0.1541E-09
   55  0.5792E-08  0.5819E-09  0.5490E-08  0.7071E-14  0.4900E-11  0.4766E-08 -0.3607E-08  0.1104E-09  0.2633E-11 -0.1861E-10  0.5234E-10
   56  0.1972E-08  0.1977E-09  0.1875E-08 -0.3265E-14  0.4082E-11  0.1627E-08 -0.1207E-08  0.2246E-10 -0.2803E-12 -0.7006E-11  0.1905E-10
   57  0.4266E-09  0.4876E-10  0.3969E-09 -0.3625E-14  0.1245E-11  0.3408E-09 -0.2803E-09  0.7239E-11 -0.1972E-12 -0.1437E-11  0.3963E-11
   58  0.2092E-09  0.2297E-10  0.1972E-09 -0.1946E-14  0.6531E-12  0.1690E-09 -0.1318E-09  0.1267E-11 -0.2118E-12 -0.5579E-12  0.1433E-11
   59  0.2643E-10  0.3455E-11  0.2408E-10 -0.9033E-15  0.1522E-12  0.2034E-10 -0.1828E-10  0.2376E-12 -0.5362E-13 -0.8334E-13  0.2127E-12
   60  0.1911E-10  0.2427E-11  0.1775E-10 -0.3426E-15  0.6004E-13  0.1483E-10 -0.1271E-10  0.1436E-13 -0.2404E-13 -0.3023E-13  0.7159E-13
   61  0.1017E-11  0.1511E-12  0.9079E-12 -0.1093E-15  0.9509E-14  0.7491E-12 -0.7384E-12  0.2486E-14 -0.3961E-14 -0.2920E-14  0.7164E-14
   62  0.1197E-11  0.1698E-12  0.1085E-11 -0.2471E-16  0.2788E-14  0.8899E-12 -0.8323E-12 -0.4085E-14 -0.1197E-14 -0.1159E-14  0.2666E-14
   63  0.1228E-13  0.1898E-14  0.1033E-13 -0.7303E-17  0.2048E-15  0.9199E-14 -0.8948E-14  0.3567E-16 -0.9262E-16  0.3028E-17  0.6360E-16
   64  0.6535E-13  0.1086E-13  0.5945E-13 -0.3112E-17  0.9406E-16  0.4643E-13 -0.4834E-13 -0.3948E-15 -0.3649E-16 -0.5280E-16  0.1099E-15
