 input file is 
mstm14_1024_6398_13_00226.inp 
 input file comments follow:
***********************************************************
  This is the default mstm input file for v.3.0.
  The run is for a 7-sphere cluster of identical spheres.   The positions
  are embedded in the input file.

  The run makes use of the new_run and multiple_run options.

  14 April 2013
***********************************************************
 number of processors:
   1
 input parameters for run number 
    1
 number of spheres, volume size parameter:
 1024  0.64488E+01
 position file:
position/n1024/a14.out                                      
 output file:
output/1024/x6398/13/00226/mt_14_1024_6398_13_00226.dat     
 length, ref. indx. scale factors:
   0.640   1.300   0.023
 chiral factors:
  0.00000E+00  0.00000E+00
 scattering matrix directions based on incident frame
 automatic scattering angle calculation
 thetamin, thetamax:
      0.0    180.0
 number scattering angles:
      181
 epsmie, epssoln, max number iterations:
  0.1000E-05  0.1000E-07 5000
 medium refractive index:
  1.0000  0.0000
 target euler rotation angles:
    0.0000    0.0000    0.0000
 far field kr, iterations/correction:
  0.1000E-07   20
 plane wave incidence
 random orientation calculations
 t matrix calculated, stored in file 
tmatrixfiles/tmf_14_1024_6398_13_00226                      
 t matrix convergence epsilon:
  0.1000E-06
 all spheres excited (total T matrix) 
 calculation results for run 
    1
 total ext, abs, scat efficiencies, w.r.t. xv, and asym. parm
  0.15555E+01  0.39452E+00  0.11609E+01  0.80916E+00
 scattering matrix elements (normalized w/ S11)
   theta      11           12           13           14           22           23           24           33           34           44     
    0.00  0.23522E+03  0.00000E+00  0.00000E+00  0.23342E-05  0.99999E+00 -0.85107E-06  0.00000E+00  0.99999E+00  0.00000E+00  0.99998E+00
    1.00  0.22509E+03 -0.18074E-03  0.58305E-08  0.34769E-05  0.99999E+00  0.15047E-06 -0.72267E-08  0.99999E+00 -0.73955E-05  0.99998E+00
    2.00  0.19738E+03 -0.72062E-03  0.22072E-07  0.67110E-05  0.99999E+00  0.28362E-05 -0.29638E-07  0.99999E+00 -0.27984E-04  0.99998E+00
    3.00  0.15906E+03 -0.16102E-02  0.45431E-07  0.11297E-04  0.99998E+00  0.61055E-05 -0.67483E-07  0.99998E+00 -0.55953E-04  0.99997E+00
    4.00  0.11860E+03 -0.28250E-02  0.72342E-07  0.15442E-04  0.99998E+00  0.76686E-05 -0.11297E-06  0.99997E+00 -0.78275E-04  0.99995E+00
    5.00  0.83018E+02 -0.43128E-02  0.10298E-06  0.15505E-04  0.99996E+00  0.36345E-05 -0.13278E-06  0.99996E+00 -0.71226E-04  0.99992E+00
    6.00  0.56044E+02 -0.59894E-02  0.14698E-06  0.57904E-05  0.99994E+00 -0.10741E-04 -0.42373E-07  0.99993E+00 -0.46433E-05  0.99987E+00
    7.00  0.37984E+02 -0.77851E-02  0.22236E-06 -0.18290E-04  0.99990E+00 -0.36803E-04  0.28968E-06  0.99988E+00  0.12720E-03  0.99979E+00
    8.00  0.26932E+02 -0.97632E-02  0.33175E-06 -0.52123E-04  0.99986E+00 -0.65863E-04  0.92548E-06  0.99983E+00  0.25075E-03  0.99969E+00
    9.00  0.20355E+02 -0.12156E-01  0.43292E-06 -0.78755E-04  0.99981E+00 -0.81682E-04  0.16838E-05  0.99977E+00  0.22145E-03  0.99959E+00
   10.00  0.16234E+02 -0.15154E-01  0.46064E-06 -0.81257E-04  0.99977E+00 -0.75629E-04  0.21846E-05  0.99969E+00 -0.53352E-04  0.99947E+00
   11.00  0.13416E+02 -0.18706E-01  0.37595E-06 -0.55444E-04  0.99973E+00 -0.53781E-04  0.21042E-05  0.99960E+00 -0.51806E-03  0.99935E+00
   12.00  0.11401E+02 -0.22551E-01  0.16127E-06 -0.99821E-05  0.99971E+00 -0.29240E-04  0.13786E-05  0.99949E+00 -0.98430E-03  0.99922E+00
   13.00  0.99569E+01 -0.26414E-01 -0.24057E-06  0.39636E-04  0.99968E+00 -0.11856E-04  0.28749E-06  0.99937E+00 -0.12306E-02  0.99908E+00
   14.00  0.88820E+01 -0.30221E-01 -0.97781E-06  0.79740E-04  0.99966E+00 -0.26065E-05 -0.66567E-06  0.99923E+00 -0.11560E-02  0.99892E+00
   15.00  0.79736E+01 -0.34142E-01 -0.22672E-05  0.10519E-03  0.99964E+00  0.41302E-05 -0.10594E-05  0.99906E+00 -0.86075E-03  0.99873E+00
   16.00  0.70934E+01 -0.38461E-01 -0.43052E-05  0.11790E-03  0.99961E+00  0.13584E-04 -0.73536E-06  0.99884E+00 -0.57658E-03  0.99850E+00
   17.00  0.62114E+01 -0.43427E-01 -0.71441E-05  0.12079E-03  0.99957E+00  0.25941E-04  0.25597E-06  0.99856E+00 -0.54551E-03  0.99819E+00
   18.00  0.53790E+01 -0.49178E-01 -0.10532E-04  0.11418E-03  0.99951E+00  0.36078E-04  0.17686E-05  0.99820E+00 -0.91682E-03  0.99779E+00
   19.00  0.46629E+01 -0.55680E-01 -0.13795E-04  0.96927E-04  0.99942E+00  0.36723E-04  0.36150E-05  0.99777E+00 -0.16503E-02  0.99729E+00
   20.00  0.40936E+01 -0.62726E-01 -0.15988E-04  0.70720E-04  0.99932E+00  0.23944E-04  0.55702E-05  0.99725E+00 -0.24850E-02  0.99670E+00
   21.00  0.36532E+01 -0.70069E-01 -0.16390E-04  0.42741E-04  0.99920E+00  0.92938E-06  0.73537E-05  0.99668E+00 -0.30867E-02  0.99603E+00
   22.00  0.32972E+01 -0.77604E-01 -0.14930E-04  0.22727E-04  0.99907E+00 -0.24695E-04  0.86046E-05  0.99603E+00 -0.32979E-02  0.99528E+00
   23.00  0.29850E+01 -0.85407E-01 -0.12152E-04  0.16703E-04  0.99893E+00 -0.47408E-04  0.89021E-05  0.99530E+00 -0.32412E-02  0.99443E+00
   24.00  0.26971E+01 -0.93592E-01 -0.89227E-05  0.22952E-04  0.99877E+00 -0.66968E-04  0.78977E-05  0.99445E+00 -0.31988E-02  0.99347E+00
   25.00  0.24344E+01 -0.10214E+00 -0.62021E-05  0.32495E-04  0.99862E+00 -0.85466E-04  0.55583E-05  0.99348E+00 -0.34027E-02  0.99238E+00
   26.00  0.22051E+01 -0.11086E+00 -0.48801E-05  0.33766E-04  0.99847E+00 -0.10097E-03  0.23528E-05  0.99240E+00 -0.38803E-02  0.99119E+00
   27.00  0.20120E+01 -0.11957E+00 -0.55141E-05  0.19778E-04  0.99832E+00 -0.10339E-03 -0.90561E-06  0.99123E+00 -0.44509E-02  0.98993E+00
   28.00  0.18484E+01 -0.12826E+00 -0.80377E-05 -0.70344E-05  0.99818E+00 -0.77766E-04 -0.36090E-05  0.98997E+00 -0.48894E-02  0.98858E+00
   29.00  0.17035E+01 -0.13724E+00 -0.11687E-04 -0.36745E-04  0.99802E+00 -0.13739E-04 -0.58338E-05  0.98857E+00 -0.51186E-02  0.98709E+00
   30.00  0.15705E+01 -0.14687E+00 -0.15222E-04 -0.58464E-04  0.99784E+00  0.85859E-04 -0.82518E-05  0.98698E+00 -0.52547E-02  0.98540E+00
   31.00  0.14516E+01 -0.15736E+00 -0.17361E-04 -0.65615E-04  0.99764E+00  0.20243E-03 -0.11523E-04  0.98514E+00 -0.54893E-02  0.98345E+00
   32.00  0.13553E+01 -0.16853E+00 -0.17359E-04 -0.57498E-04  0.99745E+00  0.30618E-03 -0.15625E-04  0.98308E+00 -0.59187E-02  0.98129E+00
   33.00  0.12894E+01 -0.17994E+00 -0.15550E-04 -0.38222E-04  0.99729E+00  0.36832E-03 -0.19647E-04  0.98089E+00 -0.64527E-02  0.97903E+00
   34.00  0.12540E+01 -0.19120E+00 -0.13234E-04 -0.14446E-04  0.99720E+00  0.37598E-03 -0.22370E-04  0.97866E+00 -0.68837E-02  0.97677E+00
   35.00  0.12399E+01 -0.20230E+00 -0.11675E-04  0.69754E-05  0.99716E+00  0.33650E-03 -0.23158E-04  0.97638E+00 -0.70593E-02  0.97449E+00
   36.00  0.12317E+01 -0.21355E+00 -0.11098E-04  0.20485E-04  0.99714E+00  0.26671E-03 -0.22233E-04  0.97397E+00 -0.69756E-02  0.97209E+00
   37.00  0.12137E+01 -0.22528E+00 -0.10664E-04  0.22517E-04  0.99710E+00  0.18027E-03 -0.20210E-04  0.97129E+00 -0.67216E-02  0.96941E+00
   38.00  0.11759E+01 -0.23764E+00 -0.91976E-05  0.12119E-04  0.99702E+00  0.84270E-04 -0.17574E-04  0.96826E+00 -0.63776E-02  0.96636E+00
   39.00  0.11156E+01 -0.25056E+00 -0.59596E-05 -0.83405E-05  0.99687E+00 -0.16498E-04 -0.14591E-04  0.96483E+00 -0.59648E-02  0.96288E+00
   40.00  0.10372E+01 -0.26387E+00 -0.10875E-05 -0.33126E-04  0.99665E+00 -0.11441E-03 -0.11534E-04  0.96101E+00 -0.54535E-02  0.95897E+00
   41.00  0.94926E+00 -0.27740E+00  0.43449E-05 -0.54569E-04  0.99635E+00 -0.19665E-03 -0.89526E-05  0.95683E+00 -0.48029E-02  0.95466E+00
   42.00  0.86144E+00 -0.29105E+00  0.85995E-05 -0.66122E-04  0.99597E+00 -0.24698E-03 -0.76604E-05  0.95233E+00 -0.40079E-02  0.94997E+00
   43.00  0.78177E+00 -0.30487E+00  0.98059E-05 -0.65788E-04  0.99554E+00 -0.25142E-03 -0.82659E-05  0.94751E+00 -0.31316E-02  0.94494E+00
   44.00  0.71530E+00 -0.31900E+00  0.66301E-05 -0.57406E-04  0.99510E+00 -0.20552E-03 -0.10395E-04  0.94235E+00 -0.23007E-02  0.93956E+00
   45.00  0.66378E+00 -0.33359E+00 -0.11127E-05 -0.48035E-04  0.99471E+00 -0.11890E-03 -0.12230E-04  0.93683E+00 -0.16516E-02  0.93386E+00
   46.00  0.62617E+00 -0.34871E+00 -0.12139E-04 -0.43112E-04  0.99440E+00 -0.12871E-04 -0.11010E-04  0.93093E+00 -0.12476E-02  0.92783E+00
   47.00  0.59941E+00 -0.36432E+00 -0.23905E-04 -0.43857E-04  0.99418E+00  0.88517E-04 -0.43900E-05  0.92465E+00 -0.10263E-02  0.92148E+00
   48.00  0.57950E+00 -0.38033E+00 -0.33375E-04 -0.49295E-04  0.99402E+00  0.16797E-03  0.84018E-05  0.91798E+00 -0.82444E-03  0.91479E+00
   49.00  0.56243E+00 -0.39664E+00 -0.38090E-04 -0.60205E-04  0.99389E+00  0.21913E-03  0.26437E-04  0.91090E+00 -0.46563E-03  0.90771E+00
   50.00  0.54523E+00 -0.41320E+00 -0.37015E-04 -0.80643E-04  0.99373E+00  0.24430E-03  0.47840E-04  0.90334E+00  0.14402E-03  0.90013E+00
   51.00  0.52661E+00 -0.43004E+00 -0.30863E-04 -0.11554E-03  0.99352E+00  0.24922E-03  0.70614E-04  0.89522E+00  0.96395E-03  0.89198E+00
   52.00  0.50696E+00 -0.44719E+00 -0.21807E-04 -0.16614E-03  0.99326E+00  0.23862E-03  0.93011E-04  0.88648E+00  0.18279E-02  0.88320E+00
   53.00  0.48777E+00 -0.46470E+00 -0.12720E-04 -0.22642E-03  0.99298E+00  0.21483E-03  0.11347E-03  0.87708E+00  0.25125E-02  0.87375E+00
   54.00  0.47047E+00 -0.48254E+00 -0.61754E-05 -0.28353E-03  0.99273E+00  0.17957E-03  0.13052E-03  0.86703E+00  0.28445E-02  0.86369E+00
   55.00  0.45552E+00 -0.50062E+00 -0.36530E-05 -0.32309E-03  0.99251E+00  0.13707E-03  0.14291E-03  0.85637E+00  0.27943E-02  0.85305E+00
   56.00  0.44209E+00 -0.51881E+00 -0.53683E-05 -0.33618E-03  0.99233E+00  0.95366E-04  0.14990E-03  0.84515E+00  0.24863E-02  0.84187E+00
   57.00  0.42854E+00 -0.53700E+00 -0.10721E-04 -0.32267E-03  0.99213E+00  0.64209E-04  0.15142E-03  0.83338E+00  0.21147E-02  0.83013E+00
   58.00  0.41334E+00 -0.55516E+00 -0.18831E-04 -0.28888E-03  0.99189E+00  0.50761E-04  0.14784E-03  0.82100E+00  0.18289E-02  0.81777E+00
   59.00  0.39590E+00 -0.57332E+00 -0.28710E-04 -0.24255E-03  0.99157E+00  0.56121E-04  0.13959E-03  0.80791E+00  0.16684E-02  0.80467E+00
   60.00  0.37697E+00 -0.59158E+00 -0.39120E-04 -0.18921E-03  0.99117E+00  0.74502E-04  0.12696E-03  0.79399E+00  0.15705E-02  0.79072E+00
   61.00  0.35828E+00 -0.61007E+00 -0.48569E-04 -0.13217E-03  0.99073E+00  0.95680E-04  0.11038E-03  0.77917E+00  0.14362E-02  0.77584E+00
   62.00  0.34176E+00 -0.62883E+00 -0.55802E-04 -0.75229E-04  0.99030E+00  0.11028E-03  0.90956E-04  0.76343E+00  0.12157E-02  0.76004E+00
   63.00  0.32868E+00 -0.64782E+00 -0.60700E-04 -0.25203E-04  0.98995E+00  0.11567E-03  0.71011E-04  0.74682E+00  0.96794E-03  0.74340E+00
   64.00  0.31915E+00 -0.66688E+00 -0.64814E-04  0.88181E-05  0.98970E+00  0.11828E-03  0.53778E-04  0.72946E+00  0.84819E-03  0.72602E+00
   65.00  0.31214E+00 -0.68581E+00 -0.70839E-04  0.19775E-04  0.98952E+00  0.12972E-03  0.42345E-04  0.71141E+00  0.10253E-02  0.70798E+00
   66.00  0.30598E+00 -0.70449E+00 -0.81249E-04  0.69220E-05  0.98935E+00  0.15927E-03  0.38498E-04  0.69264E+00  0.15936E-02  0.68924E+00
   67.00  0.29904E+00 -0.72285E+00 -0.97108E-04 -0.23435E-04  0.98914E+00  0.20824E-03  0.42251E-04  0.67304E+00  0.25383E-02  0.66966E+00
   68.00  0.29036E+00 -0.74095E+00 -0.11773E-03 -0.60775E-04  0.98884E+00  0.26905E-03  0.52111E-04  0.65242E+00  0.37589E-02  0.64906E+00
   69.00  0.27983E+00 -0.75884E+00 -0.14116E-03 -0.94434E-04  0.98842E+00  0.32815E-03  0.65562E-04  0.63063E+00  0.51107E-02  0.62726E+00
   70.00  0.26805E+00 -0.77656E+00 -0.16506E-03 -0.11680E-03  0.98790E+00  0.37088E-03  0.79413E-04  0.60754E+00  0.64405E-02  0.60417E+00
   71.00  0.25594E+00 -0.79406E+00 -0.18762E-03 -0.12458E-03  0.98731E+00  0.38680E-03  0.89974E-04  0.58316E+00  0.76083E-02  0.57978E+00
   72.00  0.24434E+00 -0.81125E+00 -0.20815E-03 -0.11792E-03  0.98670E+00  0.37365E-03  0.93312E-04  0.55762E+00  0.85012E-02  0.55424E+00
   73.00  0.23377E+00 -0.82797E+00 -0.22692E-03 -0.98529E-04  0.98611E+00  0.33817E-03  0.85868E-04  0.53110E+00  0.90451E-02  0.52774E+00
   74.00  0.22441E+00 -0.84404E+00 -0.24440E-03 -0.68241E-04  0.98556E+00  0.29304E-03  0.65538E-04  0.50383E+00  0.92172E-02  0.50050E+00
   75.00  0.21623E+00 -0.85934E+00 -0.26030E-03 -0.29426E-04  0.98506E+00  0.25160E-03  0.32934E-04  0.47596E+00  0.90571E-02  0.47267E+00
   76.00  0.20908E+00 -0.87380E+00 -0.27329E-03  0.13358E-04  0.98461E+00  0.22332E-03 -0.77863E-05  0.44759E+00  0.86696E-02  0.44435E+00
   77.00  0.20280E+00 -0.88740E+00 -0.28148E-03  0.52459E-04  0.98419E+00  0.21192E-03 -0.49257E-04  0.41876E+00  0.82117E-02  0.41555E+00
   78.00  0.19718E+00 -0.90011E+00 -0.28346E-03  0.78594E-04  0.98380E+00  0.21616E-03 -0.82730E-04  0.38944E+00  0.78551E-02  0.38629E+00
   79.00  0.19195E+00 -0.91191E+00 -0.27916E-03  0.84357E-04  0.98342E+00  0.23189E-03 -0.10088E-03  0.35965E+00  0.77346E-02  0.35657E+00
   80.00  0.18684E+00 -0.92276E+00 -0.26993E-03  0.67583E-04  0.98302E+00  0.25397E-03 -0.10029E-03  0.32939E+00  0.79030E-02  0.32639E+00
   81.00  0.18161E+00 -0.93260E+00 -0.25779E-03  0.32282E-04  0.98259E+00  0.27721E-03 -0.82346E-04  0.29871E+00  0.83174E-02  0.29580E+00
   82.00  0.17618E+00 -0.94139E+00 -0.24443E-03 -0.13412E-04  0.98212E+00  0.29655E-03 -0.52156E-04  0.26766E+00  0.88621E-02  0.26484E+00
   83.00  0.17063E+00 -0.94910E+00 -0.23027E-03 -0.60993E-04  0.98160E+00  0.30710E-03 -0.16129E-04  0.23629E+00  0.93985E-02  0.23356E+00
   84.00  0.16515E+00 -0.95575E+00 -0.21418E-03 -0.10494E-03  0.98106E+00  0.30455E-03  0.20655E-04  0.20461E+00  0.98194E-02  0.20198E+00
   85.00  0.16000E+00 -0.96137E+00 -0.19374E-03 -0.14394E-03  0.98052E+00  0.28610E-03  0.56138E-04  0.17262E+00  0.10087E-01  0.17009E+00
   86.00  0.15536E+00 -0.96599E+00 -0.16609E-03 -0.17951E-03  0.98001E+00  0.25120E-03  0.91299E-04  0.14027E+00  0.10240E-01  0.13786E+00
   87.00  0.15129E+00 -0.96962E+00 -0.12898E-03 -0.21281E-03  0.97955E+00  0.20180E-03  0.12847E-03  0.10749E+00  0.10362E-01  0.10524E+00
   88.00  0.14775E+00 -0.97225E+00 -0.81686E-04 -0.24186E-03  0.97915E+00  0.14178E-03  0.16882E-03  0.74255E-01  0.10529E-01  0.72193E-01
   89.00  0.14462E+00 -0.97382E+00 -0.25553E-04 -0.26086E-03  0.97880E+00  0.75913E-04  0.21051E-03  0.40562E-01  0.10766E-01  0.38729E-01
   90.00  0.14181E+00 -0.97427E+00  0.35992E-04 -0.26218E-03  0.97850E+00  0.91782E-05  0.24839E-03  0.64793E-02  0.11027E-01  0.49052E-02
   91.00  0.13928E+00 -0.97356E+00  0.97962E-04 -0.23963E-03  0.97823E+00 -0.53694E-04  0.27549E-03 -0.27879E-01  0.11213E-01 -0.29170E-01
   92.00  0.13706E+00 -0.97167E+00  0.15490E-03 -0.19153E-03  0.97800E+00 -0.10851E-03  0.28542E-03 -0.62360E-01  0.11208E-01 -0.63354E-01
   93.00  0.13519E+00 -0.96861E+00  0.20239E-03 -0.12181E-03  0.97782E+00 -0.15217E-03  0.27477E-03 -0.96792E-01  0.10925E-01 -0.97483E-01
   94.00  0.13373E+00 -0.96443E+00  0.23861E-03 -0.39041E-04  0.97771E+00 -0.18350E-03  0.24436E-03 -0.13100E+00  0.10342E-01 -0.13139E+00
   95.00  0.13268E+00 -0.95916E+00  0.26512E-03  0.46288E-04  0.97766E+00 -0.20385E-03  0.19884E-03 -0.16481E+00  0.95048E-02 -0.16491E+00
   96.00  0.13198E+00 -0.95287E+00  0.28642E-03  0.12462E-03  0.97767E+00 -0.21696E-03  0.14500E-03 -0.19808E+00  0.85202E-02 -0.19791E+00
   97.00  0.13154E+00 -0.94560E+00  0.30814E-03  0.18916E-03  0.97772E+00 -0.22789E-03  0.89493E-04 -0.23071E+00  0.75175E-02 -0.23031E+00
   98.00  0.13123E+00 -0.93737E+00  0.33476E-03  0.23623E-03  0.97780E+00 -0.24137E-03  0.37243E-04 -0.26266E+00  0.66170E-02 -0.26204E+00
   99.00  0.13095E+00 -0.92822E+00  0.36785E-03  0.26459E-03  0.97789E+00 -0.26027E-03 -0.91159E-05 -0.29393E+00  0.59042E-02 -0.29312E+00
  100.00  0.13063E+00 -0.91814E+00  0.40546E-03  0.27452E-03  0.97798E+00 -0.28484E-03 -0.48730E-04 -0.32455E+00  0.54207E-02 -0.32355E+00
  101.00  0.13025E+00 -0.90714E+00  0.44300E-03  0.26730E-03  0.97806E+00 -0.31283E-03 -0.81559E-04 -0.35457E+00  0.51672E-02 -0.35340E+00
  102.00  0.12979E+00 -0.89521E+00  0.47516E-03  0.24499E-03  0.97813E+00 -0.34066E-03 -0.10750E-03 -0.38405E+00  0.51146E-02 -0.38268E+00
  103.00  0.12928E+00 -0.88237E+00  0.49799E-03  0.21053E-03  0.97820E+00 -0.36478E-03 -0.12598E-03 -0.41300E+00  0.52169E-02 -0.41141E+00
  104.00  0.12871E+00 -0.86864E+00  0.51032E-03  0.16762E-03  0.97826E+00 -0.38295E-03 -0.13603E-03 -0.44140E+00  0.54218E-02 -0.43956E+00
  105.00  0.12808E+00 -0.85405E+00  0.51412E-03  0.12054E-03  0.97830E+00 -0.39468E-03 -0.13664E-03 -0.46920E+00  0.56786E-02 -0.46708E+00
  106.00  0.12737E+00 -0.83867E+00  0.51356E-03  0.73676E-04  0.97831E+00 -0.40097E-03 -0.12722E-03 -0.49630E+00  0.59404E-02 -0.49386E+00
  107.00  0.12658E+00 -0.82258E+00  0.51335E-03  0.31030E-04  0.97830E+00 -0.40343E-03 -0.10777E-03 -0.52261E+00  0.61663E-02 -0.51982E+00
  108.00  0.12567E+00 -0.80589E+00  0.51707E-03 -0.42658E-05  0.97825E+00 -0.40352E-03 -0.78817E-04 -0.54800E+00  0.63224E-02 -0.54485E+00
  109.00  0.12466E+00 -0.78871E+00  0.52600E-03 -0.30282E-04  0.97819E+00 -0.40205E-03 -0.41274E-04 -0.57239E+00  0.63836E-02 -0.56888E+00
  110.00  0.12356E+00 -0.77116E+00  0.53882E-03 -0.46391E-04  0.97810E+00 -0.39917E-03  0.37542E-05 -0.59573E+00  0.63364E-02 -0.59185E+00
  111.00  0.12243E+00 -0.75334E+00  0.55216E-03 -0.53121E-04  0.97802E+00 -0.39458E-03  0.55001E-04 -0.61798E+00  0.61791E-02 -0.61376E+00
  112.00  0.12132E+00 -0.73535E+00  0.56151E-03 -0.51828E-04  0.97796E+00 -0.38767E-03  0.11090E-03 -0.63916E+00  0.59215E-02 -0.63462E+00
  113.00  0.12031E+00 -0.71725E+00  0.56233E-03 -0.44280E-04  0.97793E+00 -0.37754E-03  0.16931E-03 -0.65934E+00  0.55814E-02 -0.65449E+00
  114.00  0.11946E+00 -0.69909E+00  0.55087E-03 -0.32250E-04  0.97796E+00 -0.36300E-03  0.22728E-03 -0.67856E+00  0.51802E-02 -0.67342E+00
  115.00  0.11882E+00 -0.68089E+00  0.52456E-03 -0.17209E-04  0.97803E+00 -0.34268E-03  0.28095E-03 -0.69690E+00  0.47401E-02 -0.69150E+00
  116.00  0.11840E+00 -0.66265E+00  0.48226E-03 -0.14775E-06  0.97816E+00 -0.31545E-03  0.32581E-03 -0.71444E+00  0.42817E-02 -0.70877E+00
  117.00  0.11822E+00 -0.64439E+00  0.42418E-03  0.18421E-04  0.97833E+00 -0.28090E-03  0.35730E-03 -0.73121E+00  0.38246E-02 -0.72529E+00
  118.00  0.11823E+00 -0.62609E+00  0.35190E-03  0.38274E-04  0.97853E+00 -0.23972E-03  0.37163E-03 -0.74725E+00  0.33875E-02 -0.74108E+00
  119.00  0.11838E+00 -0.60775E+00  0.26829E-03  0.59136E-04  0.97873E+00 -0.19370E-03  0.36661E-03 -0.76258E+00  0.29887E-02 -0.75615E+00
  120.00  0.11860E+00 -0.58939E+00  0.17724E-03  0.80323E-04  0.97892E+00 -0.14544E-03  0.34216E-03 -0.77721E+00  0.26435E-02 -0.77052E+00
  121.00  0.11883E+00 -0.57100E+00  0.83382E-04  0.10051E-03  0.97909E+00 -0.97801E-04  0.30039E-03 -0.79114E+00  0.23621E-02 -0.78417E+00
  122.00  0.11902E+00 -0.55261E+00 -0.84709E-05  0.11771E-03  0.97922E+00 -0.53401E-04  0.24535E-03 -0.80437E+00  0.21466E-02 -0.79712E+00
  123.00  0.11911E+00 -0.53423E+00 -0.93759E-04  0.12953E-03  0.97932E+00 -0.14271E-04  0.18238E-03 -0.81692E+00  0.19900E-02 -0.80937E+00
  124.00  0.11910E+00 -0.51590E+00 -0.16852E-03  0.13355E-03  0.97938E+00  0.18325E-04  0.11745E-03 -0.82879E+00  0.18758E-02 -0.82093E+00
  125.00  0.11898E+00 -0.49763E+00 -0.22952E-03  0.12767E-03  0.97942E+00  0.43886E-04  0.56494E-04 -0.84001E+00  0.17800E-02 -0.83183E+00
  126.00  0.11879E+00 -0.47945E+00 -0.27427E-03  0.11054E-03  0.97943E+00  0.62537E-04  0.48476E-05 -0.85060E+00  0.16737E-02 -0.84209E+00
  127.00  0.11857E+00 -0.46141E+00 -0.30094E-03  0.81849E-04  0.97943E+00  0.74803E-04 -0.33236E-04 -0.86058E+00  0.15275E-02 -0.85174E+00
  128.00  0.11836E+00 -0.44355E+00 -0.30838E-03  0.42614E-04  0.97944E+00  0.81379E-04 -0.54972E-04 -0.86997E+00  0.13155E-02 -0.86082E+00
  129.00  0.11823E+00 -0.42590E+00 -0.29618E-03 -0.47406E-05  0.97946E+00  0.82981E-04 -0.59283E-04 -0.87881E+00  0.10205E-02 -0.86935E+00
  130.00  0.11822E+00 -0.40853E+00 -0.26488E-03 -0.56472E-04  0.97951E+00  0.80328E-04 -0.46842E-04 -0.88711E+00  0.63666E-03 -0.87736E+00
  131.00  0.11837E+00 -0.39147E+00 -0.21605E-03 -0.10792E-03  0.97958E+00  0.74229E-04 -0.19874E-04 -0.89490E+00  0.17140E-03 -0.88487E+00
  132.00  0.11871E+00 -0.37477E+00 -0.15246E-03 -0.15411E-03  0.97969E+00  0.65680E-04  0.18244E-04 -0.90220E+00 -0.35604E-03 -0.89191E+00
  133.00  0.11922E+00 -0.35845E+00 -0.77833E-04 -0.19044E-03  0.97983E+00  0.55848E-04  0.63485E-04 -0.90903E+00 -0.91794E-03 -0.89850E+00
  134.00  0.11992E+00 -0.34254E+00  0.33692E-05 -0.21328E-03  0.98000E+00  0.45918E-04  0.11164E-03 -0.91540E+00 -0.14828E-02 -0.90467E+00
  135.00  0.12077E+00 -0.32704E+00  0.86487E-04 -0.22030E-03  0.98019E+00  0.36850E-04  0.15870E-03 -0.92134E+00 -0.20202E-02 -0.91041E+00
  136.00  0.12175E+00 -0.31196E+00  0.16717E-03 -0.21068E-03  0.98040E+00  0.29185E-04  0.20106E-03 -0.92687E+00 -0.25048E-02 -0.91576E+00
  137.00  0.12281E+00 -0.29728E+00  0.24182E-03 -0.18505E-03  0.98062E+00  0.22994E-04  0.23569E-03 -0.93200E+00 -0.29191E-02 -0.92073E+00
  138.00  0.12393E+00 -0.28300E+00  0.30789E-03 -0.14536E-03  0.98084E+00  0.17980E-04  0.26019E-03 -0.93676E+00 -0.32556E-02 -0.92533E+00
  139.00  0.12508E+00 -0.26909E+00  0.36393E-03 -0.94552E-04  0.98106E+00  0.13676E-04  0.27288E-03 -0.94115E+00 -0.35165E-02 -0.92957E+00
  140.00  0.12622E+00 -0.25555E+00  0.40946E-03 -0.36201E-04  0.98127E+00  0.96415E-05  0.27282E-03 -0.94521E+00 -0.37129E-02 -0.93348E+00
  141.00  0.12733E+00 -0.24236E+00  0.44470E-03  0.25941E-04  0.98146E+00  0.56075E-05  0.25983E-03 -0.94895E+00 -0.38616E-02 -0.93707E+00
  142.00  0.12841E+00 -0.22953E+00  0.47028E-03  0.88346E-04  0.98164E+00  0.15307E-05  0.23448E-03 -0.95239E+00 -0.39821E-02 -0.94035E+00
  143.00  0.12944E+00 -0.21707E+00  0.48703E-03  0.14801E-03  0.98180E+00 -0.24180E-05  0.19807E-03 -0.95554E+00 -0.40923E-02 -0.94334E+00
  144.00  0.13044E+00 -0.20497E+00  0.49577E-03  0.20260E-03  0.98195E+00 -0.59222E-05  0.15248E-03 -0.95842E+00 -0.42057E-02 -0.94605E+00
  145.00  0.13140E+00 -0.19325E+00  0.49734E-03  0.25049E-03  0.98208E+00 -0.86214E-05  0.10013E-03 -0.96104E+00 -0.43291E-02 -0.94851E+00
  146.00  0.13234E+00 -0.18191E+00  0.49255E-03  0.29070E-03  0.98220E+00 -0.10222E-04  0.43733E-04 -0.96343E+00 -0.44629E-02 -0.95072E+00
  147.00  0.13325E+00 -0.17094E+00  0.48235E-03  0.32280E-03  0.98231E+00 -0.10587E-04 -0.13893E-04 -0.96559E+00 -0.46012E-02 -0.95271E+00
  148.00  0.13415E+00 -0.16035E+00  0.46784E-03  0.34680E-03  0.98241E+00 -0.97768E-05 -0.70158E-04 -0.96755E+00 -0.47341E-02 -0.95449E+00
  149.00  0.13504E+00 -0.15013E+00  0.45031E-03  0.36306E-03  0.98249E+00 -0.80354E-05 -0.12297E-03 -0.96932E+00 -0.48500E-02 -0.95608E+00
  150.00  0.13593E+00 -0.14028E+00  0.43110E-03  0.37227E-03  0.98257E+00 -0.57311E-05 -0.17094E-03 -0.97091E+00 -0.49373E-02 -0.95749E+00
  151.00  0.13681E+00 -0.13079E+00  0.41150E-03  0.37533E-03  0.98264E+00 -0.32802E-05 -0.21347E-03 -0.97234E+00 -0.49869E-02 -0.95874E+00
  152.00  0.13768E+00 -0.12165E+00  0.39262E-03  0.37323E-03  0.98270E+00 -0.10719E-05 -0.25057E-03 -0.97362E+00 -0.49934E-02 -0.95985E+00
  153.00  0.13855E+00 -0.11286E+00  0.37525E-03  0.36694E-03  0.98276E+00  0.59014E-06 -0.28264E-03 -0.97476E+00 -0.49559E-02 -0.96081E+00
  154.00  0.13941E+00 -0.10441E+00  0.35991E-03  0.35719E-03  0.98281E+00  0.15259E-05 -0.31008E-03 -0.97577E+00 -0.48785E-02 -0.96165E+00
  155.00  0.14025E+00 -0.96289E-01  0.34673E-03  0.34442E-03  0.98285E+00  0.16939E-05 -0.33300E-03 -0.97668E+00 -0.47687E-02 -0.96238E+00
  156.00  0.14107E+00 -0.88503E-01  0.33553E-03  0.32883E-03  0.98287E+00  0.11822E-05 -0.35106E-03 -0.97747E+00 -0.46368E-02 -0.96300E+00
  157.00  0.14187E+00 -0.81045E-01  0.32582E-03  0.31049E-03  0.98289E+00  0.17791E-06 -0.36353E-03 -0.97817E+00 -0.44939E-02 -0.96352E+00
  158.00  0.14263E+00 -0.73910E-01  0.31683E-03  0.28948E-03  0.98289E+00 -0.10757E-05 -0.36949E-03 -0.97878E+00 -0.43504E-02 -0.96395E+00
  159.00  0.14337E+00 -0.67094E-01  0.30767E-03  0.26605E-03  0.98288E+00 -0.23268E-05 -0.36807E-03 -0.97931E+00 -0.42141E-02 -0.96429E+00
  160.00  0.14407E+00 -0.60592E-01  0.29745E-03  0.24059E-03  0.98285E+00 -0.33598E-05 -0.35866E-03 -0.97976E+00 -0.40902E-02 -0.96454E+00
  161.00  0.14474E+00 -0.54401E-01  0.28553E-03  0.21354E-03  0.98281E+00 -0.40345E-05 -0.34110E-03 -0.98013E+00 -0.39801E-02 -0.96470E+00
  162.00  0.14537E+00 -0.48518E-01  0.27152E-03  0.18541E-03  0.98274E+00 -0.43131E-05 -0.31577E-03 -0.98043E+00 -0.38821E-02 -0.96478E+00
  163.00  0.14596E+00 -0.42942E-01  0.25537E-03  0.15668E-03  0.98266E+00 -0.42609E-05 -0.28362E-03 -0.98066E+00 -0.37912E-02 -0.96479E+00
  164.00  0.14652E+00 -0.37671E-01  0.23725E-03  0.12796E-03  0.98257E+00 -0.40138E-05 -0.24625E-03 -0.98083E+00 -0.37007E-02 -0.96472E+00
  165.00  0.14704E+00 -0.32707E-01  0.21753E-03  0.99980E-04  0.98245E+00 -0.37158E-05 -0.20581E-03 -0.98094E+00 -0.36021E-02 -0.96458E+00
  166.00  0.14754E+00 -0.28057E-01  0.19667E-03  0.73597E-04  0.98232E+00 -0.34538E-05 -0.16487E-03 -0.98100E+00 -0.34868E-02 -0.96438E+00
  167.00  0.14801E+00 -0.23729E-01  0.17528E-03  0.49653E-04  0.98217E+00 -0.32247E-05 -0.12608E-03 -0.98102E+00 -0.33467E-02 -0.96412E+00
  168.00  0.14847E+00 -0.19736E-01  0.15402E-03  0.28753E-04  0.98199E+00 -0.29566E-05 -0.91766E-04 -0.98099E+00 -0.31751E-02 -0.96380E+00
  169.00  0.14891E+00 -0.16091E-01  0.13361E-03  0.11074E-04  0.98179E+00 -0.25708E-05 -0.63511E-04 -0.98093E+00 -0.29676E-02 -0.96343E+00
  170.00  0.14933E+00 -0.12806E-01  0.11455E-03 -0.36861E-05  0.98156E+00 -0.20445E-05 -0.41939E-04 -0.98083E+00 -0.27220E-02 -0.96300E+00
  171.00  0.14975E+00 -0.98926E-02  0.97062E-04 -0.16192E-04  0.98131E+00 -0.14351E-05 -0.26711E-04 -0.98070E+00 -0.24394E-02 -0.96252E+00
  172.00  0.15016E+00 -0.73622E-02  0.80994E-04 -0.27219E-04  0.98102E+00 -0.85111E-06 -0.16761E-04 -0.98054E+00 -0.21237E-02 -0.96198E+00
  173.00  0.15057E+00 -0.52259E-02  0.65992E-04 -0.37375E-04  0.98070E+00 -0.39493E-06 -0.10677E-04 -0.98034E+00 -0.17821E-02 -0.96138E+00
  174.00  0.15097E+00 -0.34922E-02  0.51748E-04 -0.46929E-04  0.98035E+00 -0.11418E-06 -0.70687E-05 -0.98011E+00 -0.14257E-02 -0.96072E+00
  175.00  0.15136E+00 -0.21597E-02  0.38241E-04 -0.55793E-04  0.97998E+00  0.90842E-08 -0.48264E-05 -0.97984E+00 -0.10692E-02 -0.96001E+00
  176.00  0.15171E+00 -0.12066E-02  0.25830E-04 -0.63639E-04  0.97961E+00  0.33354E-07 -0.32359E-05 -0.97953E+00 -0.73151E-03 -0.95927E+00
  177.00  0.15203E+00 -0.58544E-03  0.15159E-04 -0.70086E-04  0.97926E+00  0.19668E-07 -0.19590E-05 -0.97923E+00 -0.43458E-03 -0.95856E+00
  178.00  0.15228E+00 -0.22579E-03  0.69399E-05 -0.74834E-04  0.97897E+00  0.53782E-08 -0.93399E-06 -0.97896E+00 -0.20115E-03 -0.95797E+00
  179.00  0.15244E+00 -0.50735E-04  0.17651E-05 -0.77720E-04  0.97878E+00  0.39746E-09 -0.24504E-06 -0.97878E+00 -0.51563E-04 -0.95756E+00
  180.00  0.15250E+00 -0.12077E-14  0.43992E-16 -0.78685E-04  0.97871E+00  0.25724E-30 -0.61770E-17 -0.97871E+00 -0.12888E-14 -0.95742E+00
 scattering matrix expansion coefficients
    w  a11         a22         a33         a23         a32         a44         a12         a34         a13         a24         a14
    0  0.1000E+01  0.0000E+00  0.0000E+00  0.0000E+00  0.0000E+00  0.8547E+00  0.0000E+00  0.0000E+00  0.0000E+00  0.0000E+00 -0.1441E-05
    1  0.2427E+01  0.0000E+00  0.0000E+00  0.0000E+00  0.0000E+00  0.2564E+01  0.0000E+00  0.0000E+00  0.0000E+00  0.0000E+00 -0.7733E-05
    2  0.3584E+01  0.1765E+00  0.4221E+01 -0.2411E-07  0.2478E-04  0.3586E+01 -0.2936E+00  0.9222E-03  0.8889E-05  0.2591E-04  0.4492E-04
    3  0.4392E+01  0.4994E-01  0.4750E+01 -0.6409E-08 -0.5763E-04  0.4399E+01 -0.1843E+00 -0.1375E-02 -0.6433E-04  0.7332E-05  0.6681E-04
    4  0.5080E+01  0.2667E-01  0.5322E+01 -0.7315E-08 -0.1372E-03  0.5073E+01 -0.1274E+00 -0.4576E-02  0.6325E-05  0.7822E-05  0.8117E-04
    5  0.5648E+01  0.8156E-02  0.5845E+01 -0.5294E-07 -0.6129E-04  0.5653E+01 -0.9424E-01 -0.4628E-02  0.2807E-04 -0.4225E-05  0.3648E-04
    6  0.6127E+01  0.8833E-02  0.6290E+01  0.2092E-07 -0.6998E-04  0.6122E+01 -0.7583E-01 -0.5076E-02  0.1832E-04 -0.3785E-04 -0.7105E-05
    7  0.6502E+01  0.3377E-02  0.6648E+01 -0.4091E-07 -0.1597E-03  0.6500E+01 -0.6999E-01 -0.3668E-02 -0.1016E-03  0.5577E-05 -0.1447E-04
    8  0.6795E+01 -0.1837E-02  0.6929E+01  0.4402E-07 -0.1202E-03  0.6804E+01 -0.6999E-01 -0.3055E-02  0.2060E-04 -0.1994E-04 -0.7585E-04
    9  0.7037E+01  0.4290E-02  0.7151E+01  0.6325E-08 -0.6037E-04  0.7036E+01 -0.5657E-01 -0.1536E-02  0.1713E-04  0.4356E-04 -0.2946E-04
   10  0.7219E+01  0.4815E-02  0.7320E+01 -0.2784E-08 -0.5256E-04  0.7212E+01 -0.4107E-01 -0.9531E-04 -0.3435E-04  0.2980E-04 -0.4226E-04
   11  0.7331E+01  0.1137E-04  0.7428E+01 -0.2071E-07 -0.4753E-05  0.7330E+01 -0.4079E-01  0.7817E-03  0.1068E-04  0.3225E-04 -0.5447E-04
   12  0.7388E+01 -0.9329E-03  0.7479E+01  0.8942E-08  0.3211E-04  0.7390E+01 -0.4724E-01  0.4203E-03 -0.1794E-04 -0.3854E-04 -0.9960E-04
   13  0.7408E+01  0.2374E-03  0.7490E+01  0.6788E-07  0.4134E-04  0.7409E+01 -0.4933E-01 -0.2942E-03 -0.1417E-04 -0.1185E-04 -0.1321E-03
   14  0.7408E+01  0.1511E-02  0.7479E+01  0.8360E-08  0.4098E-04  0.7406E+01 -0.4790E-01 -0.1050E-02  0.3626E-04  0.3474E-04 -0.3630E-04
   15  0.7395E+01 -0.8163E-03  0.7460E+01 -0.7250E-08 -0.1119E-04  0.7398E+01 -0.4761E-01 -0.1171E-02 -0.9854E-05 -0.4190E-04 -0.3804E-05
   16  0.7381E+01 -0.1121E-02  0.7440E+01 -0.1162E-07 -0.7477E-04  0.7386E+01 -0.4110E-01 -0.8051E-03  0.1900E-06 -0.3121E-05  0.2515E-04
   17  0.7364E+01  0.2547E-02  0.7414E+01 -0.2831E-07 -0.9903E-04  0.7361E+01 -0.2733E-01  0.3475E-03  0.1623E-04  0.2951E-04  0.1300E-03
   18  0.7319E+01  0.1300E-02  0.7368E+01  0.1513E-07 -0.7561E-04  0.7317E+01 -0.1802E-01  0.8789E-03 -0.6445E-05  0.2888E-06  0.1737E-03
   19  0.7234E+01 -0.4719E-03  0.7284E+01  0.4903E-08  0.3637E-04  0.7236E+01 -0.1468E-01  0.4210E-03  0.6230E-05 -0.1466E-04  0.1700E-03
   20  0.7107E+01  0.1766E-02  0.7155E+01 -0.5703E-08  0.2181E-03  0.7104E+01 -0.1259E-01  0.1348E-03  0.1492E-04 -0.1586E-04  0.1933E-03
   21  0.6928E+01  0.3833E-03  0.6976E+01 -0.9252E-08  0.3690E-03  0.6927E+01 -0.1801E-01  0.6201E-03  0.1065E-04 -0.5928E-05  0.2601E-03
   22  0.6709E+01 -0.1011E-02  0.6757E+01 -0.3357E-07  0.4152E-03  0.6710E+01 -0.2983E-01  0.6527E-03  0.1525E-04  0.3089E-04  0.3399E-03
   23  0.6473E+01 -0.9376E-03  0.6517E+01 -0.1583E-07  0.3630E-03  0.6474E+01 -0.3916E-01  0.3217E-03  0.1432E-04  0.2396E-04  0.3442E-03
   24  0.6237E+01 -0.1545E-02  0.6279E+01  0.1865E-07  0.2641E-03  0.6241E+01 -0.4017E-01 -0.1916E-03  0.2109E-05  0.4601E-05  0.2996E-03
   25  0.6013E+01 -0.1718E-03  0.6050E+01  0.1304E-07  0.1735E-03  0.6015E+01 -0.3158E-01 -0.4680E-03 -0.3304E-05 -0.1608E-05  0.2653E-03
   26  0.5789E+01  0.1750E-02  0.5822E+01  0.3252E-08  0.9650E-04  0.5787E+01 -0.1958E-01 -0.1938E-03 -0.8077E-05 -0.2483E-05  0.2439E-03
   27  0.5548E+01  0.9333E-03  0.5580E+01 -0.3748E-09  0.4109E-04  0.5546E+01 -0.1380E-01  0.4733E-03 -0.1580E-04  0.1294E-05  0.2477E-03
   28  0.5283E+01 -0.1735E-03  0.5316E+01 -0.1083E-08  0.4343E-04  0.5283E+01 -0.1477E-01  0.1149E-02 -0.1073E-04  0.5932E-05  0.2547E-03
   29  0.4998E+01 -0.2825E-03  0.5029E+01  0.1025E-08  0.9290E-04  0.4998E+01 -0.1749E-01  0.1398E-02  0.1313E-05  0.4598E-05  0.2294E-03
   30  0.4697E+01 -0.5511E-04  0.4727E+01 -0.6565E-09  0.1372E-03  0.4697E+01 -0.1926E-01  0.1272E-02  0.3430E-05 -0.4506E-05  0.1710E-03
   31  0.4387E+01  0.2783E-03  0.4416E+01  0.6818E-08  0.1438E-03  0.4386E+01 -0.2138E-01  0.1201E-02 -0.6071E-05 -0.1041E-05  0.1030E-03
   32  0.4076E+01  0.1683E-03  0.4102E+01  0.2837E-08  0.1200E-03  0.4075E+01 -0.2581E-01  0.1123E-02 -0.5995E-05  0.1597E-05  0.3826E-04
   33  0.3773E+01 -0.7210E-03  0.3798E+01  0.2714E-09  0.8655E-04  0.3774E+01 -0.3120E-01  0.8101E-03 -0.2341E-05 -0.1520E-05 -0.1899E-04
   34  0.3492E+01 -0.1022E-02  0.3515E+01  0.3824E-08  0.5693E-04  0.3494E+01 -0.3239E-01  0.3907E-03 -0.3083E-05 -0.1014E-04 -0.7177E-04
   35  0.3238E+01 -0.8289E-04  0.3257E+01  0.2417E-08  0.3508E-04  0.3238E+01 -0.2708E-01  0.2151E-03  0.5660E-06 -0.1412E-04 -0.1144E-03
   36  0.3003E+01  0.8597E-03  0.3019E+01 -0.9954E-09  0.1007E-04  0.3002E+01 -0.1955E-01  0.2710E-03  0.9729E-05 -0.8588E-05 -0.1391E-03
   37  0.2775E+01  0.7677E-03  0.2791E+01 -0.1800E-08 -0.2262E-04  0.2774E+01 -0.1574E-01  0.2060E-03  0.1222E-04 -0.2505E-05 -0.1488E-03
   38  0.2550E+01  0.2008E-03  0.2565E+01 -0.1932E-08 -0.5141E-04  0.2550E+01 -0.1684E-01 -0.2147E-03  0.6233E-05 -0.3647E-05 -0.1527E-03
   39  0.2329E+01 -0.1962E-03  0.2343E+01 -0.1693E-08 -0.6600E-04  0.2329E+01 -0.2015E-01 -0.8585E-03  0.1118E-05 -0.5338E-05 -0.1520E-03
   40  0.2118E+01 -0.3849E-03  0.2131E+01 -0.1951E-08 -0.7051E-04  0.2119E+01 -0.2256E-01 -0.1491E-02  0.1180E-05 -0.2344E-05 -0.1446E-03
   41  0.1924E+01 -0.3631E-03  0.1935E+01 -0.2399E-08 -0.7818E-04  0.1925E+01 -0.2239E-01 -0.1996E-02 -0.1217E-09  0.8199E-07 -0.1363E-03
   42  0.1747E+01  0.1350E-05  0.1757E+01 -0.2322E-10 -0.9344E-04  0.1747E+01 -0.1976E-01 -0.2341E-02 -0.2753E-05 -0.2504E-05 -0.1348E-03
   43  0.1585E+01  0.3768E-03  0.1593E+01  0.1362E-08 -0.1070E-03  0.1584E+01 -0.1660E-01 -0.2504E-02 -0.3198E-05 -0.4736E-05 -0.1384E-03
   44  0.1434E+01  0.3106E-03  0.1441E+01  0.7752E-09 -0.1110E-03  0.1433E+01 -0.1493E-01 -0.2555E-02 -0.2052E-05 -0.3020E-05 -0.1407E-03
   45  0.1292E+01 -0.7200E-04  0.1300E+01  0.1408E-08 -0.1074E-03  0.1292E+01 -0.1467E-01 -0.2592E-02 -0.9614E-06 -0.6034E-06 -0.1407E-03
   46  0.1161E+01 -0.2266E-03  0.1167E+01  0.1470E-08 -0.1040E-03  0.1161E+01 -0.1407E-01 -0.2597E-02  0.5331E-06 -0.5385E-06 -0.1396E-03
   47  0.1038E+01 -0.2494E-04  0.1044E+01  0.7070E-09 -0.1087E-03  0.1038E+01 -0.1224E-01 -0.2446E-02  0.1250E-05 -0.1671E-05 -0.1354E-03
   48  0.9226E+00  0.1887E-03  0.9279E+00 -0.2129E-09 -0.1218E-03  0.9222E+00 -0.1016E-01 -0.2068E-02  0.4794E-06 -0.1577E-05 -0.1243E-03
   49  0.8109E+00  0.1566E-03  0.8159E+00 -0.4820E-09 -0.1348E-03  0.8106E+00 -0.9133E-02 -0.1530E-02 -0.3417E-06 -0.7401E-06 -0.1099E-03
   50  0.7029E+00  0.7685E-05  0.7076E+00  0.1910E-09 -0.1392E-03  0.7029E+00 -0.9193E-02 -0.9854E-03 -0.1206E-06 -0.8524E-07 -0.9845E-04
   51  0.6000E+00 -0.5667E-04  0.6044E+00  0.4550E-09 -0.1335E-03  0.6002E+00 -0.9484E-02 -0.5475E-03  0.3254E-06 -0.2245E-07 -0.9119E-04
   52  0.5046E+00 -0.1322E-04  0.5085E+00  0.4277E-09 -0.1211E-03  0.5047E+00 -0.9363E-02 -0.2452E-03  0.1391E-06  0.4106E-06 -0.8266E-04
   53  0.4183E+00  0.3371E-04  0.4216E+00  0.3689E-09 -0.1051E-03  0.4183E+00 -0.8835E-02 -0.5278E-04 -0.3354E-06  0.1292E-05 -0.6878E-04
   54  0.3419E+00  0.3997E-04  0.3447E+00  0.3357E-09 -0.8729E-04  0.3419E+00 -0.8128E-02  0.5400E-04 -0.5738E-06  0.1947E-05 -0.5121E-04
   55  0.2758E+00  0.3033E-04  0.2781E+00  0.2942E-09 -0.6916E-04  0.2758E+00 -0.7357E-02  0.8614E-04 -0.1421E-06  0.1949E-05 -0.3466E-04
   56  0.2196E+00  0.3198E-04  0.2216E+00  0.3267E-09 -0.5236E-04  0.2196E+00 -0.6528E-02  0.5874E-04  0.5299E-06  0.1366E-05 -0.2248E-04
   57  0.1728E+00  0.3616E-04  0.1744E+00  0.4528E-09 -0.3834E-04  0.1728E+00 -0.5693E-02 -0.3641E-05  0.1074E-05  0.6439E-06 -0.1502E-04
   58  0.1342E+00  0.3172E-04  0.1355E+00  0.5178E-09 -0.2809E-04  0.1342E+00 -0.4918E-02 -0.7421E-04  0.1187E-05  0.1466E-06 -0.1095E-04
   59  0.1029E+00  0.2159E-04  0.1040E+00  0.5230E-09 -0.2154E-04  0.1030E+00 -0.4220E-02 -0.1299E-03  0.9809E-06 -0.6665E-07 -0.8846E-05
   60  0.7787E-01  0.1730E-04  0.7866E-01  0.4563E-09 -0.1774E-04  0.7789E-01 -0.3564E-02 -0.1577E-03  0.5697E-06 -0.1435E-06 -0.7724E-05
   61  0.5805E-01  0.2103E-04  0.5865E-01  0.3348E-09 -0.1551E-04  0.5805E-01 -0.2932E-02 -0.1560E-03  0.2244E-06 -0.1278E-06 -0.6958E-05
   62  0.4256E-01  0.2670E-04  0.4302E-01  0.2503E-09 -0.1370E-04  0.4255E-01 -0.2345E-02 -0.1317E-03  0.6395E-07 -0.7176E-07 -0.6247E-05
   63  0.3059E-01  0.2770E-04  0.3093E-01  0.2136E-09 -0.1161E-04  0.3057E-01 -0.1841E-02 -0.9627E-04  0.6451E-07 -0.5073E-09 -0.5369E-05
   64  0.2144E-01  0.2343E-04  0.2169E-01  0.1632E-09 -0.9186E-05  0.2142E-01 -0.1437E-02 -0.6072E-04  0.1368E-06  0.6618E-07 -0.4252E-05
   65  0.1456E-01  0.1707E-04  0.1474E-01  0.8269E-10 -0.6721E-05  0.1455E-01 -0.1119E-02 -0.3225E-04  0.2126E-06  0.1117E-06 -0.3082E-05
   66  0.9524E-02  0.1201E-04  0.9651E-02  0.1377E-10 -0.4537E-05  0.9514E-02 -0.8635E-03 -0.1344E-04  0.2356E-06  0.1232E-06 -0.2045E-05
   67  0.5968E-02  0.9166E-05  0.6052E-02 -0.1826E-10 -0.2825E-05  0.5959E-02 -0.6483E-03 -0.3209E-05  0.2089E-06  0.1090E-06 -0.1236E-05
   68  0.3568E-02  0.7816E-05  0.3621E-02 -0.2142E-10 -0.1630E-05  0.3559E-02 -0.4656E-03  0.1161E-05  0.1554E-06  0.8100E-07 -0.6812E-06
   69  0.2031E-02  0.6863E-05  0.2062E-02 -0.8696E-11 -0.8764E-06  0.2022E-02 -0.3159E-03  0.2294E-05  0.1028E-06  0.5316E-07 -0.3450E-06
   70  0.1099E-02  0.5736E-05  0.1115E-02  0.1333E-10 -0.4401E-06  0.1091E-02 -0.2013E-03  0.2031E-05  0.6098E-07  0.3109E-07 -0.1628E-06
   71  0.5654E-03  0.4385E-05  0.5729E-03  0.3512E-10 -0.2060E-06  0.5585E-03 -0.1201E-03  0.1404E-05  0.3277E-07  0.1648E-07 -0.7242E-07
   72  0.2765E-03  0.3040E-05  0.2796E-03  0.4570E-10 -0.9038E-07  0.2715E-03 -0.6714E-04  0.8441E-06  0.1609E-07  0.7947E-08 -0.3092E-07
   73  0.1287E-03  0.1915E-05  0.1298E-03  0.4452E-10 -0.3760E-07  0.1255E-03 -0.3522E-04  0.4584E-06  0.7131E-08  0.3445E-08 -0.1284E-07
   74  0.5709E-04  0.1106E-05  0.5738E-04  0.3808E-10 -0.1488E-07  0.5520E-04 -0.1738E-04  0.2286E-06  0.2812E-08  0.1108E-08 -0.4902E-08
   75  0.2418E-04  0.5902E-06  0.2421E-04  0.3110E-10 -0.5467E-08  0.2315E-04 -0.8094E-05  0.1064E-06  0.8773E-09 -0.2070E-12 -0.1406E-08
   76  0.9796E-05  0.2930E-06  0.9762E-05  0.2516E-10 -0.1837E-08  0.9281E-05 -0.3572E-05  0.4698E-07  0.1058E-09 -0.4032E-09 -0.1421E-09
   77  0.3810E-05  0.1359E-06  0.3778E-05  0.2036E-10 -0.5836E-09  0.3569E-05 -0.1500E-05  0.1963E-07 -0.1379E-09 -0.4283E-09  0.1566E-09
   78  0.1434E-05  0.5901E-07  0.1415E-05  0.1639E-10 -0.1671E-09  0.1329E-05 -0.6028E-06  0.8192E-08 -0.1853E-09 -0.3394E-09  0.1274E-09
   79  0.5316E-06  0.2398E-07  0.5222E-06  0.1257E-10 -0.3514E-10  0.4886E-06 -0.2345E-06  0.3601E-08 -0.1668E-09 -0.2358E-09  0.6192E-10
   80  0.2003E-06  0.9318E-08  0.1963E-06  0.8800E-11  0.3063E-11  0.1837E-06 -0.9054E-07  0.1757E-08 -0.1286E-09 -0.1534E-09  0.2224E-10
   81  0.8013E-07  0.3612E-08  0.7844E-07  0.5558E-11  0.1445E-10  0.7367E-07 -0.3620E-07  0.9325E-09 -0.9107E-10 -0.9591E-10  0.6603E-11
   82  0.3599E-07  0.1460E-08  0.3526E-07  0.3186E-11  0.1235E-10  0.3339E-07 -0.1577E-07  0.5361E-09 -0.6210E-10 -0.5775E-10  0.4882E-11
   83  0.1882E-07  0.5889E-09  0.1852E-07  0.1721E-11  0.9549E-11  0.1778E-07 -0.7877E-08  0.3791E-09 -0.3946E-10 -0.3277E-10  0.4239E-11
   84  0.1203E-07  0.2489E-09  0.1192E-07  0.9988E-12  0.5153E-11  0.1160E-07 -0.4680E-08  0.2980E-09 -0.2505E-10 -0.1615E-10  0.4049E-12
   85  0.8650E-08  0.1091E-09  0.8611E-08  0.7030E-12  0.1796E-11  0.8467E-08 -0.3216E-08  0.2415E-09 -0.1405E-10 -0.6446E-11 -0.2711E-11
   86  0.6928E-08  0.7087E-10  0.6907E-08  0.5265E-12 -0.7197E-12  0.6810E-08 -0.2425E-08  0.1839E-09 -0.7435E-11 -0.1718E-11 -0.3588E-11
   87  0.5429E-08  0.4234E-10  0.5413E-08  0.3589E-12 -0.1451E-11  0.5360E-08 -0.1979E-08  0.1437E-09 -0.3477E-11  0.5369E-13 -0.3092E-11
   88  0.4867E-08  0.3376E-10  0.4861E-08  0.2224E-12 -0.1815E-11  0.4809E-08 -0.1700E-08  0.1116E-09 -0.1410E-11  0.4621E-12 -0.2289E-11
   89  0.3904E-08  0.1221E-10  0.3909E-08  0.1307E-12 -0.2010E-11  0.3883E-08 -0.1343E-08  0.9992E-10 -0.2433E-12  0.2834E-12 -0.6815E-12
   90  0.3281E-08  0.1826E-10  0.3284E-08  0.6911E-13 -0.1845E-11  0.3251E-08 -0.1105E-08  0.8338E-10  0.1210E-13  0.3219E-12 -0.3913E-12
   91  0.2450E-08  0.6450E-11  0.2452E-08  0.2980E-13 -0.1078E-11  0.2442E-08 -0.9230E-09  0.6818E-10  0.2617E-12  0.1620E-12 -0.4900E-12
   92  0.2391E-08  0.7540E-11  0.2413E-08  0.1049E-13 -0.1856E-11  0.2382E-08 -0.7257E-09  0.5637E-10  0.2977E-12  0.1391E-12  0.1932E-12
   93  0.1003E-08  0.5614E-11  0.9971E-09  0.3091E-14 -0.3177E-12  0.9979E-09 -0.4358E-09  0.3140E-10  0.1480E-12  0.8557E-13 -0.2655E-12
   94  0.1461E-08  0.1995E-10  0.1467E-08  0.6500E-15 -0.1061E-11  0.1427E-08 -0.4860E-09  0.2458E-10  0.2127E-12  0.5481E-13  0.1029E-12
   95  0.2533E-09  0.2511E-11  0.2487E-09 -0.1022E-15 -0.5958E-13  0.2514E-09 -0.1238E-09  0.8798E-11  0.3722E-13  0.3055E-13 -0.7372E-13
   96  0.5985E-09  0.1862E-10  0.5936E-09 -0.3029E-15 -0.3588E-12  0.5654E-09 -0.2338E-09  0.6882E-11  0.8299E-13  0.1190E-13  0.3599E-13
   97  0.3988E-10  0.5872E-12  0.3860E-10 -0.2108E-15 -0.7089E-14  0.3955E-10 -0.2130E-10  0.1503E-11  0.5505E-14  0.5876E-14 -0.1121E-13
   98  0.1604E-09  0.7745E-11  0.1562E-09 -0.7792E-16 -0.7845E-13  0.1461E-09 -0.7165E-10  0.1302E-11  0.1995E-13  0.1412E-14  0.1028E-13
   99  0.3979E-11  0.7645E-13  0.3734E-11 -0.3141E-16 -0.5851E-15  0.3980E-11 -0.2255E-11  0.1599E-12  0.4534E-15  0.9159E-15 -0.1502E-14
  100  0.3026E-10  0.2015E-11  0.2914E-10 -0.1051E-16 -0.1225E-13  0.2659E-10 -0.1517E-10  0.1831E-12  0.3393E-14 -0.1853E-15  0.2511E-14
  101  0.2283E-12  0.5146E-14  0.2092E-12 -0.2550E-17 -0.2569E-16  0.2304E-12 -0.1351E-12  0.9732E-14  0.1957E-16  0.7375E-16 -0.7041E-16
  102  0.3809E-11  0.2988E-12  0.3573E-11 -0.1803E-17 -0.1326E-14  0.3237E-11 -0.2050E-11  0.1845E-13  0.3945E-15 -0.4767E-16  0.3461E-15
  103  0.7645E-14  0.9122E-16  0.5013E-14 -0.7657E-18 -0.2108E-17  0.9039E-14 -0.3751E-14  0.3183E-15  0.1638E-17  0.1017E-16 -0.1108E-16
  104  0.4980E-12  0.4997E-13  0.4711E-12 -0.1426E-18 -0.1477E-15  0.4089E-12 -0.2954E-12  0.2084E-14  0.4743E-16 -0.1708E-16  0.6461E-16
