 input file is 
mstm22_1024_6398_13_00226.inp 
 input file comments follow:
***********************************************************
  This is the default mstm input file for v.3.0.
  The run is for a 7-sphere cluster of identical spheres.   The positions
  are embedded in the input file.

  The run makes use of the new_run and multiple_run options.

  14 April 2013
***********************************************************
 number of processors:
   1
 input parameters for run number 
    1
 number of spheres, volume size parameter:
 1024  0.64488E+01
 position file:
position/n1024/a22.out                                      
 output file:
output/1024/x6398/13/00226/mt_22_1024_6398_13_00226.dat     
 length, ref. indx. scale factors:
   0.640   1.300   0.023
 chiral factors:
  0.00000E+00  0.00000E+00
 scattering matrix directions based on incident frame
 automatic scattering angle calculation
 thetamin, thetamax:
      0.0    180.0
 number scattering angles:
      181
 epsmie, epssoln, max number iterations:
  0.1000E-05  0.1000E-07 5000
 medium refractive index:
  1.0000  0.0000
 target euler rotation angles:
    0.0000    0.0000    0.0000
 far field kr, iterations/correction:
  0.1000E-07   20
 plane wave incidence
 random orientation calculations
 t matrix calculated, stored in file 
tmatrixfiles/tmf_22_1024_6398_13_00226                      
 t matrix convergence epsilon:
  0.1000E-06
 all spheres excited (total T matrix) 
 calculation results for run 
    1
 total ext, abs, scat efficiencies, w.r.t. xv, and asym. parm
  0.15441E+01  0.39414E+00  0.11499E+01  0.80431E+00
 scattering matrix elements (normalized w/ S11)
   theta      11           12           13           14           22           23           24           33           34           44     
    0.00  0.23756E+03  0.00000E+00  0.00000E+00 -0.75814E-05  0.99999E+00  0.29077E-04  0.00000E+00  0.99999E+00  0.00000E+00  0.99999E+00
    1.00  0.22716E+03 -0.20647E-03 -0.12821E-07 -0.70048E-05  0.99999E+00  0.29591E-04 -0.46370E-08  0.99999E+00 -0.22753E-04  0.99998E+00
    2.00  0.19871E+03 -0.82855E-03 -0.52547E-07 -0.53330E-05  0.99999E+00  0.31459E-04 -0.21187E-07  0.99999E+00 -0.92211E-04  0.99998E+00
    3.00  0.15932E+03 -0.18732E-02 -0.12485E-06 -0.27932E-05  0.99998E+00  0.35739E-04 -0.56271E-07  0.99998E+00 -0.21123E-03  0.99996E+00
    4.00  0.11778E+03 -0.33469E-02 -0.24578E-06  0.43861E-07  0.99997E+00  0.44369E-04 -0.11456E-06  0.99997E+00 -0.38118E-03  0.99994E+00
    5.00  0.81430E+02 -0.52424E-02 -0.44979E-06  0.19661E-05  0.99996E+00  0.59939E-04 -0.18155E-06  0.99994E+00 -0.59377E-03  0.99990E+00
    6.00  0.54238E+02 -0.75103E-02 -0.78306E-06  0.10119E-05  0.99993E+00  0.83653E-04 -0.18840E-06  0.99990E+00 -0.81607E-03  0.99984E+00
    7.00  0.36542E+02 -0.10035E-01 -0.12336E-05 -0.42374E-05  0.99991E+00  0.10980E-03  0.11391E-07  0.99985E+00 -0.98416E-03  0.99976E+00
    8.00  0.26234E+02 -0.12695E-01 -0.15966E-05 -0.11126E-04  0.99988E+00  0.12204E-03  0.53936E-06  0.99978E+00 -0.10509E-02  0.99967E+00
    9.00  0.20454E+02 -0.15500E-01 -0.15183E-05 -0.12032E-04  0.99986E+00  0.10581E-03  0.12784E-05  0.99971E+00 -0.10623E-02  0.99958E+00
   10.00  0.16896E+02 -0.18547E-01 -0.83165E-06 -0.55774E-06  0.99984E+00  0.65230E-04  0.19129E-05  0.99962E+00 -0.11076E-02  0.99947E+00
   11.00  0.14289E+02 -0.21845E-01  0.25084E-06  0.24176E-04  0.99981E+00  0.17531E-04  0.21976E-05  0.99952E+00 -0.11955E-02  0.99934E+00
   12.00  0.12191E+02 -0.25297E-01  0.11928E-05  0.58604E-04  0.99977E+00 -0.19981E-04  0.20664E-05  0.99938E+00 -0.12422E-02  0.99917E+00
   13.00  0.10528E+02 -0.28856E-01  0.13200E-05  0.95757E-04  0.99971E+00 -0.36142E-04  0.16207E-05  0.99922E+00 -0.11515E-02  0.99896E+00
   14.00  0.92474E+01 -0.32643E-01  0.23031E-06  0.12725E-03  0.99965E+00 -0.30056E-04  0.10805E-05  0.99905E+00 -0.90209E-03  0.99873E+00
   15.00  0.82263E+01 -0.36857E-01 -0.18506E-05  0.14771E-03  0.99959E+00 -0.10508E-04  0.65914E-06  0.99885E+00 -0.55890E-03  0.99848E+00
   16.00  0.73262E+01 -0.41584E-01 -0.42320E-05  0.15734E-03  0.99953E+00  0.12047E-04  0.44359E-06  0.99862E+00 -0.19372E-03  0.99820E+00
   17.00  0.64644E+01 -0.46715E-01 -0.62411E-05  0.16026E-03  0.99946E+00  0.32763E-04  0.38381E-06  0.99834E+00  0.18254E-03  0.99787E+00
   18.00  0.56221E+01 -0.52048E-01 -0.75394E-05  0.16156E-03  0.99938E+00  0.52760E-04  0.33631E-06  0.99802E+00  0.60167E-03  0.99747E+00
   19.00  0.48119E+01 -0.57454E-01 -0.81266E-05  0.16500E-03  0.99927E+00  0.74832E-04  0.89106E-07  0.99764E+00  0.10604E-02  0.99700E+00
   20.00  0.40528E+01 -0.62977E-01 -0.80941E-05  0.17141E-03  0.99913E+00  0.98917E-04 -0.62276E-06  0.99719E+00  0.14448E-02  0.99644E+00
   21.00  0.33717E+01 -0.68820E-01 -0.72882E-05  0.17778E-03  0.99895E+00  0.12031E-03 -0.20698E-05  0.99665E+00  0.15100E-02  0.99576E+00
   22.00  0.28109E+01 -0.75231E-01 -0.52184E-05  0.17816E-03  0.99873E+00  0.13168E-03 -0.44002E-05  0.99600E+00  0.95701E-03  0.99494E+00
   23.00  0.24145E+01 -0.82373E-01 -0.16186E-05  0.16802E-03  0.99851E+00  0.12877E-03 -0.74052E-05  0.99525E+00 -0.33457E-03  0.99402E+00
   24.00  0.21983E+01 -0.90260E-01  0.25606E-05  0.15086E-03  0.99835E+00  0.11677E-03 -0.10420E-04  0.99443E+00 -0.20137E-02  0.99309E+00
   25.00  0.21275E+01 -0.98815E-01  0.54066E-05  0.13738E-03  0.99829E+00  0.10702E-03 -0.12797E-04  0.99356E+00 -0.34089E-02  0.99218E+00
   26.00  0.21260E+01 -0.10799E+00  0.59547E-05  0.13369E-03  0.99830E+00  0.10424E-03 -0.14436E-04  0.99259E+00 -0.41551E-02  0.99124E+00
   27.00  0.21133E+01 -0.11778E+00  0.49458E-05  0.13549E-03  0.99831E+00  0.10292E-03 -0.15499E-04  0.99146E+00 -0.43743E-02  0.99013E+00
   28.00  0.20429E+01 -0.12805E+00  0.38769E-05  0.13339E-03  0.99827E+00  0.94556E-04 -0.15839E-04  0.99011E+00 -0.43312E-02  0.98878E+00
   29.00  0.19150E+01 -0.13853E+00  0.40665E-05  0.11913E-03  0.99817E+00  0.74182E-04 -0.14880E-04  0.98856E+00 -0.41833E-02  0.98718E+00
   30.00  0.17609E+01 -0.14880E+00  0.60441E-05  0.90067E-04  0.99803E+00  0.44041E-04 -0.11973E-04  0.98687E+00 -0.39589E-02  0.98541E+00
   31.00  0.16129E+01 -0.15859E+00  0.90456E-05  0.52018E-04  0.99786E+00  0.14341E-04 -0.70756E-05  0.98512E+00 -0.36502E-02  0.98356E+00
   32.00  0.14855E+01 -0.16802E+00  0.11117E-04  0.17114E-04  0.99769E+00 -0.16156E-05 -0.11569E-05  0.98332E+00 -0.33228E-02  0.98167E+00
   33.00  0.13746E+01 -0.17762E+00  0.10181E-04 -0.40956E-05  0.99751E+00  0.40647E-05  0.42817E-05  0.98141E+00 -0.31380E-02  0.97967E+00
   34.00  0.12712E+01 -0.18793E+00  0.51964E-05 -0.84758E-05  0.99732E+00  0.29858E-04  0.81438E-05  0.97927E+00 -0.32562E-02  0.97742E+00
   35.00  0.11724E+01 -0.19920E+00 -0.34441E-05  0.11993E-05  0.99710E+00  0.67402E-04  0.10097E-04  0.97679E+00 -0.37168E-02  0.97482E+00
   36.00  0.10845E+01 -0.21128E+00 -0.14028E-04  0.21106E-04  0.99686E+00  0.10543E-03  0.10200E-04  0.97397E+00 -0.43849E-02  0.97188E+00
   37.00  0.10151E+01 -0.22387E+00 -0.23920E-04  0.49126E-04  0.99665E+00  0.13277E-03  0.83715E-05  0.97089E+00 -0.50138E-02  0.96868E+00
   38.00  0.96576E+00 -0.23672E+00 -0.30545E-04  0.84117E-04  0.99648E+00  0.14191E-03  0.42207E-05  0.96759E+00 -0.54199E-02  0.96532E+00
   39.00  0.92992E+00 -0.24985E+00 -0.32555E-04  0.12386E-03  0.99637E+00  0.13228E-03 -0.26188E-05  0.96408E+00 -0.56303E-02  0.96179E+00
   40.00  0.89694E+00 -0.26345E+00 -0.30144E-04  0.16472E-03  0.99626E+00  0.11039E-03 -0.12062E-04  0.96028E+00 -0.58404E-02  0.95798E+00
   41.00  0.85870E+00 -0.27765E+00 -0.24416E-04  0.20325E-03  0.99611E+00  0.87156E-04 -0.23463E-04  0.95609E+00 -0.62422E-02  0.95376E+00
   42.00  0.81323E+00 -0.29249E+00 -0.16773E-04  0.23803E-03  0.99591E+00  0.74993E-04 -0.35779E-04  0.95146E+00 -0.68966E-02  0.94905E+00
   43.00  0.76404E+00 -0.30789E+00 -0.86918E-05  0.27004E-03  0.99565E+00  0.84103E-04 -0.47812E-04  0.94635E+00 -0.77145E-02  0.94382E+00
   44.00  0.71655E+00 -0.32379E+00 -0.15712E-05  0.30127E-03  0.99535E+00  0.11729E-03 -0.58391E-04  0.94078E+00 -0.85258E-02  0.93811E+00
   45.00  0.67481E+00 -0.34011E+00  0.36407E-05  0.33180E-03  0.99505E+00  0.16575E-03 -0.66366E-04  0.93474E+00 -0.91846E-02  0.93193E+00
   46.00  0.64016E+00 -0.35678E+00  0.68446E-05  0.35737E-03  0.99478E+00  0.21079E-03 -0.70407E-04  0.92826E+00 -0.96364E-02  0.92532E+00
   47.00  0.61170E+00 -0.37358E+00  0.87800E-05  0.37012E-03  0.99454E+00  0.23268E-03 -0.68905E-04  0.92139E+00 -0.98925E-02  0.91836E+00
   48.00  0.58766E+00 -0.39025E+00  0.10537E-04  0.36264E-03  0.99433E+00  0.22078E-03 -0.60455E-04  0.91422E+00 -0.99482E-02  0.91115E+00
   49.00  0.56635E+00 -0.40649E+00  0.12988E-04  0.33287E-03  0.99414E+00  0.17797E-03 -0.44965E-04  0.90689E+00 -0.97373E-02  0.90378E+00
   50.00  0.54666E+00 -0.42222E+00  0.16541E-04  0.28640E-03  0.99394E+00  0.11754E-03 -0.24779E-04  0.89944E+00 -0.91694E-02  0.89631E+00
   51.00  0.52814E+00 -0.43762E+00  0.21242E-04  0.23515E-03  0.99374E+00  0.55520E-04 -0.49023E-05  0.89182E+00 -0.82115E-02  0.88867E+00
   52.00  0.51089E+00 -0.45305E+00  0.26992E-04  0.19298E-03  0.99352E+00  0.34684E-05  0.81610E-05  0.88386E+00 -0.69475E-02  0.88068E+00
   53.00  0.49545E+00 -0.46896E+00  0.33624E-04  0.17067E-03  0.99331E+00 -0.34967E-04  0.87263E-05  0.87530E+00 -0.55665E-02  0.87209E+00
   54.00  0.48238E+00 -0.48564E+00  0.40778E-04  0.17213E-03  0.99310E+00 -0.62784E-04 -0.55088E-05  0.86592E+00 -0.42868E-02  0.86270E+00
   55.00  0.47186E+00 -0.50317E+00  0.47743E-04  0.19332E-03  0.99293E+00 -0.85492E-04 -0.31998E-04  0.85561E+00 -0.32602E-02  0.85240E+00
   56.00  0.46320E+00 -0.52138E+00  0.53482E-04  0.22429E-03  0.99279E+00 -0.10693E-03 -0.64071E-04  0.84440E+00 -0.25107E-02  0.84121E+00
   57.00  0.45491E+00 -0.53998E+00  0.56867E-04  0.25343E-03  0.99267E+00 -0.12720E-03 -0.93688E-04  0.83239E+00 -0.19450E-02  0.82925E+00
   58.00  0.44499E+00 -0.55871E+00  0.56933E-04  0.27184E-03  0.99255E+00 -0.14307E-03 -0.11466E-03  0.81971E+00 -0.14174E-02  0.81662E+00
   59.00  0.43167E+00 -0.57735E+00  0.52941E-04  0.27576E-03  0.99238E+00 -0.14938E-03 -0.12459E-03  0.80644E+00 -0.80503E-03  0.80338E+00
   60.00  0.41396E+00 -0.59582E+00  0.44294E-04  0.26687E-03  0.99213E+00 -0.14035E-03 -0.12502E-03  0.79254E+00 -0.55289E-04  0.78949E+00
   61.00  0.39206E+00 -0.61414E+00  0.30506E-04  0.25096E-03  0.99176E+00 -0.11054E-03 -0.12036E-03  0.77794E+00  0.79872E-03  0.77484E+00
   62.00  0.36725E+00 -0.63237E+00  0.11491E-04  0.23562E-03  0.99124E+00 -0.56215E-04 -0.11609E-03  0.76247E+00  0.16494E-02  0.75929E+00
   63.00  0.34155E+00 -0.65064E+00 -0.11746E-04  0.22732E-03  0.99058E+00  0.22283E-04 -0.11680E-03  0.74597E+00  0.23495E-02  0.74266E+00
   64.00  0.31720E+00 -0.66905E+00 -0.36186E-04  0.22822E-03  0.98982E+00  0.11754E-03 -0.12420E-03  0.72831E+00  0.27725E-02  0.72486E+00
   65.00  0.29605E+00 -0.68763E+00 -0.56373E-04  0.23415E-03  0.98904E+00  0.21343E-03 -0.13602E-03  0.70951E+00  0.28892E-02  0.70591E+00
   66.00  0.27923E+00 -0.70631E+00 -0.65427E-04  0.23572E-03  0.98832E+00  0.28777E-03 -0.14683E-03  0.68969E+00  0.28187E-02  0.68597E+00
   67.00  0.26690E+00 -0.72495E+00 -0.57811E-04  0.22308E-03  0.98776E+00  0.32035E-03 -0.15102E-03  0.66907E+00  0.27981E-02  0.66529E+00
   68.00  0.25837E+00 -0.74335E+00 -0.32504E-04  0.19185E-03  0.98736E+00  0.30225E-03 -0.14629E-03  0.64783E+00  0.30634E-02  0.64406E+00
   69.00  0.25236E+00 -0.76138E+00  0.55737E-05  0.14564E-03  0.98710E+00  0.24022E-03 -0.13491E-03  0.62600E+00  0.37151E-02  0.62229E+00
   70.00  0.24749E+00 -0.77900E+00  0.46759E-04  0.93466E-04  0.98690E+00  0.15342E-03 -0.12182E-03  0.60348E+00  0.46641E-02  0.59986E+00
   71.00  0.24261E+00 -0.79617E+00  0.79367E-04  0.44413E-04  0.98672E+00  0.66055E-04 -0.11123E-03  0.58010E+00  0.56807E-02  0.57660E+00
   72.00  0.23715E+00 -0.81286E+00  0.92460E-04  0.31424E-05  0.98649E+00  0.56574E-06 -0.10396E-03  0.55579E+00  0.65029E-02  0.55240E+00
   73.00  0.23111E+00 -0.82901E+00  0.78134E-04 -0.31868E-04  0.98621E+00 -0.26696E-04 -0.96768E-04  0.53057E+00  0.69443E-02  0.52728E+00
   74.00  0.22489E+00 -0.84452E+00  0.33413E-04 -0.67178E-04  0.98589E+00 -0.80124E-05 -0.83806E-04  0.50461E+00  0.69665E-02  0.50140E+00
   75.00  0.21902E+00 -0.85929E+00 -0.38491E-04 -0.11095E-03  0.98557E+00  0.54442E-04 -0.59634E-04  0.47812E+00  0.66929E-02  0.47499E+00
   76.00  0.21387E+00 -0.87328E+00 -0.12837E-03 -0.16861E-03  0.98527E+00  0.14911E-03 -0.22471E-04  0.45125E+00  0.63523E-02  0.44820E+00
   77.00  0.20949E+00 -0.88648E+00 -0.22322E-03 -0.23979E-03  0.98501E+00  0.25807E-03  0.24160E-04  0.42402E+00  0.61714E-02  0.42106E+00
   78.00  0.20557E+00 -0.89893E+00 -0.30981E-03 -0.31809E-03  0.98477E+00  0.36182E-03  0.72555E-04  0.39628E+00  0.62697E-02  0.39342E+00
   79.00  0.20164E+00 -0.91064E+00 -0.37793E-03 -0.39387E-03  0.98451E+00  0.44405E-03  0.11406E-03  0.36780E+00  0.66142E-02  0.36507E+00
   80.00  0.19721E+00 -0.92160E+00 -0.42193E-03 -0.45776E-03  0.98421E+00  0.49425E-03  0.14252E-03  0.33836E+00  0.70474E-02  0.33576E+00
   81.00  0.19201E+00 -0.93174E+00 -0.44058E-03 -0.50329E-03  0.98382E+00  0.50830E-03  0.15615E-03  0.30785E+00  0.73617E-02  0.30540E+00
   82.00  0.18603E+00 -0.94096E+00 -0.43616E-03 -0.52766E-03  0.98335E+00  0.48782E-03  0.15750E-03  0.27627E+00  0.73799E-02  0.27396E+00
   83.00  0.17953E+00 -0.94917E+00 -0.41352E-03 -0.53102E-03  0.98278E+00  0.43923E-03  0.15175E-03  0.24374E+00  0.70176E-02  0.24157E+00
   84.00  0.17293E+00 -0.95631E+00 -0.37936E-03 -0.51507E-03  0.98216E+00  0.37279E-03  0.14413E-03  0.21045E+00  0.63133E-02  0.20840E+00
   85.00  0.16667E+00 -0.96234E+00 -0.34139E-03 -0.48168E-03  0.98151E+00  0.30108E-03  0.13736E-03  0.17659E+00  0.54214E-02  0.17467E+00
   86.00  0.16109E+00 -0.96724E+00 -0.30714E-03 -0.43215E-03  0.98090E+00  0.23660E-03  0.13005E-03  0.14232E+00  0.45644E-02  0.14054E+00
   87.00  0.15635E+00 -0.97104E+00 -0.28247E-03 -0.36725E-03  0.98035E+00  0.18895E-03  0.11709E-03  0.10776E+00  0.39566E-02  0.10613E+00
   88.00  0.15245E+00 -0.97372E+00 -0.27034E-03 -0.28800E-03  0.97989E+00  0.16279E-03  0.91755E-04  0.72969E-01  0.37298E-02  0.71515E-01
   89.00  0.14928E+00 -0.97528E+00 -0.27051E-03 -0.19672E-03  0.97952E+00  0.15736E-03  0.48800E-04  0.37998E-01  0.38941E-02  0.36753E-01
   90.00  0.14670E+00 -0.97569E+00 -0.28026E-03 -0.97543E-04  0.97923E+00  0.16798E-03 -0.13195E-04  0.29213E-02  0.43464E-02  0.19075E-02
   91.00  0.14457E+00 -0.97492E+00 -0.29582E-03  0.37140E-05  0.97900E+00  0.18834E-03 -0.91021E-04 -0.32144E-01  0.49194E-02 -0.32909E-01
   92.00  0.14283E+00 -0.97297E+00 -0.31373E-03  0.10036E-03  0.97883E+00  0.21254E-03 -0.17771E-03 -0.67034E-01  0.54430E-02 -0.67543E-01
   93.00  0.14144E+00 -0.96986E+00 -0.33163E-03  0.18601E-03  0.97869E+00  0.23617E-03 -0.26445E-03 -0.10156E+00  0.57986E-02 -0.10181E+00
   94.00  0.14038E+00 -0.96562E+00 -0.34819E-03  0.25560E-03  0.97858E+00  0.25624E-03 -0.34277E-03 -0.13556E+00  0.59465E-02 -0.13556E+00
   95.00  0.13959E+00 -0.96031E+00 -0.36222E-03  0.30594E-03  0.97850E+00  0.27035E-03 -0.40614E-03 -0.16890E+00  0.59252E-02 -0.16865E+00
   96.00  0.13898E+00 -0.95396E+00 -0.37166E-03  0.33569E-03  0.97844E+00  0.27577E-03 -0.45067E-03 -0.20154E+00  0.58233E-02 -0.20105E+00
   97.00  0.13841E+00 -0.94662E+00 -0.37273E-03  0.34483E-03  0.97839E+00  0.26898E-03 -0.47486E-03 -0.23348E+00  0.57408E-02 -0.23275E+00
   98.00  0.13774E+00 -0.93829E+00 -0.36004E-03  0.33409E-03  0.97834E+00  0.24594E-03 -0.47878E-03 -0.26479E+00  0.57537E-02 -0.26383E+00
   99.00  0.13687E+00 -0.92899E+00 -0.32748E-03  0.30481E-03  0.97830E+00  0.20308E-03 -0.46339E-03 -0.29555E+00  0.58949E-02 -0.29433E+00
  100.00  0.13576E+00 -0.91872E+00 -0.26995E-03  0.25915E-03  0.97825E+00  0.13863E-03 -0.43035E-03 -0.32580E+00  0.61526E-02 -0.32434E+00
  101.00  0.13446E+00 -0.90749E+00 -0.18539E-03  0.20064E-03  0.97821E+00  0.53910E-04 -0.38234E-03 -0.35559E+00  0.64822E-02 -0.35387E+00
  102.00  0.13310E+00 -0.89536E+00 -0.76499E-04  0.13458E-03  0.97819E+00 -0.46002E-04 -0.32355E-03 -0.38492E+00  0.68229E-02 -0.38293E+00
  103.00  0.13183E+00 -0.88237E+00  0.48507E-04  0.67870E-04  0.97821E+00 -0.15249E-03 -0.25995E-03 -0.41375E+00  0.71153E-02 -0.41148E+00
  104.00  0.13078E+00 -0.86860E+00  0.17669E-03  0.79780E-05  0.97826E+00 -0.25478E-03 -0.19880E-03 -0.44201E+00  0.73132E-02 -0.43946E+00
  105.00  0.13005E+00 -0.85411E+00  0.29293E-03 -0.38680E-04  0.97836E+00 -0.34219E-03 -0.14746E-03 -0.46962E+00  0.73895E-02 -0.46678E+00
  106.00  0.12963E+00 -0.83898E+00  0.38342E-03 -0.68384E-04  0.97850E+00 -0.40645E-03 -0.11181E-03 -0.49649E+00  0.73365E-02 -0.49338E+00
  107.00  0.12948E+00 -0.82327E+00  0.43904E-03 -0.81010E-04  0.97867E+00 -0.44334E-03 -0.94937E-04 -0.52256E+00  0.71610E-02 -0.51917E+00
  108.00  0.12947E+00 -0.80703E+00  0.45713E-03 -0.79778E-04  0.97885E+00 -0.45305E-03 -0.96679E-04 -0.54776E+00  0.68783E-02 -0.54410E+00
  109.00  0.12947E+00 -0.79031E+00  0.44145E-03 -0.70012E-04  0.97903E+00 -0.43937E-03 -0.11409E-03 -0.57205E+00  0.65075E-02 -0.56812E+00
  110.00  0.12936E+00 -0.77314E+00  0.40044E-03 -0.57526E-04  0.97919E+00 -0.40818E-03 -0.14252E-03 -0.59541E+00  0.60688E-02 -0.59121E+00
  111.00  0.12903E+00 -0.75558E+00  0.34480E-03 -0.47255E-04  0.97931E+00 -0.36602E-03 -0.17685E-03 -0.61783E+00  0.55832E-02 -0.61336E+00
  112.00  0.12847E+00 -0.73767E+00  0.28505E-03 -0.42527E-04  0.97938E+00 -0.31891E-03 -0.21238E-03 -0.63931E+00  0.50726E-02 -0.63457E+00
  113.00  0.12770E+00 -0.71945E+00  0.22965E-03 -0.45017E-04  0.97942E+00 -0.27179E-03 -0.24523E-03 -0.65986E+00  0.45597E-02 -0.65485E+00
  114.00  0.12678E+00 -0.70098E+00  0.18392E-03 -0.55184E-04  0.97943E+00 -0.22825E-03 -0.27228E-03 -0.67950E+00  0.40671E-02 -0.67420E+00
  115.00  0.12581E+00 -0.68232E+00  0.14972E-03 -0.72886E-04  0.97941E+00 -0.19053E-03 -0.29080E-03 -0.69825E+00  0.36154E-02 -0.69267E+00
  116.00  0.12490E+00 -0.66353E+00  0.12577E-03 -0.97892E-04  0.97939E+00 -0.15967E-03 -0.29817E-03 -0.71613E+00  0.32206E-02 -0.71027E+00
  117.00  0.12415E+00 -0.64465E+00  0.10860E-03 -0.13009E-03  0.97937E+00 -0.13565E-03 -0.29169E-03 -0.73319E+00  0.28915E-02 -0.72704E+00
  118.00  0.12364E+00 -0.62573E+00  0.93741E-04 -0.16934E-03  0.97939E+00 -0.11759E-03 -0.26886E-03 -0.74944E+00  0.26295E-02 -0.74302E+00
  119.00  0.12342E+00 -0.60683E+00  0.76878E-04 -0.21511E-03  0.97944E+00 -0.10403E-03 -0.22791E-03 -0.76492E+00  0.24283E-02 -0.75824E+00
  120.00  0.12351E+00 -0.58798E+00  0.54857E-04 -0.26602E-03  0.97954E+00 -0.93259E-04 -0.16845E-03 -0.77967E+00  0.22766E-02 -0.77272E+00
  121.00  0.12391E+00 -0.56921E+00  0.26193E-04 -0.31967E-03  0.97968E+00 -0.83631E-04 -0.91827E-04 -0.79369E+00  0.21605E-02 -0.78649E+00
  122.00  0.12460E+00 -0.55058E+00 -0.88246E-05 -0.37268E-03  0.97987E+00 -0.73919E-04 -0.12362E-05 -0.80701E+00  0.20661E-02 -0.79957E+00
  123.00  0.12554E+00 -0.53209E+00 -0.48416E-04 -0.42116E-03  0.98008E+00 -0.63497E-04  0.98663E-04 -0.81965E+00  0.19818E-02 -0.81195E+00
  124.00  0.12666E+00 -0.51379E+00 -0.89794E-04 -0.46131E-03  0.98032E+00 -0.52399E-04  0.20239E-03 -0.83161E+00  0.18985E-02 -0.82366E+00
  125.00  0.12791E+00 -0.49570E+00 -0.12972E-03 -0.49003E-03  0.98057E+00 -0.41211E-04  0.30440E-03 -0.84290E+00  0.18095E-02 -0.83469E+00
  126.00  0.12923E+00 -0.47782E+00 -0.16497E-03 -0.50535E-03  0.98080E+00 -0.30850E-04  0.39968E-03 -0.85353E+00  0.17101E-02 -0.84507E+00
  127.00  0.13054E+00 -0.46020E+00 -0.19273E-03 -0.50661E-03  0.98103E+00 -0.22304E-04  0.48423E-03 -0.86353E+00  0.15966E-02 -0.85480E+00
  128.00  0.13179E+00 -0.44283E+00 -0.21080E-03 -0.49444E-03  0.98123E+00 -0.16374E-04  0.55530E-03 -0.87289E+00  0.14665E-02 -0.86390E+00
  129.00  0.13293E+00 -0.42573E+00 -0.21775E-03 -0.47054E-03  0.98141E+00 -0.13507E-04  0.61145E-03 -0.88165E+00  0.13181E-02 -0.87239E+00
  130.00  0.13391E+00 -0.40890E+00 -0.21298E-03 -0.43741E-03  0.98155E+00 -0.13707E-04  0.65244E-03 -0.88983E+00  0.11513E-02 -0.88031E+00
  131.00  0.13471E+00 -0.39237E+00 -0.19669E-03 -0.39798E-03  0.98167E+00 -0.16552E-04  0.67910E-03 -0.89746E+00  0.96779E-03 -0.88767E+00
  132.00  0.13531E+00 -0.37612E+00 -0.16987E-03 -0.35523E-03  0.98176E+00 -0.21280E-04  0.69302E-03 -0.90457E+00  0.77109E-03 -0.89453E+00
  133.00  0.13574E+00 -0.36016E+00 -0.13416E-03 -0.31187E-03  0.98183E+00 -0.26918E-04  0.69617E-03 -0.91119E+00  0.56667E-03 -0.90090E+00
  134.00  0.13599E+00 -0.34449E+00 -0.91693E-04 -0.27001E-03  0.98188E+00 -0.32429E-04  0.69060E-03 -0.91735E+00  0.36098E-03 -0.90681E+00
  135.00  0.13611E+00 -0.32911E+00 -0.44872E-04 -0.23097E-03  0.98191E+00 -0.36851E-04  0.67804E-03 -0.92308E+00  0.16047E-03 -0.91229E+00
  136.00  0.13612E+00 -0.31401E+00  0.37851E-05 -0.19525E-03  0.98193E+00 -0.39409E-04  0.65970E-03 -0.92841E+00 -0.29576E-04 -0.91737E+00
  137.00  0.13607E+00 -0.29921E+00  0.51833E-04 -0.16261E-03  0.98194E+00 -0.39598E-04  0.63621E-03 -0.93336E+00 -0.20591E-03 -0.92207E+00
  138.00  0.13600E+00 -0.28471E+00  0.97028E-04 -0.13239E-03  0.98194E+00 -0.37203E-04  0.60765E-03 -0.93795E+00 -0.36766E-03 -0.92641E+00
  139.00  0.13595E+00 -0.27052E+00  0.13744E-03 -0.10371E-03  0.98195E+00 -0.32278E-04  0.57381E-03 -0.94220E+00 -0.51600E-03 -0.93041E+00
  140.00  0.13594E+00 -0.25664E+00  0.17155E-03 -0.75775E-04  0.98195E+00 -0.25085E-04  0.53441E-03 -0.94612E+00 -0.65328E-03 -0.93409E+00
  141.00  0.13601E+00 -0.24309E+00  0.19833E-03 -0.48001E-04  0.98196E+00 -0.16025E-04  0.48928E-03 -0.94974E+00 -0.78198E-03 -0.93746E+00
  142.00  0.13616E+00 -0.22988E+00  0.21728E-03 -0.20091E-04  0.98198E+00 -0.55888E-05  0.43860E-03 -0.95307E+00 -0.90381E-03 -0.94056E+00
  143.00  0.13641E+00 -0.21703E+00  0.22844E-03  0.80171E-05  0.98200E+00  0.56505E-05  0.38281E-03 -0.95613E+00 -0.10192E-02 -0.94339E+00
  144.00  0.13675E+00 -0.20456E+00  0.23231E-03  0.36221E-04  0.98202E+00  0.17031E-04  0.32269E-03 -0.95893E+00 -0.11270E-02 -0.94596E+00
  145.00  0.13718E+00 -0.19247E+00  0.22977E-03  0.64321E-04  0.98205E+00  0.27806E-04  0.25916E-03 -0.96148E+00 -0.12252E-02 -0.94830E+00
  146.00  0.13768E+00 -0.18077E+00  0.22199E-03  0.92026E-04  0.98208E+00  0.37198E-04  0.19332E-03 -0.96380E+00 -0.13112E-02 -0.95040E+00
  147.00  0.13825E+00 -0.16948E+00  0.21027E-03  0.11892E-03  0.98211E+00  0.44505E-04  0.12632E-03 -0.96590E+00 -0.13821E-02 -0.95229E+00
  148.00  0.13885E+00 -0.15858E+00  0.19597E-03  0.14440E-03  0.98214E+00  0.49238E-04  0.59398E-04 -0.96779E+00 -0.14356E-02 -0.95397E+00
  149.00  0.13947E+00 -0.14808E+00  0.18032E-03  0.16766E-03  0.98216E+00  0.51243E-04 -0.61039E-05 -0.96949E+00 -0.14702E-02 -0.95546E+00
  150.00  0.14010E+00 -0.13796E+00  0.16432E-03  0.18774E-03  0.98217E+00  0.50753E-04 -0.68746E-04 -0.97101E+00 -0.14849E-02 -0.95677E+00
  151.00  0.14073E+00 -0.12823E+00  0.14866E-03  0.20365E-03  0.98217E+00  0.48351E-04 -0.12704E-03 -0.97237E+00 -0.14795E-02 -0.95791E+00
  152.00  0.14133E+00 -0.11888E+00  0.13362E-03  0.21452E-03  0.98216E+00  0.44864E-04 -0.17955E-03 -0.97357E+00 -0.14542E-02 -0.95890E+00
  153.00  0.14191E+00 -0.10989E+00  0.11913E-03  0.21985E-03  0.98214E+00  0.41189E-04 -0.22510E-03 -0.97464E+00 -0.14093E-02 -0.95975E+00
  154.00  0.14245E+00 -0.10127E+00  0.10482E-03  0.21961E-03  0.98211E+00  0.38136E-04 -0.26301E-03 -0.97557E+00 -0.13457E-02 -0.96046E+00
  155.00  0.14296E+00 -0.93016E-01  0.90147E-04  0.21434E-03  0.98207E+00  0.36286E-04 -0.29321E-03 -0.97639E+00 -0.12647E-02 -0.96105E+00
  156.00  0.14343E+00 -0.85114E-01  0.74577E-04  0.20516E-03  0.98202E+00  0.35915E-04 -0.31636E-03 -0.97710E+00 -0.11686E-02 -0.96153E+00
  157.00  0.14387E+00 -0.77563E-01  0.57748E-04  0.19360E-03  0.98196E+00  0.36991E-04 -0.33375E-03 -0.97770E+00 -0.10614E-02 -0.96190E+00
  158.00  0.14427E+00 -0.70359E-01  0.39646E-04  0.18137E-03  0.98189E+00  0.39209E-04 -0.34694E-03 -0.97821E+00 -0.94860E-03 -0.96217E+00
  159.00  0.14464E+00 -0.63494E-01  0.20714E-04  0.17009E-03  0.98181E+00  0.42081E-04 -0.35743E-03 -0.97864E+00 -0.83776E-03 -0.96236E+00
  160.00  0.14499E+00 -0.56965E-01  0.18607E-05  0.16093E-03  0.98172E+00  0.45018E-04 -0.36626E-03 -0.97899E+00 -0.73754E-03 -0.96247E+00
  161.00  0.14532E+00 -0.50767E-01 -0.15650E-04  0.15446E-03  0.98162E+00  0.47420E-04 -0.37373E-03 -0.97927E+00 -0.65668E-03 -0.96252E+00
  162.00  0.14563E+00 -0.44902E-01 -0.30422E-04  0.15063E-03  0.98152E+00  0.48747E-04 -0.37936E-03 -0.97949E+00 -0.60247E-03 -0.96249E+00
  163.00  0.14593E+00 -0.39372E-01 -0.41214E-04  0.14883E-03  0.98141E+00  0.48583E-04 -0.38202E-03 -0.97966E+00 -0.57922E-03 -0.96241E+00
  164.00  0.14623E+00 -0.34184E-01 -0.47203E-04  0.14815E-03  0.98129E+00  0.46694E-04 -0.38029E-03 -0.97977E+00 -0.58715E-03 -0.96228E+00
  165.00  0.14653E+00 -0.29348E-01 -0.48177E-04  0.14763E-03  0.98116E+00  0.43070E-04 -0.37273E-03 -0.97984E+00 -0.62205E-03 -0.96210E+00
  166.00  0.14684E+00 -0.24871E-01 -0.44587E-04  0.14644E-03  0.98101E+00  0.37943E-04 -0.35829E-03 -0.97987E+00 -0.67582E-03 -0.96187E+00
  167.00  0.14716E+00 -0.20764E-01 -0.37464E-04  0.14404E-03  0.98086E+00  0.31757E-04 -0.33647E-03 -0.97986E+00 -0.73773E-03 -0.96159E+00
  168.00  0.14749E+00 -0.17031E-01 -0.28212E-04  0.14016E-03  0.98068E+00  0.25102E-04 -0.30751E-03 -0.97982E+00 -0.79603E-03 -0.96126E+00
  169.00  0.14784E+00 -0.13676E-01 -0.18341E-04  0.13488E-03  0.98050E+00  0.18606E-04 -0.27236E-03 -0.97974E+00 -0.83960E-03 -0.96090E+00
  170.00  0.14819E+00 -0.10700E-01 -0.91981E-05  0.12856E-03  0.98029E+00  0.12816E-04 -0.23266E-03 -0.97964E+00 -0.85916E-03 -0.96049E+00
  171.00  0.14856E+00 -0.81058E-02 -0.17621E-05  0.12182E-03  0.98005E+00  0.81066E-05 -0.19058E-03 -0.97951E+00 -0.84813E-03 -0.96005E+00
  172.00  0.14895E+00 -0.58962E-02  0.34509E-05  0.11549E-03  0.97979E+00  0.46328E-05 -0.14865E-03 -0.97936E+00 -0.80309E-03 -0.95955E+00
  173.00  0.14933E+00 -0.40740E-02  0.63744E-05  0.11048E-03  0.97950E+00  0.23358E-05 -0.10944E-03 -0.97918E+00 -0.72419E-03 -0.95900E+00
  174.00  0.14972E+00 -0.26371E-02  0.72923E-05  0.10759E-03  0.97918E+00  0.10011E-05 -0.75207E-04 -0.97896E+00 -0.61544E-03 -0.95839E+00
  175.00  0.15010E+00 -0.15703E-02  0.67035E-05  0.10726E-03  0.97884E+00  0.34204E-06 -0.47534E-04 -0.97871E+00 -0.48503E-03 -0.95772E+00
  176.00  0.15046E+00 -0.83897E-03  0.51922E-05  0.10938E-03  0.97849E+00  0.81630E-07 -0.27045E-04 -0.97843E+00 -0.34520E-03 -0.95704E+00
  177.00  0.15077E+00 -0.38652E-03  0.33304E-05  0.11318E-03  0.97817E+00  0.89315E-08 -0.13340E-04 -0.97815E+00 -0.21129E-03 -0.95639E+00
  178.00  0.15102E+00 -0.14108E-03  0.16140E-05  0.11742E-03  0.97791E+00 -0.90972E-09 -0.52237E-05 -0.97791E+00 -0.99860E-04 -0.95585E+00
  179.00  0.15117E+00 -0.30257E-04  0.42397E-06  0.12070E-03  0.97774E+00 -0.16483E-09 -0.11878E-05 -0.97774E+00 -0.25914E-04 -0.95549E+00
  180.00  0.15123E+00 -0.70667E-15  0.10679E-16  0.12193E-03  0.97768E+00 -0.12417E-30 -0.28407E-16 -0.97768E+00 -0.65035E-15 -0.95536E+00
 scattering matrix expansion coefficients
    w  a11         a22         a33         a23         a32         a44         a12         a34         a13         a24         a14
    0  0.1000E+01  0.0000E+00  0.0000E+00  0.0000E+00  0.0000E+00  0.8485E+00  0.0000E+00  0.0000E+00  0.0000E+00  0.0000E+00  0.4891E-04
    1  0.2413E+01  0.0000E+00  0.0000E+00  0.0000E+00  0.0000E+00  0.2558E+01  0.0000E+00  0.0000E+00  0.0000E+00  0.0000E+00  0.1443E-03
    2  0.3572E+01  0.1854E+00  0.4206E+01 -0.1332E-07  0.2463E-03  0.3574E+01 -0.2998E+00  0.8237E-04 -0.2177E-04 -0.2161E-04  0.1654E-03
    3  0.4392E+01  0.5287E-01  0.4736E+01  0.2107E-07  0.2352E-03  0.4390E+01 -0.1800E+00 -0.2572E-02 -0.1308E-04 -0.3764E-04  0.8698E-04
    4  0.5082E+01  0.2119E-01  0.5324E+01 -0.4965E-07  0.2605E-03  0.5084E+01 -0.1248E+00 -0.4596E-02  0.3703E-04  0.2763E-04  0.6872E-04
    5  0.5667E+01  0.1264E-01  0.5858E+01  0.2251E-07  0.3336E-03  0.5665E+01 -0.9144E-01 -0.3917E-02  0.1194E-04 -0.4406E-04  0.8040E-05
    6  0.6144E+01  0.6659E-02  0.6309E+01 -0.1990E-07  0.2853E-03  0.6141E+01 -0.7202E-01 -0.2493E-02 -0.3807E-04  0.6829E-05  0.5397E-04
    7  0.6515E+01  0.3294E-02  0.6664E+01  0.3230E-07  0.2625E-03  0.6514E+01 -0.6668E-01 -0.2941E-03 -0.4554E-04  0.7662E-04  0.1043E-03
    8  0.6796E+01  0.2125E-02  0.6930E+01 -0.3685E-08  0.3663E-03  0.6794E+01 -0.6689E-01  0.8251E-03  0.4969E-04 -0.7662E-04 -0.6013E-04
    9  0.7002E+01 -0.3499E-03  0.7124E+01 -0.1073E-07  0.4137E-03  0.7006E+01 -0.6806E-01  0.3430E-03  0.2033E-04  0.1255E-04 -0.1618E-03
   10  0.7160E+01  0.2565E-02  0.7266E+01  0.5975E-08  0.3956E-03  0.7159E+01 -0.6312E-01 -0.9654E-03 -0.4647E-04 -0.1679E-04 -0.1730E-03
   11  0.7271E+01  0.1163E-02  0.7366E+01  0.7329E-08  0.3937E-03  0.7270E+01 -0.5818E-01 -0.1630E-02  0.1954E-04  0.2777E-04 -0.1882E-03
   12  0.7337E+01 -0.1152E-02  0.7427E+01  0.1625E-08  0.3964E-03  0.7343E+01 -0.5088E-01 -0.1728E-02 -0.9031E-05  0.2677E-04 -0.2242E-03
   13  0.7366E+01  0.4570E-02  0.7445E+01 -0.2379E-07  0.3622E-03  0.7359E+01 -0.4121E-01 -0.2081E-02 -0.2712E-04 -0.3971E-04 -0.2747E-03
   14  0.7337E+01  0.1877E-02  0.7412E+01  0.1243E-07  0.4100E-03  0.7332E+01 -0.4628E-01 -0.2256E-02 -0.2891E-05 -0.1146E-04 -0.2153E-03
   15  0.7269E+01 -0.4014E-02  0.7343E+01  0.2617E-07  0.4714E-03  0.7276E+01 -0.6313E-01 -0.2319E-02 -0.1357E-04  0.5613E-04 -0.8674E-04
   16  0.7206E+01 -0.3411E-03  0.7268E+01 -0.2510E-08  0.4736E-03  0.7209E+01 -0.6623E-01 -0.3301E-02 -0.1746E-04  0.1096E-04 -0.4837E-04
   17  0.7154E+01  0.2278E-03  0.7208E+01 -0.2596E-07  0.4603E-03  0.7156E+01 -0.5380E-01 -0.4897E-02  0.9197E-05 -0.6575E-05 -0.6102E-04
   18  0.7104E+01  0.2454E-02  0.7151E+01  0.3740E-08  0.4289E-03  0.7102E+01 -0.3818E-01 -0.6421E-02  0.4297E-04  0.2864E-04 -0.1802E-04
   19  0.7035E+01  0.3199E-02  0.7078E+01  0.9036E-08  0.3227E-03  0.7029E+01 -0.3379E-01 -0.7270E-02  0.1539E-04  0.8890E-05 -0.3532E-05
   20  0.6937E+01 -0.1990E-02  0.6982E+01  0.1804E-07  0.2251E-03  0.6941E+01 -0.4148E-01 -0.7341E-02 -0.3996E-04 -0.3268E-04 -0.3643E-04
   21  0.6832E+01 -0.2078E-02  0.6875E+01  0.1497E-08  0.2253E-03  0.6838E+01 -0.4311E-01 -0.6657E-02 -0.3474E-05 -0.2016E-04 -0.1913E-04
   22  0.6728E+01  0.1812E-02  0.6764E+01 -0.2588E-07  0.2410E-03  0.6727E+01 -0.3160E-01 -0.5940E-02  0.4687E-04 -0.9227E-05  0.2484E-04
   23  0.6606E+01  0.1396E-02  0.6641E+01 -0.3177E-07  0.1360E-03  0.6605E+01 -0.1929E-01 -0.5071E-02  0.1221E-05 -0.1182E-05  0.7609E-04
   24  0.6454E+01  0.7184E-03  0.6489E+01 -0.1647E-07  0.1264E-05  0.6453E+01 -0.1164E-01 -0.4076E-02 -0.3308E-04  0.1525E-04  0.1174E-03
   25  0.6258E+01  0.1757E-02  0.6293E+01 -0.1974E-07 -0.6169E-04  0.6255E+01 -0.9179E-02 -0.3190E-02 -0.2368E-04  0.2050E-04  0.1287E-03
   26  0.6012E+01  0.7753E-03  0.6048E+01 -0.1505E-07 -0.6704E-04  0.6010E+01 -0.1543E-01 -0.2607E-02 -0.7466E-05  0.1420E-04  0.1170E-03
   27  0.5724E+01 -0.1475E-02  0.5763E+01 -0.6200E-08 -0.6628E-04  0.5727E+01 -0.2705E-01 -0.2059E-02  0.4987E-05 -0.1134E-04  0.8887E-04
   28  0.5417E+01 -0.1102E-02  0.5454E+01  0.4533E-08 -0.9179E-04  0.5420E+01 -0.3385E-01 -0.1624E-02  0.1207E-04 -0.1563E-04  0.6830E-04
   29  0.5104E+01  0.5033E-03  0.5137E+01 -0.3895E-08 -0.1315E-03  0.5104E+01 -0.3415E-01 -0.1645E-02 -0.1014E-04 -0.3858E-05  0.5212E-04
   30  0.4790E+01  0.7212E-03  0.4820E+01  0.5012E-08 -0.1480E-03  0.4788E+01 -0.3430E-01 -0.2130E-02 -0.2806E-04  0.5449E-05  0.2878E-04
   31  0.4479E+01  0.1231E-03  0.4507E+01  0.1493E-07 -0.1321E-03  0.4479E+01 -0.3778E-01 -0.2649E-02 -0.1280E-04  0.1362E-05 -0.1214E-05
   32  0.4182E+01 -0.5484E-03  0.4208E+01  0.1616E-07 -0.1303E-03  0.4183E+01 -0.4223E-01 -0.3116E-02 -0.1316E-05 -0.4810E-07 -0.2554E-04
   33  0.3910E+01 -0.1151E-02  0.3934E+01  0.9367E-08 -0.1603E-03  0.3913E+01 -0.4261E-01 -0.3766E-02 -0.1181E-04 -0.4813E-05 -0.5540E-04
   34  0.3667E+01 -0.3934E-03  0.3688E+01  0.9824E-08 -0.1856E-03  0.3669E+01 -0.3517E-01 -0.4437E-02 -0.1852E-04 -0.9709E-05 -0.8259E-04
   35  0.3448E+01  0.1262E-02  0.3464E+01  0.8386E-08 -0.1682E-03  0.3446E+01 -0.2359E-01 -0.4568E-02 -0.8209E-05 -0.1224E-04 -0.8853E-04
   36  0.3234E+01  0.1497E-02  0.3249E+01  0.5943E-08 -0.1151E-03  0.3231E+01 -0.1651E-01 -0.4032E-02  0.9579E-06 -0.9716E-05 -0.7554E-04
   37  0.3017E+01  0.2019E-03  0.3033E+01  0.8481E-08 -0.5525E-04  0.3017E+01 -0.1673E-01 -0.3427E-02  0.4534E-05 -0.1361E-07 -0.5890E-04
   38  0.2801E+01 -0.5008E-03  0.2817E+01  0.6210E-08 -0.7019E-05  0.2803E+01 -0.1869E-01 -0.3234E-02  0.6573E-05  0.7922E-05 -0.5546E-04
   39  0.2590E+01 -0.1105E-03  0.2605E+01  0.3694E-08  0.2139E-04  0.2591E+01 -0.1789E-01 -0.3217E-02  0.5932E-05  0.3024E-05 -0.7242E-04
   40  0.2383E+01  0.2575E-03  0.2396E+01  0.5453E-08  0.2868E-04  0.2383E+01 -0.1559E-01 -0.2969E-02  0.2696E-05 -0.8598E-05 -0.9716E-04
   41  0.2177E+01  0.1506E-03  0.2190E+01  0.8207E-08  0.2607E-04  0.2177E+01 -0.1446E-01 -0.2505E-02  0.1296E-05 -0.1140E-04 -0.1098E-03
   42  0.1971E+01  0.4239E-04  0.1983E+01  0.7664E-08  0.2551E-04  0.1971E+01 -0.1474E-01 -0.2147E-02  0.1737E-05 -0.3237E-05 -0.1062E-03
   43  0.1766E+01  0.8795E-04  0.1777E+01  0.5005E-08  0.3106E-04  0.1766E+01 -0.1557E-01 -0.2056E-02  0.1151E-05  0.2699E-05 -0.1003E-03
   44  0.1566E+01  0.8310E-04  0.1576E+01  0.4435E-08  0.4085E-04  0.1566E+01 -0.1673E-01 -0.2124E-02 -0.4610E-07  0.1823E-05 -0.9911E-04
   45  0.1373E+01 -0.4169E-04  0.1383E+01  0.5508E-08  0.5354E-04  0.1374E+01 -0.1818E-01 -0.2155E-02  0.2292E-07 -0.1765E-05 -0.9807E-04
   46  0.1194E+01 -0.1430E-03  0.1202E+01  0.5214E-08  0.6713E-04  0.1194E+01 -0.1940E-01 -0.2068E-02  0.1566E-05 -0.3110E-05 -0.9163E-04
   47  0.1031E+01 -0.1459E-03  0.1038E+01  0.4660E-08  0.7803E-04  0.1031E+01 -0.1967E-01 -0.1903E-02  0.3013E-05 -0.2050E-05 -0.7967E-04
   48  0.8873E+00 -0.7533E-04  0.8937E+00  0.4282E-08  0.8426E-04  0.8876E+00 -0.1864E-01 -0.1747E-02  0.3450E-05 -0.2653E-07 -0.6436E-04
   49  0.7639E+00  0.1075E-04  0.7692E+00  0.3285E-08  0.8661E-04  0.7641E+00 -0.1650E-01 -0.1639E-02  0.3063E-05  0.1327E-05 -0.4836E-04
   50  0.6586E+00  0.8362E-04  0.6629E+00  0.2390E-08  0.8727E-04  0.6586E+00 -0.1376E-01 -0.1573E-02  0.2431E-05  0.2023E-05 -0.3318E-04
   51  0.5676E+00  0.1284E-03  0.5713E+00  0.1965E-08  0.8718E-04  0.5675E+00 -0.1100E-01 -0.1519E-02  0.1818E-05  0.2172E-05 -0.2054E-04
   52  0.4871E+00  0.1444E-03  0.4903E+00  0.1575E-08  0.8509E-04  0.4869E+00 -0.8708E-02 -0.1447E-02  0.1152E-05  0.1808E-05 -0.1212E-04
   53  0.4133E+00  0.1309E-03  0.4161E+00  0.1087E-08  0.7897E-04  0.4131E+00 -0.7173E-02 -0.1323E-02  0.2341E-06  0.1064E-05 -0.8934E-05
   54  0.3439E+00  0.9191E-04  0.3465E+00  0.7703E-09  0.6790E-04  0.3437E+00 -0.6477E-02 -0.1122E-02 -0.8520E-06  0.2509E-06 -0.1033E-04
   55  0.2782E+00  0.3650E-04  0.2806E+00  0.5895E-09  0.5311E-04  0.2781E+00 -0.6469E-02 -0.8514E-03 -0.1827E-05 -0.3049E-06 -0.1413E-04
   56  0.2170E+00 -0.1512E-04  0.2193E+00  0.5039E-09  0.3731E-04  0.2171E+00 -0.6796E-02 -0.5537E-03 -0.2449E-05 -0.3661E-06 -0.1776E-04
   57  0.1622E+00 -0.4358E-04  0.1641E+00  0.4413E-09  0.2322E-04  0.1623E+00 -0.7036E-02 -0.2854E-03 -0.2594E-05 -0.2494E-07 -0.1944E-04
   58  0.1155E+00 -0.4064E-04  0.1171E+00  0.3389E-09  0.1252E-04  0.1156E+00 -0.6866E-02 -0.8795E-04 -0.2335E-05  0.4567E-06 -0.1861E-04
   59  0.7814E-01 -0.1479E-04  0.7932E-01  0.2412E-09  0.5565E-05  0.7821E-01 -0.6189E-02  0.2686E-04 -0.1861E-05  0.8046E-06 -0.1580E-04
   60  0.5010E-01  0.1766E-04  0.5092E-01  0.2108E-09  0.1727E-05  0.5012E-01 -0.5119E-02  0.7306E-04 -0.1324E-05  0.9271E-06 -0.1207E-04
   61  0.3043E-01  0.4192E-04  0.3095E-01  0.2324E-09 -0.4218E-08  0.3039E-01 -0.3888E-02  0.7624E-04 -0.8585E-06  0.8401E-06 -0.8393E-05
   62  0.1750E-01  0.5194E-04  0.1780E-01  0.2441E-09 -0.5636E-06  0.1744E-01 -0.2720E-02  0.6008E-04 -0.5030E-06  0.6516E-06 -0.5343E-05
   63  0.9540E-02  0.4929E-04  0.9697E-02  0.2179E-09 -0.5814E-06  0.9469E-02 -0.1761E-02  0.4014E-04 -0.2668E-06  0.4461E-06 -0.3150E-05
   64  0.4932E-02  0.3946E-04  0.5007E-02  0.1763E-09 -0.4188E-06  0.4872E-02 -0.1059E-02  0.2373E-04 -0.1316E-06  0.2776E-06 -0.1728E-05
   65  0.2421E-02  0.2775E-04  0.2453E-02  0.1387E-09 -0.2533E-06  0.2377E-02 -0.5939E-03  0.1271E-04 -0.5985E-07  0.1583E-06 -0.8802E-06
   66  0.1130E-02  0.1755E-04  0.1142E-02  0.1084E-09 -0.1387E-06  0.1101E-02 -0.3120E-03  0.6274E-05 -0.2447E-07  0.8292E-07 -0.4164E-06
   67  0.5016E-03  0.1012E-04  0.5053E-03  0.8051E-10 -0.7151E-07  0.4848E-03 -0.1540E-03  0.2891E-05 -0.8063E-08  0.4029E-07 -0.1861E-06
   68  0.2123E-03  0.5383E-05  0.2130E-03  0.5428E-10 -0.3403E-07  0.2032E-03 -0.7160E-04  0.1249E-05 -0.1689E-08  0.1872E-07 -0.8216E-07
   69  0.8565E-04  0.2660E-05  0.8554E-04  0.3238E-10 -0.1418E-07  0.8108E-04 -0.3145E-04  0.5050E-06 -0.1639E-09  0.8596E-08 -0.3768E-07
   70  0.3296E-04  0.1229E-05  0.3275E-04  0.1685E-10 -0.4719E-08  0.3083E-04 -0.1307E-04  0.1886E-06 -0.1893E-09  0.4001E-08 -0.1793E-07
   71  0.1209E-04  0.5325E-06  0.1195E-04  0.7728E-11 -0.1052E-08  0.1116E-04 -0.5140E-05  0.6474E-07 -0.2357E-09  0.1849E-08 -0.8266E-08
   72  0.4226E-05  0.2163E-06  0.4148E-05  0.3270E-11 -0.2196E-11  0.3843E-05 -0.1914E-05  0.2018E-07 -0.2012E-09  0.7989E-09 -0.3633E-08
   73  0.1406E-05  0.8234E-07  0.1371E-05  0.1386E-11  0.1487E-09  0.1259E-05 -0.6747E-06  0.5948E-08 -0.1163E-09  0.3275E-09 -0.1403E-08
   74  0.4473E-06  0.2937E-07  0.4332E-06  0.6415E-12  0.8641E-10  0.3946E-06 -0.2256E-06  0.1763E-08 -0.4987E-10  0.1133E-09 -0.5040E-09
   75  0.1379E-06  0.9806E-08  0.1328E-06  0.3300E-12  0.3560E-10  0.1202E-06 -0.7228E-07  0.6417E-09 -0.1885E-10  0.3716E-10 -0.1544E-09
   76  0.4341E-07  0.3067E-08  0.4171E-07  0.1796E-12  0.1146E-10  0.3786E-07 -0.2292E-07  0.3415E-09 -0.5849E-11  0.9270E-11 -0.4577E-10
   77  0.1541E-07  0.8916E-09  0.1492E-07  0.9286E-13  0.2856E-11  0.1381E-07 -0.7762E-08  0.2267E-09 -0.1635E-11  0.1815E-11 -0.1255E-10
   78  0.7129E-08  0.2613E-09  0.7018E-08  0.4101E-13  0.4614E-12  0.6670E-08 -0.3167E-08  0.1494E-09 -0.5573E-12 -0.4390E-13 -0.2931E-11
   79  0.3557E-08  0.9251E-10  0.3513E-08  0.1219E-13 -0.3478E-12  0.3403E-08 -0.1587E-08  0.9258E-10  0.1478E-13  0.6475E-13 -0.2322E-11
   80  0.2655E-08  0.6111E-10  0.2652E-08  0.1404E-14 -0.6623E-12  0.2553E-08 -0.1058E-08  0.4379E-10  0.9182E-13 -0.1263E-12 -0.2922E-12
   81  0.9421E-09  0.2849E-10  0.9220E-09 -0.8276E-15 -0.2006E-12  0.8965E-09 -0.4469E-09  0.2244E-10  0.6028E-13  0.1278E-12 -0.7837E-12
   82  0.9633E-09  0.3805E-10  0.9528E-09 -0.5154E-15 -0.3701E-12  0.8964E-09 -0.4215E-09  0.6680E-11  0.9263E-13  0.2249E-13 -0.1826E-12
   83  0.1642E-09  0.7592E-11  0.1572E-09 -0.3474E-15 -0.3673E-13  0.1518E-09 -0.8593E-10  0.3197E-11  0.1391E-13  0.3497E-13 -0.1511E-12
   84  0.2456E-09  0.1459E-10  0.2384E-09 -0.2068E-15 -0.9810E-13  0.2191E-09 -0.1206E-09  0.4490E-12  0.2928E-13  0.1830E-13 -0.6540E-13
   85  0.1706E-10  0.1060E-11  0.1583E-10 -0.8115E-16 -0.3355E-14  0.1540E-10 -0.9646E-11  0.2781E-12  0.1537E-14  0.4103E-14 -0.1591E-13
   86  0.4362E-10  0.3479E-11  0.4173E-10 -0.3312E-16 -0.1598E-13  0.3731E-10 -0.2376E-10 -0.1139E-13  0.5356E-14  0.4550E-14 -0.1347E-13
   87  0.9793E-12  0.7348E-13  0.8723E-12 -0.8603E-17 -0.1573E-15  0.8699E-12 -0.5807E-12  0.1391E-13  0.1030E-15  0.1269E-15 -0.7883E-15
   88  0.5186E-11  0.4897E-12  0.4832E-11  0.5561E-18 -0.1651E-14  0.4264E-11 -0.3031E-11 -0.4332E-14  0.5777E-15  0.5526E-15 -0.1484E-14
   89  0.2829E-13  0.1918E-14  0.1969E-13  0.6908E-18 -0.2998E-17  0.2805E-13 -0.1453E-13  0.3620E-15 -0.5883E-18 -0.1522E-17 -0.1613E-16
   90  0.5800E-12  0.6798E-13  0.5429E-12 -0.1729E-18 -0.1650E-15  0.4590E-12 -0.3691E-12 -0.5277E-15  0.6348E-16  0.6786E-16 -0.1733E-15
