 input file is 
mstm13_256_5299_18_00226.inp  
 input file comments follow:
***********************************************************
  This is the default mstm input file for v.3.0.
  The run is for a 7-sphere cluster of identical spheres.   The positions
  are embedded in the input file.

  The run makes use of the new_run and multiple_run options.

  14 April 2013
***********************************************************
 number of processors:
   1
 input parameters for run number 
    1
 number of spheres, volume size parameter:
  256  0.33647E+01
 position file:
position/n256/a13.out                                       
 output file:
output/256/x5299/18/00226/mt_13_256_5299_18_00226.dat       
 length, ref. indx. scale factors:
   0.530   1.800   0.023
 chiral factors:
  0.00000E+00  0.00000E+00
 scattering matrix directions based on incident frame
 automatic scattering angle calculation
 thetamin, thetamax:
      0.0    180.0
 number scattering angles:
      181
 epsmie, epssoln, max number iterations:
  0.1000E-05  0.1000E-07 5000
 medium refractive index:
  1.0000  0.0000
 target euler rotation angles:
    0.0000    0.0000    0.0000
 far field kr, iterations/correction:
 -0.1000E+01   20
 plane wave incidence
 random orientation calculations
 t matrix calculated, stored in file 
tmatrixfiles/1325652991800226                               
 t matrix convergence epsilon:
  0.1000E-06
 all spheres excited (total T matrix) 
 calculation results for run 
    1
 total ext, abs, scat efficiencies, w.r.t. xv, and asym. parm
  0.25028E+01  0.19203E+00  0.23108E+01  0.70879E+00
 scattering matrix elements (normalized w/ S11)
   theta      11           12           13           14           22           23           24           33           34           44      
    0.00  0.56285E+02  0.00000E+00  0.00000E+00 -0.12027E-03  0.99972E+00 -0.22748E-03  0.00000E+00  0.99972E+00  0.00000E+00  0.99946E+00 
    1.00  0.55797E+02 -0.19550E-03  0.10562E-06 -0.11970E-03  0.99972E+00 -0.22968E-03  0.21441E-07  0.99972E+00 -0.30687E-04  0.99946E+00 
    2.00  0.54359E+02 -0.78281E-03  0.42938E-06 -0.11808E-03  0.99971E+00 -0.23636E-03  0.84673E-07  0.99971E+00 -0.12270E-03  0.99944E+00 
    3.00  0.52049E+02 -0.17643E-02  0.99252E-06 -0.11566E-03  0.99969E+00 -0.24787E-03  0.18668E-06  0.99969E+00 -0.27585E-03  0.99940E+00 
    4.00  0.48986E+02 -0.31438E-02  0.18322E-05 -0.11288E-03  0.99966E+00 -0.26473E-03  0.32337E-06  0.99966E+00 -0.48974E-03  0.99934E+00 
    5.00  0.45325E+02 -0.49267E-02  0.30039E-05 -0.11042E-03  0.99962E+00 -0.28771E-03  0.49104E-06  0.99961E+00 -0.76359E-03  0.99926E+00 
    6.00  0.41242E+02 -0.71192E-02  0.45850E-05 -0.10921E-03  0.99957E+00 -0.31778E-03  0.68872E-06  0.99955E+00 -0.10961E-02  0.99914E+00 
    7.00  0.36917E+02 -0.97287E-02  0.66784E-05 -0.11047E-03  0.99950E+00 -0.35613E-03  0.92159E-06  0.99946E+00 -0.14850E-02  0.99899E+00 
    8.00  0.32528E+02 -0.12763E-01  0.94160E-05 -0.11582E-03  0.99942E+00 -0.40408E-03  0.12055E-05  0.99934E+00 -0.19274E-02  0.99878E+00 
    9.00  0.28233E+02 -0.16229E-01  0.12960E-04 -0.12726E-03  0.99930E+00 -0.46300E-03  0.15730E-05  0.99917E+00 -0.24188E-02  0.99851E+00 
   10.00  0.24164E+02 -0.20133E-01  0.17500E-04 -0.14723E-03  0.99916E+00 -0.53414E-03  0.20795E-05  0.99895E+00 -0.29542E-02  0.99816E+00 
   11.00  0.20421E+02 -0.24479E-01  0.23241E-04 -0.17853E-03  0.99897E+00 -0.61829E-03  0.28096E-05  0.99867E+00 -0.35275E-02  0.99770E+00 
   12.00  0.17074E+02 -0.29270E-01  0.30371E-04 -0.22411E-03  0.99873E+00 -0.71531E-03  0.38795E-05  0.99830E+00 -0.41334E-02  0.99711E+00 
   13.00  0.14155E+02 -0.34503E-01  0.39013E-04 -0.28664E-03  0.99843E+00 -0.82342E-03  0.54300E-05  0.99783E+00 -0.47689E-02  0.99636E+00 
   14.00  0.11673E+02 -0.40169E-01  0.49133E-04 -0.36780E-03  0.99805E+00 -0.93831E-03  0.76028E-05  0.99723E+00 -0.54362E-02  0.99542E+00 
   15.00  0.96084E+01 -0.46258E-01  0.60426E-04 -0.46711E-03  0.99760E+00 -0.10522E-02  0.10491E-04  0.99650E+00 -0.61452E-02  0.99427E+00 
   16.00  0.79288E+01 -0.52756E-01  0.72183E-04 -0.58057E-03  0.99705E+00 -0.11533E-02  0.14057E-04  0.99561E+00 -0.69165E-02  0.99290E+00 
   17.00  0.65888E+01 -0.59648E-01  0.83206E-04 -0.69951E-03  0.99643E+00 -0.12260E-02  0.18036E-04  0.99457E+00 -0.77793E-02  0.99131E+00 
   18.00  0.55380E+01 -0.66920E-01  0.91838E-04 -0.81027E-03  0.99575E+00 -0.12532E-02  0.21848E-04  0.99339E+00 -0.87654E-02  0.98953E+00 
   19.00  0.47259E+01 -0.74565E-01  0.96186E-04 -0.89564E-03  0.99504E+00 -0.12193E-02  0.24594E-04  0.99209E+00 -0.98963E-02  0.98763E+00 
   20.00  0.41045E+01 -0.82579E-01  0.94522E-04 -0.93813E-03  0.99434E+00 -0.11147E-02  0.25174E-04  0.99070E+00 -0.11169E-01  0.98566E+00 
   21.00  0.36312E+01 -0.90957E-01  0.85723E-04 -0.92420E-03  0.99369E+00 -0.93875E-03  0.22514E-04  0.98925E+00 -0.12545E-01  0.98369E+00 
   22.00  0.32696E+01 -0.99691E-01  0.69558E-04 -0.84747E-03  0.99312E+00 -0.69993E-03  0.15833E-04  0.98777E+00 -0.13956E-01  0.98177E+00 
   23.00  0.29898E+01 -0.10877E+00  0.46678E-04 -0.70973E-03  0.99264E+00 -0.41334E-03  0.48185E-05  0.98626E+00 -0.15317E-01  0.97992E+00 
   24.00  0.27683E+01 -0.11816E+00  0.18385E-04 -0.51953E-03  0.99224E+00 -0.96717E-04 -0.10335E-04  0.98471E+00 -0.16547E-01  0.97811E+00 
   25.00  0.25875E+01 -0.12786E+00 -0.13712E-04 -0.28963E-03  0.99190E+00  0.23297E-03 -0.29011E-04  0.98310E+00 -0.17589E-01  0.97630E+00 
   26.00  0.24344E+01 -0.13785E+00 -0.47954E-04 -0.34600E-04  0.99161E+00  0.56127E-03 -0.50303E-04  0.98139E+00 -0.18419E-01  0.97446E+00 
   27.00  0.23002E+01 -0.14813E+00 -0.82776E-04  0.23070E-03  0.99134E+00  0.87648E-03 -0.73128E-04  0.97957E+00 -0.19049E-01  0.97251E+00 
   28.00  0.21793E+01 -0.15869E+00 -0.11673E-03  0.49170E-03  0.99108E+00  0.11689E-02 -0.96302E-04  0.97759E+00 -0.19520E-01  0.97043E+00 
   29.00  0.20686E+01 -0.16953E+00 -0.14841E-03  0.73414E-03  0.99080E+00  0.14297E-02 -0.11856E-03  0.97543E+00 -0.19893E-01  0.96819E+00 
   30.00  0.19666E+01 -0.18065E+00 -0.17647E-03  0.94409E-03  0.99051E+00  0.16505E-02 -0.13856E-03  0.97309E+00 -0.20236E-01  0.96575E+00 
   31.00  0.18729E+01 -0.19204E+00 -0.19951E-03  0.11082E-02  0.99020E+00  0.18230E-02 -0.15490E-03  0.97056E+00 -0.20614E-01  0.96311E+00 
   32.00  0.17877E+01 -0.20365E+00 -0.21624E-03  0.12148E-02  0.98988E+00  0.19396E-02 -0.16614E-03  0.96783E+00 -0.21071E-01  0.96029E+00 
   33.00  0.17112E+01 -0.21544E+00 -0.22553E-03  0.12550E-02  0.98956E+00  0.19948E-02 -0.17089E-03  0.96491E+00 -0.21626E-01  0.95729E+00 
   34.00  0.16433E+01 -0.22736E+00 -0.22665E-03  0.12242E-02  0.98925E+00  0.19862E-02 -0.16794E-03  0.96182E+00 -0.22269E-01  0.95414E+00 
   35.00  0.15834E+01 -0.23934E+00 -0.21946E-03  0.11238E-02  0.98895E+00  0.19156E-02 -0.15642E-03  0.95857E+00 -0.22959E-01  0.95084E+00 
   36.00  0.15303E+01 -0.25134E+00 -0.20447E-03  0.96090E-03  0.98866E+00  0.17893E-02 -0.13586E-03  0.95514E+00 -0.23644E-01  0.94740E+00 
   37.00  0.14823E+01 -0.26337E+00 -0.18285E-03  0.74765E-03  0.98839E+00  0.16174E-02 -0.10630E-03  0.95153E+00 -0.24266E-01  0.94380E+00 
   38.00  0.14375E+01 -0.27544E+00 -0.15633E-03  0.49961E-03  0.98811E+00  0.14122E-02 -0.68234E-04  0.94771E+00 -0.24777E-01  0.94000E+00 
   39.00  0.13938E+01 -0.28762E+00 -0.12694E-03  0.23348E-03  0.98781E+00  0.11865E-02 -0.22513E-04  0.94363E+00 -0.25154E-01  0.93595E+00 
   40.00  0.13492E+01 -0.30001E+00 -0.96830E-04 -0.34809E-04  0.98748E+00  0.95193E-03  0.29721E-04  0.93923E+00 -0.25395E-01  0.93157E+00 
   41.00  0.13024E+01 -0.31270E+00 -0.68053E-04 -0.29147E-03  0.98709E+00  0.71764E-03  0.87126E-04  0.93446E+00 -0.25523E-01  0.92680E+00 
   42.00  0.12526E+01 -0.32582E+00 -0.42472E-04 -0.52544E-03  0.98663E+00  0.49027E-03  0.14819E-03  0.92924E+00 -0.25576E-01  0.92154E+00 
   43.00  0.11996E+01 -0.33946E+00 -0.21670E-04 -0.72849E-03  0.98608E+00  0.27386E-03  0.21121E-03  0.92348E+00 -0.25604E-01  0.91571E+00 
   44.00  0.11438E+01 -0.35371E+00 -0.69119E-05 -0.89494E-03  0.98543E+00  0.70299E-04  0.27423E-03  0.91714E+00 -0.25657E-01  0.90926E+00 
   45.00  0.10863E+01 -0.36863E+00  0.89899E-06 -0.10213E-02  0.98469E+00 -0.11995E-03  0.33503E-03  0.91016E+00 -0.25776E-01  0.90212E+00 
   46.00  0.10285E+01 -0.38425E+00  0.12797E-05 -0.11060E-02  0.98385E+00 -0.29725E-03  0.39108E-03  0.90249E+00 -0.25988E-01  0.89427E+00 
   47.00  0.97200E+00 -0.40053E+00 -0.57589E-05 -0.11494E-02  0.98293E+00 -0.46210E-03  0.43968E-03  0.89414E+00 -0.26295E-01  0.88569E+00 
   48.00  0.91813E+00 -0.41739E+00 -0.19643E-04 -0.11531E-02  0.98196E+00 -0.61472E-03  0.47806E-03  0.88514E+00 -0.26675E-01  0.87645E+00 
   49.00  0.86815E+00 -0.43470E+00 -0.39208E-04 -0.11208E-02  0.98095E+00 -0.75469E-03  0.50375E-03  0.87553E+00 -0.27075E-01  0.86660E+00 
   50.00  0.82292E+00 -0.45226E+00 -0.62759E-04 -0.10571E-02  0.97993E+00 -0.88094E-03  0.51488E-03  0.86543E+00 -0.27422E-01  0.85627E+00 
   51.00  0.78285E+00 -0.46987E+00 -0.88235E-04 -0.96775E-03  0.97895E+00 -0.99198E-03  0.51050E-03  0.85495E+00 -0.27628E-01  0.84557E+00 
   52.00  0.74795E+00 -0.48734E+00 -0.11348E-03 -0.85851E-03  0.97801E+00 -0.10863E-02  0.49070E-03  0.84420E+00 -0.27611E-01  0.83463E+00 
   53.00  0.71783E+00 -0.50449E+00 -0.13653E-03 -0.73464E-03  0.97714E+00 -0.11629E-02  0.45658E-03  0.83328E+00 -0.27306E-01  0.82356E+00 
   54.00  0.69187E+00 -0.52121E+00 -0.15592E-03 -0.60023E-03  0.97633E+00 -0.12219E-02  0.40991E-03  0.82225E+00 -0.26679E-01  0.81241E+00 
   55.00  0.66927E+00 -0.53747E+00 -0.17077E-03 -0.45787E-03  0.97558E+00 -0.12645E-02  0.35272E-03  0.81111E+00 -0.25730E-01  0.80119E+00 
   56.00  0.64917E+00 -0.55330E+00 -0.18084E-03 -0.30875E-03  0.97486E+00 -0.12931E-02  0.28690E-03  0.79984E+00 -0.24493E-01  0.78985E+00 
   57.00  0.63076E+00 -0.56875E+00 -0.18639E-03 -0.15312E-03  0.97416E+00 -0.13112E-02  0.21388E-03  0.78836E+00 -0.23026E-01  0.77832E+00 
   58.00  0.61334E+00 -0.58395E+00 -0.18804E-03  0.91263E-05  0.97344E+00 -0.13229E-02  0.13459E-03  0.77655E+00 -0.21403E-01  0.76648E+00 
   59.00  0.59633E+00 -0.59899E+00 -0.18655E-03  0.17780E-03  0.97270E+00 -0.13323E-02  0.49472E-04  0.76430E+00 -0.19700E-01  0.75421E+00 
   60.00  0.57935E+00 -0.61400E+00 -0.18267E-03  0.35182E-03  0.97191E+00 -0.13434E-02 -0.41211E-04  0.75149E+00 -0.17987E-01  0.74137E+00 
   61.00  0.56216E+00 -0.62906E+00 -0.17707E-03  0.52886E-03  0.97107E+00 -0.13593E-02 -0.13712E-03  0.73798E+00 -0.16328E-01  0.72786E+00 
   62.00  0.54464E+00 -0.64424E+00 -0.17029E-03  0.70511E-03  0.97015E+00 -0.13823E-02 -0.23750E-03  0.72367E+00 -0.14772E-01  0.71356E+00 
   63.00  0.52681E+00 -0.65958E+00 -0.16273E-03  0.87531E-03  0.96916E+00 -0.14135E-02 -0.34090E-03  0.70846E+00 -0.13354E-01  0.69837E+00 
   64.00  0.50874E+00 -0.67508E+00 -0.15474E-03  0.10329E-02  0.96810E+00 -0.14527E-02 -0.44499E-03  0.69226E+00 -0.12097E-01  0.68221E+00 
   65.00  0.49056E+00 -0.69073E+00 -0.14664E-03  0.11705E-02  0.96696E+00 -0.14981E-02 -0.54644E-03  0.67501E+00 -0.11015E-01  0.66503E+00 
   66.00  0.47244E+00 -0.70648E+00 -0.13886E-03  0.12802E-02  0.96575E+00 -0.15470E-02 -0.64101E-03  0.65667E+00 -0.10113E-01  0.64678E+00 
   67.00  0.45455E+00 -0.72228E+00 -0.13196E-03  0.13542E-02  0.96447E+00 -0.15954E-02 -0.72369E-03  0.63720E+00 -0.93906E-02  0.62743E+00 
   68.00  0.43706E+00 -0.73803E+00 -0.12668E-03  0.13855E-02  0.96312E+00 -0.16387E-02 -0.78906E-03  0.61660E+00 -0.88449E-02  0.60698E+00 
   69.00  0.42013E+00 -0.75366E+00 -0.12398E-03  0.13685E-02  0.96171E+00 -0.16719E-02 -0.83167E-03  0.59490E+00 -0.84710E-02  0.58544E+00 
   70.00  0.40393E+00 -0.76906E+00 -0.12498E-03  0.12994E-02  0.96025E+00 -0.16902E-02 -0.84658E-03  0.57210E+00 -0.82619E-02  0.56283E+00 
   71.00  0.38859E+00 -0.78415E+00 -0.13087E-03  0.11768E-02  0.95875E+00 -0.16894E-02 -0.82988E-03  0.54828E+00 -0.82080E-02  0.53921E+00 
   72.00  0.37421E+00 -0.79883E+00 -0.14280E-03  0.10022E-02  0.95723E+00 -0.16668E-02 -0.77921E-03  0.52349E+00 -0.82956E-02  0.51465E+00 
   73.00  0.36087E+00 -0.81301E+00 -0.16172E-03  0.77974E-03  0.95569E+00 -0.16208E-02 -0.69417E-03  0.49780E+00 -0.85044E-02  0.48921E+00 
   74.00  0.34862E+00 -0.82663E+00 -0.18818E-03  0.51628E-03  0.95415E+00 -0.15522E-02 -0.57655E-03  0.47131E+00 -0.88063E-02  0.46299E+00 
   75.00  0.33746E+00 -0.83962E+00 -0.22224E-03  0.22093E-03  0.95264E+00 -0.14633E-02 -0.43031E-03  0.44409E+00 -0.91651E-02  0.43608E+00 
   76.00  0.32735E+00 -0.85191E+00 -0.26333E-03 -0.95666E-04  0.95117E+00 -0.13583E-02 -0.26136E-03  0.41624E+00 -0.95378E-02  0.40856E+00 
   77.00  0.31823E+00 -0.86348E+00 -0.31031E-03 -0.42224E-03  0.94975E+00 -0.12426E-02 -0.76979E-04  0.38783E+00 -0.98766E-02  0.38053E+00 
   78.00  0.30999E+00 -0.87426E+00 -0.36145E-03 -0.74785E-03  0.94838E+00 -0.11225E-02  0.11478E-03  0.35893E+00 -0.10134E-01  0.35204E+00 
   79.00  0.30249E+00 -0.88423E+00 -0.41466E-03 -0.10628E-02  0.94707E+00 -0.10042E-02  0.30588E-03  0.32959E+00 -0.10267E-01  0.32317E+00 
   80.00  0.29559E+00 -0.89335E+00 -0.46766E-03 -0.13591E-02  0.94581E+00 -0.89326E-03  0.48894E-03  0.29985E+00 -0.10240E-01  0.29396E+00 
   81.00  0.28914E+00 -0.90156E+00 -0.51819E-03 -0.16311E-02  0.94459E+00 -0.79434E-03  0.65779E-03  0.26974E+00 -0.10032E-01  0.26443E+00 
   82.00  0.28300E+00 -0.90884E+00 -0.56423E-03 -0.18757E-02  0.94339E+00 -0.71057E-03  0.80775E-03  0.23927E+00 -0.96343E-02  0.23460E+00 
   83.00  0.27703E+00 -0.91514E+00 -0.60413E-03 -0.20913E-02  0.94220E+00 -0.64354E-03  0.93576E-03  0.20847E+00 -0.90547E-02  0.20450E+00 
   84.00  0.27112E+00 -0.92042E+00 -0.63678E-03 -0.22786E-02  0.94100E+00 -0.59332E-03  0.10403E-02  0.17735E+00 -0.83132E-02  0.17414E+00 
   85.00  0.26521E+00 -0.92463E+00 -0.66160E-03 -0.24391E-02  0.93977E+00 -0.55865E-03  0.11210E-02  0.14593E+00 -0.74417E-02  0.14354E+00 
   86.00  0.25924E+00 -0.92773E+00 -0.67859E-03 -0.25749E-02  0.93850E+00 -0.53715E-03  0.11789E-02  0.11424E+00 -0.64804E-02  0.11272E+00 
   87.00  0.25320E+00 -0.92971E+00 -0.68825E-03 -0.26887E-02  0.93718E+00 -0.52571E-03  0.12156E-02  0.82312E-01 -0.54744E-02  0.81717E-01 
   88.00  0.24711E+00 -0.93052E+00 -0.69154E-03 -0.27825E-02  0.93580E+00 -0.52078E-03  0.12333E-02  0.50202E-01 -0.44703E-02  0.50586E-01 
   89.00  0.24099E+00 -0.93015E+00 -0.68975E-03 -0.28581E-02  0.93437E+00 -0.51871E-03  0.12345E-02  0.17968E-01 -0.35128E-02  0.19380E-01 
   90.00  0.23491E+00 -0.92861E+00 -0.68434E-03 -0.29165E-02  0.93289E+00 -0.51613E-03  0.12219E-02 -0.14316E-01 -0.26415E-02 -0.11830E-01 
   91.00  0.22892E+00 -0.92591E+00 -0.67681E-03 -0.29582E-02  0.93137E+00 -0.51017E-03  0.11985E-02 -0.46571E-01 -0.18889E-02 -0.42968E-01 
   92.00  0.22309E+00 -0.92206E+00 -0.66853E-03 -0.29829E-02  0.92982E+00 -0.49875E-03  0.11669E-02 -0.78708E-01 -0.12779E-02 -0.73949E-01 
   93.00  0.21749E+00 -0.91710E+00 -0.66053E-03 -0.29898E-02  0.92826E+00 -0.48080E-03  0.11301E-02 -0.11064E+00 -0.82094E-03 -0.10469E+00 
   94.00  0.21217E+00 -0.91108E+00 -0.65338E-03 -0.29782E-02  0.92670E+00 -0.45630E-03  0.10907E-02 -0.14227E+00 -0.52030E-03 -0.13510E+00 
   95.00  0.20720E+00 -0.90405E+00 -0.64707E-03 -0.29472E-02  0.92517E+00 -0.42632E-03  0.10512E-02 -0.17351E+00 -0.36861E-03 -0.16509E+00 
   96.00  0.20259E+00 -0.89606E+00 -0.64091E-03 -0.28965E-02  0.92368E+00 -0.39295E-03  0.10140E-02 -0.20428E+00 -0.35084E-03 -0.19460E+00 
   97.00  0.19839E+00 -0.88719E+00 -0.63357E-03 -0.28263E-02  0.92225E+00 -0.35904E-03  0.98124E-03 -0.23451E+00 -0.44676E-03 -0.22357E+00 
   98.00  0.19460E+00 -0.87748E+00 -0.62313E-03 -0.27376E-02  0.92091E+00 -0.32795E-03  0.95492E-03 -0.26414E+00 -0.63378E-03 -0.25192E+00 
   99.00  0.19123E+00 -0.86700E+00 -0.60723E-03 -0.26324E-02  0.91965E+00 -0.30319E-03  0.93663E-03 -0.29313E+00 -0.88986E-03 -0.27964E+00 
  100.00  0.18828E+00 -0.85579E+00 -0.58329E-03 -0.25135E-02  0.91851E+00 -0.28810E-03  0.92764E-03 -0.32144E+00 -0.11959E-02 -0.30668E+00 
  101.00  0.18573E+00 -0.84391E+00 -0.54869E-03 -0.23843E-02  0.91748E+00 -0.28549E-03  0.92887E-03 -0.34904E+00 -0.15375E-02 -0.33305E+00 
  102.00  0.18357E+00 -0.83141E+00 -0.50109E-03 -0.22485E-02  0.91659E+00 -0.29738E-03  0.94078E-03 -0.37593E+00 -0.19061E-02 -0.35872E+00 
  103.00  0.18178E+00 -0.81831E+00 -0.43858E-03 -0.21103E-02  0.91583E+00 -0.32481E-03  0.96343E-03 -0.40211E+00 -0.22986E-02 -0.38370E+00 
  104.00  0.18035E+00 -0.80465E+00 -0.35995E-03 -0.19734E-02  0.91521E+00 -0.36776E-03  0.99638E-03 -0.42757E+00 -0.27170E-02 -0.40800E+00 
  105.00  0.17925E+00 -0.79047E+00 -0.26473E-03 -0.18410E-02  0.91475E+00 -0.42515E-03  0.10387E-02 -0.45232E+00 -0.31670E-02 -0.43163E+00 
  106.00  0.17847E+00 -0.77579E+00 -0.15334E-03 -0.17156E-02  0.91444E+00 -0.49493E-03  0.10890E-02 -0.47636E+00 -0.36560E-02 -0.45460E+00 
  107.00  0.17799E+00 -0.76065E+00 -0.27077E-04 -0.15987E-02  0.91428E+00 -0.57428E-03  0.11454E-02 -0.49970E+00 -0.41919E-02 -0.47692E+00 
  108.00  0.17779E+00 -0.74509E+00  0.11197E-03 -0.14909E-02  0.91427E+00 -0.65979E-03  0.12056E-02 -0.52235E+00 -0.47811E-02 -0.49860E+00 
  109.00  0.17785E+00 -0.72914E+00  0.26100E-03 -0.13915E-02  0.91441E+00 -0.74775E-03  0.12669E-02 -0.54431E+00 -0.54278E-02 -0.51963E+00 
  110.00  0.17816E+00 -0.71283E+00  0.41666E-03 -0.12993E-02  0.91469E+00 -0.83437E-03  0.13263E-02 -0.56558E+00 -0.61324E-02 -0.54002E+00 
  111.00  0.17871E+00 -0.69620E+00  0.57522E-03 -0.12119E-02  0.91510E+00 -0.91606E-03  0.13806E-02 -0.58615E+00 -0.68918E-02 -0.55977E+00 
  112.00  0.17947E+00 -0.67930E+00  0.73277E-03 -0.11269E-02  0.91562E+00 -0.98959E-03  0.14265E-02 -0.60602E+00 -0.76992E-02 -0.57886E+00 
  113.00  0.18042E+00 -0.66216E+00  0.88537E-03 -0.10415E-02  0.91625E+00 -0.10523E-02  0.14607E-02 -0.62519E+00 -0.85444E-02 -0.59730E+00 
  114.00  0.18155E+00 -0.64484E+00  0.10293E-02 -0.95312E-03  0.91696E+00 -0.11021E-02  0.14803E-02 -0.64365E+00 -0.94149E-02 -0.61505E+00 
  115.00  0.18283E+00 -0.62737E+00  0.11611E-02 -0.85951E-03  0.91774E+00 -0.11377E-02  0.14825E-02 -0.66138E+00 -0.10296E-01 -0.63213E+00 
  116.00  0.18424E+00 -0.60980E+00  0.12777E-02 -0.75911E-03  0.91857E+00 -0.11585E-02  0.14653E-02 -0.67840E+00 -0.11172E-01 -0.64851E+00 
  117.00  0.18577E+00 -0.59217E+00  0.13765E-02 -0.65115E-03  0.91943E+00 -0.11645E-02  0.14269E-02 -0.69468E+00 -0.12027E-01 -0.66418E+00 
  118.00  0.18739E+00 -0.57452E+00  0.14557E-02 -0.53575E-03  0.92031E+00 -0.11563E-02  0.13666E-02 -0.71024E+00 -0.12846E-01 -0.67915E+00 
  119.00  0.18909E+00 -0.55689E+00  0.15135E-02 -0.41394E-03  0.92120E+00 -0.11349E-02  0.12842E-02 -0.72507E+00 -0.13615E-01 -0.69340E+00 
  120.00  0.19083E+00 -0.53932E+00  0.15493E-02 -0.28760E-03  0.92208E+00 -0.11018E-02  0.11803E-02 -0.73918E+00 -0.14321E-01 -0.70695E+00 
  121.00  0.19261E+00 -0.52183E+00  0.15624E-02 -0.15935E-03  0.92295E+00 -0.10585E-02  0.10562E-02 -0.75257E+00 -0.14952E-01 -0.71978E+00 
  122.00  0.19440E+00 -0.50447E+00  0.15528E-02 -0.32402E-04  0.92379E+00 -0.10068E-02  0.91407E-03 -0.76527E+00 -0.15501E-01 -0.73192E+00 
  123.00  0.19619E+00 -0.48725E+00  0.15211E-02  0.89677E-04  0.92459E+00 -0.94851E-03  0.75635E-03 -0.77729E+00 -0.15959E-01 -0.74338E+00 
  124.00  0.19798E+00 -0.47020E+00  0.14679E-02  0.20315E-03  0.92537E+00 -0.88524E-03  0.58610E-03 -0.78863E+00 -0.16323E-01 -0.75417E+00 
  125.00  0.19973E+00 -0.45334E+00  0.13943E-02  0.30436E-03  0.92610E+00 -0.81853E-03  0.40667E-03 -0.79934E+00 -0.16588E-01 -0.76431E+00 
  126.00  0.20145E+00 -0.43669E+00  0.13017E-02  0.38990E-03  0.92680E+00 -0.74972E-03  0.22153E-03 -0.80942E+00 -0.16756E-01 -0.77382E+00 
  127.00  0.20313E+00 -0.42026E+00  0.11914E-02  0.45684E-03  0.92746E+00 -0.67994E-03  0.34122E-04 -0.81891E+00 -0.16827E-01 -0.78273E+00 
  128.00  0.20475E+00 -0.40407E+00  0.10653E-02  0.50284E-03  0.92808E+00 -0.61009E-03 -0.15224E-03 -0.82783E+00 -0.16804E-01 -0.79106E+00 
  129.00  0.20633E+00 -0.38812E+00  0.92521E-03  0.52626E-03  0.92866E+00 -0.54087E-03 -0.33456E-03 -0.83619E+00 -0.16693E-01 -0.79884E+00 
  130.00  0.20784E+00 -0.37242E+00  0.77301E-03  0.52625E-03  0.92921E+00 -0.47280E-03 -0.51021E-03 -0.84404E+00 -0.16499E-01 -0.80608E+00 
  131.00  0.20929E+00 -0.35698E+00  0.61080E-03  0.50271E-03  0.92973E+00 -0.40623E-03 -0.67704E-03 -0.85139E+00 -0.16231E-01 -0.81282E+00 
  132.00  0.21068E+00 -0.34180E+00  0.44072E-03  0.45628E-03  0.93021E+00 -0.34139E-03 -0.83341E-03 -0.85826E+00 -0.15897E-01 -0.81907E+00 
  133.00  0.21201E+00 -0.32689E+00  0.26501E-03  0.38830E-03  0.93066E+00 -0.27846E-03 -0.97819E-03 -0.86468E+00 -0.15507E-01 -0.82486E+00 
  134.00  0.21327E+00 -0.31225E+00  0.85950E-04  0.30063E-03  0.93108E+00 -0.21756E-03 -0.11107E-02 -0.87067E+00 -0.15072E-01 -0.83021E+00 
  135.00  0.21447E+00 -0.29789E+00 -0.94108E-04  0.19560E-03  0.93147E+00 -0.15882E-03 -0.12309E-02 -0.87626E+00 -0.14602E-01 -0.83513E+00 
  136.00  0.21561E+00 -0.28381E+00 -0.27279E-03  0.75851E-04  0.93183E+00 -0.10239E-03 -0.13387E-02 -0.88144E+00 -0.14109E-01 -0.83965E+00 
  137.00  0.21669E+00 -0.27003E+00 -0.44770E-03 -0.55825E-04  0.93216E+00 -0.48480E-04 -0.14348E-02 -0.88626E+00 -0.13602E-01 -0.84379E+00 
  138.00  0.21772E+00 -0.25653E+00 -0.61647E-03 -0.19658E-03  0.93246E+00  0.26559E-05 -0.15197E-02 -0.89072E+00 -0.13092E-01 -0.84756E+00 
  139.00  0.21869E+00 -0.24334E+00 -0.77676E-03 -0.34366E-03  0.93273E+00  0.50689E-04 -0.15941E-02 -0.89485E+00 -0.12589E-01 -0.85098E+00 
  140.00  0.21960E+00 -0.23046E+00 -0.92634E-03 -0.49446E-03  0.93298E+00  0.95238E-04 -0.16589E-02 -0.89865E+00 -0.12099E-01 -0.85406E+00 
  141.00  0.22047E+00 -0.21789E+00 -0.10631E-02 -0.64662E-03  0.93319E+00  0.13589E-03 -0.17146E-02 -0.90214E+00 -0.11631E-01 -0.85682E+00 
  142.00  0.22129E+00 -0.20564E+00 -0.11852E-02 -0.79810E-03  0.93338E+00  0.17220E-03 -0.17619E-02 -0.90534E+00 -0.11191E-01 -0.85928E+00 
  143.00  0.22207E+00 -0.19372E+00 -0.12908E-02 -0.94716E-03  0.93354E+00  0.20376E-03 -0.18011E-02 -0.90827E+00 -0.10781E-01 -0.86145E+00 
  144.00  0.22281E+00 -0.18214E+00 -0.13787E-02 -0.10924E-02  0.93366E+00  0.23020E-03 -0.18326E-02 -0.91093E+00 -0.10406E-01 -0.86335E+00 
  145.00  0.22351E+00 -0.17089E+00 -0.14477E-02 -0.12327E-02  0.93376E+00  0.25122E-03 -0.18564E-02 -0.91334E+00 -0.10067E-01 -0.86498E+00 
  146.00  0.22417E+00 -0.15999E+00 -0.14973E-02 -0.13673E-02  0.93382E+00  0.26664E-03 -0.18726E-02 -0.91552E+00 -0.97651E-02 -0.86636E+00 
  147.00  0.22481E+00 -0.14944E+00 -0.15272E-02 -0.14956E-02  0.93386E+00  0.27639E-03 -0.18809E-02 -0.91747E+00 -0.94983E-02 -0.86752E+00 
  148.00  0.22541E+00 -0.13924E+00 -0.15377E-02 -0.16173E-02  0.93386E+00  0.28058E-03 -0.18813E-02 -0.91922E+00 -0.92649E-02 -0.86845E+00 
  149.00  0.22599E+00 -0.12939E+00 -0.15293E-02 -0.17322E-02  0.93384E+00  0.27943E-03 -0.18735E-02 -0.92076E+00 -0.90618E-02 -0.86917E+00 
  150.00  0.22654E+00 -0.11990E+00 -0.15030E-02 -0.18404E-02  0.93378E+00  0.27332E-03 -0.18574E-02 -0.92213E+00 -0.88853E-02 -0.86970E+00 
  151.00  0.22708E+00 -0.11076E+00 -0.14605E-02 -0.19419E-02  0.93370E+00  0.26278E-03 -0.18329E-02 -0.92332E+00 -0.87306E-02 -0.87005E+00 
  152.00  0.22760E+00 -0.10198E+00 -0.14033E-02 -0.20369E-02  0.93359E+00  0.24844E-03 -0.18001E-02 -0.92435E+00 -0.85925E-02 -0.87024E+00 
  153.00  0.22811E+00 -0.93563E-01 -0.13336E-02 -0.21258E-02  0.93344E+00  0.23100E-03 -0.17590E-02 -0.92523E+00 -0.84655E-02 -0.87026E+00 
  154.00  0.22861E+00 -0.85499E-01 -0.12537E-02 -0.22089E-02  0.93327E+00  0.21122E-03 -0.17101E-02 -0.92598E+00 -0.83435E-02 -0.87014E+00 
  155.00  0.22910E+00 -0.77795E-01 -0.11658E-02 -0.22865E-02  0.93306E+00  0.18987E-03 -0.16537E-02 -0.92661E+00 -0.82205E-02 -0.86989E+00 
  156.00  0.22960E+00 -0.70452E-01 -0.10723E-02 -0.23593E-02  0.93283E+00  0.16771E-03 -0.15903E-02 -0.92712E+00 -0.80903E-02 -0.86951E+00 
  157.00  0.23010E+00 -0.63472E-01 -0.97576E-03 -0.24276E-02  0.93257E+00  0.14545E-03 -0.15206E-02 -0.92753E+00 -0.79468E-02 -0.86902E+00 
  158.00  0.23060E+00 -0.56858E-01 -0.87829E-03 -0.24920E-02  0.93228E+00  0.12371E-03 -0.14453E-02 -0.92784E+00 -0.77844E-02 -0.86842E+00 
  159.00  0.23112E+00 -0.50615E-01 -0.78200E-03 -0.25532E-02  0.93195E+00  0.10304E-03 -0.13652E-02 -0.92807E+00 -0.75978E-02 -0.86773E+00 
  160.00  0.23165E+00 -0.44747E-01 -0.68874E-03 -0.26118E-02  0.93160E+00  0.83898E-04 -0.12812E-02 -0.92822E+00 -0.73821E-02 -0.86694E+00 
  161.00  0.23220E+00 -0.39258E-01 -0.60005E-03 -0.26683E-02  0.93122E+00  0.66602E-04 -0.11941E-02 -0.92829E+00 -0.71334E-02 -0.86606E+00 
  162.00  0.23277E+00 -0.34154E-01 -0.51718E-03 -0.27234E-02  0.93082E+00  0.51380E-04 -0.11048E-02 -0.92829E+00 -0.68488E-02 -0.86511E+00 
  163.00  0.23337E+00 -0.29438E-01 -0.44104E-03 -0.27775E-02  0.93038E+00  0.38348E-04 -0.10141E-02 -0.92824E+00 -0.65264E-02 -0.86408E+00 
  164.00  0.23399E+00 -0.25114E-01 -0.37222E-03 -0.28311E-02  0.92992E+00  0.27520E-04 -0.92283E-03 -0.92812E+00 -0.61657E-02 -0.86298E+00 
  165.00  0.23463E+00 -0.21183E-01 -0.31095E-03 -0.28845E-02  0.92944E+00  0.18822E-04 -0.83192E-03 -0.92794E+00 -0.57675E-02 -0.86182E+00 
  166.00  0.23530E+00 -0.17644E-01 -0.25721E-03 -0.29377E-02  0.92893E+00  0.12100E-04 -0.74214E-03 -0.92772E+00 -0.53341E-02 -0.86061E+00 
  167.00  0.23599E+00 -0.14492E-01 -0.21070E-03 -0.29909E-02  0.92841E+00  0.71407E-05 -0.65429E-03 -0.92744E+00 -0.48698E-02 -0.85935E+00 
  168.00  0.23670E+00 -0.11719E-01 -0.17092E-03 -0.30438E-02  0.92788E+00  0.36857E-05 -0.56915E-03 -0.92713E+00 -0.43800E-02 -0.85805E+00 
  169.00  0.23742E+00 -0.93122E-02 -0.13722E-03 -0.30961E-02  0.92734E+00  0.14551E-05 -0.48748E-03 -0.92678E+00 -0.38721E-02 -0.85674E+00 
  170.00  0.23814E+00 -0.72552E-02 -0.10890E-03 -0.31473E-02  0.92681E+00  0.16498E-06 -0.41001E-03 -0.92640E+00 -0.33547E-02 -0.85542E+00 
  171.00  0.23885E+00 -0.55262E-02 -0.85216E-04 -0.31969E-02  0.92629E+00 -0.45290E-06 -0.33745E-03 -0.92600E+00 -0.28378E-02 -0.85411E+00 
  172.00  0.23953E+00 -0.40994E-02 -0.65481E-04 -0.32442E-02  0.92578E+00 -0.63495E-06 -0.27049E-03 -0.92560E+00 -0.23322E-02 -0.85285E+00 
  173.00  0.24019E+00 -0.29457E-02 -0.49084E-04 -0.32884E-02  0.92531E+00 -0.57402E-06 -0.20975E-03 -0.92519E+00 -0.18495E-02 -0.85165E+00 
  174.00  0.24079E+00 -0.20338E-02 -0.35528E-04 -0.33288E-02  0.92487E+00 -0.41303E-06 -0.15582E-03 -0.92481E+00 -0.14013E-02 -0.85053E+00 
  175.00  0.24133E+00 -0.13318E-02 -0.24438E-04 -0.33645E-02  0.92448E+00 -0.24459E-06 -0.10923E-03 -0.92445E+00 -0.99908E-03 -0.84954E+00 
  176.00  0.24180E+00 -0.80827E-03 -0.15556E-04 -0.33948E-02  0.92415E+00 -0.11638E-06 -0.70451E-04 -0.92414E+00 -0.65342E-03 -0.84868E+00 
  177.00  0.24218E+00 -0.43469E-03 -0.87289E-05 -0.34192E-02  0.92389E+00 -0.41015E-07 -0.39868E-04 -0.92388E+00 -0.37383E-03 -0.84799E+00 
  178.00  0.24245E+00 -0.18669E-03 -0.38765E-05 -0.34370E-02  0.92369E+00 -0.87153E-08 -0.17796E-04 -0.92369E+00 -0.16818E-03 -0.84748E+00 
  179.00  0.24262E+00 -0.45680E-04 -0.96906E-06 -0.34478E-02  0.92357E+00 -0.56829E-09 -0.44604E-05 -0.92357E+00 -0.42354E-04 -0.84717E+00 
  180.00  0.24268E+00 -0.11239E-14 -0.24018E-16 -0.34514E-02  0.92353E+00 -0.35396E-30 -0.11064E-15 -0.92353E+00 -0.10522E-14 -0.84706E+00 
 scattering matrix expansion coefficients
    w  a11         a22         a33         a23         a32         a44         a12         a34         a13         a24         a14
    0  0.1000E+01  0.0000E+00  0.0000E+00  0.0000E+00  0.0000E+00  0.7622E+00  0.0000E+00  0.0000E+00  0.0000E+00  0.0000E+00 -0.3068E-03
    1  0.2126E+01  0.0000E+00  0.0000E+00  0.0000E+00  0.0000E+00  0.2321E+01  0.0000E+00  0.0000E+00  0.0000E+00  0.0000E+00 -0.1933E-03
    2  0.2951E+01  0.2737E+00  0.3804E+01  0.4209E-06 -0.1314E-02  0.2936E+01 -0.4470E+00 -0.1201E-01 -0.9861E-04  0.1596E-03 -0.4979E-03
    3  0.3331E+01  0.7069E-01  0.3772E+01 -0.9235E-07 -0.1013E-02  0.3352E+01 -0.3003E+00 -0.1814E-01 -0.1629E-03  0.1445E-04 -0.6823E-03
    4  0.3653E+01  0.4518E-01  0.3919E+01  0.5820E-07 -0.1948E-02  0.3662E+01 -0.2075E+00 -0.2783E-01 -0.1624E-04 -0.2546E-03 -0.1364E-02
    5  0.3916E+01  0.3490E-01  0.4098E+01  0.2320E-06 -0.2888E-02  0.3891E+01 -0.1305E+00 -0.2321E-01  0.1631E-03  0.4818E-03 -0.5938E-03
    6  0.4049E+01  0.5133E-02  0.4223E+01  0.3309E-06 -0.3714E-02  0.4058E+01 -0.1036E+00 -0.1963E-01 -0.3847E-03 -0.2094E-03 -0.7246E-03
    7  0.4092E+01  0.5758E-02  0.4249E+01  0.4742E-06 -0.3408E-02  0.4103E+01 -0.9704E-01 -0.1554E-01  0.2470E-03 -0.1327E-03 -0.1414E-02
    8  0.4054E+01  0.1359E-01  0.4185E+01 -0.2896E-06 -0.2248E-02  0.4040E+01 -0.7292E-01 -0.1148E-01  0.1032E-03 -0.3571E-03 -0.1330E-02
    9  0.3898E+01  0.1401E-02  0.4029E+01 -0.1124E-08 -0.1274E-02  0.3899E+01 -0.7013E-01 -0.1015E-01  0.1859E-04 -0.1635E-03 -0.5158E-03
   10  0.3655E+01 -0.1940E-02  0.3781E+01 -0.4030E-06 -0.8153E-04  0.3664E+01 -0.7788E-01 -0.1287E-01  0.3036E-03  0.3819E-03  0.7469E-03
   11  0.3346E+01  0.2449E-02  0.3459E+01  0.2593E-06  0.7354E-03  0.3349E+01 -0.7792E-01 -0.1300E-01  0.1930E-03  0.4525E-03  0.1468E-02
   12  0.2985E+01  0.4036E-02  0.3085E+01  0.4676E-07  0.1153E-02  0.2982E+01 -0.7684E-01 -0.1221E-01  0.2799E-03  0.8652E-04  0.1254E-02
   13  0.2592E+01  0.1092E-05  0.2681E+01  0.3100E-06  0.1233E-02  0.2594E+01 -0.8698E-01 -0.1002E-01  0.2659E-03 -0.5493E-04  0.8890E-03
   14  0.2210E+01 -0.1094E-02  0.2286E+01 -0.1621E-06  0.9798E-03  0.2216E+01 -0.9345E-01 -0.9288E-02  0.1425E-03 -0.3881E-04  0.4216E-03
   15  0.1869E+01  0.4481E-03  0.1929E+01  0.3742E-06  0.5495E-03  0.1873E+01 -0.8373E-01 -0.9906E-02  0.6693E-05 -0.3575E-04 -0.5933E-04
   16  0.1569E+01  0.2597E-02  0.1615E+01  0.2705E-06  0.2496E-03  0.1567E+01 -0.6437E-01 -0.9987E-02 -0.3762E-04 -0.3787E-04 -0.4182E-03
   17  0.1288E+01  0.2118E-02  0.1327E+01  0.1601E-06  0.1720E-03  0.1286E+01 -0.5220E-01 -0.8740E-02 -0.2343E-04 -0.7782E-04 -0.6881E-03
   18  0.1020E+01  0.5246E-03  0.1054E+01  0.1628E-06  0.1017E-03  0.1020E+01 -0.5010E-01 -0.7555E-02 -0.3698E-04 -0.6707E-04 -0.7742E-03
   19  0.7748E+00 -0.7332E-04  0.8033E+00  0.9009E-07  0.2970E-04  0.7760E+00 -0.5033E-01 -0.7019E-02 -0.2539E-04  0.6836E-05 -0.5962E-03
   20  0.5681E+00  0.4532E-03  0.5893E+00  0.6705E-07  0.8895E-05  0.5683E+00 -0.4671E-01 -0.6826E-02  0.8363E-07  0.3753E-04 -0.3511E-03
   21  0.4057E+00  0.5486E-03  0.4206E+00  0.9567E-07  0.3516E-04  0.4056E+00 -0.4013E-01 -0.6598E-02  0.1718E-04  0.2203E-04 -0.1915E-03
   22  0.2866E+00  0.3344E-03  0.2967E+00  0.1363E-06  0.5396E-04  0.2868E+00 -0.3223E-01 -0.6311E-02  0.1048E-04 -0.4131E-05 -0.1343E-03
   23  0.2040E+00  0.4327E-03  0.2105E+00  0.1334E-06  0.3663E-04  0.2041E+00 -0.2347E-01 -0.5721E-02 -0.3189E-05 -0.1477E-04 -0.1351E-03
   24  0.1477E+00  0.7139E-03  0.1517E+00  0.7641E-07 -0.4116E-05  0.1471E+00 -0.1502E-01 -0.4590E-02 -0.1046E-04 -0.5707E-05 -0.1447E-03
   25  0.1071E+00  0.6972E-03  0.1098E+00  0.3404E-07 -0.4067E-04  0.1063E+00 -0.8895E-02 -0.3089E-02 -0.8934E-05  0.7028E-05 -0.1386E-03
   26  0.7535E-01  0.4158E-03  0.7748E-01  0.2002E-07 -0.5838E-04  0.7488E-01 -0.5746E-02 -0.1688E-02 -0.4549E-05  0.1225E-04 -0.1145E-03
   27  0.4982E-01  0.1459E-03  0.5155E-01  0.2191E-07 -0.5612E-04  0.4972E-01 -0.4525E-02 -0.7146E-03 -0.5557E-07  0.1052E-04 -0.8129E-04
   28  0.3033E-01  0.3700E-04  0.3159E-01  0.2435E-07 -0.4286E-04  0.3038E-01 -0.3815E-02 -0.2038E-03  0.2128E-05  0.6609E-05 -0.5009E-04
   29  0.1683E-01  0.3440E-04  0.1761E-01  0.1988E-07 -0.2718E-04  0.1685E-01 -0.2960E-02 -0.7610E-05  0.2678E-05  0.3362E-05 -0.2717E-04
   30  0.8489E-02  0.5399E-04  0.8896E-02  0.1270E-07 -0.1492E-04  0.8451E-02 -0.1993E-02  0.3554E-04  0.2042E-05  0.1486E-05 -0.1318E-04
   31  0.3896E-02  0.5469E-04  0.4073E-02  0.6215E-08 -0.7134E-05  0.3832E-02 -0.1159E-02  0.2875E-04  0.1296E-05  0.6347E-06 -0.5759E-05
   32  0.1631E-02  0.4038E-04  0.1695E-02  0.2605E-08 -0.3034E-05  0.1576E-02 -0.5872E-03  0.1535E-04  0.6575E-06  0.2654E-06 -0.2317E-05
   33  0.6252E-03  0.2358E-04  0.6441E-03  0.9313E-09 -0.1142E-05  0.5903E-03 -0.2628E-03  0.6654E-05  0.2953E-06  0.1107E-06 -0.8423E-06
   34  0.2202E-03  0.1155E-04  0.2244E-03  0.2571E-09 -0.3862E-06  0.2024E-03 -0.1051E-03  0.2458E-05  0.1127E-06  0.4113E-07 -0.2770E-06
   35  0.7153E-04  0.4884E-05  0.7194E-04  0.2899E-10 -0.1194E-06  0.6375E-04 -0.3789E-04  0.8005E-06  0.3934E-07  0.1430E-07 -0.8206E-07
   36  0.2150E-04  0.1821E-05  0.2132E-04 -0.2618E-10 -0.3439E-07  0.1854E-04 -0.1242E-04  0.2350E-06  0.1246E-07  0.4767E-08 -0.2311E-07
   37  0.6009E-05  0.6057E-06  0.5869E-05 -0.2404E-10 -0.8934E-08  0.5006E-05 -0.3730E-05  0.6478E-07  0.3499E-08  0.1424E-08 -0.6049E-08
   38  0.1574E-05  0.1826E-06  0.1515E-05 -0.1251E-10 -0.2086E-08  0.1268E-05 -0.1036E-05  0.1711E-07  0.8799E-09  0.2175E-09 -0.1205E-08
   39  0.3913E-06  0.5081E-07  0.3711E-06 -0.5083E-11 -0.4330E-09  0.3054E-06 -0.2701E-06  0.4366E-08  0.2024E-09 -0.7130E-10 -0.4706E-10
   40  0.9387E-07  0.1334E-07  0.8782E-07 -0.1700E-11 -0.7818E-10  0.7115E-07 -0.6722E-07  0.1071E-08  0.4033E-10 -0.7366E-10  0.9725E-10
   41  0.2184E-07  0.3371E-08  0.2015E-07 -0.4903E-12 -0.1607E-10  0.1607E-07 -0.1618E-07  0.2294E-09  0.9830E-11 -0.3540E-10  0.5921E-10
   42  0.5221E-08  0.8505E-09  0.4768E-08 -0.1292E-12 -0.3556E-11  0.3754E-08 -0.3933E-08  0.5000E-10  0.2232E-11 -0.1130E-10  0.1995E-10
   43  0.1104E-08  0.1958E-09  0.9896E-09 -0.3240E-13 -0.6614E-12  0.7654E-09 -0.8612E-09  0.1022E-10  0.4271E-12 -0.3047E-11  0.5629E-11
   44  0.3062E-09  0.5512E-10  0.2741E-09 -0.6854E-14 -0.1889E-12  0.2100E-09 -0.2382E-09  0.1631E-11  0.1105E-12 -0.7251E-12  0.1387E-11
   45  0.4731E-10  0.9508E-11  0.4118E-10 -0.7601E-15 -0.5347E-14  0.3074E-10 -0.3855E-10  0.3490E-12  0.2629E-14 -0.1413E-12  0.2705E-12
   46  0.1685E-10  0.3377E-11  0.1476E-10 -0.5840E-16  0.1521E-15  0.1088E-10 -0.1360E-10  0.3994E-13 -0.2459E-15 -0.3017E-13  0.5845E-13
   47  0.1301E-11  0.2935E-12  0.1100E-11 -0.3377E-17  0.8261E-15  0.7832E-12 -0.1104E-11  0.6543E-14 -0.5112E-15 -0.3846E-14  0.7311E-14
   48  0.6543E-12  0.1435E-12  0.5566E-12  0.2879E-17  0.3123E-15  0.3952E-12 -0.5448E-12  0.9425E-15 -0.1772E-15 -0.6787E-15  0.1293E-14
   49  0.1206E-13  0.2927E-14  0.9817E-14  0.1785E-17  0.2123E-16  0.6995E-14 -0.1045E-13  0.7747E-16 -0.1654E-16 -0.3394E-16  0.7377E-16
   50  0.2075E-13  0.5167E-14  0.1757E-13  0.2766E-18  0.9672E-17  0.1172E-13 -0.1806E-13  0.1349E-16 -0.5662E-17 -0.9606E-17  0.1870E-16
