 input file is 
mstm18_1024_5299_13_00226.inp 
 input file comments follow:
***********************************************************
  This is the default mstm input file for v.3.0.
  The run is for a 7-sphere cluster of identical spheres.   The positions
  are embedded in the input file.

  The run makes use of the new_run and multiple_run options.

  14 April 2013
***********************************************************
 number of processors:
   1
 input parameters for run number 
    1
 number of spheres, volume size parameter:
 1024  0.53411E+01
 position file:
position/n1024/a18.out                                      
 output file:
output/1024/x5299/13/00226/mt_18_1024_5299_13_00226.dat     
 length, ref. indx. scale factors:
   0.530   1.300   0.023
 chiral factors:
  0.00000E+00  0.00000E+00
 scattering matrix directions based on incident frame
 automatic scattering angle calculation
 thetamin, thetamax:
      0.0    180.0
 number scattering angles:
      181
 epsmie, epssoln, max number iterations:
  0.1000E-05  0.1000E-07 5000
 medium refractive index:
  1.0000  0.0000
 target euler rotation angles:
    0.0000    0.0000    0.0000
 far field kr, iterations/correction:
 -0.1000E+01   20
 plane wave incidence
 random orientation calculations
 t matrix calculated, stored in file 
tmatrixfiles/18102452991300226                              
 t matrix convergence epsilon:
  0.1000E-06
 all spheres excited (total T matrix) 
 calculation results for run 
    1
 total ext, abs, scat efficiencies, w.r.t. xv, and asym. parm
  0.10359E+01  0.31997E+00  0.71593E+00  0.78577E+00
 scattering matrix elements (normalized w/ S11)
   theta      11           12           13           14           22           23           24           33           34           44      
    0.00  0.17919E+03  0.00000E+00  0.00000E+00  0.23774E-05  0.99999E+00 -0.89216E-05  0.00000E+00  0.99999E+00  0.00000E+00  0.99997E+00 
    1.00  0.17089E+03 -0.17054E-03  0.69836E-08  0.12310E-06  0.99999E+00 -0.89567E-05 -0.79824E-08  0.99999E+00 -0.30373E-04  0.99997E+00 
    2.00  0.14870E+03 -0.68853E-03  0.23454E-07 -0.66077E-05  0.99998E+00 -0.89635E-05 -0.27022E-07  0.99998E+00 -0.13090E-03  0.99997E+00 
    3.00  0.11938E+03 -0.15708E-02  0.36670E-07 -0.17468E-04  0.99998E+00 -0.85797E-05 -0.42004E-07  0.99998E+00 -0.32703E-03  0.99996E+00 
    4.00  0.90458E+02 -0.28333E-02  0.31116E-07 -0.31034E-04  0.99997E+00 -0.70474E-05 -0.29262E-07  0.99997E+00 -0.64495E-03  0.99995E+00 
    5.00  0.67027E+02 -0.44606E-02  0.68607E-08 -0.44022E-04  0.99997E+00 -0.33796E-05  0.31300E-07  0.99996E+00 -0.10694E-02  0.99993E+00 
    6.00  0.50487E+02 -0.63773E-02  0.48776E-08 -0.52542E-04  0.99996E+00  0.25265E-05  0.13277E-06  0.99994E+00 -0.14981E-02  0.99990E+00 
    7.00  0.39394E+02 -0.84895E-02  0.93105E-07 -0.56399E-04  0.99995E+00  0.83795E-05  0.24326E-06  0.99991E+00 -0.17931E-02  0.99986E+00 
    8.00  0.31429E+02 -0.10790E-01  0.29982E-06 -0.60602E-04  0.99993E+00  0.99674E-05  0.35976E-06  0.99987E+00 -0.19269E-02  0.99981E+00 
    9.00  0.24995E+02 -0.13379E-01  0.58437E-06 -0.70215E-04  0.99991E+00  0.33916E-05  0.53724E-06  0.99982E+00 -0.20127E-02  0.99974E+00 
   10.00  0.19631E+02 -0.16398E-01  0.87420E-06 -0.84998E-04  0.99988E+00 -0.12857E-04  0.82733E-06  0.99975E+00 -0.21942E-02  0.99963E+00 
   11.00  0.15465E+02 -0.19957E-01  0.11177E-05 -0.98090E-04  0.99984E+00 -0.34674E-04  0.11546E-05  0.99964E+00 -0.25299E-02  0.99949E+00 
   12.00  0.12523E+02 -0.24074E-01  0.13355E-05 -0.10051E-03  0.99980E+00 -0.49994E-04  0.12482E-05  0.99951E+00 -0.29333E-02  0.99932E+00 
   13.00  0.10477E+02 -0.28673E-01  0.16169E-05 -0.90707E-04  0.99976E+00 -0.45701E-04  0.82392E-06  0.99934E+00 -0.32590E-02  0.99912E+00 
   14.00  0.88751E+01 -0.33694E-01  0.20209E-05 -0.76452E-04  0.99973E+00 -0.19242E-04 -0.13460E-06  0.99914E+00 -0.34781E-02  0.99889E+00 
   15.00  0.74723E+01 -0.39107E-01  0.24902E-05 -0.65135E-04  0.99968E+00  0.19900E-04 -0.13641E-05  0.99889E+00 -0.36841E-02  0.99860E+00 
   16.00  0.63060E+01 -0.44758E-01  0.28377E-05 -0.56395E-04  0.99962E+00  0.54116E-04 -0.24524E-05  0.99859E+00 -0.39268E-02  0.99826E+00 
   17.00  0.55151E+01 -0.50274E-01  0.28279E-05 -0.43262E-04  0.99956E+00  0.62892E-04 -0.29945E-05  0.99828E+00 -0.40750E-02  0.99789E+00 
   18.00  0.51155E+01 -0.55394E-01  0.24055E-05 -0.21146E-04  0.99951E+00  0.38844E-04 -0.29172E-05  0.99798E+00 -0.39177E-02  0.99756E+00 
   19.00  0.49419E+01 -0.60378E-01  0.17979E-05  0.52810E-05  0.99949E+00 -0.24870E-05 -0.25641E-05  0.99768E+00 -0.34557E-02  0.99724E+00 
   20.00  0.47669E+01 -0.65739E-01  0.12769E-05  0.28315E-04  0.99948E+00 -0.40327E-04 -0.22529E-05  0.99731E+00 -0.29147E-02  0.99687E+00 
   21.00  0.44549E+01 -0.71783E-01  0.10020E-05  0.44501E-04  0.99945E+00 -0.63812E-04 -0.20145E-05  0.99685E+00 -0.25168E-02  0.99639E+00 
   22.00  0.40168E+01 -0.78537E-01  0.10695E-05  0.54543E-04  0.99940E+00 -0.69493E-04 -0.17322E-05  0.99627E+00 -0.23655E-02  0.99578E+00 
   23.00  0.35506E+01 -0.85827E-01  0.15111E-05  0.61201E-04  0.99931E+00 -0.57022E-04 -0.13446E-05  0.99559E+00 -0.24224E-02  0.99503E+00 
   24.00  0.31464E+01 -0.93410E-01  0.21584E-05  0.67759E-04  0.99922E+00 -0.30000E-04 -0.94499E-06  0.99481E+00 -0.25249E-02  0.99418E+00 
   25.00  0.28383E+01 -0.10116E+00  0.25612E-05  0.76387E-04  0.99913E+00  0.24601E-05 -0.68653E-06  0.99397E+00 -0.25041E-02  0.99327E+00 
   26.00  0.26162E+01 -0.10916E+00  0.21912E-05  0.86968E-04  0.99906E+00  0.28741E-04 -0.56252E-06  0.99304E+00 -0.23445E-02  0.99230E+00 
   27.00  0.24586E+01 -0.11760E+00  0.81635E-06  0.97401E-04  0.99901E+00  0.40384E-04 -0.35731E-06  0.99200E+00 -0.21897E-02  0.99123E+00 
   28.00  0.23481E+01 -0.12651E+00 -0.12868E-05  0.10494E-03  0.99896E+00  0.35564E-04  0.12817E-06  0.99084E+00 -0.21804E-02  0.99005E+00 
   29.00  0.22658E+01 -0.13576E+00 -0.34803E-05  0.10777E-03  0.99890E+00  0.18971E-04  0.82575E-06  0.98957E+00 -0.23110E-02  0.98875E+00 
   30.00  0.21841E+01 -0.14526E+00 -0.51956E-05  0.10625E-03  0.99884E+00 -0.16659E-05  0.14036E-05  0.98819E+00 -0.24478E-02  0.98733E+00 
   31.00  0.20759E+01 -0.15504E+00 -0.62749E-05  0.10285E-03  0.99875E+00 -0.20213E-04  0.14953E-05  0.98666E+00 -0.24583E-02  0.98574E+00 
   32.00  0.19315E+01 -0.16530E+00 -0.69714E-05  0.10109E-03  0.99864E+00 -0.34468E-04  0.91007E-06  0.98492E+00 -0.23031E-02  0.98393E+00 
   33.00  0.17654E+01 -0.17626E+00 -0.77197E-05  0.10356E-03  0.99852E+00 -0.45770E-04 -0.25304E-06  0.98292E+00 -0.20375E-02  0.98184E+00 
   34.00  0.16066E+01 -0.18797E+00 -0.88097E-05  0.10932E-03  0.99839E+00 -0.57526E-04 -0.15204E-05  0.98061E+00 -0.17610E-02  0.97946E+00 
   35.00  0.14777E+01 -0.20023E+00 -0.10033E-04  0.11181E-03  0.99827E+00 -0.73237E-04 -0.20751E-05  0.97805E+00 -0.15462E-02  0.97683E+00 
   36.00  0.13821E+01 -0.21266E+00 -0.10587E-04  0.10122E-03  0.99817E+00 -0.94500E-04 -0.10861E-05  0.97531E+00 -0.13877E-02  0.97404E+00 
   37.00  0.13059E+01 -0.22504E+00 -0.94693E-05  0.71151E-04  0.99806E+00 -0.12062E-03  0.18470E-05  0.97242E+00 -0.12247E-02  0.97109E+00 
   38.00  0.12316E+01 -0.23744E+00 -0.60366E-05  0.23015E-04  0.99793E+00 -0.15016E-03  0.65464E-05  0.96935E+00 -0.10110E-02  0.96794E+00 
   39.00  0.11501E+01 -0.25017E+00 -0.26609E-06 -0.34826E-04  0.99775E+00 -0.18240E-03  0.12358E-04  0.96599E+00 -0.75157E-03  0.96448E+00 
   40.00  0.10639E+01 -0.26351E+00  0.72087E-05 -0.90496E-04  0.99755E+00 -0.21715E-03  0.18240E-04  0.96227E+00 -0.48427E-03  0.96063E+00 
   41.00  0.98141E+00 -0.27752E+00  0.15197E-04 -0.13299E-03  0.99732E+00 -0.25325E-03  0.22933E-04  0.95813E+00 -0.24039E-03  0.95636E+00 
   42.00  0.90877E+00 -0.29199E+00  0.22294E-04 -0.15695E-03  0.99710E+00 -0.28702E-03  0.25412E-04  0.95360E+00 -0.18823E-04  0.95173E+00 
   43.00  0.84730E+00 -0.30662E+00  0.27357E-04 -0.16445E-03  0.99690E+00 -0.31181E-03  0.25374E-04  0.94876E+00  0.20469E-03  0.94680E+00 
   44.00  0.79519E+00 -0.32120E+00  0.29716E-04 -0.16116E-03  0.99670E+00 -0.31987E-03  0.23197E-04  0.94366E+00  0.44493E-03  0.94162E+00 
   45.00  0.75104E+00 -0.33583E+00  0.29096E-04 -0.15043E-03  0.99650E+00 -0.30625E-03  0.19378E-04  0.93827E+00  0.68997E-03  0.93616E+00 
   46.00  0.71513E+00 -0.35080E+00  0.25762E-04 -0.13162E-03  0.99632E+00 -0.27333E-03  0.14069E-04  0.93251E+00  0.91816E-03  0.93034E+00 
   47.00  0.68755E+00 -0.36644E+00  0.21007E-04 -0.10376E-03  0.99616E+00 -0.23287E-03  0.71451E-05  0.92626E+00  0.11263E-02  0.92405E+00 
   48.00  0.66589E+00 -0.38286E+00  0.17248E-04 -0.69979E-04  0.99604E+00 -0.20141E-03 -0.13395E-05  0.91943E+00  0.13311E-02  0.91720E+00 
   49.00  0.64493E+00 -0.39991E+00  0.17070E-04 -0.37525E-04  0.99594E+00 -0.19059E-03 -0.10869E-04  0.91199E+00  0.15357E-02  0.90976E+00 
   50.00  0.61930E+00 -0.41733E+00  0.21801E-04 -0.13480E-04  0.99580E+00 -0.20030E-03 -0.20580E-04  0.90395E+00  0.16992E-02  0.90172E+00 
   51.00  0.58699E+00 -0.43490E+00  0.30603E-04 -0.92817E-06  0.99560E+00 -0.21922E-03 -0.29514E-04  0.89534E+00  0.17452E-02  0.89307E+00 
   52.00  0.55095E+00 -0.45254E+00  0.40446E-04  0.19866E-05  0.99534E+00 -0.23058E-03 -0.36714E-04  0.88618E+00  0.16138E-02  0.88386E+00 
   53.00  0.51743E+00 -0.47030E+00  0.47136E-04  0.47716E-06  0.99503E+00 -0.22087E-03 -0.41283E-04  0.87650E+00  0.13342E-02  0.87409E+00 
   54.00  0.49225E+00 -0.48829E+00  0.47674E-04 -0.18558E-06  0.99476E+00 -0.18926E-03 -0.42632E-04  0.86629E+00  0.10611E-02  0.86381E+00 
   55.00  0.47735E+00 -0.50658E+00  0.42717E-04  0.18319E-05  0.99456E+00 -0.15047E-03 -0.40867E-04  0.85553E+00  0.99811E-03  0.85302E+00 
   56.00  0.46990E+00 -0.52516E+00  0.36363E-04  0.42955E-05  0.99445E+00 -0.12455E-03 -0.36829E-04  0.84418E+00  0.12425E-02  0.84166E+00 
   57.00  0.46419E+00 -0.54389E+00  0.32988E-04  0.39227E-05  0.99437E+00 -0.12216E-03 -0.31647E-04  0.83219E+00  0.17122E-02  0.82966E+00 
   58.00  0.45491E+00 -0.56266E+00  0.34560E-04 -0.36029E-06  0.99426E+00 -0.13945E-03 -0.26313E-04  0.81950E+00  0.22215E-02  0.81695E+00 
   59.00  0.43974E+00 -0.58142E+00  0.40508E-04 -0.66223E-05  0.99407E+00 -0.16328E-03 -0.21623E-04  0.80608E+00  0.26038E-02  0.80348E+00 
   60.00  0.41987E+00 -0.60020E+00  0.49161E-04 -0.11202E-04  0.99382E+00 -0.17915E-03 -0.18242E-04  0.79184E+00  0.27881E-02  0.78918E+00 
   61.00  0.39867E+00 -0.61909E+00  0.59290E-04 -0.10921E-04  0.99353E+00 -0.17781E-03 -0.16548E-04  0.77671E+00  0.28152E-02  0.77400E+00 
   62.00  0.37954E+00 -0.63820E+00  0.70849E-04 -0.52906E-05  0.99325E+00 -0.15934E-03 -0.16182E-04  0.76061E+00  0.27928E-02  0.75788E+00 
   63.00  0.36424E+00 -0.65750E+00  0.84459E-04  0.27476E-05  0.99302E+00 -0.13242E-03 -0.15752E-04  0.74351E+00  0.28066E-02  0.74078E+00 
   64.00  0.35257E+00 -0.67687E+00  0.10006E-03  0.86335E-05  0.99284E+00 -0.10846E-03 -0.13233E-04  0.72547E+00  0.28507E-02  0.72278E+00 
   65.00  0.34294E+00 -0.69610E+00  0.11604E-03  0.94093E-05  0.99269E+00 -0.94864E-04 -0.70823E-05  0.70659E+00  0.28421E-02  0.70395E+00 
   66.00  0.33351E+00 -0.71503E+00  0.12981E-03  0.57039E-05  0.99252E+00 -0.92636E-04  0.26981E-05  0.68698E+00  0.27028E-02  0.68439E+00 
   67.00  0.32308E+00 -0.73357E+00  0.13909E-03  0.12160E-05  0.99232E+00 -0.98452E-04  0.14210E-04  0.66666E+00  0.24345E-02  0.66409E+00 
   68.00  0.31132E+00 -0.75174E+00  0.14297E-03  0.45665E-06  0.99208E+00 -0.10773E-03  0.24221E-04  0.64556E+00  0.21313E-02  0.64301E+00 
   69.00  0.29865E+00 -0.76959E+00  0.14187E-03  0.61730E-05  0.99180E+00 -0.11624E-03  0.29463E-04  0.62359E+00  0.19311E-02  0.62103E+00 
   70.00  0.28579E+00 -0.78714E+00  0.13672E-03  0.17729E-04  0.99148E+00 -0.12021E-03  0.28201E-04  0.60064E+00  0.19389E-02  0.59807E+00 
   71.00  0.27334E+00 -0.80436E+00  0.12804E-03  0.31350E-04  0.99114E+00 -0.11653E-03  0.21241E-04  0.57670E+00  0.21674E-02  0.57411E+00 
   72.00  0.26164E+00 -0.82110E+00  0.11582E-03  0.42266E-04  0.99080E+00 -0.10373E-03  0.11606E-04  0.55185E+00  0.25298E-02  0.54926E+00 
   73.00  0.25073E+00 -0.83724E+00  0.10054E-03  0.47506E-04  0.99044E+00 -0.83500E-04  0.28611E-05  0.52624E+00  0.28863E-02  0.52365E+00 
   74.00  0.24049E+00 -0.85267E+00  0.84346E-04  0.47527E-04  0.99008E+00 -0.61001E-04 -0.28747E-05  0.49997E+00  0.31099E-02  0.49740E+00 
   75.00  0.23084E+00 -0.86734E+00  0.71027E-04  0.45602E-04  0.98972E+00 -0.42908E-04 -0.59088E-05  0.47310E+00  0.31312E-02  0.47056E+00 
   76.00  0.22179E+00 -0.88130E+00  0.64347E-04  0.45491E-04  0.98935E+00 -0.33595E-04 -0.83034E-05  0.44554E+00  0.29462E-02  0.44305E+00 
   77.00  0.21354E+00 -0.89457E+00  0.65295E-04  0.48943E-04  0.98900E+00 -0.31632E-04 -0.12065E-04  0.41721E+00  0.26028E-02  0.41479E+00 
   78.00  0.20635E+00 -0.90717E+00  0.70110E-04  0.54691E-04  0.98867E+00 -0.28965E-04 -0.17461E-04  0.38805E+00  0.21838E-02  0.38571E+00 
   79.00  0.20045E+00 -0.91907E+00  0.70758E-04  0.59615E-04  0.98841E+00 -0.13982E-04 -0.22698E-04  0.35810E+00  0.17963E-02  0.35587E+00 
   80.00  0.19588E+00 -0.93019E+00  0.58221E-04  0.61393E-04  0.98822E+00  0.22727E-04 -0.25333E-04  0.32749E+00  0.15584E-02  0.32539E+00 
   81.00  0.19250E+00 -0.94043E+00  0.26864E-04  0.60788E-04  0.98810E+00  0.83254E-04 -0.24476E-04  0.29635E+00  0.15726E-02  0.29441E+00 
   82.00  0.18997E+00 -0.94973E+00 -0.22816E-04  0.61899E-04  0.98804E+00  0.16105E-03 -0.22126E-04  0.26480E+00  0.18921E-02  0.26303E+00 
   83.00  0.18791E+00 -0.95802E+00 -0.84617E-04  0.70138E-04  0.98800E+00  0.24385E-03 -0.22584E-04  0.23282E+00  0.24969E-02  0.23122E+00 
   84.00  0.18600E+00 -0.96528E+00 -0.14946E-03  0.89255E-04  0.98797E+00  0.31843E-03 -0.30313E-04  0.20037E+00  0.32959E-02  0.19895E+00 
   85.00  0.18408E+00 -0.97147E+00 -0.20863E-03  0.11909E-03  0.98793E+00  0.37464E-03 -0.47533E-04  0.16740E+00  0.41564E-02  0.16615E+00 
   86.00  0.18212E+00 -0.97655E+00 -0.25580E-03  0.15510E-03  0.98786E+00  0.40713E-03 -0.72867E-04  0.13391E+00  0.49485E-02  0.13281E+00 
   87.00  0.18018E+00 -0.98050E+00 -0.28752E-03  0.18983E-03  0.98778E+00  0.41513E-03 -0.10167E-03  0.99985E-01  0.55874E-02  0.99036E-01 
   88.00  0.17830E+00 -0.98329E+00 -0.30257E-03  0.21559E-03  0.98770E+00  0.40116E-03 -0.12788E-03  0.65762E-01  0.60560E-02  0.64952E-01 
   89.00  0.17644E+00 -0.98488E+00 -0.30095E-03  0.22729E-03  0.98762E+00  0.36945E-03 -0.14642E-03  0.31392E-01  0.63972E-02  0.30720E-01 
   90.00  0.17449E+00 -0.98527E+00 -0.28323E-03  0.22397E-03  0.98755E+00  0.32474E-03 -0.15497E-03 -0.29935E-02  0.66834E-02 -0.35258E-02 
   91.00  0.17233E+00 -0.98445E+00 -0.25034E-03  0.20866E-03  0.98747E+00  0.27153E-03 -0.15443E-03 -0.37302E-01  0.69800E-02 -0.37691E-01 
   92.00  0.16989E+00 -0.98242E+00 -0.20384E-03  0.18698E-03  0.98737E+00  0.21378E-03 -0.14806E-03 -0.71476E-01  0.73206E-02 -0.71718E-01 
   93.00  0.16721E+00 -0.97918E+00 -0.14616E-03  0.16516E-03  0.98726E+00  0.15476E-03 -0.14020E-03 -0.10547E+00  0.77028E-02 -0.10557E+00 
   94.00  0.16442E+00 -0.97475E+00 -0.80664E-04  0.14846E-03  0.98712E+00  0.96889E-04 -0.13513E-03 -0.13925E+00  0.80993E-02 -0.13920E+00 
   95.00  0.16171E+00 -0.96918E+00 -0.11387E-04  0.14011E-03  0.98698E+00  0.41711E-04 -0.13639E-03 -0.17274E+00  0.84760E-02 -0.17256E+00 
   96.00  0.15928E+00 -0.96251E+00  0.57449E-04  0.14092E-03  0.98686E+00 -0.98854E-05 -0.14658E-03 -0.20591E+00  0.88074E-02 -0.20558E+00 
   97.00  0.15724E+00 -0.95479E+00  0.12192E-03  0.14939E-03  0.98676E+00 -0.57210E-04 -0.16703E-03 -0.23868E+00  0.90832E-02 -0.23822E+00 
   98.00  0.15561E+00 -0.94605E+00  0.17878E-03  0.16235E-03  0.98670E+00 -0.99275E-04 -0.19762E-03 -0.27100E+00  0.93055E-02 -0.27039E+00 
   99.00  0.15429E+00 -0.93632E+00  0.22569E-03  0.17590E-03  0.98667E+00 -0.13460E-03 -0.23635E-03 -0.30284E+00  0.94818E-02 -0.30208E+00 
  100.00  0.15313E+00 -0.92560E+00  0.26134E-03  0.18645E-03  0.98665E+00 -0.16152E-03 -0.27943E-03 -0.33415E+00  0.96179E-02 -0.33323E+00 
  101.00  0.15196E+00 -0.91390E+00  0.28558E-03  0.19153E-03  0.98661E+00 -0.17885E-03 -0.32169E-03 -0.36489E+00  0.97166E-02 -0.36379E+00 
  102.00  0.15063E+00 -0.90124E+00  0.29959E-03  0.19022E-03  0.98654E+00 -0.18653E-03 -0.35763E-03 -0.39500E+00  0.97798E-02 -0.39372E+00 
  103.00  0.14901E+00 -0.88765E+00  0.30582E-03  0.18314E-03  0.98642E+00 -0.18599E-03 -0.38265E-03 -0.42441E+00  0.98133E-02 -0.42293E+00 
  104.00  0.14708E+00 -0.87320E+00  0.30776E-03  0.17194E-03  0.98625E+00 -0.17988E-03 -0.39411E-03 -0.45304E+00  0.98302E-02 -0.45137E+00 
  105.00  0.14483E+00 -0.85796E+00  0.30930E-03  0.15867E-03  0.98604E+00 -0.17149E-03 -0.39183E-03 -0.48084E+00  0.98488E-02 -0.47896E+00 
  106.00  0.14236E+00 -0.84203E+00  0.31399E-03  0.14503E-03  0.98580E+00 -0.16382E-03 -0.37787E-03 -0.50775E+00  0.98876E-02 -0.50564E+00 
  107.00  0.13977E+00 -0.82549E+00  0.32426E-03  0.13191E-03  0.98555E+00 -0.15895E-03 -0.35572E-03 -0.53373E+00  0.99557E-02 -0.53140E+00 
  108.00  0.13721E+00 -0.80845E+00  0.34095E-03  0.11924E-03  0.98531E+00 -0.15752E-03 -0.32910E-03 -0.55878E+00  0.10045E-01 -0.55621E+00 
  109.00  0.13484E+00 -0.79099E+00  0.36328E-03  0.10620E-03  0.98511E+00 -0.15889E-03 -0.30093E-03 -0.58289E+00  0.10129E-01 -0.58007E+00 
  110.00  0.13278E+00 -0.77319E+00  0.38930E-03  0.91693E-04  0.98496E+00 -0.16146E-03 -0.27290E-03 -0.60607E+00  0.10163E-01 -0.60300E+00 
  111.00  0.13114E+00 -0.75513E+00  0.41662E-03  0.74997E-04  0.98486E+00 -0.16344E-03 -0.24547E-03 -0.62831E+00  0.10102E-01 -0.62500E+00 
  112.00  0.12997E+00 -0.73686E+00  0.44312E-03  0.56213E-04  0.98481E+00 -0.16343E-03 -0.21853E-03 -0.64963E+00  0.99099E-02 -0.64610E+00 
  113.00  0.12924E+00 -0.71844E+00  0.46747E-03  0.36417E-04  0.98482E+00 -0.16087E-03 -0.19202E-03 -0.67005E+00  0.95799E-02 -0.66630E+00 
  114.00  0.12888E+00 -0.69989E+00  0.48923E-03  0.17328E-04  0.98487E+00 -0.15607E-03 -0.16629E-03 -0.68957E+00  0.91323E-02 -0.68563E+00 
  115.00  0.12878E+00 -0.68123E+00  0.50853E-03  0.61981E-06  0.98494E+00 -0.14998E-03 -0.14200E-03 -0.70821E+00  0.86117E-02 -0.70409E+00 
  116.00  0.12881E+00 -0.66248E+00  0.52569E-03 -0.12830E-04  0.98503E+00 -0.14373E-03 -0.11958E-03 -0.72600E+00  0.80726E-02 -0.72172E+00 
  117.00  0.12886E+00 -0.64364E+00  0.54078E-03 -0.23436E-04  0.98512E+00 -0.13824E-03 -0.98698E-04 -0.74297E+00  0.75640E-02 -0.73852E+00 
  118.00  0.12884E+00 -0.62474E+00  0.55340E-03 -0.32911E-04  0.98520E+00 -0.13400E-03 -0.77964E-04 -0.75913E+00  0.71176E-02 -0.75451E+00 
  119.00  0.12872E+00 -0.60578E+00  0.56270E-03 -0.43800E-04  0.98527E+00 -0.13093E-03 -0.55017E-04 -0.77451E+00  0.67420E-02 -0.76972E+00 
  120.00  0.12851E+00 -0.58680E+00  0.56759E-03 -0.58703E-04  0.98533E+00 -0.12854E-03 -0.27097E-04 -0.78914E+00  0.64236E-02 -0.78416E+00 
  121.00  0.12829E+00 -0.56782E+00  0.56704E-03 -0.79485E-04  0.98538E+00 -0.12610E-03  0.81532E-05 -0.80304E+00  0.61332E-02 -0.79785E+00 
  122.00  0.12811E+00 -0.54889E+00  0.56038E-03 -0.10675E-03  0.98542E+00 -0.12288E-03  0.51879E-04 -0.81623E+00  0.58358E-02 -0.81081E+00 
  123.00  0.12808E+00 -0.53005E+00  0.54759E-03 -0.13972E-03  0.98547E+00 -0.11845E-03  0.10350E-03 -0.82872E+00  0.55005E-02 -0.82306E+00 
  124.00  0.12826E+00 -0.51138E+00  0.52926E-03 -0.17657E-03  0.98553E+00 -0.11279E-03  0.16068E-03 -0.84052E+00  0.51093E-02 -0.83463E+00 
  125.00  0.12868E+00 -0.49291E+00  0.50655E-03 -0.21503E-03  0.98560E+00 -0.10637E-03  0.21983E-03 -0.85165E+00  0.46606E-02 -0.84551E+00 
  126.00  0.12937E+00 -0.47469E+00  0.48081E-03 -0.25302E-03  0.98569E+00 -0.99949E-04  0.27690E-03 -0.86212E+00  0.41691E-02 -0.85575E+00 
  127.00  0.13029E+00 -0.45675E+00  0.45330E-03 -0.28900E-03  0.98579E+00 -0.94310E-04  0.32821E-03 -0.87194E+00  0.36605E-02 -0.86536E+00 
  128.00  0.13141E+00 -0.43913E+00  0.42487E-03 -0.32209E-03  0.98592E+00 -0.89909E-04  0.37100E-03 -0.88116E+00  0.31643E-02 -0.87438E+00 
  129.00  0.13266E+00 -0.42181E+00  0.39583E-03 -0.35185E-03  0.98605E+00 -0.86687E-04  0.40361E-03 -0.88978E+00  0.27069E-02 -0.88282E+00 
  130.00  0.13397E+00 -0.40482E+00  0.36598E-03 -0.37795E-03  0.98619E+00 -0.84061E-04  0.42529E-03 -0.89784E+00  0.23068E-02 -0.89072E+00 
  131.00  0.13530E+00 -0.38814E+00  0.33484E-03 -0.40001E-03  0.98634E+00 -0.81112E-04  0.43593E-03 -0.90538E+00  0.19720E-02 -0.89811E+00 
  132.00  0.13661E+00 -0.37179E+00  0.30193E-03 -0.41760E-03  0.98648E+00 -0.76888E-04  0.43584E-03 -0.91241E+00  0.17014E-02 -0.90501E+00 
  133.00  0.13787E+00 -0.35577E+00  0.26711E-03 -0.43038E-03  0.98663E+00 -0.70721E-04  0.42557E-03 -0.91897E+00  0.14869E-02 -0.91144E+00 
  134.00  0.13908E+00 -0.34009E+00  0.23077E-03 -0.43839E-03  0.98677E+00 -0.62448E-04  0.40601E-03 -0.92507E+00  0.13172E-02 -0.91742E+00 
  135.00  0.14025E+00 -0.32476E+00  0.19384E-03 -0.44208E-03  0.98691E+00 -0.52480E-04  0.37837E-03 -0.93073E+00  0.11811E-02 -0.92297E+00 
  136.00  0.14139E+00 -0.30981E+00  0.15773E-03 -0.44237E-03  0.98704E+00 -0.41696E-04  0.34416E-03 -0.93599E+00  0.10699E-02 -0.92811E+00 
  137.00  0.14253E+00 -0.29525E+00  0.12400E-03 -0.44039E-03  0.98717E+00 -0.31208E-04  0.30516E-03 -0.94085E+00  0.97827E-03 -0.93287E+00 
  138.00  0.14368E+00 -0.28107E+00  0.94075E-04 -0.43732E-03  0.98730E+00 -0.22066E-04  0.26322E-03 -0.94534E+00  0.90412E-03 -0.93725E+00 
  139.00  0.14484E+00 -0.26729E+00  0.68906E-04 -0.43417E-03  0.98742E+00 -0.14992E-04  0.22012E-03 -0.94947E+00  0.84729E-03 -0.94128E+00 
  140.00  0.14603E+00 -0.25390E+00  0.48753E-04 -0.43166E-03  0.98754E+00 -0.10217E-04  0.17746E-03 -0.95328E+00  0.80784E-03 -0.94498E+00 
  141.00  0.14723E+00 -0.24089E+00  0.33133E-04 -0.43015E-03  0.98765E+00 -0.74720E-05  0.13648E-03 -0.95679E+00  0.78446E-03 -0.94839E+00 
  142.00  0.14844E+00 -0.22824E+00  0.20920E-04 -0.42959E-03  0.98776E+00 -0.60996E-05  0.98033E-04 -0.96001E+00  0.77353E-03 -0.95150E+00 
  143.00  0.14963E+00 -0.21595E+00  0.10580E-04 -0.42951E-03  0.98787E+00 -0.52678E-05  0.62441E-04 -0.96297E+00  0.76888E-03 -0.95436E+00 
  144.00  0.15079E+00 -0.20401E+00  0.47251E-06 -0.42906E-03  0.98796E+00 -0.42009E-05  0.29543E-04 -0.96568E+00  0.76245E-03 -0.95697E+00 
  145.00  0.15190E+00 -0.19240E+00 -0.10870E-04 -0.42713E-03  0.98804E+00 -0.23762E-05 -0.12053E-05 -0.96816E+00  0.74533E-03 -0.95934E+00 
  146.00  0.15294E+00 -0.18113E+00 -0.24544E-04 -0.42262E-03  0.98811E+00  0.36341E-06 -0.30477E-04 -0.97042E+00  0.70912E-03 -0.96149E+00 
  147.00  0.15391E+00 -0.17020E+00 -0.41205E-04 -0.41484E-03  0.98816E+00  0.38050E-05 -0.58767E-04 -0.97248E+00  0.64724E-03 -0.96343E+00 
  148.00  0.15478E+00 -0.15962E+00 -0.61096E-04 -0.40371E-03  0.98820E+00  0.74685E-05 -0.86140E-04 -0.97433E+00  0.55601E-03 -0.96516E+00 
  149.00  0.15558E+00 -0.14938E+00 -0.84164E-04 -0.38988E-03  0.98823E+00  0.10786E-04 -0.11217E-03 -0.97601E+00  0.43533E-03 -0.96671E+00 
  150.00  0.15628E+00 -0.13949E+00 -0.11018E-03 -0.37453E-03  0.98825E+00  0.13299E-04 -0.13605E-03 -0.97751E+00  0.28878E-03 -0.96808E+00 
  151.00  0.15690E+00 -0.12996E+00 -0.13880E-03 -0.35904E-03  0.98825E+00  0.14814E-04 -0.15690E-03 -0.97886E+00  0.12318E-03 -0.96929E+00 
  152.00  0.15745E+00 -0.12078E+00 -0.16962E-03 -0.34463E-03  0.98824E+00  0.15451E-04 -0.17393E-03 -0.98005E+00 -0.52514E-04 -0.97034E+00 
  153.00  0.15792E+00 -0.11196E+00 -0.20198E-03 -0.33220E-03  0.98823E+00  0.15591E-04 -0.18664E-03 -0.98111E+00 -0.22856E-03 -0.97124E+00 
  154.00  0.15835E+00 -0.10350E+00 -0.23492E-03 -0.32221E-03  0.98820E+00  0.15736E-04 -0.19473E-03 -0.98203E+00 -0.39588E-03 -0.97202E+00 
  155.00  0.15872E+00 -0.95389E-01 -0.26696E-03 -0.31487E-03  0.98817E+00  0.16339E-04 -0.19804E-03 -0.98285E+00 -0.54713E-03 -0.97268E+00 
  156.00  0.15906E+00 -0.87620E-01 -0.29610E-03 -0.31014E-03  0.98813E+00  0.17657E-04 -0.19649E-03 -0.98355E+00 -0.67741E-03 -0.97323E+00 
  157.00  0.15936E+00 -0.80188E-01 -0.31997E-03 -0.30793E-03  0.98809E+00  0.19670E-04 -0.19004E-03 -0.98417E+00 -0.78438E-03 -0.97369E+00 
  158.00  0.15965E+00 -0.73087E-01 -0.33611E-03 -0.30808E-03  0.98804E+00  0.22081E-04 -0.17878E-03 -0.98469E+00 -0.86790E-03 -0.97406E+00 
  159.00  0.15992E+00 -0.66314E-01 -0.34240E-03 -0.31050E-03  0.98799E+00  0.24391E-04 -0.16291E-03 -0.98515E+00 -0.92942E-03 -0.97436E+00 
  160.00  0.16017E+00 -0.59869E-01 -0.33743E-03 -0.31514E-03  0.98793E+00  0.26026E-04 -0.14278E-03 -0.98553E+00 -0.97118E-03 -0.97458E+00 
  161.00  0.16043E+00 -0.53753E-01 -0.32077E-03 -0.32200E-03  0.98787E+00  0.26488E-04 -0.11888E-03 -0.98585E+00 -0.99561E-03 -0.97475E+00 
  162.00  0.16068E+00 -0.47970E-01 -0.29313E-03 -0.33105E-03  0.98780E+00  0.25484E-04 -0.91901E-04 -0.98611E+00 -0.10049E-02 -0.97485E+00 
  163.00  0.16094E+00 -0.42524E-01 -0.25630E-03 -0.34204E-03  0.98773E+00  0.23008E-04 -0.62793E-04 -0.98632E+00 -0.10010E-02 -0.97490E+00 
  164.00  0.16121E+00 -0.37419E-01 -0.21294E-03 -0.35438E-03  0.98765E+00  0.19356E-04 -0.32900E-04 -0.98649E+00 -0.98525E-03 -0.97490E+00 
  165.00  0.16148E+00 -0.32655E-01 -0.16631E-03 -0.36706E-03  0.98756E+00  0.15061E-04 -0.39304E-05 -0.98661E+00 -0.95852E-03 -0.97485E+00 
  166.00  0.16176E+00 -0.28233E-01 -0.11981E-03 -0.37885E-03  0.98747E+00  0.10762E-04  0.22224E-04 -0.98669E+00 -0.92113E-03 -0.97476E+00 
  167.00  0.16204E+00 -0.24153E-01 -0.76549E-04 -0.38857E-03  0.98736E+00  0.70465E-05  0.43820E-04 -0.98674E+00 -0.87285E-03 -0.97463E+00 
  168.00  0.16233E+00 -0.20412E-01 -0.39004E-04 -0.39540E-03  0.98725E+00  0.42926E-05  0.59634E-04 -0.98675E+00 -0.81333E-03 -0.97446E+00 
  169.00  0.16262E+00 -0.17008E-01 -0.87504E-05 -0.39908E-03  0.98713E+00  0.25906E-05  0.69212E-04 -0.98674E+00 -0.74264E-03 -0.97425E+00 
  170.00  0.16290E+00 -0.13934E-01  0.13558E-04 -0.39985E-03  0.98700E+00  0.17593E-05  0.72892E-04 -0.98669E+00 -0.66185E-03 -0.97402E+00 
  171.00  0.16317E+00 -0.11180E-01  0.28069E-04 -0.39824E-03  0.98686E+00  0.14585E-05  0.71589E-04 -0.98662E+00 -0.57334E-03 -0.97376E+00 
  172.00  0.16344E+00 -0.87373E-02  0.35523E-04 -0.39472E-03  0.98672E+00  0.13428E-05  0.66460E-04 -0.98654E+00 -0.48059E-03 -0.97348E+00 
  173.00  0.16368E+00 -0.65996E-02  0.37043E-04 -0.38957E-03  0.98657E+00  0.11845E-05  0.58601E-04 -0.98644E+00 -0.38762E-03 -0.97318E+00 
  174.00  0.16391E+00 -0.47655E-02  0.33987E-04 -0.38284E-03  0.98642E+00  0.91642E-06  0.48905E-04 -0.98633E+00 -0.29832E-03 -0.97288E+00 
  175.00  0.16412E+00 -0.32383E-02  0.27845E-04 -0.37461E-03  0.98627E+00  0.59202E-06  0.38121E-04 -0.98621E+00 -0.21604E-03 -0.97257E+00 
  176.00  0.16431E+00 -0.20203E-02  0.20155E-04 -0.36527E-03  0.98611E+00  0.30377E-06  0.27021E-04 -0.98608E+00 -0.14357E-03 -0.97226E+00 
  177.00  0.16447E+00 -0.11062E-02  0.12394E-04 -0.35571E-03  0.98597E+00  0.11332E-06  0.16552E-04 -0.98596E+00 -0.83431E-04 -0.97196E+00 
  178.00  0.16459E+00 -0.47972E-03  0.58505E-05 -0.34729E-03  0.98585E+00  0.25018E-07  0.78464E-05 -0.98584E+00 -0.38041E-04 -0.97171E+00 
  179.00  0.16467E+00 -0.11786E-03  0.15145E-05 -0.34146E-03  0.98577E+00  0.16670E-08  0.20420E-05 -0.98577E+00 -0.96683E-05 -0.97154E+00 
  180.00  0.16470E+00 -0.29027E-14  0.37964E-16 -0.33937E-03  0.98574E+00  0.10455E-29  0.51306E-16 -0.98574E+00 -0.24099E-15 -0.97148E+00 
 scattering matrix expansion coefficients
    w  a11         a22         a33         a23         a32         a44         a12         a34         a13         a24         a14
    0  0.1000E+01  0.0000E+00  0.0000E+00  0.0000E+00  0.0000E+00  0.8360E+00  0.0000E+00  0.0000E+00  0.0000E+00  0.0000E+00 -0.2474E-04
    1  0.2357E+01  0.0000E+00  0.0000E+00  0.0000E+00  0.0000E+00  0.2514E+01  0.0000E+00  0.0000E+00  0.0000E+00  0.0000E+00 -0.2953E-04
    2  0.3413E+01  0.2006E+00  0.4128E+01 -0.1941E-07 -0.1162E-03  0.3416E+01 -0.3310E+00  0.1303E-02  0.4204E-04 -0.1973E-04 -0.1404E-03
    3  0.4075E+01  0.5781E-01  0.4477E+01 -0.3814E-07 -0.4051E-04  0.4081E+01 -0.2058E+00 -0.1299E-02 -0.2664E-04 -0.2137E-05 -0.1226E-03
    4  0.4593E+01  0.3045E-01  0.4869E+01  0.2201E-07  0.3597E-04  0.4581E+01 -0.1423E+00 -0.2532E-02  0.2968E-04  0.3487E-04 -0.1567E-03
    5  0.4973E+01  0.7890E-02  0.5196E+01 -0.1206E-06  0.9160E-04  0.4976E+01 -0.1180E+00 -0.3047E-02  0.2528E-04 -0.2735E-04 -0.2644E-03
    6  0.5266E+01  0.3703E-02  0.5449E+01  0.1063E-06 -0.4327E-05  0.5276E+01 -0.1056E+00 -0.5255E-02 -0.8042E-04 -0.1383E-04 -0.3028E-03
    7  0.5506E+01  0.1195E-01  0.5647E+01 -0.1055E-06 -0.7460E-04  0.5493E+01 -0.8421E-01 -0.6633E-02  0.1919E-04  0.5478E-04 -0.3378E-03
    8  0.5672E+01  0.1191E-03  0.5799E+01  0.7024E-07 -0.5661E-04  0.5674E+01 -0.7874E-01 -0.6776E-02  0.2629E-04 -0.3942E-04 -0.3680E-03
    9  0.5801E+01 -0.2258E-02  0.5913E+01 -0.8815E-08 -0.6467E-04  0.5813E+01 -0.7757E-01 -0.6917E-02  0.1803E-04 -0.5766E-05 -0.3271E-03
   10  0.5914E+01  0.5583E-02  0.6004E+01  0.5094E-08 -0.9219E-04  0.5911E+01 -0.5518E-01 -0.7572E-02 -0.2651E-04  0.4860E-06 -0.2775E-03
   11  0.5979E+01  0.5011E-02  0.6060E+01  0.7735E-07 -0.6308E-04  0.5972E+01 -0.3396E-01 -0.7861E-02  0.4473E-06 -0.2277E-04 -0.1810E-03
   12  0.5975E+01  0.9682E-03  0.6057E+01 -0.3209E-07  0.2783E-04  0.5972E+01 -0.3403E-01 -0.8165E-02  0.2872E-04  0.1750E-04 -0.8974E-04
   13  0.5906E+01 -0.1931E-02  0.5987E+01 -0.1510E-06  0.5210E-04  0.5910E+01 -0.4495E-01 -0.8079E-02  0.2874E-04  0.5053E-05 -0.3757E-04
   14  0.5795E+01 -0.2903E-03  0.5870E+01 -0.6347E-07  0.5780E-05  0.5797E+01 -0.4916E-01 -0.8354E-02 -0.1380E-04  0.1697E-04 -0.8651E-05
   15  0.5657E+01  0.8346E-03  0.5724E+01  0.6335E-07 -0.2391E-04  0.5657E+01 -0.4547E-01 -0.8739E-02 -0.1998E-04 -0.1208E-05 -0.8599E-05
   16  0.5496E+01  0.1201E-02  0.5557E+01  0.1218E-06 -0.1997E-04  0.5494E+01 -0.4093E-01 -0.8808E-02  0.2125E-04 -0.8830E-05 -0.1791E-04
   17  0.5315E+01  0.6719E-03  0.5371E+01  0.6201E-07 -0.4542E-04  0.5314E+01 -0.3958E-01 -0.8573E-02 -0.1044E-04 -0.3507E-05 -0.2217E-04
   18  0.5120E+01 -0.4398E-03  0.5172E+01 -0.2227E-07 -0.8225E-04  0.5121E+01 -0.4016E-01 -0.8103E-02 -0.1079E-04  0.5136E-05 -0.1854E-05
   19  0.4921E+01 -0.7025E-03  0.4969E+01 -0.5081E-07 -0.7654E-04  0.4923E+01 -0.3690E-01 -0.7712E-02 -0.4627E-05 -0.8821E-05  0.3044E-04
   20  0.4720E+01  0.1393E-02  0.4762E+01 -0.4616E-07 -0.2645E-04  0.4719E+01 -0.2805E-01 -0.7258E-02  0.2720E-04  0.1884E-04  0.9012E-04
   21  0.4510E+01  0.2428E-02  0.4548E+01 -0.4654E-07  0.4247E-05  0.4505E+01 -0.2342E-01 -0.6683E-02  0.1111E-05  0.1752E-04  0.1149E-03
   22  0.4284E+01 -0.1209E-02  0.4322E+01  0.1879E-07  0.5642E-05  0.4286E+01 -0.2772E-01 -0.6367E-02 -0.1103E-04 -0.2235E-05  0.1044E-03
   23  0.4056E+01 -0.1417E-02  0.4091E+01  0.8031E-07  0.1028E-04  0.4059E+01 -0.2977E-01 -0.6284E-02  0.2720E-05  0.4629E-05  0.9245E-04
   24  0.3834E+01  0.1957E-02  0.3863E+01 -0.2401E-07  0.1945E-04  0.3830E+01 -0.2626E-01 -0.6181E-02  0.1268E-04  0.9309E-05  0.7123E-04
   25  0.3612E+01  0.3045E-03  0.3640E+01 -0.4895E-07  0.1686E-04  0.3611E+01 -0.2728E-01 -0.5902E-02  0.2648E-05 -0.5527E-05  0.4165E-04
   26  0.3399E+01 -0.1295E-02  0.3426E+01  0.1040E-07 -0.9264E-06  0.3402E+01 -0.3126E-01 -0.5599E-02 -0.1391E-04 -0.1257E-04  0.2269E-04
   27  0.3210E+01  0.4703E-03  0.3231E+01  0.4729E-07 -0.2101E-04  0.3209E+01 -0.3103E-01 -0.5555E-02 -0.1392E-04 -0.1300E-05  0.2854E-04
   28  0.3043E+01  0.1097E-03  0.3061E+01  0.2492E-07 -0.3561E-04  0.3043E+01 -0.2879E-01 -0.5920E-02 -0.2162E-05  0.8223E-05  0.5455E-04
   29  0.2900E+01 -0.6058E-03  0.2916E+01  0.2543E-08 -0.5541E-04  0.2902E+01 -0.2535E-01 -0.6186E-02  0.7230E-05  0.2721E-05  0.7017E-04
   30  0.2779E+01  0.7068E-03  0.2792E+01  0.2218E-07 -0.9271E-04  0.2778E+01 -0.1965E-01 -0.5925E-02  0.5058E-05 -0.4776E-05  0.7202E-04
   31  0.2670E+01  0.8958E-03  0.2681E+01  0.2959E-07 -0.1363E-03  0.2668E+01 -0.1610E-01 -0.5538E-02  0.8740E-06 -0.1904E-05  0.7295E-04
   32  0.2568E+01 -0.2636E-03  0.2579E+01  0.2144E-07 -0.1739E-03  0.2568E+01 -0.1671E-01 -0.5289E-02 -0.4429E-05  0.6350E-06  0.7351E-04
   33  0.2475E+01 -0.6932E-03  0.2485E+01 -0.4265E-08 -0.1959E-03  0.2476E+01 -0.1694E-01 -0.5075E-02 -0.1167E-05 -0.2437E-05  0.6496E-04
   34  0.2390E+01 -0.3042E-03  0.2400E+01 -0.2313E-07 -0.2164E-03  0.2391E+01 -0.1298E-01 -0.4831E-02 -0.4694E-06 -0.4662E-05  0.5287E-04
   35  0.2308E+01  0.2610E-03  0.2317E+01 -0.1463E-07 -0.2294E-03  0.2308E+01 -0.5940E-02 -0.4536E-02 -0.4665E-05 -0.1855E-05  0.5586E-04
   36  0.2216E+01  0.7227E-03  0.2224E+01 -0.1091E-08 -0.2063E-03  0.2215E+01  0.3270E-03 -0.4265E-02 -0.1683E-05 -0.3654E-05  0.6497E-04
   37  0.2103E+01  0.8474E-03  0.2112E+01  0.3958E-08 -0.1504E-03  0.2101E+01  0.1984E-02 -0.4071E-02  0.4933E-05 -0.6257E-05  0.7017E-04
   38  0.1965E+01  0.5244E-03  0.1975E+01  0.1368E-07 -0.8866E-04  0.1964E+01 -0.2673E-02 -0.3816E-02  0.7412E-05 -0.2750E-05  0.7776E-04
   39  0.1812E+01 -0.3280E-03  0.1823E+01  0.6723E-08 -0.4503E-04  0.1813E+01 -0.1172E-01 -0.3426E-02  0.3021E-05  0.8863E-06  0.8663E-04
   40  0.1661E+01 -0.1146E-02  0.1671E+01  0.4227E-08 -0.1944E-04  0.1663E+01 -0.1952E-01 -0.3071E-02 -0.2431E-05  0.3014E-05  0.9044E-04
   41  0.1528E+01 -0.9261E-03  0.1536E+01  0.8525E-08  0.2252E-05  0.1530E+01 -0.2068E-01 -0.2872E-02 -0.4539E-05  0.2345E-05  0.8531E-04
   42  0.1418E+01  0.2003E-03  0.1424E+01  0.6497E-08  0.3124E-04  0.1418E+01 -0.1558E-01 -0.2716E-02 -0.3201E-05 -0.3450E-06  0.7638E-04
   43  0.1326E+01  0.8611E-03  0.1330E+01  0.1454E-08  0.6408E-04  0.1324E+01 -0.9979E-02 -0.2452E-02 -0.1478E-05 -0.1324E-05  0.6997E-04
   44  0.1244E+01  0.4321E-03  0.1248E+01 -0.1413E-08  0.8943E-04  0.1243E+01 -0.8265E-02 -0.2057E-02 -0.1267E-05  0.1355E-05  0.6969E-04
   45  0.1170E+01 -0.3027E-03  0.1174E+01  0.8002E-09  0.9872E-04  0.1171E+01 -0.9260E-02 -0.1613E-02 -0.1002E-05  0.1879E-05  0.7076E-04
   46  0.1107E+01 -0.4830E-03  0.1111E+01  0.3463E-08  0.9226E-04  0.1108E+01 -0.9122E-02 -0.1238E-02  0.4044E-06 -0.8073E-06  0.7187E-04
   47  0.1053E+01 -0.1191E-03  0.1056E+01  0.1027E-08  0.7538E-04  0.1054E+01 -0.6155E-02 -0.1028E-02  0.8139E-06 -0.2070E-05  0.7765E-04
   48  0.1005E+01  0.3357E-03  0.1008E+01  0.9219E-09  0.5606E-04  0.1005E+01 -0.1814E-02 -0.9806E-03 -0.6035E-06  0.2462E-06  0.9036E-04
   49  0.9572E+00  0.5378E-03  0.9596E+00  0.3930E-08  0.4267E-04  0.9563E+00  0.1322E-02 -0.9771E-03 -0.1163E-05  0.2388E-05  0.1045E-03
   50  0.9035E+00  0.3991E-03  0.9061E+00  0.3951E-08  0.3871E-04  0.9027E+00  0.1703E-02 -0.8964E-03  0.9845E-06  0.2304E-05  0.1127E-03
   51  0.8436E+00  0.3897E-04  0.8466E+00  0.3114E-08  0.3859E-04  0.8434E+00 -0.2974E-03 -0.7274E-03  0.3248E-05  0.6132E-06  0.1110E-03
   52  0.7805E+00 -0.2705E-03  0.7837E+00  0.4370E-08  0.3374E-04  0.7810E+00 -0.2802E-02 -0.5501E-03  0.2742E-05 -0.3134E-06  0.1023E-03
   53  0.7180E+00 -0.3215E-03  0.7211E+00  0.3553E-08  0.2172E-04  0.7187E+00 -0.3909E-02 -0.4158E-03  0.1835E-06 -0.3716E-06  0.9144E-04
   54  0.6578E+00 -0.1339E-03  0.6606E+00 -0.1783E-09  0.7249E-05  0.6581E+00 -0.3054E-02 -0.2882E-03 -0.1545E-05 -0.3454E-06  0.8183E-04
   55  0.5984E+00  0.9242E-04  0.6009E+00 -0.2647E-08 -0.3713E-05  0.5983E+00 -0.1203E-02 -0.9941E-04 -0.1093E-05 -0.4772E-06  0.7462E-04
   56  0.5368E+00  0.1907E-03  0.5392E+00 -0.1963E-08 -0.9291E-05  0.5364E+00  0.1703E-03  0.1624E-03  0.4397E-06 -0.8016E-06  0.6893E-04
   57  0.4708E+00  0.1392E-03  0.4733E+00 -0.9876E-10 -0.1121E-04  0.4705E+00  0.1869E-03  0.4393E-03  0.1529E-05 -0.1018E-05  0.6330E-04
   58  0.4010E+00  0.2275E-04  0.4036E+00  0.8421E-09 -0.1182E-04  0.4008E+00 -0.1050E-02  0.6546E-03  0.1600E-05 -0.1167E-05  0.5627E-04
   59  0.3300E+00 -0.7380E-04  0.3325E+00  0.4648E-09 -0.1210E-04  0.3300E+00 -0.2843E-02  0.7647E-03  0.1137E-05 -0.1268E-05  0.4750E-04
   60  0.2617E+00 -0.1149E-03  0.2641E+00 -0.3839E-09 -0.1199E-04  0.2618E+00 -0.4460E-02  0.7708E-03  0.6927E-06 -0.1318E-05  0.3765E-04
   61  0.1997E+00 -0.1096E-03  0.2018E+00 -0.8670E-09 -0.1117E-04  0.1998E+00 -0.5471E-02  0.7019E-03  0.5338E-06 -0.1277E-05  0.2785E-04
   62  0.1465E+00 -0.8037E-04  0.1482E+00 -0.7560E-09 -0.9672E-05  0.1467E+00 -0.5770E-02  0.5928E-03  0.5509E-06 -0.1096E-05  0.1926E-04
   63  0.1033E+00 -0.4581E-04  0.1046E+00 -0.4310E-09 -0.7846E-05  0.1034E+00 -0.5469E-02  0.4715E-03  0.6089E-06 -0.8381E-06  0.1255E-04
   64  0.6998E-01 -0.1523E-04  0.7093E-01 -0.1427E-09 -0.6016E-05  0.7002E-01 -0.4766E-02  0.3556E-03  0.6157E-06 -0.5750E-06  0.7802E-05
   65  0.4547E-01  0.7522E-05  0.4612E-01 -0.1142E-10 -0.4352E-05  0.4548E-01 -0.3868E-02  0.2548E-03  0.5533E-06 -0.3727E-06  0.4665E-05
   66  0.2833E-01  0.2163E-04  0.2875E-01  0.3783E-10 -0.2957E-05  0.2831E-01 -0.2941E-02  0.1734E-03  0.4471E-06 -0.2389E-06  0.2708E-05
   67  0.1690E-01  0.2767E-04  0.1716E-01  0.5395E-10 -0.1876E-05  0.1687E-01 -0.2102E-02  0.1120E-03  0.3297E-06 -0.1557E-06  0.1536E-05
   68  0.9655E-02  0.2749E-04  0.9802E-02  0.6169E-10 -0.1115E-05  0.9617E-02 -0.1415E-02  0.6867E-04  0.2246E-06 -0.1041E-06  0.8491E-06
   69  0.5277E-02  0.2347E-04  0.5356E-02  0.6365E-10 -0.6234E-06  0.5242E-02 -0.8988E-03  0.3993E-04  0.1436E-06 -0.6780E-07  0.4580E-06
   70  0.2759E-02  0.1793E-04  0.2798E-02  0.5775E-10 -0.3294E-06  0.2731E-02 -0.5390E-03  0.2201E-04  0.8616E-07 -0.4195E-07  0.2395E-06
   71  0.1380E-02  0.1247E-04  0.1397E-02  0.4561E-10 -0.1642E-06  0.1360E-02 -0.3055E-03  0.1149E-04  0.4867E-07 -0.2453E-07  0.1207E-06
   72  0.6597E-03  0.7995E-05  0.6667E-03  0.3138E-10 -0.7698E-07  0.6465E-03 -0.1638E-03  0.5670E-05  0.2531E-07 -0.1337E-07  0.5930E-07
   73  0.3016E-03  0.4746E-05  0.3040E-03  0.1915E-10 -0.3394E-07  0.2936E-03 -0.8319E-04  0.2649E-05  0.1247E-07 -0.6864E-08  0.2844E-07
   74  0.1318E-03  0.2622E-05  0.1325E-03  0.1030E-10 -0.1406E-07  0.1273E-03 -0.4001E-04  0.1171E-05  0.5669E-08 -0.3283E-08  0.1273E-07
   75  0.5507E-04  0.1351E-05  0.5515E-04  0.4870E-11 -0.5611E-08  0.5273E-04 -0.1824E-04  0.4917E-06  0.2492E-08 -0.1361E-08  0.5106E-08
   76  0.2200E-04  0.6522E-06  0.2194E-04  0.2013E-11 -0.2186E-08  0.2086E-04 -0.7888E-05  0.1963E-06  0.1051E-08 -0.4495E-09  0.1486E-08
   77  0.8406E-05  0.2954E-06  0.8344E-05  0.7096E-12 -0.8548E-09  0.7884E-05 -0.3239E-05  0.7490E-07  0.4415E-09 -0.6308E-10  0.6676E-10
   78  0.3072E-05  0.1259E-06  0.3034E-05  0.1929E-12 -0.3322E-09  0.2848E-05 -0.1263E-05  0.2737E-07  0.1760E-09  0.5373E-10 -0.3186E-09
   79  0.1071E-05  0.5056E-07  0.1052E-05  0.2864E-13 -0.1282E-09  0.9802E-06 -0.4680E-06  0.9578E-08  0.7004E-10  0.6261E-10 -0.2984E-09
   80  0.3589E-06  0.1917E-07  0.3505E-06 -0.8666E-14 -0.4719E-10  0.3242E-06 -0.1652E-06  0.3255E-08  0.2513E-10  0.4182E-10 -0.1829E-09
   81  0.1125E-06  0.6801E-08  0.1092E-06 -0.1101E-13 -0.1611E-10  0.1001E-06 -0.5470E-07  0.1027E-08  0.8692E-11  0.2181E-10 -0.9166E-10
   82  0.3504E-07  0.2322E-08  0.3383E-07 -0.8297E-14 -0.5330E-11  0.3080E-07 -0.1768E-07  0.3334E-09  0.2718E-11  0.9649E-11 -0.3815E-10
   83  0.9423E-08  0.7036E-09  0.9020E-08 -0.3754E-14 -0.1457E-11  0.8131E-08 -0.5024E-08  0.8813E-10  0.7677E-12  0.3660E-11 -0.1412E-10
   84  0.2855E-08  0.2249E-09  0.2724E-08 -0.1454E-14 -0.4397E-12  0.2440E-08 -0.1551E-08  0.2943E-10  0.2084E-12  0.1238E-11 -0.4494E-11
   85  0.5880E-09  0.5264E-10  0.5546E-09 -0.4972E-15 -0.8872E-13  0.4906E-09 -0.3396E-09  0.5573E-11  0.4644E-13  0.3588E-12 -0.1275E-11
   86  0.1973E-09  0.1791E-10  0.1865E-09 -0.1556E-15 -0.2867E-13  0.1642E-09 -0.1137E-09  0.2281E-11  0.1220E-13  0.9555E-13 -0.3191E-12
   87  0.2387E-10  0.2497E-11  0.2216E-10 -0.3559E-16 -0.3253E-14  0.1921E-10 -0.1477E-10  0.2252E-12  0.1779E-14  0.2017E-13 -0.6579E-13
   88  0.1186E-10  0.1188E-11  0.1103E-10 -0.1011E-16 -0.1828E-14  0.9621E-11 -0.7117E-11  0.1520E-12  0.6784E-15  0.4472E-14 -0.1332E-13
   89  0.4379E-12  0.5136E-13  0.3936E-12 -0.2571E-17 -0.4630E-16  0.3455E-12 -0.2829E-12  0.4145E-14  0.3994E-16  0.5102E-15 -0.1579E-14
   90  0.8712E-12  0.1035E-12  0.8142E-12 -0.4287E-18 -0.1497E-15  0.6869E-12 -0.5578E-12  0.1183E-13  0.5958E-16  0.1267E-15 -0.3424E-15
