 input file is 
mstm19_256_0235.inp           
 input file comments follow:
***********************************************************
  This is the default mstm input file for v.3.0.
  The run is for a 7-sphere cluster of identical spheres.   The positions
  are embedded in the input file.

  The run makes use of the new_run and multiple_run options.

  14 April 2013
***********************************************************
 number of processors:
   1
 input parameters for run number 
    1
 number of spheres, volume size parameter:
  256  0.14922E+01
 position file:
position/n256/a19.out                                       
 output file:
output/256/x0235/mt_19_256_0235.dat                         
 length, ref. indx. scale factors:
   0.235   1.660   0.002
 chiral factors:
  0.00000E+00  0.00000E+00
 scattering matrix directions based on incident frame
 automatic scattering angle calculation
 thetamin, thetamax:
      0.0    180.0
 number scattering angles:
      181
 epsmie, epssoln, max number iterations:
  0.1000E-05  0.1000E-07 5000
 medium refractive index:
  1.0000  0.0000
 target euler rotation angles:
    0.0000    0.0000    0.0000
 far field kr, iterations/correction:
  0.1000E-07   20
 plane wave incidence
 random orientation calculations
 t matrix calculated, stored in file 
tmatrixfiles/tmf_19_256_0235_166_000219                     
 t matrix convergence epsilon:
  0.1000E-06
 all spheres excited (total T matrix) 
 calculation results for run 
    1
 total ext, abs, scat efficiencies, w.r.t. xv, and asym. parm
  0.26114E+00  0.71158E-02  0.25403E+00  0.73558E+00
 scattering matrix elements (normalized w/ S11)
   theta      11           12           13           14           22           23           24           33           34           44     
    0.00  0.12715E+02  0.00000E+00  0.00000E+00  0.81643E-05  0.99987E+00  0.17102E-04  0.00000E+00  0.99987E+00  0.00000E+00  0.99973E+00
    1.00  0.12701E+02 -0.14777E-03 -0.20135E-08  0.82006E-05  0.99987E+00  0.17100E-04  0.11778E-09  0.99987E+00  0.32585E-05  0.99973E+00
    2.00  0.12658E+02 -0.59119E-03 -0.80312E-08  0.83094E-05  0.99987E+00  0.17094E-04  0.47162E-09  0.99987E+00  0.13044E-04  0.99973E+00
    3.00  0.12587E+02 -0.13305E-02 -0.17984E-07  0.84902E-05  0.99986E+00  0.17085E-04  0.10634E-08  0.99986E+00  0.29389E-04  0.99973E+00
    4.00  0.12489E+02 -0.23662E-02 -0.31754E-07  0.87423E-05  0.99986E+00  0.17073E-04  0.18974E-08  0.99986E+00  0.52346E-04  0.99972E+00
    5.00  0.12363E+02 -0.36988E-02 -0.49177E-07  0.90647E-05  0.99986E+00  0.17057E-04  0.29825E-08  0.99985E+00  0.81989E-04  0.99972E+00
    6.00  0.12211E+02 -0.53292E-02 -0.70034E-07  0.94560E-05  0.99986E+00  0.17037E-04  0.43350E-08  0.99984E+00  0.11841E-03  0.99971E+00
    7.00  0.12035E+02 -0.72583E-02 -0.94056E-07  0.99147E-05  0.99986E+00  0.17015E-04  0.59814E-08  0.99983E+00  0.16173E-03  0.99969E+00
    8.00  0.11834E+02 -0.94873E-02 -0.12091E-06  0.10439E-04  0.99985E+00  0.16990E-04  0.79632E-08  0.99981E+00  0.21209E-03  0.99966E+00
    9.00  0.11611E+02 -0.12018E-01 -0.15020E-06  0.11026E-04  0.99985E+00  0.16963E-04  0.10341E-07  0.99978E+00  0.26963E-03  0.99963E+00
   10.00  0.11366E+02 -0.14850E-01 -0.18148E-06  0.11675E-04  0.99985E+00  0.16933E-04  0.13201E-07  0.99973E+00  0.33455E-03  0.99958E+00
   11.00  0.11102E+02 -0.17988E-01 -0.21419E-06  0.12381E-04  0.99984E+00  0.16902E-04  0.16658E-07  0.99968E+00  0.40703E-03  0.99952E+00
   12.00  0.10821E+02 -0.21431E-01 -0.24773E-06  0.13143E-04  0.99984E+00  0.16870E-04  0.20864E-07  0.99961E+00  0.48731E-03  0.99945E+00
   13.00  0.10523E+02 -0.25182E-01 -0.28139E-06  0.13958E-04  0.99983E+00  0.16837E-04  0.26014E-07  0.99951E+00  0.57561E-03  0.99935E+00
   14.00  0.10211E+02 -0.29244E-01 -0.31436E-06  0.14821E-04  0.99982E+00  0.16804E-04  0.32349E-07  0.99939E+00  0.67220E-03  0.99922E+00
   15.00  0.98859E+01 -0.33618E-01 -0.34572E-06  0.15729E-04  0.99982E+00  0.16772E-04  0.40164E-07  0.99925E+00  0.77736E-03  0.99907E+00
   16.00  0.95508E+01 -0.38307E-01 -0.37445E-06  0.16679E-04  0.99981E+00  0.16742E-04  0.49814E-07  0.99907E+00  0.89138E-03  0.99889E+00
   17.00  0.92070E+01 -0.43314E-01 -0.39938E-06  0.17668E-04  0.99980E+00  0.16715E-04  0.61716E-07  0.99886E+00  0.10146E-02  0.99867E+00
   18.00  0.88564E+01 -0.48641E-01 -0.41920E-06  0.18690E-04  0.99979E+00  0.16691E-04  0.76349E-07  0.99860E+00  0.11472E-02  0.99841E+00
   19.00  0.85009E+01 -0.54291E-01 -0.43243E-06  0.19744E-04  0.99978E+00  0.16673E-04  0.94260E-07  0.99830E+00  0.12898E-02  0.99809E+00
   20.00  0.81424E+01 -0.60267E-01 -0.43746E-06  0.20824E-04  0.99977E+00  0.16662E-04  0.11606E-06  0.99795E+00  0.14425E-02  0.99773E+00
   21.00  0.77824E+01 -0.66572E-01 -0.43243E-06  0.21927E-04  0.99976E+00  0.16659E-04  0.14240E-06  0.99753E+00  0.16057E-02  0.99731E+00
   22.00  0.74229E+01 -0.73210E-01 -0.41532E-06  0.23051E-04  0.99974E+00  0.16667E-04  0.17400E-06  0.99705E+00  0.17799E-02  0.99682E+00
   23.00  0.70652E+01 -0.80183E-01 -0.38387E-06  0.24191E-04  0.99973E+00  0.16686E-04  0.21160E-06  0.99650E+00  0.19653E-02  0.99625E+00
   24.00  0.67110E+01 -0.87494E-01 -0.33558E-06  0.25347E-04  0.99971E+00  0.16721E-04  0.25593E-06  0.99587E+00  0.21623E-02  0.99560E+00
   25.00  0.63617E+01 -0.95149E-01 -0.26768E-06  0.26516E-04  0.99969E+00  0.16772E-04  0.30772E-06  0.99514E+00  0.23713E-02  0.99487E+00
   26.00  0.60185E+01 -0.10315E+00 -0.17713E-06  0.27697E-04  0.99968E+00  0.16843E-04  0.36760E-06  0.99433E+00  0.25925E-02  0.99403E+00
   27.00  0.56826E+01 -0.11150E+00 -0.60578E-07  0.28891E-04  0.99966E+00  0.16936E-04  0.43610E-06  0.99340E+00  0.28263E-02  0.99309E+00
   28.00  0.53552E+01 -0.12020E+00  0.85634E-07  0.30099E-04  0.99963E+00  0.17054E-04  0.51354E-06  0.99236E+00  0.30729E-02  0.99203E+00
   29.00  0.50370E+01 -0.12926E+00  0.26551E-06  0.31324E-04  0.99961E+00  0.17202E-04  0.59997E-06  0.99119E+00  0.33325E-02  0.99084E+00
   30.00  0.47290E+01 -0.13868E+00  0.48339E-06  0.32572E-04  0.99958E+00  0.17381E-04  0.69504E-06  0.98989E+00  0.36052E-02  0.98952E+00
   31.00  0.44319E+01 -0.14846E+00  0.74401E-06  0.33850E-04  0.99955E+00  0.17596E-04  0.79790E-06  0.98843E+00  0.38911E-02  0.98804E+00
   32.00  0.41462E+01 -0.15862E+00  0.10524E-05  0.35168E-04  0.99952E+00  0.17850E-04  0.90700E-06  0.98681E+00  0.41901E-02  0.98640E+00
   33.00  0.38723E+01 -0.16914E+00  0.14141E-05  0.36540E-04  0.99948E+00  0.18146E-04  0.10199E-05  0.98502E+00  0.45020E-02  0.98458E+00
   34.00  0.36107E+01 -0.18003E+00  0.18349E-05  0.37982E-04  0.99945E+00  0.18487E-04  0.11332E-05  0.98304E+00  0.48265E-02  0.98257E+00
   35.00  0.33616E+01 -0.19131E+00  0.23210E-05  0.39516E-04  0.99940E+00  0.18877E-04  0.12421E-05  0.98086E+00  0.51630E-02  0.98036E+00
   36.00  0.31250E+01 -0.20296E+00  0.28789E-05  0.41168E-04  0.99936E+00  0.19317E-04  0.13400E-05  0.97846E+00  0.55109E-02  0.97792E+00
   37.00  0.29012E+01 -0.21500E+00  0.35153E-05  0.42969E-04  0.99931E+00  0.19810E-04  0.14185E-05  0.97582E+00  0.58692E-02  0.97525E+00
   38.00  0.26898E+01 -0.22742E+00  0.42374E-05  0.44958E-04  0.99926E+00  0.20355E-04  0.14670E-05  0.97293E+00  0.62367E-02  0.97232E+00
   39.00  0.24910E+01 -0.24024E+00  0.50522E-05  0.47178E-04  0.99920E+00  0.20952E-04  0.14720E-05  0.96977E+00  0.66119E-02  0.96912E+00
   40.00  0.23045E+01 -0.25344E+00  0.59672E-05  0.49682E-04  0.99913E+00  0.21599E-04  0.14167E-05  0.96633E+00  0.69928E-02  0.96563E+00
   41.00  0.21299E+01 -0.26703E+00  0.69894E-05  0.52529E-04  0.99906E+00  0.22291E-04  0.12809E-05  0.96257E+00  0.73774E-02  0.96182E+00
   42.00  0.19670E+01 -0.28101E+00  0.81258E-05  0.55786E-04  0.99899E+00  0.23020E-04  0.10402E-05  0.95848E+00  0.77629E-02  0.95768E+00
   43.00  0.18155E+01 -0.29539E+00  0.93830E-05  0.59531E-04  0.99890E+00  0.23777E-04  0.66577E-06  0.95404E+00  0.81464E-02  0.95318E+00
   44.00  0.16748E+01 -0.31015E+00  0.10767E-04  0.63847E-04  0.99882E+00  0.24546E-04  0.12376E-06  0.94922E+00  0.85244E-02  0.94831E+00
   45.00  0.15446E+01 -0.32530E+00  0.12283E-04  0.68828E-04  0.99872E+00  0.25310E-04 -0.62487E-06  0.94401E+00  0.88931E-02  0.94303E+00
   46.00  0.14243E+01 -0.34084E+00  0.13936E-04  0.74574E-04  0.99861E+00  0.26044E-04 -0.16246E-05  0.93837E+00  0.92482E-02  0.93733E+00
   47.00  0.13136E+01 -0.35676E+00  0.15728E-04  0.81191E-04  0.99850E+00  0.26721E-04 -0.29252E-05  0.93228E+00  0.95852E-02  0.93117E+00
   48.00  0.12119E+01 -0.37305E+00  0.17660E-04  0.88789E-04  0.99838E+00  0.27304E-04 -0.45820E-05  0.92571E+00  0.98990E-02  0.92453E+00
   49.00  0.11186E+01 -0.38970E+00  0.19733E-04  0.97481E-04  0.99825E+00  0.27753E-04 -0.66548E-05  0.91865E+00  0.10185E-01  0.91739E+00
   50.00  0.10333E+01 -0.40671E+00  0.21944E-04  0.10738E-03  0.99811E+00  0.28021E-04 -0.92073E-05  0.91105E+00  0.10437E-01  0.90971E+00
   51.00  0.95541E+00 -0.42406E+00  0.24289E-04  0.11858E-03  0.99796E+00  0.28053E-04 -0.12306E-04  0.90290E+00  0.10651E-01  0.90148E+00
   52.00  0.88448E+00 -0.44174E+00  0.26762E-04  0.13119E-03  0.99780E+00  0.27791E-04 -0.16019E-04  0.89416E+00  0.10822E-01  0.89266E+00
   53.00  0.82000E+00 -0.45973E+00  0.29356E-04  0.14528E-03  0.99764E+00  0.27170E-04 -0.20413E-04  0.88481E+00  0.10946E-01  0.88323E+00
   54.00  0.76148E+00 -0.47801E+00  0.32059E-04  0.16092E-03  0.99746E+00  0.26123E-04 -0.25553E-04  0.87483E+00  0.11019E-01  0.87316E+00
   55.00  0.70846E+00 -0.49655E+00  0.34862E-04  0.17815E-03  0.99728E+00  0.24579E-04 -0.31496E-04  0.86418E+00  0.11039E-01  0.86243E+00
   56.00  0.66048E+00 -0.51532E+00  0.37753E-04  0.19697E-03  0.99709E+00  0.22469E-04 -0.38295E-04  0.85284E+00  0.11004E-01  0.85101E+00
   57.00  0.61714E+00 -0.53431E+00  0.40719E-04  0.21735E-03  0.99690E+00  0.19724E-04 -0.45989E-04  0.84080E+00  0.10914E-01  0.83888E+00
   58.00  0.57801E+00 -0.55347E+00  0.43752E-04  0.23924E-03  0.99669E+00  0.16282E-04 -0.54606E-04  0.82802E+00  0.10771E-01  0.82602E+00
   59.00  0.54272E+00 -0.57277E+00  0.46839E-04  0.26254E-03  0.99649E+00  0.12087E-04 -0.64158E-04  0.81449E+00  0.10578E-01  0.81242E+00
   60.00  0.51091E+00 -0.59217E+00  0.49976E-04  0.28712E-03  0.99628E+00  0.70916E-05 -0.74645E-04  0.80019E+00  0.10338E-01  0.79804E+00
   61.00  0.48224E+00 -0.61163E+00  0.53157E-04  0.31281E-03  0.99606E+00  0.12603E-05 -0.86046E-04  0.78511E+00  0.10059E-01  0.78289E+00
   62.00  0.45640E+00 -0.63110E+00  0.56383E-04  0.33942E-03  0.99585E+00 -0.54296E-05 -0.98327E-04  0.76922E+00  0.97476E-02  0.76694E+00
   63.00  0.43310E+00 -0.65056E+00  0.59659E-04  0.36673E-03  0.99563E+00 -0.12987E-04 -0.11144E-03  0.75252E+00  0.94114E-02  0.75019E+00
   64.00  0.41208E+00 -0.66994E+00  0.62992E-04  0.39449E-03  0.99541E+00 -0.21407E-04 -0.12532E-03  0.73500E+00  0.90599E-02  0.73262E+00
   65.00  0.39308E+00 -0.68920E+00  0.66396E-04  0.42247E-03  0.99520E+00 -0.30671E-04 -0.13989E-03  0.71665E+00  0.87025E-02  0.71422E+00
   66.00  0.37589E+00 -0.70829E+00  0.69890E-04  0.45040E-03  0.99499E+00 -0.40747E-04 -0.15507E-03  0.69746E+00  0.83488E-02  0.69500E+00
   67.00  0.36030E+00 -0.72717E+00  0.73496E-04  0.47804E-03  0.99477E+00 -0.51591E-04 -0.17078E-03  0.67743E+00  0.80081E-02  0.67494E+00
   68.00  0.34613E+00 -0.74579E+00  0.77239E-04  0.50514E-03  0.99456E+00 -0.63151E-04 -0.18692E-03  0.65656E+00  0.76894E-02  0.65404E+00
   69.00  0.33321E+00 -0.76409E+00  0.81150E-04  0.53147E-03  0.99436E+00 -0.75363E-04 -0.20340E-03  0.63484E+00  0.74009E-02  0.63231E+00
   70.00  0.32140E+00 -0.78202E+00  0.85260E-04  0.55683E-03  0.99416E+00 -0.88161E-04 -0.22014E-03  0.61228E+00  0.71499E-02  0.60974E+00
   71.00  0.31055E+00 -0.79955E+00  0.89600E-04  0.58101E-03  0.99396E+00 -0.10147E-03 -0.23706E-03  0.58888E+00  0.69426E-02  0.58634E+00
   72.00  0.30056E+00 -0.81660E+00  0.94207E-04  0.60385E-03  0.99376E+00 -0.11522E-03 -0.25407E-03  0.56465E+00  0.67842E-02  0.56211E+00
   73.00  0.29131E+00 -0.83314E+00  0.99112E-04  0.62519E-03  0.99356E+00 -0.12932E-03 -0.27111E-03  0.53960E+00  0.66787E-02  0.53707E+00
   74.00  0.28272E+00 -0.84911E+00  0.10435E-03  0.64489E-03  0.99337E+00 -0.14371E-03 -0.28811E-03  0.51374E+00  0.66289E-02  0.51122E+00
   75.00  0.27470E+00 -0.86447E+00  0.10995E-03  0.66286E-03  0.99318E+00 -0.15831E-03 -0.30501E-03  0.48709E+00  0.66366E-02  0.48458E+00
   76.00  0.26719E+00 -0.87915E+00  0.11595E-03  0.67898E-03  0.99299E+00 -0.17303E-03 -0.32177E-03  0.45966E+00  0.67025E-02  0.45718E+00
   77.00  0.26011E+00 -0.89311E+00  0.12236E-03  0.69319E-03  0.99281E+00 -0.18781E-03 -0.33834E-03  0.43148E+00  0.68263E-02  0.42902E+00
   78.00  0.25343E+00 -0.90631E+00  0.12922E-03  0.70542E-03  0.99262E+00 -0.20257E-03 -0.35468E-03  0.40258E+00  0.70071E-02  0.40015E+00
   79.00  0.24708E+00 -0.91868E+00  0.13655E-03  0.71562E-03  0.99244E+00 -0.21725E-03 -0.37077E-03  0.37298E+00  0.72429E-02  0.37059E+00
   80.00  0.24104E+00 -0.93020E+00  0.14437E-03  0.72375E-03  0.99226E+00 -0.23178E-03 -0.38657E-03  0.34273E+00  0.75312E-02  0.34037E+00
   81.00  0.23526E+00 -0.94080E+00  0.15268E-03  0.72979E-03  0.99207E+00 -0.24608E-03 -0.40206E-03  0.31185E+00  0.78689E-02  0.30954E+00
   82.00  0.22973E+00 -0.95045E+00  0.16150E-03  0.73371E-03  0.99189E+00 -0.26011E-03 -0.41722E-03  0.28040E+00  0.82524E-02  0.27813E+00
   83.00  0.22442E+00 -0.95910E+00  0.17083E-03  0.73552E-03  0.99171E+00 -0.27379E-03 -0.43202E-03  0.24842E+00  0.86777E-02  0.24619E+00
   84.00  0.21930E+00 -0.96672E+00  0.18068E-03  0.73521E-03  0.99152E+00 -0.28707E-03 -0.44645E-03  0.21595E+00  0.91403E-02  0.21378E+00
   85.00  0.21436E+00 -0.97328E+00  0.19104E-03  0.73280E-03  0.99134E+00 -0.29990E-03 -0.46048E-03  0.18306E+00  0.96356E-02  0.18094E+00
   86.00  0.20959E+00 -0.97875E+00  0.20190E-03  0.72828E-03  0.99115E+00 -0.31221E-03 -0.47411E-03  0.14980E+00  0.10159E-01  0.14773E+00
   87.00  0.20497E+00 -0.98309E+00  0.21324E-03  0.72171E-03  0.99097E+00 -0.32395E-03 -0.48730E-03  0.11623E+00  0.10704E-01  0.11422E+00
   88.00  0.20050E+00 -0.98628E+00  0.22505E-03  0.71309E-03  0.99078E+00 -0.33508E-03 -0.50004E-03  0.82414E-01  0.11268E-01  0.80465E-01
   89.00  0.19617E+00 -0.98832E+00  0.23730E-03  0.70249E-03  0.99059E+00 -0.34553E-03 -0.51231E-03  0.48412E-01  0.11843E-01  0.46528E-01
   90.00  0.19197E+00 -0.98918E+00  0.24996E-03  0.68994E-03  0.99041E+00 -0.35528E-03 -0.52408E-03  0.14292E-01  0.12426E-01  0.12478E-01
   91.00  0.18791E+00 -0.98886E+00  0.26299E-03  0.67550E-03  0.99022E+00 -0.36426E-03 -0.53532E-03 -0.19878E-01  0.13010E-01 -0.21617E-01
   92.00  0.18397E+00 -0.98735E+00  0.27636E-03  0.65926E-03  0.99003E+00 -0.37245E-03 -0.54601E-03 -0.54029E-01  0.13590E-01 -0.55691E-01
   93.00  0.18015E+00 -0.98467E+00  0.29002E-03  0.64127E-03  0.98984E+00 -0.37980E-03 -0.55612E-03 -0.88093E-01  0.14161E-01 -0.89672E-01
   94.00  0.17645E+00 -0.98081E+00  0.30391E-03  0.62163E-03  0.98965E+00 -0.38628E-03 -0.56562E-03 -0.12200E+00  0.14718E-01 -0.12349E+00
   95.00  0.17287E+00 -0.97580E+00  0.31797E-03  0.60044E-03  0.98946E+00 -0.39185E-03 -0.57447E-03 -0.15569E+00  0.15257E-01 -0.15709E+00
   96.00  0.16941E+00 -0.96965E+00  0.33216E-03  0.57779E-03  0.98927E+00 -0.39650E-03 -0.58265E-03 -0.18909E+00  0.15772E-01 -0.19039E+00
   97.00  0.16607E+00 -0.96238E+00  0.34639E-03  0.55381E-03  0.98909E+00 -0.40019E-03 -0.59011E-03 -0.22213E+00  0.16258E-01 -0.22333E+00
   98.00  0.16285E+00 -0.95402E+00  0.36061E-03  0.52861E-03  0.98890E+00 -0.40292E-03 -0.59682E-03 -0.25476E+00  0.16712E-01 -0.25584E+00
   99.00  0.15974E+00 -0.94462E+00  0.37474E-03  0.50233E-03  0.98871E+00 -0.40466E-03 -0.60274E-03 -0.28691E+00  0.17130E-01 -0.28788E+00
  100.00  0.15675E+00 -0.93419E+00  0.38870E-03  0.47510E-03  0.98853E+00 -0.40541E-03 -0.60784E-03 -0.31853E+00  0.17508E-01 -0.31938E+00
  101.00  0.15388E+00 -0.92279E+00  0.40241E-03  0.44706E-03  0.98835E+00 -0.40517E-03 -0.61208E-03 -0.34956E+00  0.17842E-01 -0.35028E+00
  102.00  0.15112E+00 -0.91047E+00  0.41579E-03  0.41837E-03  0.98817E+00 -0.40394E-03 -0.61543E-03 -0.37996E+00  0.18130E-01 -0.38054E+00
  103.00  0.14848E+00 -0.89726E+00  0.42877E-03  0.38918E-03  0.98799E+00 -0.40173E-03 -0.61786E-03 -0.40968E+00  0.18369E-01 -0.41011E+00
  104.00  0.14596E+00 -0.88322E+00  0.44126E-03  0.35965E-03  0.98781E+00 -0.39856E-03 -0.61933E-03 -0.43867E+00  0.18557E-01 -0.43894E+00
  105.00  0.14355E+00 -0.86841E+00  0.45318E-03  0.32994E-03  0.98764E+00 -0.39444E-03 -0.61982E-03 -0.46689E+00  0.18693E-01 -0.46701E+00
  106.00  0.14126E+00 -0.85288E+00  0.46445E-03  0.30021E-03  0.98748E+00 -0.38941E-03 -0.61930E-03 -0.49433E+00  0.18775E-01 -0.49427E+00
  107.00  0.13908E+00 -0.83668E+00  0.47499E-03  0.27062E-03  0.98731E+00 -0.38349E-03 -0.61776E-03 -0.52093E+00  0.18802E-01 -0.52070E+00
  108.00  0.13702E+00 -0.81988E+00  0.48473E-03  0.24132E-03  0.98715E+00 -0.37673E-03 -0.61518E-03 -0.54669E+00  0.18775E-01 -0.54628E+00
  109.00  0.13508E+00 -0.80253E+00  0.49360E-03  0.21248E-03  0.98700E+00 -0.36916E-03 -0.61156E-03 -0.57158E+00  0.18693E-01 -0.57098E+00
  110.00  0.13325E+00 -0.78469E+00  0.50154E-03  0.18423E-03  0.98685E+00 -0.36084E-03 -0.60688E-03 -0.59559E+00  0.18557E-01 -0.59478E+00
  111.00  0.13154E+00 -0.76643E+00  0.50848E-03  0.15673E-03  0.98671E+00 -0.35182E-03 -0.60116E-03 -0.61870E+00  0.18368E-01 -0.61768E+00
  112.00  0.12994E+00 -0.74779E+00  0.51437E-03  0.13011E-03  0.98657E+00 -0.34215E-03 -0.59439E-03 -0.64091E+00  0.18128E-01 -0.63967E+00
  113.00  0.12845E+00 -0.72884E+00  0.51917E-03  0.10450E-03  0.98644E+00 -0.33191E-03 -0.58661E-03 -0.66221E+00  0.17839E-01 -0.66074E+00
  114.00  0.12707E+00 -0.70964E+00  0.52285E-03  0.79994E-04  0.98632E+00 -0.32115E-03 -0.57783E-03 -0.68261E+00  0.17502E-01 -0.68090E+00
  115.00  0.12581E+00 -0.69023E+00  0.52537E-03  0.56712E-04  0.98620E+00 -0.30993E-03 -0.56808E-03 -0.70210E+00  0.17122E-01 -0.70016E+00
  116.00  0.12465E+00 -0.67068E+00  0.52671E-03  0.34737E-04  0.98609E+00 -0.29834E-03 -0.55741E-03 -0.72070E+00  0.16701E-01 -0.71851E+00
  117.00  0.12361E+00 -0.65102E+00  0.52688E-03  0.14145E-04  0.98599E+00 -0.28643E-03 -0.54585E-03 -0.73842E+00  0.16243E-01 -0.73597E+00
  118.00  0.12267E+00 -0.63132E+00  0.52585E-03 -0.50022E-05  0.98590E+00 -0.27428E-03 -0.53346E-03 -0.75527E+00  0.15750E-01 -0.75256E+00
  119.00  0.12184E+00 -0.61161E+00  0.52365E-03 -0.22660E-04  0.98581E+00 -0.26196E-03 -0.52029E-03 -0.77126E+00  0.15228E-01 -0.76829E+00
  120.00  0.12111E+00 -0.59194E+00  0.52030E-03 -0.38796E-04  0.98574E+00 -0.24954E-03 -0.50641E-03 -0.78642E+00  0.14679E-01 -0.78318E+00
  121.00  0.12049E+00 -0.57236E+00  0.51582E-03 -0.53394E-04  0.98567E+00 -0.23708E-03 -0.49188E-03 -0.80077E+00  0.14108E-01 -0.79725E+00
  122.00  0.11997E+00 -0.55290E+00  0.51024E-03 -0.66452E-04  0.98561E+00 -0.22464E-03 -0.47677E-03 -0.81432E+00  0.13520E-01 -0.81052E+00
  123.00  0.11955E+00 -0.53359E+00  0.50362E-03 -0.77981E-04  0.98556E+00 -0.21230E-03 -0.46116E-03 -0.82711E+00  0.12917E-01 -0.82303E+00
  124.00  0.11922E+00 -0.51447E+00  0.49601E-03 -0.88007E-04  0.98551E+00 -0.20010E-03 -0.44512E-03 -0.83915E+00  0.12305E-01 -0.83479E+00
  125.00  0.11899E+00 -0.49557E+00  0.48745E-03 -0.96566E-04  0.98548E+00 -0.18810E-03 -0.42874E-03 -0.85048E+00  0.11687E-01 -0.84583E+00
  126.00  0.11885E+00 -0.47692E+00  0.47802E-03 -0.10371E-03  0.98545E+00 -0.17635E-03 -0.41208E-03 -0.86111E+00  0.11068E-01 -0.85618E+00
  127.00  0.11880E+00 -0.45854E+00  0.46779E-03 -0.10949E-03  0.98543E+00 -0.16489E-03 -0.39523E-03 -0.87108E+00  0.10450E-01 -0.86587E+00
  128.00  0.11884E+00 -0.44045E+00  0.45681E-03 -0.11398E-03  0.98542E+00 -0.15376E-03 -0.37827E-03 -0.88042E+00  0.98372E-02 -0.87492E+00
  129.00  0.11896E+00 -0.42267E+00  0.44518E-03 -0.11724E-03  0.98541E+00 -0.14300E-03 -0.36126E-03 -0.88915E+00  0.92328E-02 -0.88337E+00
  130.00  0.11916E+00 -0.40523E+00  0.43296E-03 -0.11937E-03  0.98542E+00 -0.13264E-03 -0.34429E-03 -0.89730E+00  0.86396E-02 -0.89124E+00
  131.00  0.11944E+00 -0.38813E+00  0.42024E-03 -0.12044E-03  0.98543E+00 -0.12269E-03 -0.32742E-03 -0.90490E+00  0.80603E-02 -0.89856E+00
  132.00  0.11980E+00 -0.37139E+00  0.40708E-03 -0.12054E-03  0.98544E+00 -0.11318E-03 -0.31071E-03 -0.91198E+00  0.74972E-02 -0.90536E+00
  133.00  0.12023E+00 -0.35502E+00  0.39356E-03 -0.11976E-03  0.98546E+00 -0.10413E-03 -0.29423E-03 -0.91855E+00  0.69523E-02 -0.91167E+00
  134.00  0.12073E+00 -0.33903E+00  0.37976E-03 -0.11818E-03  0.98549E+00 -0.95533E-04 -0.27803E-03 -0.92466E+00  0.64273E-02 -0.91751E+00
  135.00  0.12129E+00 -0.32342E+00  0.36574E-03 -0.11590E-03  0.98552E+00 -0.87404E-04 -0.26216E-03 -0.93032E+00  0.59236E-02 -0.92291E+00
  136.00  0.12191E+00 -0.30820E+00  0.35157E-03 -0.11300E-03  0.98556E+00 -0.79743E-04 -0.24667E-03 -0.93556E+00  0.54424E-02 -0.92789E+00
  137.00  0.12259E+00 -0.29338E+00  0.33732E-03 -0.10956E-03  0.98560E+00 -0.72546E-04 -0.23160E-03 -0.94040E+00  0.49845E-02 -0.93248E+00
  138.00  0.12333E+00 -0.27896E+00  0.32304E-03 -0.10567E-03  0.98564E+00 -0.65809E-04 -0.21699E-03 -0.94487E+00  0.45504E-02 -0.93671E+00
  139.00  0.12412E+00 -0.26493E+00  0.30880E-03 -0.10139E-03  0.98569E+00 -0.59522E-04 -0.20285E-03 -0.94898E+00  0.41406E-02 -0.94059E+00
  140.00  0.12495E+00 -0.25131E+00  0.29463E-03 -0.96812E-04  0.98574E+00 -0.53674E-04 -0.18923E-03 -0.95277E+00  0.37551E-02 -0.94415E+00
  141.00  0.12583E+00 -0.23809E+00  0.28060E-03 -0.91986E-04  0.98579E+00 -0.48253E-04 -0.17614E-03 -0.95625E+00  0.33939E-02 -0.94740E+00
  142.00  0.12674E+00 -0.22526E+00  0.26673E-03 -0.86980E-04  0.98584E+00 -0.43243E-04 -0.16359E-03 -0.95944E+00  0.30566E-02 -0.95037E+00
  143.00  0.12769E+00 -0.21284E+00  0.25308E-03 -0.81848E-04  0.98590E+00 -0.38628E-04 -0.15160E-03 -0.96236E+00  0.27429E-02 -0.95308E+00
  144.00  0.12868E+00 -0.20081E+00  0.23966E-03 -0.76643E-04  0.98595E+00 -0.34390E-04 -0.14017E-03 -0.96503E+00  0.24522E-02 -0.95555E+00
  145.00  0.12968E+00 -0.18917E+00  0.22651E-03 -0.71408E-04  0.98601E+00 -0.30511E-04 -0.12930E-03 -0.96746E+00  0.21838E-02 -0.95778E+00
  146.00  0.13072E+00 -0.17793E+00  0.21366E-03 -0.66186E-04  0.98607E+00 -0.26973E-04 -0.11900E-03 -0.96968E+00  0.19369E-02 -0.95981E+00
  147.00  0.13177E+00 -0.16707E+00  0.20113E-03 -0.61011E-04  0.98612E+00 -0.23755E-04 -0.10925E-03 -0.97169E+00  0.17106E-02 -0.96163E+00
  148.00  0.13284E+00 -0.15659E+00  0.18894E-03 -0.55914E-04  0.98618E+00 -0.20840E-04 -0.10006E-03 -0.97351E+00  0.15041E-02 -0.96328E+00
  149.00  0.13392E+00 -0.14649E+00  0.17710E-03 -0.50921E-04  0.98624E+00 -0.18207E-04 -0.91413E-04 -0.97516E+00  0.13163E-02 -0.96476E+00
  150.00  0.13500E+00 -0.13677E+00  0.16562E-03 -0.46056E-04  0.98629E+00 -0.15839E-04 -0.83297E-04 -0.97664E+00  0.11462E-02 -0.96608E+00
  151.00  0.13610E+00 -0.12741E+00  0.15452E-03 -0.41336E-04  0.98635E+00 -0.13715E-04 -0.75699E-04 -0.97798E+00  0.99281E-03 -0.96726E+00
  152.00  0.13719E+00 -0.11843E+00  0.14380E-03 -0.36776E-04  0.98640E+00 -0.11819E-04 -0.68604E-04 -0.97918E+00  0.85510E-03 -0.96830E+00
  153.00  0.13828E+00 -0.10980E+00  0.13347E-03 -0.32388E-04  0.98646E+00 -0.10132E-04 -0.61994E-04 -0.98025E+00  0.73202E-03 -0.96923E+00
  154.00  0.13936E+00 -0.10153E+00  0.12354E-03 -0.28182E-04  0.98651E+00 -0.86388E-05 -0.55854E-04 -0.98120E+00  0.62255E-03 -0.97005E+00
  155.00  0.14043E+00 -0.93615E-01  0.11400E-03 -0.24163E-04  0.98656E+00 -0.73219E-05 -0.50163E-04 -0.98205E+00  0.52568E-03 -0.97076E+00
  156.00  0.14149E+00 -0.86048E-01  0.10485E-03 -0.20336E-04  0.98661E+00 -0.61664E-05 -0.44902E-04 -0.98280E+00  0.44044E-03 -0.97139E+00
  157.00  0.14254E+00 -0.78825E-01  0.96107E-04 -0.16703E-04  0.98666E+00 -0.51576E-05 -0.40051E-04 -0.98346E+00  0.36586E-03 -0.97193E+00
  158.00  0.14356E+00 -0.71942E-01  0.87759E-04 -0.13266E-04  0.98670E+00 -0.42818E-05 -0.35591E-04 -0.98404E+00  0.30104E-03 -0.97240E+00
  159.00  0.14456E+00 -0.65395E-01  0.79807E-04 -0.10022E-04  0.98674E+00 -0.35258E-05 -0.31501E-04 -0.98455E+00  0.24509E-03 -0.97279E+00
  160.00  0.14554E+00 -0.59181E-01  0.72250E-04 -0.69716E-05  0.98679E+00 -0.28776E-05 -0.27760E-04 -0.98498E+00  0.19717E-03 -0.97313E+00
  161.00  0.14648E+00 -0.53295E-01  0.65084E-04 -0.41103E-05  0.98682E+00 -0.23255E-05 -0.24349E-04 -0.98536E+00  0.15647E-03 -0.97342E+00
  162.00  0.14739E+00 -0.47733E-01  0.58308E-04 -0.14351E-05  0.98686E+00 -0.18590E-05 -0.21247E-04 -0.98569E+00  0.12225E-03 -0.97365E+00
  163.00  0.14827E+00 -0.42493E-01  0.51919E-04  0.10582E-05  0.98690E+00 -0.14682E-05 -0.18436E-04 -0.98597E+00  0.93771E-04 -0.97384E+00
  164.00  0.14912E+00 -0.37571E-01  0.45914E-04  0.33741E-05  0.98693E+00 -0.11439E-05 -0.15897E-04 -0.98620E+00  0.70376E-04 -0.97400E+00
  165.00  0.14992E+00 -0.32963E-01  0.40291E-04  0.55175E-05  0.98696E+00 -0.87763E-06 -0.13610E-04 -0.98640E+00  0.51432E-04 -0.97412E+00
  166.00  0.15069E+00 -0.28667E-01  0.35045E-04  0.74934E-05  0.98699E+00 -0.66166E-06 -0.11559E-04 -0.98657E+00  0.36351E-04 -0.97422E+00
  167.00  0.15141E+00 -0.24680E-01  0.30175E-04  0.93068E-05  0.98702E+00 -0.48889E-06 -0.97268E-05 -0.98670E+00  0.24591E-04 -0.97429E+00
  168.00  0.15208E+00 -0.20999E-01  0.25678E-04  0.10963E-04  0.98704E+00 -0.35289E-06 -0.80975E-05 -0.98682E+00  0.15650E-04 -0.97434E+00
  169.00  0.15271E+00 -0.17622E-01  0.21550E-04  0.12466E-04  0.98706E+00 -0.24781E-06 -0.66561E-05 -0.98691E+00  0.90688E-05 -0.97437E+00
  170.00  0.15329E+00 -0.14546E-01  0.17790E-04  0.13822E-04  0.98709E+00 -0.16841E-06 -0.53887E-05 -0.98698E+00  0.44274E-05 -0.97440E+00
  171.00  0.15381E+00 -0.11769E-01  0.14395E-04  0.15034E-04  0.98710E+00 -0.10998E-06 -0.42822E-05 -0.98703E+00  0.13467E-05 -0.97441E+00
  172.00  0.15429E+00 -0.92899E-02  0.11364E-04  0.16106E-04  0.98712E+00 -0.68376E-07 -0.33248E-05 -0.98708E+00 -0.51369E-06 -0.97441E+00
  173.00  0.15471E+00 -0.71064E-02  0.86934E-05  0.17043E-04  0.98714E+00 -0.39932E-07 -0.25057E-05 -0.98711E+00 -0.14558E-05 -0.97441E+00
  174.00  0.15508E+00 -0.52171E-02  0.63825E-05  0.17849E-04  0.98715E+00 -0.21484E-07 -0.18155E-05 -0.98713E+00 -0.17442E-05 -0.97440E+00
  175.00  0.15540E+00 -0.36207E-02  0.44297E-05  0.18525E-04  0.98716E+00 -0.10332E-07 -0.12458E-05 -0.98715E+00 -0.16067E-05 -0.97439E+00
  176.00  0.15565E+00 -0.23160E-02  0.28336E-05  0.19074E-04  0.98717E+00 -0.42223E-08 -0.78946E-06 -0.98716E+00 -0.12349E-05 -0.97439E+00
  177.00  0.15586E+00 -0.13022E-02  0.15933E-05  0.19499E-04  0.98717E+00 -0.13336E-08 -0.44063E-06 -0.98717E+00 -0.78491E-06 -0.97438E+00
  178.00  0.15600E+00 -0.57859E-03  0.70794E-06  0.19802E-04  0.98718E+00 -0.26308E-09 -0.19474E-06 -0.98718E+00 -0.37747E-06 -0.97437E+00
  179.00  0.15609E+00 -0.14462E-03  0.17696E-06  0.19983E-04  0.98718E+00 -0.16430E-10 -0.48520E-07 -0.98718E+00 -0.98656E-07 -0.97437E+00
  180.00  0.15612E+00 -0.35841E-14  0.43854E-17  0.20043E-04  0.98718E+00 -0.10089E-31 -0.12012E-17 -0.98718E+00 -0.24805E-17 -0.97437E+00
 scattering matrix expansion coefficients
    w  a11         a22         a33         a23         a32         a44         a12         a34         a13         a24         a14
    0  0.1000E+01  0.0000E+00  0.0000E+00  0.0000E+00  0.0000E+00  0.8329E+00  0.0000E+00  0.0000E+00  0.0000E+00  0.0000E+00  0.8624E-04
    1  0.2207E+01  0.0000E+00  0.0000E+00  0.0000E+00  0.0000E+00  0.2329E+01  0.0000E+00  0.0000E+00  0.0000E+00  0.0000E+00  0.1058E-03
    2  0.2695E+01  0.1873E+00  0.3867E+01  0.1887E-06  0.3977E-04  0.2716E+01 -0.4172E+00  0.7386E-02  0.8692E-04 -0.1337E-03 -0.4523E-04
    3  0.2466E+01  0.7463E-01  0.3257E+01 -0.1052E-06  0.1347E-03  0.2482E+01 -0.3659E+00  0.7717E-02 -0.3636E-04  0.2267E-04 -0.5230E-04
    4  0.1919E+01  0.4744E-01  0.2455E+01 -0.1329E-06 -0.1694E-04  0.1904E+01 -0.3207E+00  0.1004E-01  0.8791E-05  0.4727E-04  0.6009E-04
    5  0.1239E+01  0.1189E-01  0.1607E+01 -0.1260E-07  0.8278E-05  0.1263E+01 -0.2982E+00  0.1049E-01  0.8767E-05  0.7940E-05  0.4383E-04
    6  0.6788E+00  0.1724E-01  0.8854E+00  0.5097E-07  0.2854E-04  0.6941E+00 -0.2491E+00  0.6330E-02 -0.8058E-05 -0.4385E-05 -0.1891E-04
    7  0.3180E+00  0.1993E-01  0.4070E+00  0.2001E-07  0.1641E-04  0.3140E+00 -0.1564E+00  0.2507E-02 -0.8702E-05 -0.7791E-05 -0.3234E-04
    8  0.1282E+00  0.1279E-01  0.1590E+00  0.7223E-08  0.5392E-05  0.1204E+00 -0.7565E-01  0.7446E-03 -0.3092E-05 -0.4136E-05 -0.2240E-04
    9  0.4502E-01  0.5896E-02  0.5405E-01  0.4444E-08  0.1275E-05  0.4018E-01 -0.3015E-01  0.1856E-03 -0.8763E-06 -0.3973E-06 -0.1246E-04
   10  0.1395E-01  0.2246E-02  0.1618E-01  0.1963E-08  0.1133E-06  0.1177E-01 -0.1035E-01  0.4136E-04 -0.1659E-06  0.9922E-06 -0.5720E-05
   11  0.3823E-02  0.7436E-03  0.4272E-02  0.6239E-09 -0.7707E-07  0.3010E-02 -0.3098E-02  0.8520E-05  0.6910E-08  0.6962E-06 -0.2082E-05
   12  0.9231E-03  0.2141E-03  0.9882E-03  0.1535E-09 -0.2516E-07  0.6663E-03 -0.8054E-03  0.1345E-05  0.9781E-08  0.2607E-06 -0.5838E-06
   13  0.1943E-03  0.5277E-04  0.1983E-03  0.3062E-10 -0.4830E-08  0.1262E-03 -0.1798E-03  0.1013E-06  0.3409E-08  0.6960E-07 -0.1262E-06
   14  0.3504E-04  0.1087E-04  0.3402E-04  0.4750E-11  0.6484E-11  0.2015E-04 -0.3390E-04 -0.2054E-08 -0.3578E-10  0.1478E-07 -0.2219E-07
   15  0.5299E-05  0.1828E-05  0.4898E-05  0.6038E-12 -0.3938E-10  0.2679E-05 -0.5294E-05 -0.1290E-08  0.5727E-10  0.2367E-08 -0.3061E-08
   16  0.6604E-06  0.2468E-06  0.5835E-06  0.6878E-13 -0.1589E-12  0.2932E-06 -0.6746E-06 -0.4211E-09  0.2480E-11  0.2546E-09 -0.3001E-09
   17  0.6461E-07  0.2568E-07  0.5476E-07  0.4663E-14 -0.1459E-11  0.2524E-07 -0.6703E-07 -0.3777E-10  0.9759E-12  0.1788E-10 -0.1935E-10
   18  0.5197E-08  0.2160E-08  0.4251E-08  0.1651E-15 -0.3528E-12  0.1795E-08 -0.5447E-08 -0.4402E-11  0.2661E-12  0.8891E-12 -0.9857E-12
   19  0.2425E-09  0.1047E-09  0.1919E-09 -0.3006E-16 -0.3956E-14  0.7407E-10 -0.2562E-09 -0.1048E-12  0.2773E-14 -0.1326E-13  0.1635E-13
   20  0.1443E-10  0.6522E-11  0.1119E-10 -0.4416E-17 -0.6186E-15  0.3977E-11 -0.1540E-10 -0.1091E-13  0.4454E-15  0.4248E-14 -0.5080E-14
