 input file is 
mstm4_256_6398_20_00226.inp   
 input file comments follow:
***********************************************************
  This is the default mstm input file for v.3.0.
  The run is for a 7-sphere cluster of identical spheres.   The positions
  are embedded in the input file.

  The run makes use of the new_run and multiple_run options.

  14 April 2013
***********************************************************
 number of processors:
   1
 input parameters for run number 
    1
 number of spheres, volume size parameter:
  256  0.40625E+01
 position file:
position/n256/a4.out                                        
 output file:
output/256/x6398/20/00226/mt_4_256_6398_20_00226.dat        
 length, ref. indx. scale factors:
   0.640   2.000   0.023
 chiral factors:
  0.00000E+00  0.00000E+00
 scattering matrix directions based on incident frame
 automatic scattering angle calculation
 thetamin, thetamax:
      0.0    180.0
 number scattering angles:
      181
 epsmie, epssoln, max number iterations:
  0.1000E-05  0.1000E-07 5000
 medium refractive index:
  1.0000  0.0000
 target euler rotation angles:
    0.0000    0.0000    0.0000
 far field kr, iterations/correction:
  0.1000E-07   20
 plane wave incidence
 random orientation calculations
 t matrix calculated, stored in file 
tmatrixfiles/425663982000226                                
 t matrix convergence epsilon:
  0.1000E-06
 all spheres excited (total T matrix) 
 calculation results for run 
    1
 total ext, abs, scat efficiencies, w.r.t. xv, and asym. parm
  0.56404E+01  0.25342E+00  0.53869E+01  0.72421E+00
 scattering matrix elements (normalized w/ S11)
   theta      11           12           13           14           22           23           24           33           34           44      
    0.00  0.71812E+02  0.00000E+00  0.00000E+00 -0.32212E-03  0.99958E+00  0.29465E-03  0.00000E+00  0.99958E+00  0.00000E+00  0.99922E+00 
    1.00  0.70499E+02 -0.17875E-03 -0.14757E-06 -0.31133E-03  0.99957E+00  0.30300E-03 -0.31856E-07  0.99957E+00 -0.15545E-03  0.99920E+00 
    2.00  0.66731E+02 -0.71364E-03 -0.59261E-06 -0.27971E-03  0.99955E+00  0.32712E-03 -0.14789E-06  0.99955E+00 -0.62918E-03  0.99916E+00 
    3.00  0.60992E+02 -0.15996E-02 -0.13394E-05 -0.22984E-03  0.99951E+00  0.36391E-03 -0.40959E-06  0.99951E+00 -0.14413E-02  0.99909E+00 
    4.00  0.53979E+02 -0.28256E-02 -0.23861E-05 -0.16713E-03  0.99945E+00  0.40774E-03 -0.91756E-06  0.99945E+00 -0.26175E-02  0.99898E+00 
    5.00  0.46463E+02 -0.43705E-02 -0.37133E-05 -0.10126E-03  0.99936E+00  0.44984E-03 -0.17994E-05  0.99936E+00 -0.41730E-02  0.99883E+00 
    6.00  0.39158E+02 -0.62002E-02 -0.52762E-05 -0.47748E-04  0.99924E+00  0.47853E-03 -0.31728E-05  0.99924E+00 -0.60847E-02  0.99861E+00 
    7.00  0.32605E+02 -0.82693E-02 -0.70156E-05 -0.27863E-04  0.99909E+00  0.48127E-03 -0.50665E-05  0.99908E+00 -0.82523E-02  0.99833E+00 
    8.00  0.27113E+02 -0.10537E-01 -0.89155E-05 -0.64393E-04  0.99890E+00  0.44997E-03 -0.73006E-05  0.99889E+00 -0.10469E-01  0.99800E+00 
    9.00  0.22760E+02 -0.12996E-01 -0.11113E-04 -0.17153E-03  0.99870E+00  0.38868E-03 -0.93891E-05  0.99866E+00 -0.12438E-01  0.99761E+00 
   10.00  0.19440E+02 -0.15713E-01 -0.14003E-04 -0.34275E-03  0.99849E+00  0.31829E-03 -0.10585E-04  0.99840E+00 -0.13879E-01  0.99720E+00 
   11.00  0.16933E+02 -0.18828E-01 -0.18229E-04 -0.54717E-03  0.99829E+00  0.27098E-03 -0.10133E-04  0.99812E+00 -0.14667E-01  0.99679E+00 
   12.00  0.14992E+02 -0.22519E-01 -0.24481E-04 -0.74048E-03  0.99811E+00  0.27548E-03 -0.75830E-05  0.99781E+00 -0.14896E-01  0.99637E+00 
   13.00  0.13401E+02 -0.26943E-01 -0.33217E-04 -0.88287E-03  0.99793E+00  0.34333E-03 -0.29500E-05  0.99745E+00 -0.14809E-01  0.99591E+00 
   14.00  0.12013E+02 -0.32179E-01 -0.44407E-04 -0.95041E-03  0.99774E+00  0.46497E-03  0.33218E-05  0.99702E+00 -0.14652E-01  0.99539E+00 
   15.00  0.10752E+02 -0.38209E-01 -0.57363E-04 -0.93639E-03  0.99750E+00  0.61417E-03  0.10450E-04  0.99650E+00 -0.14562E-01  0.99474E+00 
   16.00  0.95996E+01 -0.44896E-01 -0.70663E-04 -0.84764E-03  0.99721E+00  0.75609E-03  0.17358E-04  0.99587E+00 -0.14528E-01  0.99395E+00 
   17.00  0.85625E+01 -0.51977E-01 -0.82258E-04 -0.70032E-03  0.99684E+00  0.85723E-03  0.22729E-04  0.99512E+00 -0.14408E-01  0.99299E+00 
   18.00  0.76503E+01 -0.59098E-01 -0.89930E-04 -0.51573E-03  0.99640E+00  0.89707E-03  0.25181E-04  0.99425E+00 -0.13996E-01  0.99186E+00 
   19.00  0.68590E+01 -0.65895E-01 -0.92026E-04 -0.31490E-03  0.99588E+00  0.87792E-03  0.23601E-04  0.99330E+00 -0.13132E-01  0.99058E+00 
   20.00  0.61685E+01 -0.72116E-01 -0.88120E-04 -0.11283E-03  0.99529E+00  0.82668E-03  0.17499E-04  0.99226E+00 -0.11794E-01  0.98917E+00 
   21.00  0.55498E+01 -0.77705E-01 -0.79068E-04  0.84409E-04  0.99463E+00  0.78522E-03  0.71720E-05  0.99113E+00 -0.10137E-01  0.98763E+00 
   22.00  0.49765E+01 -0.82793E-01 -0.66351E-04  0.27728E-03  0.99388E+00  0.79412E-03 -0.63864E-05  0.98988E+00 -0.84486E-02  0.98592E+00 
   23.00  0.44340E+01 -0.87649E-01 -0.51081E-04  0.46562E-03  0.99301E+00  0.87812E-03 -0.21673E-04  0.98847E+00 -0.70710E-02  0.98399E+00 
   24.00  0.39234E+01 -0.92603E-01 -0.33139E-04  0.63994E-03  0.99198E+00  0.10376E-02 -0.36786E-04  0.98685E+00 -0.63047E-02  0.98176E+00 
   25.00  0.34581E+01 -0.98004E-01 -0.10831E-04  0.77484E-03  0.99079E+00  0.12459E-02 -0.49481E-04  0.98498E+00 -0.63199E-02  0.97920E+00 
   26.00  0.30559E+01 -0.10418E+00  0.18616E-04  0.82951E-03  0.98944E+00  0.14541E-02 -0.57432E-04  0.98286E+00 -0.70594E-02  0.97632E+00 
   27.00  0.27311E+01 -0.11136E+00  0.57418E-04  0.76135E-03  0.98800E+00  0.16073E-02 -0.58998E-04  0.98055E+00 -0.81684E-02  0.97322E+00 
   28.00  0.24869E+01 -0.11958E+00  0.10479E-03  0.55269E-03  0.98658E+00  0.16731E-02 -0.54333E-04  0.97817E+00 -0.90479E-02  0.97007E+00 
   29.00  0.23144E+01 -0.12864E+00  0.15538E-03  0.23436E-03  0.98529E+00  0.16679E-02 -0.45922E-04  0.97580E+00 -0.90956E-02  0.96705E+00 
   30.00  0.21945E+01 -0.13814E+00  0.20037E-03 -0.11763E-03  0.98416E+00  0.16560E-02 -0.37622E-04  0.97351E+00 -0.80077E-02  0.96421E+00 
   31.00  0.21039E+01 -0.14766E+00  0.23061E-03 -0.41333E-03  0.98316E+00  0.17174E-02 -0.32619E-04  0.97125E+00 -0.59025E-02  0.96150E+00 
   32.00  0.20209E+01 -0.15687E+00  0.23934E-03 -0.58196E-03  0.98218E+00  0.19113E-02 -0.31761E-04  0.96894E+00 -0.31966E-02  0.95878E+00 
   33.00  0.19306E+01 -0.16558E+00  0.22307E-03 -0.58688E-03  0.98109E+00  0.22575E-02 -0.33004E-04  0.96650E+00 -0.39207E-03  0.95589E+00 
   34.00  0.18269E+01 -0.17368E+00  0.18149E-03 -0.42538E-03  0.97982E+00  0.27346E-02 -0.31624E-04  0.96388E+00  0.20809E-02  0.95274E+00 
   35.00  0.17112E+01 -0.18115E+00  0.11738E-03 -0.12494E-03  0.97830E+00  0.32862E-02 -0.20831E-04  0.96106E+00  0.39402E-02  0.94928E+00 
   36.00  0.15900E+01 -0.18803E+00  0.36813E-04  0.25900E-03  0.97651E+00  0.38305E-02  0.70968E-05  0.95804E+00  0.50862E-02  0.94549E+00 
   37.00  0.14713E+01 -0.19450E+00 -0.51015E-04  0.64744E-03  0.97448E+00  0.42778E-02  0.58789E-04  0.95483E+00  0.56146E-02  0.94141E+00 
   38.00  0.13614E+01 -0.20086E+00 -0.13543E-03  0.95056E-03  0.97226E+00  0.45564E-02  0.13701E-03  0.95142E+00  0.57903E-02  0.93707E+00 
   39.00  0.12636E+01 -0.20751E+00 -0.20743E-03  0.10908E-02  0.96993E+00  0.46412E-02  0.23825E-03  0.94774E+00  0.59583E-02  0.93243E+00 
   40.00  0.11778E+01 -0.21487E+00 -0.26317E-03  0.10277E-02  0.96752E+00  0.45676E-02  0.35217E-03  0.94368E+00  0.64061E-02  0.92743E+00 
   41.00  0.11021E+01 -0.22326E+00 -0.30567E-03  0.77230E-03  0.96505E+00  0.44212E-02  0.46373E-03  0.93913E+00  0.72372E-02  0.92195E+00 
   42.00  0.10338E+01 -0.23285E+00 -0.34352E-03  0.38272E-03  0.96249E+00  0.43043E-02  0.55694E-03  0.93396E+00  0.83249E-02  0.91586E+00 
   43.00  0.97090E+00 -0.24368E+00 -0.38718E-03 -0.53643E-04  0.95981E+00  0.42988E-02  0.61868E-03  0.92815E+00  0.93649E-02  0.90911E+00 
   44.00  0.91265E+00 -0.25564E+00 -0.44462E-03 -0.44251E-03  0.95697E+00  0.44368E-02  0.64159E-03  0.92175E+00  0.99954E-02  0.90169E+00 
   45.00  0.85938E+00 -0.26856E+00 -0.51768E-03 -0.70407E-03  0.95401E+00  0.46894E-02  0.62589E-03  0.91488E+00  0.99411E-02  0.89373E+00 
   46.00  0.81197E+00 -0.28221E+00 -0.60037E-03 -0.79154E-03  0.95097E+00  0.49736E-02  0.58012E-03  0.90776E+00  0.91344E-02  0.88540E+00 
   47.00  0.77104E+00 -0.29633E+00 -0.68006E-03 -0.70433E-03  0.94794E+00  0.51790E-02  0.51987E-03  0.90057E+00  0.77679E-02  0.87691E+00 
   48.00  0.73639E+00 -0.31066E+00 -0.74170E-03 -0.49004E-03  0.94496E+00  0.52059E-02  0.46410E-03  0.89343E+00  0.62414E-02  0.86838E+00 
   49.00  0.70686E+00 -0.32498E+00 -0.77353E-03 -0.23100E-03  0.94205E+00  0.50030E-02  0.42977E-03  0.88631E+00  0.50105E-02  0.85979E+00 
   50.00  0.68058E+00 -0.33915E+00 -0.77165E-03 -0.19060E-04  0.93916E+00  0.45839E-02  0.42680E-03  0.87904E+00  0.44061E-02  0.85098E+00 
   51.00  0.65543E+00 -0.35313E+00 -0.74129E-03  0.70842E-04  0.93620E+00  0.40188E-02  0.45582E-03  0.87133E+00  0.45123E-02  0.84168E+00 
   52.00  0.62965E+00 -0.36696E+00 -0.69487E-03 -0.17160E-05  0.93305E+00  0.34093E-02  0.50881E-03  0.86288E+00  0.51489E-02  0.83160E+00 
   53.00  0.60224E+00 -0.38075E+00 -0.64814E-03 -0.23620E-03  0.92964E+00  0.28588E-02  0.57174E-03  0.85344E+00  0.59409E-02  0.82052E+00 
   54.00  0.57308E+00 -0.39468E+00 -0.61611E-03 -0.59310E-03  0.92593E+00  0.24503E-02  0.62781E-03  0.84282E+00  0.64356E-02  0.80828E+00 
   55.00  0.54283E+00 -0.40891E+00 -0.60927E-03 -0.10012E-02  0.92194E+00  0.22307E-02  0.66068E-03  0.83096E+00  0.62308E-02  0.79487E+00 
   56.00  0.51260E+00 -0.42360E+00 -0.63067E-03 -0.13697E-02  0.91776E+00  0.22034E-02  0.65754E-03  0.81794E+00  0.50938E-02  0.78043E+00 
   57.00  0.48354E+00 -0.43881E+00 -0.67426E-03 -0.16064E-02  0.91349E+00  0.23286E-02  0.61192E-03  0.80392E+00  0.30458E-02  0.76518E+00 
   58.00  0.45654E+00 -0.45451E+00 -0.72548E-03 -0.16402E-02  0.90922E+00  0.25338E-02  0.52553E-03  0.78914E+00  0.37946E-03  0.74938E+00 
   59.00  0.43204E+00 -0.47053E+00 -0.76474E-03 -0.14420E-02  0.90500E+00  0.27345E-02  0.40793E-03  0.77385E+00 -0.24153E-02  0.73326E+00 
   60.00  0.41004E+00 -0.48661E+00 -0.77315E-03 -0.10356E-02  0.90081E+00  0.28599E-02  0.27379E-03  0.75822E+00 -0.48073E-02  0.71695E+00 
   61.00  0.39025E+00 -0.50244E+00 -0.73879E-03 -0.49105E-03  0.89661E+00  0.28750E-02  0.13829E-03  0.74231E+00 -0.64056E-02  0.70046E+00 
   62.00  0.37230E+00 -0.51772E+00 -0.66112E-03  0.94674E-04  0.89230E+00  0.27892E-02  0.12466E-04  0.72612E+00 -0.70965E-02  0.68368E+00 
   63.00  0.35588E+00 -0.53229E+00 -0.55239E-03  0.62522E-03  0.88785E+00  0.26505E-02 -0.99762E-04  0.70953E+00 -0.70865E-02  0.66649E+00 
   64.00  0.34092E+00 -0.54611E+00 -0.43595E-03  0.10289E-02  0.88331E+00  0.25280E-02 -0.20210E-03  0.69248E+00 -0.68473E-02  0.64882E+00 
   65.00  0.32755E+00 -0.55930E+00 -0.34183E-03  0.12746E-02  0.87885E+00  0.24886E-02 -0.30388E-03  0.67494E+00 -0.69848E-02  0.63071E+00 
   66.00  0.31601E+00 -0.57211E+00 -0.30050E-03  0.13764E-02  0.87469E+00  0.25757E-02 -0.41624E-03  0.65696E+00 -0.80665E-02  0.61230E+00 
   67.00  0.30656E+00 -0.58486E+00 -0.33569E-03  0.13852E-02  0.87113E+00  0.27934E-02 -0.54729E-03  0.63869E+00 -0.10452E-01  0.59381E+00 
   68.00  0.29928E+00 -0.59786E+00 -0.45823E-03  0.13699E-02  0.86836E+00  0.31052E-02 -0.69797E-03  0.62028E+00 -0.14181E-01  0.57546E+00 
   69.00  0.29402E+00 -0.61128E+00 -0.66336E-03  0.13927E-02  0.86647E+00  0.34460E-02 -0.86004E-03  0.60184E+00 -0.18960E-01  0.55736E+00 
   70.00  0.29039E+00 -0.62515E+00 -0.93293E-03  0.14889E-02  0.86533E+00  0.37456E-02 -0.10174E-02  0.58340E+00 -0.24275E-01  0.53947E+00 
   71.00  0.28779E+00 -0.63932E+00 -0.12415E-02  0.16578E-02  0.86469E+00  0.39515E-02 -0.11497E-02  0.56483E+00 -0.29557E-01  0.52159E+00 
   72.00  0.28557E+00 -0.65353E+00 -0.15632E-02  0.18689E-02  0.86423E+00  0.40438E-02 -0.12378E-02  0.54597E+00 -0.34345E-01  0.50341E+00 
   73.00  0.28312E+00 -0.66749E+00 -0.18773E-02  0.20763E-02  0.86360E+00  0.40364E-02 -0.12671E-02  0.52656E+00 -0.38380E-01  0.48463E+00 
   74.00  0.28000E+00 -0.68095E+00 -0.21698E-02  0.22359E-02  0.86258E+00  0.39686E-02 -0.12309E-02  0.50640E+00 -0.41620E-01  0.46498E+00 
   75.00  0.27605E+00 -0.69373E+00 -0.24325E-02  0.23188E-02  0.86103E+00  0.38912E-02 -0.11315E-02  0.48531E+00 -0.44186E-01  0.44428E+00 
   76.00  0.27135E+00 -0.70579E+00 -0.26606E-02  0.23192E-02  0.85898E+00  0.38519E-02 -0.98063E-03  0.46319E+00 -0.46296E-01  0.42247E+00 
   77.00  0.26620E+00 -0.71719E+00 -0.28505E-02  0.22558E-02  0.85656E+00  0.38824E-02 -0.79905E-03  0.44000E+00 -0.48182E-01  0.39962E+00 
   78.00  0.26104E+00 -0.72807E+00 -0.29971E-02  0.21676E-02  0.85403E+00  0.39894E-02 -0.61505E-03  0.41583E+00 -0.50023E-01  0.37589E+00 
   79.00  0.25631E+00 -0.73860E+00 -0.30943E-02  0.21035E-02  0.85168E+00  0.41513E-02 -0.46102E-03  0.39081E+00 -0.51895E-01  0.35151E+00 
   80.00  0.25237E+00 -0.74898E+00 -0.31356E-02  0.21085E-02  0.84979E+00  0.43223E-02 -0.36830E-03  0.36511E+00 -0.53754E-01  0.32671E+00 
   81.00  0.24941E+00 -0.75928E+00 -0.31172E-02  0.22097E-02  0.84856E+00  0.44446E-02 -0.36124E-03  0.33894E+00 -0.55460E-01  0.30169E+00 
   82.00  0.24746E+00 -0.76948E+00 -0.30400E-02  0.24086E-02  0.84805E+00  0.44643E-02 -0.45243E-03  0.31246E+00 -0.56821E-01  0.27658E+00 
   83.00  0.24632E+00 -0.77944E+00 -0.29122E-02  0.26802E-02  0.84818E+00  0.43465E-02 -0.64081E-03  0.28579E+00 -0.57660E-01  0.25142E+00 
   84.00  0.24570E+00 -0.78892E+00 -0.27484E-02  0.29817E-02  0.84875E+00  0.40842E-02 -0.91330E-03  0.25898E+00 -0.57870E-01  0.22617E+00 
   85.00  0.24522E+00 -0.79761E+00 -0.25690E-02  0.32646E-02  0.84950E+00  0.36978E-02 -0.12488E-02  0.23203E+00 -0.57440E-01  0.20072E+00 
   86.00  0.24452E+00 -0.80524E+00 -0.23969E-02  0.34863E-02  0.85016E+00  0.32281E-02 -0.16228E-02  0.20489E+00 -0.56451E-01  0.17498E+00 
   87.00  0.24332E+00 -0.81157E+00 -0.22550E-02  0.36182E-02  0.85051E+00  0.27269E-02 -0.20113E-02  0.17753E+00 -0.55058E-01  0.14887E+00 
   88.00  0.24145E+00 -0.81645E+00 -0.21636E-02  0.36482E-02  0.85041E+00  0.22460E-02 -0.23925E-02  0.14988E+00 -0.53457E-01  0.12237E+00 
   89.00  0.23887E+00 -0.81980E+00 -0.21382E-02  0.35796E-02  0.84979E+00  0.18299E-02 -0.27484E-02  0.12193E+00 -0.51854E-01  0.95481E-01 
   90.00  0.23571E+00 -0.82164E+00 -0.21873E-02  0.34276E-02  0.84867E+00  0.15102E-02 -0.30637E-02  0.93665E-01 -0.50437E-01  0.68289E-01 
   91.00  0.23215E+00 -0.82205E+00 -0.23114E-02  0.32137E-02  0.84715E+00  0.13026E-02 -0.33263E-02  0.65117E-01 -0.49355E-01  0.40898E-01 
   92.00  0.22846E+00 -0.82119E+00 -0.25015E-02  0.29603E-02  0.84538E+00  0.12069E-02 -0.35268E-02  0.36340E-01 -0.48700E-01  0.13448E-01 
   93.00  0.22490E+00 -0.81926E+00 -0.27405E-02  0.26860E-02  0.84355E+00  0.12084E-02 -0.36584E-02  0.74193E-02 -0.48497E-01 -0.13908E-01 
   94.00  0.22171E+00 -0.81648E+00 -0.30045E-02  0.24026E-02  0.84186E+00  0.12825E-02 -0.37183E-02 -0.21538E-01 -0.48700E-01 -0.41023E-01 
   95.00  0.21905E+00 -0.81303E+00 -0.32665E-02  0.21144E-02  0.84047E+00  0.14002E-02 -0.37074E-02 -0.50410E-01 -0.49208E-01 -0.67766E-01 
   96.00  0.21701E+00 -0.80906E+00 -0.35011E-02  0.18198E-02  0.83949E+00  0.15341E-02 -0.36312E-02 -0.79066E-01 -0.49877E-01 -0.94040E-01 
   97.00  0.21558E+00 -0.80465E+00 -0.36885E-02  0.15151E-02  0.83896E+00  0.16631E-02 -0.34992E-02 -0.10739E+00 -0.50555E-01 -0.11978E+00 
   98.00  0.21467E+00 -0.79980E+00 -0.38168E-02  0.11982E-02  0.83885E+00  0.17747E-02 -0.33243E-02 -0.13526E+00 -0.51099E-01 -0.14495E+00 
   99.00  0.21414E+00 -0.79444E+00 -0.38836E-02  0.87210E-03  0.83907E+00  0.18653E-02 -0.31209E-02 -0.16262E+00 -0.51404E-01 -0.16953E+00 
  100.00  0.21381E+00 -0.78848E+00 -0.38939E-02  0.54611E-03  0.83948E+00  0.19370E-02 -0.29038E-02 -0.18938E+00 -0.51409E-01 -0.19353E+00 
  101.00  0.21351E+00 -0.78180E+00 -0.38581E-02  0.23519E-03  0.83995E+00  0.19948E-02 -0.26866E-02 -0.21553E+00 -0.51097E-01 -0.21696E+00 
  102.00  0.21306E+00 -0.77427E+00 -0.37884E-02 -0.42158E-04  0.84034E+00  0.20425E-02 -0.24806E-02 -0.24103E+00 -0.50491E-01 -0.23980E+00 
  103.00  0.21235E+00 -0.76581E+00 -0.36963E-02 -0.26698E-03  0.84054E+00  0.20811E-02 -0.22942E-02 -0.26591E+00 -0.49644E-01 -0.26207E+00 
  104.00  0.21128E+00 -0.75636E+00 -0.35899E-02 -0.42302E-03  0.84047E+00  0.21072E-02 -0.21326E-02 -0.29015E+00 -0.48623E-01 -0.28376E+00 
  105.00  0.20983E+00 -0.74589E+00 -0.34735E-02 -0.49939E-03  0.84009E+00  0.21132E-02 -0.19976E-02 -0.31380E+00 -0.47505E-01 -0.30485E+00 
  106.00  0.20801E+00 -0.73440E+00 -0.33467E-02 -0.49243E-03  0.83940E+00  0.20890E-02 -0.18882E-02 -0.33687E+00 -0.46367E-01 -0.32534E+00 
  107.00  0.20587E+00 -0.72196E+00 -0.32052E-02 -0.40656E-03  0.83840E+00  0.20236E-02 -0.18004E-02 -0.35938E+00 -0.45279E-01 -0.34524E+00 
  108.00  0.20351E+00 -0.70864E+00 -0.30420E-02 -0.25398E-03  0.83715E+00  0.19070E-02 -0.17282E-02 -0.38136E+00 -0.44301E-01 -0.36455E+00 
  109.00  0.20102E+00 -0.69454E+00 -0.28488E-02 -0.53425E-04  0.83572E+00  0.17328E-02 -0.16638E-02 -0.40283E+00 -0.43480E-01 -0.38327E+00 
  110.00  0.19850E+00 -0.67978E+00 -0.26185E-02  0.17207E-03  0.83419E+00  0.14988E-02 -0.15991E-02 -0.42379E+00 -0.42847E-01 -0.40142E+00 
  111.00  0.19607E+00 -0.66451E+00 -0.23460E-02  0.39796E-03  0.83263E+00  0.12083E-02 -0.15257E-02 -0.44425E+00 -0.42412E-01 -0.41900E+00 
  112.00  0.19380E+00 -0.64886E+00 -0.20305E-02  0.60117E-03  0.83111E+00  0.87000E-03 -0.14363E-02 -0.46420E+00 -0.42172E-01 -0.43603E+00 
  113.00  0.19176E+00 -0.63295E+00 -0.16759E-02  0.76295E-03  0.82972E+00  0.49660E-03 -0.13254E-02 -0.48361E+00 -0.42103E-01 -0.45251E+00 
  114.00  0.19001E+00 -0.61691E+00 -0.12909E-02  0.87087E-03  0.82849E+00  0.10375E-03 -0.11896E-02 -0.50246E+00 -0.42171E-01 -0.46845E+00 
  115.00  0.18857E+00 -0.60082E+00 -0.88849E-03  0.91995E-03  0.82746E+00 -0.29191E-03 -0.10276E-02 -0.52072E+00 -0.42332E-01 -0.48383E+00 
  116.00  0.18744E+00 -0.58474E+00 -0.48477E-03  0.91254E-03  0.82664E+00 -0.67443E-03 -0.84077E-03 -0.53835E+00 -0.42539E-01 -0.49864E+00 
  117.00  0.18661E+00 -0.56873E+00 -0.97101E-04  0.85733E-03  0.82603E+00 -0.10300E-02 -0.63205E-03 -0.55534E+00 -0.42748E-01 -0.51287E+00 
  118.00  0.18607E+00 -0.55281E+00  0.25752E-03  0.76748E-03  0.82561E+00 -0.13476E-02 -0.40595E-03 -0.57165E+00 -0.42921E-01 -0.52651E+00 
  119.00  0.18578E+00 -0.53697E+00  0.56407E-03  0.65854E-03  0.82537E+00 -0.16198E-02 -0.16788E-03 -0.58729E+00 -0.43033E-01 -0.53953E+00 
  120.00  0.18572E+00 -0.52121E+00  0.81077E-03  0.54639E-03  0.82527E+00 -0.18421E-02  0.76182E-04 -0.60223E+00 -0.43070E-01 -0.55195E+00 
  121.00  0.18585E+00 -0.50551E+00  0.98997E-03  0.44554E-03  0.82529E+00 -0.20129E-02  0.32001E-03 -0.61650E+00 -0.43031E-01 -0.56377E+00 
  122.00  0.18613E+00 -0.48985E+00  0.10985E-02  0.36788E-03  0.82541E+00 -0.21326E-02  0.55722E-03 -0.63012E+00 -0.42925E-01 -0.57500E+00 
  123.00  0.18656E+00 -0.47422E+00  0.11376E-02  0.32210E-03  0.82561E+00 -0.22033E-02  0.78125E-03 -0.64311E+00 -0.42772E-01 -0.58568E+00 
  124.00  0.18710E+00 -0.45862E+00  0.11127E-02  0.31344E-03  0.82589E+00 -0.22281E-02  0.98535E-03 -0.65551E+00 -0.42594E-01 -0.59582E+00 
  125.00  0.18773E+00 -0.44303E+00  0.10327E-02  0.34383E-03  0.82624E+00 -0.22110E-02  0.11625E-02 -0.66735E+00 -0.42417E-01 -0.60548E+00 
  126.00  0.18845E+00 -0.42746E+00  0.90897E-03  0.41232E-03  0.82667E+00 -0.21565E-02  0.13056E-02 -0.67868E+00 -0.42264E-01 -0.61469E+00 
  127.00  0.18926E+00 -0.41192E+00  0.75484E-03  0.51548E-03  0.82717E+00 -0.20697E-02  0.14073E-02 -0.68952E+00 -0.42156E-01 -0.62350E+00 
  128.00  0.19014E+00 -0.39644E+00  0.58419E-03  0.64794E-03  0.82776E+00 -0.19561E-02  0.14608E-02 -0.69992E+00 -0.42108E-01 -0.63193E+00 
  129.00  0.19109E+00 -0.38104E+00  0.41076E-03  0.80283E-03  0.82845E+00 -0.18216E-02  0.14600E-02 -0.70990E+00 -0.42126E-01 -0.64003E+00 
  130.00  0.19211E+00 -0.36575E+00  0.24729E-03  0.97232E-03  0.82923E+00 -0.16726E-02  0.13998E-02 -0.71948E+00 -0.42210E-01 -0.64780E+00 
  131.00  0.19320E+00 -0.35060E+00  0.10485E-03  0.11480E-02  0.83010E+00 -0.15153E-02  0.12770E-02 -0.72866E+00 -0.42354E-01 -0.65526E+00 
  132.00  0.19436E+00 -0.33562E+00 -0.75628E-05  0.13216E-02  0.83108E+00 -0.13558E-02  0.10908E-02 -0.73747E+00 -0.42542E-01 -0.66240E+00 
  133.00  0.19558E+00 -0.32085E+00 -0.83287E-04  0.14851E-02  0.83215E+00 -0.11997E-02  0.84233E-03 -0.74589E+00 -0.42757E-01 -0.66922E+00 
  134.00  0.19685E+00 -0.30632E+00 -0.11803E-03  0.16316E-02  0.83330E+00 -0.10519E-02  0.53577E-03 -0.75392E+00 -0.42972E-01 -0.67572E+00 
  135.00  0.19817E+00 -0.29204E+00 -0.10979E-03  0.17554E-02  0.83452E+00 -0.91631E-03  0.17760E-03 -0.76157E+00 -0.43164E-01 -0.68187E+00 
  136.00  0.19952E+00 -0.27804E+00 -0.58592E-04  0.18525E-02  0.83578E+00 -0.79578E-03 -0.22333E-03 -0.76884E+00 -0.43306E-01 -0.68765E+00 
  137.00  0.20091E+00 -0.26433E+00  0.33667E-04  0.19207E-02  0.83708E+00 -0.69224E-03 -0.65620E-03 -0.77570E+00 -0.43374E-01 -0.69306E+00 
  138.00  0.20231E+00 -0.25093E+00  0.16353E-03  0.19593E-02  0.83838E+00 -0.60662E-03 -0.11087E-02 -0.78218E+00 -0.43348E-01 -0.69807E+00 
  139.00  0.20372E+00 -0.23783E+00  0.32617E-03  0.19696E-02  0.83967E+00 -0.53896E-03 -0.15674E-02 -0.78826E+00 -0.43212E-01 -0.70269E+00 
  140.00  0.20513E+00 -0.22506E+00  0.51565E-03  0.19538E-02  0.84092E+00 -0.48849E-03 -0.20186E-02 -0.79395E+00 -0.42956E-01 -0.70690E+00 
  141.00  0.20653E+00 -0.21261E+00  0.72506E-03  0.19153E-02  0.84212E+00 -0.45364E-03 -0.24487E-02 -0.79925E+00 -0.42578E-01 -0.71069E+00 
  142.00  0.20792E+00 -0.20049E+00  0.94682E-03  0.18579E-02  0.84325E+00 -0.43209E-03 -0.28450E-02 -0.80418E+00 -0.42079E-01 -0.71407E+00 
  143.00  0.20930E+00 -0.18870E+00  0.11729E-02  0.17855E-02  0.84429E+00 -0.42082E-03 -0.31962E-02 -0.80873E+00 -0.41467E-01 -0.71705E+00 
  144.00  0.21065E+00 -0.17725E+00  0.13954E-02  0.17022E-02  0.84524E+00 -0.41627E-03 -0.34930E-02 -0.81292E+00 -0.40751E-01 -0.71962E+00 
  145.00  0.21199E+00 -0.16615E+00  0.16064E-02  0.16117E-02  0.84609E+00 -0.41450E-03 -0.37285E-02 -0.81675E+00 -0.39945E-01 -0.72179E+00 
  146.00  0.21332E+00 -0.15542E+00  0.17990E-02  0.15172E-02  0.84682E+00 -0.41154E-03 -0.38985E-02 -0.82023E+00 -0.39062E-01 -0.72358E+00 
  147.00  0.21464E+00 -0.14505E+00  0.19674E-02  0.14213E-02  0.84745E+00 -0.40373E-03 -0.40018E-02 -0.82337E+00 -0.38116E-01 -0.72500E+00 
  148.00  0.21595E+00 -0.13506E+00  0.21072E-02  0.13258E-02  0.84797E+00 -0.38810E-03 -0.40398E-02 -0.82619E+00 -0.37119E-01 -0.72605E+00 
  149.00  0.21726E+00 -0.12544E+00  0.22158E-02  0.12320E-02  0.84838E+00 -0.36268E-03 -0.40163E-02 -0.82869E+00 -0.36082E-01 -0.72676E+00 
  150.00  0.21858E+00 -0.11621E+00  0.22925E-02  0.11397E-02  0.84870E+00 -0.32672E-03 -0.39372E-02 -0.83089E+00 -0.35015E-01 -0.72714E+00 
  151.00  0.21991E+00 -0.10736E+00  0.23383E-02  0.10485E-02  0.84893E+00 -0.28075E-03 -0.38097E-02 -0.83281E+00 -0.33926E-01 -0.72721E+00 
  152.00  0.22125E+00 -0.98882E-01  0.23555E-02  0.95653E-03  0.84907E+00 -0.22652E-03 -0.36422E-02 -0.83446E+00 -0.32820E-01 -0.72698E+00 
  153.00  0.22261E+00 -0.90768E-01  0.23480E-02  0.86188E-03  0.84913E+00 -0.16671E-03 -0.34436E-02 -0.83586E+00 -0.31701E-01 -0.72650E+00 
  154.00  0.22399E+00 -0.83004E-01  0.23199E-02  0.76224E-03  0.84913E+00 -0.10467E-03 -0.32230E-02 -0.83705E+00 -0.30574E-01 -0.72577E+00 
  155.00  0.22538E+00 -0.75577E-01  0.22757E-02  0.65549E-03  0.84906E+00 -0.43914E-04 -0.29896E-02 -0.83805E+00 -0.29440E-01 -0.72483E+00 
  156.00  0.22680E+00 -0.68472E-01  0.22193E-02  0.53997E-03  0.84895E+00  0.12218E-04 -0.27522E-02 -0.83889E+00 -0.28297E-01 -0.72372E+00 
  157.00  0.22824E+00 -0.61679E-01  0.21539E-02  0.41468E-03  0.84879E+00  0.60954E-04 -0.25190E-02 -0.83959E+00 -0.27144E-01 -0.72245E+00 
  158.00  0.22971E+00 -0.55190E-01  0.20816E-02  0.27917E-03  0.84859E+00  0.10035E-03 -0.22972E-02 -0.84019E+00 -0.25976E-01 -0.72105E+00 
  159.00  0.23121E+00 -0.49004E-01  0.20034E-02  0.13338E-03  0.84836E+00  0.12942E-03 -0.20926E-02 -0.84071E+00 -0.24787E-01 -0.71955E+00 
  160.00  0.23274E+00 -0.43125E-01  0.19195E-02 -0.22738E-04  0.84810E+00  0.14816E-03 -0.19089E-02 -0.84116E+00 -0.23569E-01 -0.71797E+00 
  161.00  0.23432E+00 -0.37562E-01  0.18297E-02 -0.18950E-03  0.84783E+00  0.15740E-03 -0.17480E-02 -0.84156E+00 -0.22317E-01 -0.71632E+00 
  162.00  0.23594E+00 -0.32328E-01  0.17333E-02 -0.36766E-03  0.84754E+00  0.15856E-03 -0.16092E-02 -0.84192E+00 -0.21022E-01 -0.71462E+00 
  163.00  0.23762E+00 -0.27435E-01  0.16303E-02 -0.55836E-03  0.84724E+00  0.15340E-03 -0.14899E-02 -0.84224E+00 -0.19680E-01 -0.71288E+00 
  164.00  0.23935E+00 -0.22898E-01  0.15211E-02 -0.76283E-03  0.84693E+00  0.14370E-03 -0.13860E-02 -0.84253E+00 -0.18291E-01 -0.71110E+00 
  165.00  0.24114E+00 -0.18732E-01  0.14066E-02 -0.98193E-03  0.84661E+00  0.13104E-03 -0.12924E-02 -0.84278E+00 -0.16855E-01 -0.70929E+00 
  166.00  0.24299E+00 -0.14950E-01  0.12882E-02 -0.12157E-02  0.84630E+00  0.11667E-03 -0.12040E-02 -0.84300E+00 -0.15378E-01 -0.70746E+00 
  167.00  0.24489E+00 -0.11565E-01  0.11677E-02 -0.14630E-02  0.84598E+00  0.10148E-03 -0.11162E-02 -0.84320E+00 -0.13870E-01 -0.70563E+00 
  168.00  0.24685E+00 -0.85905E-02  0.10466E-02 -0.17214E-02  0.84567E+00  0.86078E-04 -0.10256E-02 -0.84336E+00 -0.12344E-01 -0.70378E+00 
  169.00  0.24886E+00 -0.60396E-02  0.92614E-03 -0.19872E-02  0.84536E+00  0.70891E-04 -0.93000E-03 -0.84350E+00 -0.10816E-01 -0.70193E+00 
  170.00  0.25090E+00 -0.39222E-02  0.80720E-03 -0.22559E-02  0.84506E+00  0.56299E-04 -0.82856E-03 -0.84361E+00 -0.93044E-02 -0.70007E+00 
  171.00  0.25295E+00 -0.22418E-02  0.69034E-03 -0.25226E-02  0.84477E+00  0.42714E-04 -0.72176E-03 -0.84369E+00 -0.78283E-02 -0.69821E+00 
  172.00  0.25499E+00 -0.99038E-03  0.57614E-03 -0.27820E-02  0.84449E+00  0.30586E-04 -0.61111E-03 -0.84373E+00 -0.64098E-02 -0.69636E+00 
  173.00  0.25699E+00 -0.14323E-03  0.46553E-03 -0.30289E-02  0.84424E+00  0.20345E-04 -0.49907E-03 -0.84374E+00 -0.50720E-02 -0.69453E+00 
  174.00  0.25889E+00  0.34426E-03  0.36007E-03 -0.32580E-02  0.84400E+00  0.12300E-04 -0.38891E-03 -0.84370E+00 -0.38395E-02 -0.69277E+00 
  175.00  0.26065E+00  0.53699E-03  0.26214E-03 -0.34643E-02  0.84379E+00  0.65456E-05 -0.28456E-03 -0.84364E+00 -0.27377E-02 -0.69110E+00 
  176.00  0.26220E+00  0.51638E-03  0.17484E-03 -0.36425E-02  0.84362E+00  0.29106E-05 -0.19040E-03 -0.84355E+00 -0.17918E-02 -0.68961E+00 
  177.00  0.26349E+00  0.37248E-03  0.10173E-03 -0.37877E-02  0.84348E+00  0.98256E-06 -0.11101E-03 -0.84345E+00 -0.10262E-02 -0.68835E+00 
  178.00  0.26446E+00  0.19324E-03  0.46360E-04 -0.38952E-02  0.84337E+00  0.20336E-06 -0.50649E-04 -0.84337E+00 -0.46212E-03 -0.68739E+00 
  179.00  0.26506E+00  0.52641E-04  0.11770E-04 -0.39613E-02  0.84331E+00  0.13073E-07 -0.12867E-04 -0.84331E+00 -0.11646E-03 -0.68678E+00 
  180.00  0.26526E+00  0.13412E-14  0.29323E-15 -0.39837E-02  0.84329E+00  0.81060E-29 -0.32061E-15 -0.84329E+00 -0.28941E-14 -0.68658E+00 
 scattering matrix expansion coefficients
    w  a11         a22         a33         a23         a32         a44         a12         a34         a13         a24         a14
    0  0.1000E+01  0.0000E+00  0.0000E+00  0.0000E+00  0.0000E+00  0.7857E+00  0.0000E+00  0.0000E+00  0.0000E+00  0.0000E+00  0.4012E-04
    1  0.2173E+01  0.0000E+00  0.0000E+00  0.0000E+00  0.0000E+00  0.2350E+01  0.0000E+00  0.0000E+00  0.0000E+00  0.0000E+00 -0.5150E-03
    2  0.3098E+01  0.2344E+00  0.3869E+01 -0.1854E-07  0.4784E-02  0.3082E+01 -0.3392E+00 -0.1672E-01 -0.7874E-03 -0.4541E-03 -0.1081E-02
    3  0.3559E+01  0.4470E-01  0.3988E+01  0.7003E-08  0.2080E-02  0.3555E+01 -0.1575E+00  0.4586E-02 -0.2840E-03  0.3479E-03 -0.1031E-02
    4  0.3814E+01  0.1773E-01  0.4152E+01  0.3937E-07  0.9022E-03  0.3795E+01 -0.1298E+00 -0.2220E-02  0.5539E-03  0.4144E-03 -0.1016E-02
    5  0.3850E+01 -0.7360E-02  0.4141E+01 -0.3097E-07  0.6326E-03  0.3872E+01 -0.1576E+00 -0.6308E-02 -0.3263E-03  0.2999E-03 -0.9355E-03
    6  0.3822E+01  0.6753E-02  0.4039E+01 -0.3126E-07 -0.2472E-03  0.3833E+01 -0.1506E+00 -0.2606E-01 -0.1725E-04 -0.7542E-03 -0.2134E-02
    7  0.3748E+01  0.1289E-01  0.3910E+01  0.7048E-08  0.5765E-03  0.3738E+01 -0.1154E+00 -0.3131E-01  0.6991E-04  0.3964E-03 -0.1812E-02
    8  0.3613E+01  0.5153E-02  0.3753E+01  0.1120E-07  0.1340E-02  0.3609E+01 -0.9751E-01 -0.3695E-01  0.2848E-03 -0.3987E-03 -0.1286E-02
    9  0.3419E+01 -0.8422E-03  0.3547E+01  0.6322E-08  0.1898E-02  0.3429E+01 -0.1011E+00 -0.3975E-01 -0.3138E-03 -0.2491E-03 -0.6481E-03
   10  0.3211E+01  0.6705E-02  0.3312E+01 -0.3323E-07  0.2330E-02  0.3208E+01 -0.9339E-01 -0.4431E-01  0.2547E-04  0.2039E-03 -0.4615E-03
   11  0.2990E+01  0.1633E-02  0.3076E+01  0.7528E-08  0.1405E-02  0.2993E+01 -0.8206E-01 -0.4710E-01 -0.4458E-03  0.1007E-03 -0.3631E-04
   12  0.2791E+01  0.2822E-02  0.2859E+01  0.9511E-08  0.4191E-03  0.2790E+01 -0.6587E-01 -0.4761E-01 -0.7476E-03  0.3684E-03  0.3655E-03
   13  0.2610E+01  0.3775E-02  0.2663E+01  0.1983E-07  0.5460E-03  0.2604E+01 -0.4854E-01 -0.4462E-01 -0.6303E-04 -0.1343E-03  0.5334E-03
   14  0.2436E+01  0.2638E-02  0.2481E+01 -0.1384E-07  0.6029E-03  0.2431E+01 -0.4233E-01 -0.4397E-01  0.8668E-04 -0.1493E-03  0.5682E-03
   15  0.2269E+01 -0.1480E-02  0.2311E+01  0.5648E-08  0.4231E-03  0.2273E+01 -0.4572E-01 -0.4490E-01 -0.9759E-04  0.3052E-03  0.1413E-02
   16  0.2134E+01  0.1374E-02  0.2165E+01 -0.9027E-09  0.7939E-03  0.2135E+01 -0.3924E-01 -0.4580E-01 -0.3452E-04  0.1073E-04  0.1798E-02
   17  0.2028E+01  0.2096E-02  0.2051E+01  0.2324E-08  0.1116E-02  0.2027E+01 -0.2875E-01 -0.4320E-01  0.1704E-04 -0.2116E-03  0.1490E-02
   18  0.1943E+01 -0.4970E-03  0.1964E+01 -0.1427E-07  0.1254E-02  0.1946E+01 -0.1855E-01 -0.4042E-01  0.2699E-03 -0.2839E-03  0.1193E-02
   19  0.1872E+01  0.8741E-04  0.1890E+01  0.1112E-07  0.1172E-02  0.1873E+01 -0.2681E-02 -0.3838E-01  0.2454E-03 -0.2858E-04  0.8721E-03
   20  0.1793E+01  0.3678E-02  0.1808E+01  0.6349E-08  0.1177E-02  0.1786E+01  0.1313E-01 -0.3488E-01 -0.4241E-05  0.4544E-04  0.3149E-03
   21  0.1679E+01  0.1007E-02  0.1696E+01 -0.1017E-07  0.1247E-02  0.1675E+01  0.1116E-01 -0.3035E-01 -0.7721E-04 -0.3006E-04 -0.2932E-03
   22  0.1537E+01 -0.1972E-02  0.1558E+01 -0.8926E-08  0.1174E-02  0.1541E+01 -0.2879E-03 -0.2630E-01  0.1727E-04 -0.5262E-04 -0.1040E-02
   23  0.1392E+01 -0.1339E-03  0.1410E+01 -0.4264E-08  0.8643E-03  0.1393E+01 -0.5637E-02 -0.2188E-01  0.1657E-04  0.1761E-05 -0.1775E-02
   24  0.1247E+01  0.1914E-02  0.1262E+01 -0.2436E-09  0.4844E-03  0.1244E+01 -0.8581E-02 -0.1761E-01 -0.3611E-04 -0.9086E-05 -0.2197E-02
   25  0.1102E+01 -0.2090E-03  0.1116E+01 -0.8295E-09  0.2550E-03  0.1101E+01 -0.1872E-01 -0.1543E-01 -0.2730E-04 -0.9096E-04 -0.2209E-02
   26  0.9660E+00 -0.2356E-02  0.9801E+00 -0.1738E-08  0.7450E-04  0.9697E+00 -0.2918E-01 -0.1548E-01 -0.3719E-04 -0.1648E-03 -0.1897E-02
   27  0.8536E+00 -0.1640E-02  0.8649E+00 -0.1811E-08 -0.7804E-04  0.8566E+00 -0.3003E-01 -0.1549E-01 -0.5741E-04 -0.1153E-03 -0.1289E-02
   28  0.7632E+00  0.1667E-03  0.7712E+00 -0.2669E-08  0.2585E-04  0.7634E+00 -0.2374E-01 -0.1414E-01  0.4010E-05  0.3192E-04 -0.6780E-03
   29  0.6851E+00  0.4752E-03  0.6916E+00 -0.2132E-08  0.3415E-03  0.6848E+00 -0.1909E-01 -0.1269E-01  0.8186E-04  0.1341E-03 -0.5579E-03
   30  0.6147E+00 -0.4270E-04  0.6206E+00 -0.1818E-11  0.4301E-03  0.6152E+00 -0.1742E-01 -0.1272E-01  0.8404E-04  0.1276E-03 -0.9646E-03
   31  0.5524E+00 -0.2010E-03  0.5575E+00  0.1058E-08  0.5455E-05  0.5529E+00 -0.1465E-01 -0.1371E-01 -0.8699E-05  0.6005E-04 -0.1423E-02
   32  0.4964E+00  0.1923E-03  0.5004E+00  0.7799E-09 -0.6714E-03  0.4957E+00 -0.9081E-02 -0.1371E-01 -0.9061E-04  0.5755E-05 -0.1549E-02
   33  0.4393E+00  0.3800E-03  0.4429E+00  0.2895E-09 -0.1186E-02  0.4378E+00 -0.3882E-02 -0.1150E-01 -0.1134E-03 -0.1732E-04 -0.1374E-02
   34  0.3748E+00  0.1747E-03  0.3787E+00 -0.4814E-09 -0.1339E-02  0.3735E+00 -0.2154E-02 -0.7714E-02 -0.8366E-04 -0.1825E-04 -0.1108E-02
   35  0.3025E+00 -0.1937E-03  0.3070E+00 -0.4824E-09 -0.1204E-02  0.3021E+00 -0.3978E-02 -0.3837E-02 -0.4207E-04 -0.8865E-05 -0.8621E-03
   36  0.2285E+00 -0.3734E-03  0.2330E+00 -0.2717E-09 -0.9332E-03  0.2287E+00 -0.6957E-02 -0.1027E-02 -0.8157E-05  0.1287E-06 -0.6424E-03
   37  0.1608E+00 -0.3311E-03  0.1646E+00 -0.5759E-10 -0.6490E-03  0.1612E+00 -0.8897E-02  0.4362E-03  0.9866E-05  0.8454E-05 -0.4348E-03
   38  0.1054E+00 -0.1662E-03  0.1083E+00  0.2329E-10 -0.4111E-03  0.1057E+00 -0.8965E-02  0.8806E-03  0.1654E-04  0.9888E-05 -0.2597E-03
   39  0.6443E-01 -0.1516E-04  0.6630E-01  0.1403E-09 -0.2390E-03  0.6454E-01 -0.7593E-02  0.7995E-03  0.1568E-04  0.8951E-05 -0.1320E-03
   40  0.3680E-01  0.7394E-04  0.3790E-01  0.2092E-09 -0.1273E-03  0.3675E-01 -0.5608E-02  0.5532E-03  0.1174E-04  0.5414E-05 -0.5641E-04
   41  0.1967E-01  0.9900E-04  0.2025E-01  0.1974E-09 -0.6248E-04  0.1955E-01 -0.3702E-02  0.3252E-03  0.7570E-05  0.2928E-05 -0.1876E-04
   42  0.9849E-02  0.8794E-04  0.1013E-01  0.1733E-09 -0.2834E-04  0.9733E-02 -0.2214E-02  0.1689E-03  0.4265E-05  0.1092E-05 -0.4343E-05
   43  0.4626E-02  0.6281E-04  0.4750E-02  0.1144E-09 -0.1185E-04  0.4537E-02 -0.1212E-02  0.7984E-04  0.2194E-05  0.3774E-06  0.7562E-07
   44  0.2041E-02  0.3898E-04  0.2089E-02  0.5960E-10 -0.4597E-05  0.1983E-02 -0.6105E-03  0.3462E-04  0.9859E-06  0.3791E-07  0.7134E-06
   45  0.8463E-03  0.2145E-04  0.8627E-03  0.2601E-10 -0.1651E-05  0.8132E-03 -0.2846E-03  0.1403E-04  0.4221E-06 -0.1965E-07  0.5436E-06
   46  0.3300E-03  0.1073E-04  0.3347E-03  0.1793E-10 -0.5453E-06  0.3130E-03 -0.1231E-03  0.5236E-05  0.1549E-06 -0.3177E-07  0.2741E-06
   47  0.1209E-03  0.4886E-05  0.1219E-03  0.1527E-10 -0.1671E-06  0.1130E-03 -0.4951E-04  0.1819E-05  0.5536E-07 -0.1777E-07  0.1246E-06
   48  0.4157E-04  0.2047E-05  0.4163E-04  0.1218E-10 -0.4769E-07  0.3820E-04 -0.1851E-04  0.5794E-06  0.1735E-07 -0.8596E-08  0.4557E-07
   49  0.1337E-04  0.7852E-06  0.1329E-04  0.6279E-11 -0.1192E-07  0.1206E-04 -0.6424E-05  0.1701E-06  0.4990E-08 -0.3077E-08  0.1527E-07
   50  0.4018E-05  0.2767E-06  0.3958E-05  0.1469E-11 -0.2946E-08  0.3549E-05 -0.2066E-05  0.4593E-07  0.1337E-08 -0.1115E-08  0.4580E-08
   51  0.1124E-05  0.8910E-07  0.1097E-05 -0.1189E-11 -0.6528E-09  0.9713E-06 -0.6147E-06  0.1193E-07  0.3372E-09 -0.2733E-09  0.1119E-08
   52  0.2936E-06  0.2621E-07  0.2839E-06 -0.1725E-11 -0.1450E-09  0.2482E-06 -0.1692E-06  0.2882E-08  0.7834E-10 -0.8570E-10  0.3007E-09
   53  0.7193E-07  0.7059E-08  0.6888E-07 -0.1231E-11 -0.4488E-10  0.5957E-07 -0.4342E-07  0.8971E-09  0.2301E-10 -0.1464E-10  0.4752E-10
   54  0.1760E-07  0.1756E-08  0.1682E-07 -0.6187E-12 -0.1331E-10  0.1452E-07 -0.1072E-07  0.2695E-09  0.5889E-11 -0.5141E-11  0.2207E-10
   55  0.3855E-08  0.4020E-09  0.3642E-08 -0.2186E-12 -0.5057E-11  0.3150E-08 -0.2468E-08  0.1173E-09  0.1684E-11 -0.1853E-12 -0.6316E-12
   56  0.1484E-08  0.1243E-09  0.1435E-08 -0.4677E-13 -0.1715E-11  0.1266E-08 -0.8549E-09  0.4112E-10  0.4007E-12 -0.1043E-11  0.4498E-11
   57  0.2042E-09  0.1905E-10  0.1912E-09  0.2988E-14 -0.4762E-12  0.1724E-09 -0.1338E-09  0.1379E-10  0.2723E-13  0.4439E-13 -0.3094E-12
   58  0.2105E-09  0.1910E-10  0.2019E-09  0.8745E-14 -0.1419E-12  0.1766E-09 -0.1243E-09  0.4689E-11 -0.9896E-14 -0.2299E-12  0.8053E-12
   59  0.9594E-11  0.8104E-12  0.8770E-11  0.5328E-14 -0.2645E-13  0.8414E-11 -0.6383E-11  0.9409E-12 -0.1424E-13  0.2856E-14 -0.2393E-13
   60  0.2465E-10  0.2855E-11  0.2313E-10  0.2142E-14 -0.7181E-14  0.1954E-10 -0.1585E-10  0.3412E-12 -0.4676E-14 -0.2843E-13  0.8682E-13
   61  0.2671E-12  0.2010E-13  0.2338E-12  0.6662E-15 -0.8258E-15  0.2469E-12 -0.1767E-12  0.3335E-13 -0.1700E-14  0.9773E-16 -0.8294E-15
   62  0.1844E-11  0.2516E-12  0.1676E-11  0.2024E-15 -0.2748E-15  0.1381E-11 -0.1264E-11  0.1646E-13 -0.4065E-15 -0.2062E-14  0.5753E-14
   63  0.1536E-14 -0.3266E-15  0.3940E-15  0.6856E-16 -0.2552E-16  0.3009E-14 -0.5962E-16  0.5629E-15 -0.1442E-15 -0.1468E-16 -0.5861E-17
   64  0.1111E-12  0.1830E-13  0.1010E-12  0.1500E-16  0.1024E-17  0.7876E-13 -0.8201E-13  0.7090E-15 -0.3194E-16 -0.1293E-15  0.3216E-15
