 input file is 
mstm7_512_8400_182_0064.inp   
 input file comments follow:
***********************************************************
  This is the default mstm input file for v.3.0.
  The run is for a 7-sphere cluster of identical spheres.   The positions
  are embedded in the input file.

  The run makes use of the new_run and multiple_run options.

  14 April 2013
***********************************************************
 number of processors:
   1
 input parameters for run number 
    1
 number of spheres, volume size parameter:
  512  0.67200E+01
 position file:
position/n512/a7.out                                        
 output file:
output/512/x8400/182/0064/mt_7_512_8400_182_0064.dat        
 length, ref. indx. scale factors:
   0.840   1.820   0.064
 chiral factors:
  0.00000E+00  0.00000E+00
 scattering matrix directions based on incident frame
 automatic scattering angle calculation
 thetamin, thetamax:
      0.0    180.0
 number scattering angles:
      181
 epsmie, epssoln, max number iterations:
  0.1000E-05  0.1000E-07 5000
 medium refractive index:
  1.0000  0.0000
 target euler rotation angles:
    0.0000    0.0000    0.0000
 far field kr, iterations/correction:
 -0.1000E+01   20
 plane wave incidence
 random orientation calculations
 t matrix calculated from end of file 
tmatrixfiles/751284001820064                                
 t matrix convergence epsilon:
  0.1000E-06
 all spheres excited (total T matrix) 
 calculation results for run 
    1
 total ext, abs, scat efficiencies, w.r.t. xv, and asym. parm
  0.89194E+01  0.12448E+01  0.76746E+01  0.74829E+00
 scattering matrix elements (normalized w/ S11)
   theta      11           12           13           14           22           23           24           33           34           44      
    0.00  0.22932E+03  0.00000E+00  0.00000E+00 -0.16191E-03  0.99984E+00  0.18354E-04  0.00000E+00  0.99984E+00  0.00000E+00  0.99972E+00 
    1.00  0.21592E+03 -0.26865E-04 -0.22740E-06 -0.15524E-03  0.99983E+00 -0.20416E-04 -0.16121E-07  0.99983E+00  0.17514E-03  0.99969E+00 
    2.00  0.18036E+03 -0.10294E-03 -0.97799E-06 -0.13308E-03  0.99978E+00 -0.14768E-03 -0.21424E-06  0.99977E+00  0.68221E-03  0.99959E+00 
    3.00  0.13423E+03 -0.22875E-03 -0.24714E-05 -0.90669E-04  0.99968E+00 -0.39585E-03 -0.10976E-05  0.99967E+00  0.14438E-02  0.99941E+00 
    4.00  0.90355E+02 -0.47390E-03 -0.50812E-05 -0.30173E-04  0.99954E+00 -0.80669E-03 -0.35670E-05  0.99951E+00  0.22425E-02  0.99912E+00 
    5.00  0.57389E+02 -0.11414E-02 -0.90911E-05  0.77603E-05  0.99932E+00 -0.13623E-02 -0.82453E-05  0.99925E+00  0.25858E-02  0.99869E+00 
    6.00  0.37493E+02 -0.28817E-02 -0.13699E-04 -0.99882E-04  0.99902E+00 -0.18161E-02 -0.12528E-04  0.99891E+00  0.18278E-02  0.99813E+00 
    7.00  0.27677E+02 -0.59775E-02 -0.16313E-04 -0.46243E-03  0.99869E+00 -0.17521E-02 -0.86778E-05  0.99856E+00  0.14985E-03  0.99753E+00 
    8.00  0.23104E+02 -0.94328E-02 -0.15354E-04 -0.94496E-03  0.99833E+00 -0.12290E-02  0.65586E-05  0.99826E+00 -0.12265E-02  0.99694E+00 
    9.00  0.19986E+02 -0.12248E-01 -0.11509E-04 -0.13135E-02  0.99791E+00 -0.74532E-03  0.26154E-04  0.99791E+00 -0.19250E-02  0.99624E+00 
   10.00  0.16713E+02 -0.14360E-01 -0.43559E-05 -0.14491E-02  0.99737E+00 -0.58975E-03  0.40836E-04  0.99739E+00 -0.25785E-02  0.99528E+00 
   11.00  0.13365E+02 -0.16193E-01  0.87310E-05 -0.12968E-02  0.99669E+00 -0.76495E-03  0.41753E-04  0.99661E+00 -0.37237E-02  0.99399E+00 
   12.00  0.10609E+02 -0.18513E-01  0.29892E-04 -0.86952E-03  0.99595E+00 -0.10521E-02  0.22742E-04  0.99562E+00 -0.52498E-02  0.99248E+00 
   13.00  0.88521E+01 -0.22264E-01  0.54761E-04 -0.36587E-03  0.99533E+00 -0.10671E-02 -0.88307E-05  0.99463E+00 -0.64401E-02  0.99111E+00 
   14.00  0.79985E+01 -0.27702E-01  0.71335E-04 -0.96921E-04  0.99491E+00 -0.61266E-03 -0.29892E-04  0.99393E+00 -0.69422E-02  0.99017E+00 
   15.00  0.76284E+01 -0.34083E-01  0.71601E-04 -0.15110E-03  0.99456E+00  0.66988E-04 -0.26396E-04  0.99347E+00 -0.74431E-02  0.98949E+00 
   16.00  0.73046E+01 -0.40693E-01  0.57781E-04 -0.36191E-03  0.99406E+00  0.63402E-03 -0.65213E-05  0.99301E+00 -0.87478E-02  0.98866E+00 
   17.00  0.67872E+01 -0.47402E-01  0.36293E-04 -0.54980E-03  0.99331E+00  0.95983E-03  0.13439E-04  0.99229E+00 -0.11016E-01  0.98738E+00 
   18.00  0.60757E+01 -0.54339E-01  0.13865E-04 -0.62693E-03  0.99234E+00  0.10805E-02  0.20537E-04  0.99117E+00 -0.13872E-01  0.98557E+00 
   19.00  0.53127E+01 -0.61495E-01 -0.20700E-05 -0.59065E-03  0.99125E+00  0.10884E-02  0.91707E-05  0.98967E+00 -0.16608E-01  0.98332E+00 
   20.00  0.46420E+01 -0.68544E-01 -0.44895E-05 -0.50968E-03  0.99020E+00  0.10630E-02 -0.15184E-04  0.98790E+00 -0.18299E-01  0.98091E+00 
   21.00  0.41209E+01 -0.74989E-01  0.80230E-05 -0.48676E-03  0.98925E+00  0.10259E-02 -0.36383E-04  0.98611E+00 -0.18164E-01  0.97859E+00 
   22.00  0.37243E+01 -0.80515E-01  0.27298E-04 -0.57870E-03  0.98832E+00  0.94374E-03 -0.38766E-04  0.98444E+00 -0.16097E-01  0.97643E+00 
   23.00  0.34039E+01 -0.85193E-01  0.38941E-04 -0.74497E-03  0.98725E+00  0.79267E-03 -0.19765E-04  0.98293E+00 -0.12883E-01  0.97433E+00 
   24.00  0.31339E+01 -0.89478E-01  0.30041E-04 -0.88003E-03  0.98603E+00  0.61974E-03  0.95402E-05  0.98152E+00 -0.99866E-02  0.97226E+00 
   25.00  0.29103E+01 -0.94186E-01 -0.36512E-05 -0.89482E-03  0.98479E+00  0.53480E-03  0.34413E-04  0.98010E+00 -0.89772E-02  0.97020E+00 
   26.00  0.27250E+01 -0.10024E+00 -0.54376E-04 -0.78243E-03  0.98361E+00  0.62386E-03  0.47932E-04  0.97852E+00 -0.10584E-01  0.96804E+00 
   27.00  0.25545E+01 -0.10812E+00 -0.10739E-03 -0.60500E-03  0.98242E+00  0.85880E-03  0.53767E-04  0.97655E+00 -0.14103E-01  0.96550E+00 
   28.00  0.23754E+01 -0.11743E+00 -0.15112E-03 -0.41141E-03  0.98102E+00  0.10973E-02  0.57048E-04  0.97407E+00 -0.17892E-01  0.96231E+00 
   29.00  0.21840E+01 -0.12709E+00 -0.18231E-03 -0.18033E-03  0.97931E+00  0.11612E-02  0.53919E-04  0.97111E+00 -0.20423E-01  0.95845E+00 
   30.00  0.19975E+01 -0.13595E+00 -0.20311E-03  0.14936E-03  0.97738E+00  0.92957E-03  0.32117E-04  0.96789E+00 -0.21044E-01  0.95423E+00 
   31.00  0.18363E+01 -0.14357E+00 -0.21352E-03  0.58387E-03  0.97540E+00  0.41589E-03 -0.14835E-04  0.96471E+00 -0.20201E-01  0.95007E+00 
   32.00  0.17067E+01 -0.15057E+00 -0.20650E-03  0.10139E-02  0.97351E+00 -0.21763E-03 -0.72375E-04  0.96167E+00 -0.18973E-01  0.94616E+00 
   33.00  0.16006E+01 -0.15813E+00 -0.17250E-03  0.12867E-02  0.97165E+00 -0.74683E-03 -0.10970E-03  0.95868E+00 -0.18190E-01  0.94232E+00 
   34.00  0.15067E+01 -0.16697E+00 -0.11241E-03  0.13567E-02  0.96973E+00 -0.99850E-03 -0.10470E-03  0.95551E+00 -0.18001E-01  0.93830E+00 
   35.00  0.14205E+01 -0.17692E+00 -0.47281E-04  0.13561E-02  0.96780E+00 -0.90478E-03 -0.64163E-04  0.95206E+00 -0.18229E-01  0.93403E+00 
   36.00  0.13430E+01 -0.18736E+00 -0.13548E-04  0.15130E-02  0.96599E+00 -0.51371E-03 -0.20763E-04  0.94834E+00 -0.18866E-01  0.92962E+00 
   37.00  0.12744E+01 -0.19780E+00 -0.41588E-04  0.19650E-02  0.96437E+00  0.26826E-04 -0.77140E-05  0.94435E+00 -0.20103E-01  0.92512E+00 
   38.00  0.12099E+01 -0.20817E+00 -0.13315E-03  0.26252E-02  0.96278E+00  0.53659E-03 -0.31446E-04  0.94000E+00 -0.21994E-01  0.92032E+00 
   39.00  0.11438E+01 -0.21861E+00 -0.25924E-03  0.32300E-02  0.96098E+00  0.89522E-03 -0.67492E-04  0.93514E+00 -0.24265E-01  0.91494E+00 
   40.00  0.10751E+01 -0.22924E+00 -0.37804E-03  0.35212E-02  0.95880E+00  0.10844E-02 -0.81100E-04  0.92967E+00 -0.26523E-01  0.90884E+00 
   41.00  0.10084E+01 -0.24010E+00 -0.45623E-03  0.34186E-02  0.95628E+00  0.11557E-02 -0.53022E-04  0.92364E+00 -0.28558E-01  0.90213E+00 
   42.00  0.94954E+00 -0.25117E+00 -0.48278E-03  0.30809E-02  0.95360E+00  0.11656E-02  0.65540E-05  0.91726E+00 -0.30397E-01  0.89511E+00 
   43.00  0.89981E+00 -0.26239E+00 -0.47061E-03  0.27979E-02  0.95084E+00  0.11367E-02  0.64796E-04  0.91076E+00 -0.32074E-01  0.88795E+00 
   44.00  0.85463E+00 -0.27350E+00 -0.44420E-03  0.27761E-02  0.94784E+00  0.10838E-02  0.89323E-04  0.90426E+00 -0.33465E-01  0.88057E+00 
   45.00  0.80826E+00 -0.28414E+00 -0.42265E-03  0.30107E-02  0.94433E+00  0.10718E-02  0.67358E-04  0.89772E+00 -0.34455E-01  0.87282E+00 
   46.00  0.75975E+00 -0.29411E+00 -0.41116E-03  0.33354E-02  0.94028E+00  0.12314E-02  0.87222E-05  0.89111E+00 -0.35223E-01  0.86470E+00 
   47.00  0.71461E+00 -0.30372E+00 -0.40227E-03  0.35605E-02  0.93613E+00  0.16907E-02 -0.60527E-04  0.88448E+00 -0.36226E-01  0.85661E+00 
   48.00  0.68042E+00 -0.31380E+00 -0.38228E-03  0.35996E-02  0.93269E+00  0.24435E-02 -0.10928E-03  0.87796E+00 -0.37734E-01  0.84916E+00 
   49.00  0.66039E+00 -0.32515E+00 -0.34038E-03  0.35169E-02  0.93050E+00  0.32750E-02 -0.12078E-03  0.87155E+00 -0.39323E-01  0.84262E+00 
   50.00  0.65051E+00 -0.33780E+00 -0.27591E-03  0.34539E-02  0.92935E+00  0.38771E-02 -0.10984E-03  0.86502E+00 -0.40086E-01  0.83655E+00 
   51.00  0.64243E+00 -0.35110E+00 -0.19748E-03  0.35049E-02  0.92840E+00  0.40530E-02 -0.11781E-03  0.85799E+00 -0.39452E-01  0.83009E+00 
   52.00  0.62946E+00 -0.36444E+00 -0.11737E-03  0.36665E-02  0.92690E+00  0.37936E-02 -0.18828E-03  0.85019E+00 -0.37651E-01  0.82256E+00 
   53.00  0.61053E+00 -0.37778E+00 -0.47483E-04  0.38632E-02  0.92465E+00  0.32181E-02 -0.34069E-03  0.84156E+00 -0.35432E-01  0.81379E+00 
   54.00  0.58925E+00 -0.39163E+00  0.44496E-05  0.39899E-02  0.92198E+00  0.24944E-02 -0.55044E-03  0.83219E+00 -0.33453E-01  0.80401E+00 
   55.00  0.56974E+00 -0.40660E+00  0.42488E-04  0.39487E-02  0.91941E+00  0.17699E-02 -0.74872E-03  0.82211E+00 -0.31829E-01  0.79350E+00 
   56.00  0.55315E+00 -0.42286E+00  0.89321E-04  0.36874E-02  0.91718E+00  0.11140E-02 -0.85719E-03  0.81113E+00 -0.30209E-01  0.78224E+00 
   57.00  0.53748E+00 -0.43998E+00  0.18187E-03  0.32240E-02  0.91503E+00  0.50415E-03 -0.83978E-03  0.79885E+00 -0.28342E-01  0.76980E+00 
   58.00  0.52009E+00 -0.45724E+00  0.35299E-03  0.26508E-02  0.91247E+00 -0.11860E-03 -0.72860E-03  0.78500E+00 -0.26528E-01  0.75578E+00 
   59.00  0.50016E+00 -0.47402E+00  0.60745E-03  0.21237E-02  0.90921E+00 -0.76425E-03 -0.60947E-03  0.76971E+00 -0.25482E-01  0.74020E+00 
   60.00  0.47914E+00 -0.48991E+00  0.90380E-03  0.18314E-02  0.90532E+00 -0.13411E-02 -0.58227E-03  0.75364E+00 -0.25765E-01  0.72375E+00 
   61.00  0.45922E+00 -0.50474E+00  0.11579E-02  0.19251E-02  0.90118E+00 -0.16771E-02 -0.71132E-03  0.73776E+00 -0.27248E-01  0.70755E+00 
   62.00  0.44161E+00 -0.51848E+00  0.12786E-02  0.24263E-02  0.89713E+00 -0.16157E-02 -0.98661E-03  0.72278E+00 -0.29082E-01  0.69247E+00 
   63.00  0.42601E+00 -0.53129E+00  0.12162E-02  0.31866E-02  0.89327E+00 -0.11168E-02 -0.13248E-02  0.70879E+00 -0.30248E-01  0.67862E+00 
   64.00  0.41151E+00 -0.54350E+00  0.98593E-03  0.39454E-02  0.88947E+00 -0.28109E-03 -0.16137E-02  0.69517E+00 -0.30162E-01  0.66534E+00 
   65.00  0.39758E+00 -0.55558E+00  0.64934E-03  0.44452E-02  0.88559E+00  0.71158E-03 -0.17682E-02  0.68113E+00 -0.28849E-01  0.65169E+00 
   66.00  0.38457E+00 -0.56798E+00  0.27554E-03  0.45333E-02  0.88171E+00  0.16856E-02 -0.17650E-02  0.66610E+00 -0.26675E-01  0.63707E+00 
   67.00  0.37321E+00 -0.58096E+00 -0.90817E-04  0.42082E-02  0.87805E+00  0.25205E-02 -0.16433E-02  0.64997E+00 -0.24022E-01  0.62141E+00 
   68.00  0.36395E+00 -0.59442E+00 -0.43891E-03  0.35916E-02  0.87490E+00  0.31551E-02 -0.14752E-02  0.63299E+00 -0.21185E-01  0.60513E+00 
   69.00  0.35650E+00 -0.60797E+00 -0.77827E-03  0.28427E-02  0.87234E+00  0.35632E-02 -0.13203E-02  0.61546E+00 -0.18461E-01  0.58867E+00 
   70.00  0.34999E+00 -0.62115E+00 -0.11164E-02  0.20694E-02  0.87018E+00  0.37335E-02 -0.11961E-02  0.59745E+00 -0.16254E-01  0.57215E+00 
   71.00  0.34336E+00 -0.63361E+00 -0.14450E-02  0.12994E-02  0.86806E+00  0.36726E-02 -0.10809E-02  0.57879E+00 -0.15003E-01  0.55526E+00 
   72.00  0.33582E+00 -0.64525E+00 -0.17401E-02  0.51772E-03  0.86559E+00  0.34228E-02 -0.94374E-03  0.55919E+00 -0.14997E-01  0.53745E+00 
   73.00  0.32699E+00 -0.65605E+00 -0.19706E-02 -0.26943E-03  0.86245E+00  0.30646E-02 -0.77609E-03  0.53849E+00 -0.16210E-01  0.51826E+00 
   74.00  0.31696E+00 -0.66604E+00 -0.21058E-02 -0.99610E-03  0.85850E+00  0.26910E-02 -0.60550E-03  0.51683E+00 -0.18280E-01  0.49764E+00 
   75.00  0.30619E+00 -0.67523E+00 -0.21227E-02 -0.15489E-02  0.85379E+00  0.23636E-02 -0.48440E-03  0.49462E+00 -0.20637E-01  0.47597E+00 
   76.00  0.29528E+00 -0.68365E+00 -0.20118E-02 -0.18259E-02  0.84856E+00  0.20798E-02 -0.46025E-03  0.47232E+00 -0.22705E-01  0.45387E+00 
   77.00  0.28478E+00 -0.69146E+00 -0.17832E-02 -0.18074E-02  0.84316E+00  0.17747E-02 -0.54332E-03  0.45014E+00 -0.24078E-01  0.43183E+00 
   78.00  0.27508E+00 -0.69895E+00 -0.14655E-02 -0.15940E-02  0.83796E+00  0.13594E-02 -0.69158E-03  0.42788E+00 -0.24624E-01  0.40988E+00 
   79.00  0.26631E+00 -0.70641E+00 -0.10929E-02 -0.13779E-02  0.83322E+00  0.77193E-03 -0.82395E-03  0.40497E+00 -0.24479E-01  0.38761E+00 
   80.00  0.25846E+00 -0.71407E+00 -0.68546E-03 -0.13581E-02  0.82910E+00  0.11626E-04 -0.85699E-03  0.38083E+00 -0.23955E-01  0.36440E+00 
   81.00  0.25150E+00 -0.72196E+00 -0.23752E-03 -0.16447E-02  0.82564E+00 -0.85734E-03 -0.74538E-03  0.35522E+00 -0.23388E-01  0.33991E+00 
   82.00  0.24543E+00 -0.72996E+00  0.27338E-03 -0.22048E-02  0.82282E+00 -0.17243E-02 -0.50543E-03  0.32841E+00 -0.23001E-01  0.31435E+00 
   83.00  0.24024E+00 -0.73778E+00  0.85824E-03 -0.28779E-02  0.82057E+00 -0.24583E-02 -0.21071E-03  0.30108E+00 -0.22831E-01  0.28836E+00 
   84.00  0.23586E+00 -0.74511E+00  0.14869E-02 -0.34492E-02  0.81875E+00 -0.29350E-02  0.38127E-04  0.27393E+00 -0.22740E-01  0.26268E+00 
   85.00  0.23204E+00 -0.75158E+00  0.20794E-02 -0.37462E-02  0.81713E+00 -0.30639E-02  0.15533E-03  0.24740E+00 -0.22515E-01  0.23784E+00 
   86.00  0.22841E+00 -0.75682E+00  0.25265E-02 -0.37077E-02  0.81540E+00 -0.28111E-02  0.10407E-03  0.22153E+00 -0.21990E-01  0.21388E+00 
   87.00  0.22461E+00 -0.76051E+00  0.27290E-02 -0.33986E-02  0.81328E+00 -0.22117E-02 -0.91643E-04  0.19604E+00 -0.21125E-01  0.19051E+00 
   88.00  0.22038E+00 -0.76247E+00  0.26316E-02 -0.29736E-02  0.81059E+00 -0.13653E-02 -0.35862E-03  0.17055E+00 -0.20001E-01  0.16730E+00 
   89.00  0.21567E+00 -0.76275E+00  0.22396E-02 -0.26168E-02  0.80733E+00 -0.41460E-03 -0.60108E-03  0.14476E+00 -0.18762E-01  0.14386E+00 
   90.00  0.21065E+00 -0.76157E+00  0.16140E-02 -0.24810E-02  0.80368E+00  0.48737E-03 -0.73190E-03  0.11849E+00 -0.17545E-01  0.11994E+00 
   91.00  0.20560E+00 -0.75936E+00  0.85289E-03 -0.26438E-02  0.79994E+00  0.12133E-02 -0.69930E-03  0.91672E-01 -0.16438E-01  0.95437E-01 
   92.00  0.20080E+00 -0.75652E+00  0.67349E-04 -0.30915E-02  0.79641E+00  0.16879E-02 -0.50074E-03  0.64333E-01 -0.15486E-01  0.70344E-01 
   93.00  0.19647E+00 -0.75332E+00 -0.64043E-03 -0.37349E-02  0.79334E+00  0.18948E-02 -0.17787E-03  0.36596E-01 -0.14733E-01  0.44775E-01 
   94.00  0.19271E+00 -0.74984E+00 -0.11923E-02 -0.44523E-02  0.79081E+00  0.18636E-02  0.20621E-03  0.86916E-02 -0.14256E-01  0.18956E-01 
   95.00  0.18950E+00 -0.74596E+00 -0.15411E-02 -0.51382E-02  0.78881E+00  0.16455E-02  0.59659E-03 -0.19060E-01 -0.14185E-01 -0.67866E-02 
   96.00  0.18679E+00 -0.74149E+00 -0.16716E-02 -0.57345E-02  0.78720E+00  0.12941E-02  0.96770E-03 -0.46315E-01 -0.14673E-01 -0.32086E-01 
   97.00  0.18447E+00 -0.73634E+00 -0.15983E-02 -0.62322E-02  0.78585E+00  0.85727E-03  0.13255E-02 -0.72810E-01 -0.15846E-01 -0.56633E-01 
   98.00  0.18246E+00 -0.73052E+00 -0.13597E-02 -0.66472E-02  0.78463E+00  0.37963E-03  0.16908E-02 -0.98439E-01 -0.17741E-01 -0.80261E-01 
   99.00  0.18066E+00 -0.72417E+00 -0.10103E-02 -0.69894E-02  0.78351E+00 -0.93677E-04  0.20750E-02 -0.12329E+00 -0.20276E-01 -0.10300E+00 
  100.00  0.17903E+00 -0.71747E+00 -0.61044E-03 -0.72438E-02  0.78245E+00 -0.51888E-03  0.24606E-02 -0.14761E+00 -0.23257E-01 -0.12503E+00 
  101.00  0.17751E+00 -0.71050E+00 -0.21566E-03 -0.73738E-02  0.78149E+00 -0.86107E-03  0.27975E-02 -0.17169E+00 -0.26416E-01 -0.14665E+00 
  102.00  0.17607E+00 -0.70324E+00  0.13005E-03 -0.73425E-02  0.78064E+00 -0.11024E-02  0.30166E-02 -0.19584E+00 -0.29485E-01 -0.16815E+00 
  103.00  0.17470E+00 -0.69555E+00  0.39635E-03 -0.71375E-02  0.77991E+00 -0.12452E-02  0.30547E-02 -0.22021E+00 -0.32267E-01 -0.18975E+00 
  104.00  0.17336E+00 -0.68725E+00  0.56405E-03 -0.67852E-02  0.77929E+00 -0.13085E-02  0.28796E-02 -0.24485E+00 -0.34673E-01 -0.21154E+00 
  105.00  0.17207E+00 -0.67817E+00  0.62108E-03 -0.63445E-02  0.77878E+00 -0.13189E-02  0.25069E-02 -0.26963E+00 -0.36736E-01 -0.23346E+00 
  106.00  0.17082E+00 -0.66827E+00  0.56020E-03 -0.58850E-02  0.77837E+00 -0.13008E-02  0.19999E-02 -0.29432E+00 -0.38569E-01 -0.25533E+00 
  107.00  0.16962E+00 -0.65762E+00  0.38041E-03 -0.54601E-02  0.77806E+00 -0.12706E-02  0.14559E-02 -0.31862E+00 -0.40306E-01 -0.27692E+00 
  108.00  0.16851E+00 -0.64642E+00  0.91711E-04 -0.50873E-02  0.77789E+00 -0.12352E-02  0.98093E-03 -0.34224E+00 -0.42042E-01 -0.29799E+00 
  109.00  0.16752E+00 -0.63490E+00 -0.27926E-03 -0.47452E-02  0.77789E+00 -0.11954E-02  0.66283E-03 -0.36497E+00 -0.43792E-01 -0.31837E+00 
  110.00  0.16670E+00 -0.62326E+00 -0.68621E-03 -0.43877E-02  0.77810E+00 -0.11515E-02  0.54927E-03 -0.38671E+00 -0.45486E-01 -0.33796E+00 
  111.00  0.16608E+00 -0.61160E+00 -0.10657E-02 -0.39680E-02  0.77855E+00 -0.11080E-02  0.63762E-03 -0.40748E+00 -0.47000E-01 -0.35678E+00 
  112.00  0.16567E+00 -0.59989E+00 -0.13461E-02 -0.34610E-02  0.77924E+00 -0.10758E-02  0.87777E-03 -0.42741E+00 -0.48203E-01 -0.37495E+00 
  113.00  0.16545E+00 -0.58796E+00 -0.14613E-02 -0.28761E-02  0.78013E+00 -0.10703E-02  0.11861E-02 -0.44667E+00 -0.49011E-01 -0.39257E+00 
  114.00  0.16538E+00 -0.57560E+00 -0.13657E-02 -0.22532E-02  0.78115E+00 -0.11058E-02  0.14649E-02 -0.46541E+00 -0.49412E-01 -0.40974E+00 
  115.00  0.16538E+00 -0.56260E+00 -0.10453E-02 -0.16470E-02  0.78222E+00 -0.11888E-02  0.16212E-02 -0.48375E+00 -0.49472E-01 -0.42650E+00 
  116.00  0.16539E+00 -0.54881E+00 -0.52267E-03 -0.11062E-02  0.78327E+00 -0.13138E-02  0.15824E-02 -0.50169E+00 -0.49309E-01 -0.44281E+00 
  117.00  0.16537E+00 -0.53422E+00  0.14637E-03 -0.65874E-03  0.78422E+00 -0.14633E-02  0.13060E-02 -0.51916E+00 -0.49059E-01 -0.45856E+00 
  118.00  0.16529E+00 -0.51894E+00  0.88295E-03 -0.30677E-03  0.78505E+00 -0.16119E-02  0.78610E-03 -0.53604E+00 -0.48844E-01 -0.47364E+00 
  119.00  0.16517E+00 -0.50319E+00  0.15992E-02 -0.34244E-04  0.78579E+00 -0.17342E-02  0.56385E-04 -0.55220E+00 -0.48747E-01 -0.48797E+00 
  120.00  0.16503E+00 -0.48726E+00  0.22133E-02  0.17974E-03  0.78650E+00 -0.18113E-02 -0.81164E-03 -0.56757E+00 -0.48810E-01 -0.50148E+00 
  121.00  0.16493E+00 -0.47144E+00  0.26633E-02  0.34777E-03  0.78724E+00 -0.18366E-02 -0.17171E-02 -0.58210E+00 -0.49031E-01 -0.51422E+00 
  122.00  0.16491E+00 -0.45597E+00  0.29154E-02  0.46760E-03  0.78810E+00 -0.18158E-02 -0.25453E-02 -0.59584E+00 -0.49374E-01 -0.52623E+00 
  123.00  0.16503E+00 -0.44100E+00  0.29678E-02  0.52432E-03  0.78913E+00 -0.17652E-02 -0.31891E-02 -0.60886E+00 -0.49773E-01 -0.53764E+00 
  124.00  0.16530E+00 -0.42659E+00  0.28472E-02  0.49947E-03  0.79036E+00 -0.17058E-02 -0.35690E-02 -0.62126E+00 -0.50150E-01 -0.54854E+00 
  125.00  0.16572E+00 -0.41270E+00  0.26007E-02  0.38187E-03  0.79174E+00 -0.16571E-02 -0.36481E-02 -0.63314E+00 -0.50419E-01 -0.55900E+00 
  126.00  0.16626E+00 -0.39924E+00  0.22836E-02  0.17556E-03  0.79323E+00 -0.16308E-02 -0.34347E-02 -0.64456E+00 -0.50501E-01 -0.56904E+00 
  127.00  0.16689E+00 -0.38607E+00  0.19479E-02 -0.97795E-04  0.79474E+00 -0.16267E-02 -0.29760E-02 -0.65556E+00 -0.50339E-01 -0.57865E+00 
  128.00  0.16757E+00 -0.37303E+00  0.16329E-02 -0.40183E-03  0.79620E+00 -0.16325E-02 -0.23443E-02 -0.66613E+00 -0.49906E-01 -0.58776E+00 
  129.00  0.16825E+00 -0.36002E+00  0.13614E-02 -0.69151E-03  0.79754E+00 -0.16277E-02 -0.16233E-02 -0.67623E+00 -0.49212E-01 -0.59628E+00 
  130.00  0.16892E+00 -0.34695E+00  0.11397E-02 -0.92047E-03  0.79873E+00 -0.15900E-02 -0.89644E-03 -0.68583E+00 -0.48302E-01 -0.60414E+00 
  131.00  0.16954E+00 -0.33378E+00  0.96242E-03 -0.10482E-02  0.79978E+00 -0.15030E-02 -0.24039E-03 -0.69489E+00 -0.47247E-01 -0.61129E+00 
  132.00  0.17013E+00 -0.32054E+00  0.81750E-03 -0.10467E-02  0.80069E+00 -0.13611E-02  0.27993E-03 -0.70339E+00 -0.46131E-01 -0.61774E+00 
  133.00  0.17067E+00 -0.30725E+00  0.69057E-03 -0.90537E-03  0.80150E+00 -0.11700E-02  0.61597E-03 -0.71134E+00 -0.45035E-01 -0.62354E+00 
  134.00  0.17120E+00 -0.29396E+00  0.56765E-03 -0.63429E-03  0.80225E+00 -0.94347E-03  0.74087E-03 -0.71879E+00 -0.44016E-01 -0.62878E+00 
  135.00  0.17171E+00 -0.28072E+00  0.43659E-03 -0.26266E-03  0.80299E+00 -0.69851E-03  0.65404E-03 -0.72578E+00 -0.43107E-01 -0.63354E+00 
  136.00  0.17223E+00 -0.26758E+00  0.28830E-03  0.16626E-03  0.80375E+00 -0.45074E-03  0.38224E-03 -0.73236E+00 -0.42308E-01 -0.63793E+00 
  137.00  0.17278E+00 -0.25459E+00  0.11845E-03  0.60400E-03  0.80455E+00 -0.21296E-03 -0.24790E-04 -0.73858E+00 -0.41598E-01 -0.64201E+00 
  138.00  0.17335E+00 -0.24178E+00 -0.71063E-04  0.10066E-02  0.80542E+00  0.44126E-05 -0.50404E-03 -0.74445E+00 -0.40945E-01 -0.64583E+00 
  139.00  0.17396E+00 -0.22920E+00 -0.27198E-03  0.13427E-02  0.80637E+00  0.19244E-03 -0.99173E-03 -0.74999E+00 -0.40317E-01 -0.64942E+00 
  140.00  0.17462E+00 -0.21686E+00 -0.47166E-03  0.15977E-02  0.80738E+00  0.34379E-03 -0.14350E-02 -0.75521E+00 -0.39692E-01 -0.65277E+00 
  141.00  0.17532E+00 -0.20474E+00 -0.65666E-03  0.17734E-02  0.80846E+00  0.45420E-03 -0.17996E-02 -0.76013E+00 -0.39060E-01 -0.65590E+00 
  142.00  0.17604E+00 -0.19284E+00 -0.81615E-03  0.18843E-02  0.80956E+00  0.52399E-03 -0.20725E-02 -0.76479E+00 -0.38424E-01 -0.65880E+00 
  143.00  0.17679E+00 -0.18112E+00 -0.94353E-03  0.19519E-02  0.81065E+00  0.55794E-03 -0.22599E-02 -0.76920E+00 -0.37799E-01 -0.66149E+00 
  144.00  0.17756E+00 -0.16956E+00 -0.10361E-02  0.19992E-02  0.81171E+00  0.56322E-03 -0.23816E-02 -0.77339E+00 -0.37200E-01 -0.66396E+00 
  145.00  0.17835E+00 -0.15817E+00 -0.10937E-02  0.20452E-02  0.81271E+00  0.54655E-03 -0.24646E-02 -0.77737E+00 -0.36640E-01 -0.66619E+00 
  146.00  0.17917E+00 -0.14699E+00 -0.11181E-02  0.21004E-02  0.81364E+00  0.51255E-03 -0.25357E-02 -0.78112E+00 -0.36125E-01 -0.66817E+00 
  147.00  0.18005E+00 -0.13605E+00 -0.11134E-02  0.21652E-02  0.81450E+00  0.46424E-03 -0.26154E-02 -0.78462E+00 -0.35651E-01 -0.66986E+00 
  148.00  0.18098E+00 -0.12541E+00 -0.10876E-02  0.22299E-02  0.81529E+00  0.40538E-03 -0.27143E-02 -0.78786E+00 -0.35208E-01 -0.67126E+00 
  149.00  0.18199E+00 -0.11510E+00 -0.10520E-02  0.22786E-02  0.81601E+00  0.34268E-03 -0.28329E-02 -0.79084E+00 -0.34773E-01 -0.67235E+00 
  150.00  0.18307E+00 -0.10513E+00 -0.10203E-02  0.22946E-02  0.81667E+00  0.28621E-03 -0.29648E-02 -0.79358E+00 -0.34319E-01 -0.67316E+00 
  151.00  0.18424E+00 -0.95514E-01 -0.10042E-02  0.22670E-02  0.81727E+00  0.24751E-03 -0.31020E-02 -0.79611E+00 -0.33815E-01 -0.67372E+00 
  152.00  0.18548E+00 -0.86259E-01 -0.10103E-02  0.21946E-02  0.81781E+00  0.23594E-03 -0.32394E-02 -0.79844E+00 -0.33227E-01 -0.67407E+00 
  153.00  0.18681E+00 -0.77393E-01 -0.10374E-02  0.20852E-02  0.81833E+00  0.25507E-03 -0.33762E-02 -0.80059E+00 -0.32528E-01 -0.67424E+00 
  154.00  0.18821E+00 -0.68955E-01 -0.10761E-02  0.19517E-02  0.81881E+00  0.30064E-03 -0.35133E-02 -0.80258E+00 -0.31700E-01 -0.67426E+00 
  155.00  0.18970E+00 -0.60991E-01 -0.11110E-02  0.18059E-02  0.81929E+00  0.36104E-03 -0.36485E-02 -0.80439E+00 -0.30746E-01 -0.67416E+00 
  156.00  0.19127E+00 -0.53535E-01 -0.11246E-02  0.16532E-02  0.81975E+00  0.42062E-03 -0.37730E-02 -0.80604E+00 -0.29684E-01 -0.67394E+00 
  157.00  0.19292E+00 -0.46600E-01 -0.11026E-02  0.14912E-02  0.82020E+00  0.46431E-03 -0.38706E-02 -0.80754E+00 -0.28548E-01 -0.67361E+00 
  158.00  0.19464E+00 -0.40171E-01 -0.10379E-02  0.13118E-02  0.82063E+00  0.48190E-03 -0.39207E-02 -0.80889E+00 -0.27375E-01 -0.67316E+00 
  159.00  0.19643E+00 -0.34217E-01 -0.93274E-03  0.11049E-02  0.82101E+00  0.47012E-03 -0.39045E-02 -0.81012E+00 -0.26195E-01 -0.67261E+00 
  160.00  0.19826E+00 -0.28701E-01 -0.79791E-03  0.86311E-03  0.82133E+00  0.43201E-03 -0.38092E-02 -0.81123E+00 -0.25026E-01 -0.67193E+00 
  161.00  0.20015E+00 -0.23588E-01 -0.64880E-03  0.58396E-03  0.82158E+00  0.37457E-03 -0.36310E-02 -0.81222E+00 -0.23868E-01 -0.67112E+00 
  162.00  0.20208E+00 -0.18848E-01 -0.50132E-03  0.27113E-03  0.82176E+00  0.30604E-03 -0.33747E-02 -0.81308E+00 -0.22711E-01 -0.67016E+00 
  163.00  0.20406E+00 -0.14454E-01 -0.36814E-03 -0.66147E-04  0.82189E+00  0.23400E-03 -0.30517E-02 -0.81383E+00 -0.21540E-01 -0.66905E+00 
  164.00  0.20610E+00 -0.10384E-01 -0.25694E-03 -0.41494E-03  0.82196E+00  0.16440E-03 -0.26768E-02 -0.81445E+00 -0.20342E-01 -0.66779E+00 
  165.00  0.20820E+00 -0.66202E-02 -0.17036E-03 -0.76110E-03  0.82199E+00  0.10139E-03 -0.22662E-02 -0.81498E+00 -0.19107E-01 -0.66638E+00 
  166.00  0.21038E+00 -0.31618E-02 -0.10724E-03 -0.10916E-02  0.82198E+00  0.47628E-04 -0.18356E-02 -0.81541E+00 -0.17831E-01 -0.66482E+00 
  167.00  0.21264E+00 -0.27130E-04 -0.64407E-04 -0.13951E-02  0.82189E+00  0.50974E-05 -0.14010E-02 -0.81577E+00 -0.16513E-01 -0.66310E+00 
  168.00  0.21500E+00  0.27477E-02 -0.37947E-04 -0.16609E-02  0.82173E+00 -0.24368E-04 -0.98002E-03 -0.81605E+00 -0.15152E-01 -0.66119E+00 
  169.00  0.21748E+00  0.51214E-02 -0.23626E-04 -0.18764E-02  0.82146E+00 -0.39299E-04 -0.59310E-03 -0.81624E+00 -0.13747E-01 -0.65907E+00 
  170.00  0.22007E+00  0.70603E-02 -0.16597E-04 -0.20279E-02  0.82107E+00 -0.39826E-04 -0.26257E-03 -0.81634E+00 -0.12296E-01 -0.65671E+00 
  171.00  0.22278E+00  0.85389E-02 -0.11339E-04 -0.21035E-02  0.82054E+00 -0.28994E-04 -0.80880E-05 -0.81635E+00 -0.10804E-01 -0.65411E+00 
  172.00  0.22561E+00  0.95201E-02 -0.27964E-05 -0.20992E-02  0.81985E+00 -0.12759E-04  0.15940E-03 -0.81630E+00 -0.92764E-02 -0.65124E+00 
  173.00  0.22856E+00  0.99295E-02  0.11362E-04 -0.20223E-02  0.81899E+00  0.19747E-05  0.24201E-03 -0.81618E+00 -0.77257E-02 -0.64807E+00 
  174.00  0.23160E+00  0.96558E-02  0.28869E-04 -0.18913E-02  0.81797E+00  0.10323E-04  0.25458E-03 -0.81595E+00 -0.61711E-02 -0.64453E+00 
  175.00  0.23472E+00  0.86088E-02  0.43377E-04 -0.17307E-02  0.81682E+00  0.11391E-04  0.21981E-03 -0.81556E+00 -0.46451E-02 -0.64060E+00 
  176.00  0.23780E+00  0.68250E-02  0.47967E-04 -0.15652E-02  0.81561E+00  0.78505E-05  0.16142E-03 -0.81497E+00 -0.32009E-02 -0.63640E+00 
  177.00  0.24066E+00  0.45618E-02  0.39864E-04 -0.14153E-02  0.81445E+00  0.35310E-05  0.99074E-04 -0.81421E+00 -0.19179E-02 -0.63223E+00 
  178.00  0.24302E+00  0.23001E-02  0.23067E-04 -0.12968E-02  0.81348E+00  0.87862E-06  0.46461E-04 -0.81342E+00 -0.89462E-03 -0.62860E+00 
  179.00  0.24460E+00  0.62092E-03  0.67201E-05 -0.12209E-02  0.81283E+00  0.62646E-07  0.11961E-04 -0.81283E+00 -0.23055E-03 -0.62610E+00 
  180.00  0.24516E+00  0.15790E-13  0.17512E-15 -0.11947E-02  0.81261E+00  0.40166E-28  0.29924E-15 -0.81261E+00 -0.57735E-14 -0.62521E+00 
 scattering matrix expansion coefficients
    w  a11         a22         a33         a23         a32         a44         a12         a34         a13         a24         a14
    0  0.1000E+01  0.0000E+00  0.0000E+00  0.0000E+00  0.0000E+00  0.8091E+00  0.0000E+00  0.0000E+00  0.0000E+00  0.0000E+00 -0.2215E-04
    1  0.2245E+01  0.0000E+00  0.0000E+00  0.0000E+00  0.0000E+00  0.2371E+01  0.0000E+00  0.0000E+00  0.0000E+00  0.0000E+00  0.1731E-03
    2  0.3215E+01  0.1929E+00  0.3941E+01 -0.3287E-08 -0.5252E-03  0.3198E+01 -0.3155E+00 -0.1909E-01 -0.2374E-04 -0.1803E-03 -0.3130E-03
    3  0.3810E+01  0.3968E-01  0.4189E+01  0.1699E-06 -0.1914E-02  0.3822E+01 -0.1834E+00 -0.1358E-01 -0.1769E-03 -0.1854E-03 -0.2768E-02
    4  0.4319E+01  0.2627E-01  0.4569E+01 -0.6777E-08 -0.3373E-02  0.4310E+01 -0.1242E+00 -0.2800E-01 -0.6725E-04 -0.4090E-03 -0.3875E-02
    5  0.4697E+01  0.6937E-02  0.4898E+01  0.4569E-07 -0.3498E-02  0.4698E+01 -0.9582E-01 -0.1990E-01 -0.2054E-04  0.6581E-03 -0.2396E-02
    6  0.4991E+01  0.7998E-02  0.5156E+01 -0.1022E-06 -0.4097E-02  0.4983E+01 -0.8662E-01 -0.1742E-01 -0.2742E-03  0.1815E-04 -0.1789E-02
    7  0.5192E+01 -0.2121E-02  0.5339E+01 -0.2174E-06 -0.4521E-02  0.5203E+01 -0.9187E-01 -0.1456E-01  0.1248E-03  0.8183E-06 -0.1303E-02
    8  0.5369E+01  0.5673E-02  0.5484E+01  0.2405E-06 -0.4941E-02  0.5368E+01 -0.8115E-01 -0.1610E-01 -0.1835E-03 -0.2979E-03 -0.1091E-02
    9  0.5511E+01  0.9987E-03  0.5609E+01 -0.3288E-07 -0.5685E-02  0.5516E+01 -0.6950E-01 -0.1351E-01  0.2343E-03  0.2558E-03 -0.3822E-03
   10  0.5644E+01  0.4150E-02  0.5724E+01 -0.8991E-07 -0.5689E-02  0.5643E+01 -0.5226E-01 -0.1685E-01  0.6963E-03 -0.3438E-03 -0.7165E-03
   11  0.5751E+01  0.1220E-02  0.5823E+01  0.1001E-06 -0.6114E-02  0.5752E+01 -0.4256E-01 -0.1690E-01 -0.5740E-05  0.1964E-03 -0.5143E-03
   12  0.5841E+01  0.2472E-02  0.5903E+01  0.3026E-07 -0.6482E-02  0.5838E+01 -0.3261E-01 -0.1408E-01 -0.4392E-03  0.3613E-03 -0.1945E-03
   13  0.5902E+01 -0.3767E-04  0.5961E+01 -0.1014E-06 -0.6034E-02  0.5903E+01 -0.2928E-01 -0.8083E-02 -0.2032E-03 -0.2040E-03 -0.1103E-02
   14  0.5943E+01  0.2887E-03  0.5996E+01 -0.1586E-06 -0.4301E-02  0.5944E+01 -0.2780E-01 -0.5480E-02  0.2811E-03 -0.4813E-04 -0.1296E-02
   15  0.5961E+01 -0.2146E-03  0.6011E+01 -0.4719E-07 -0.2298E-02  0.5964E+01 -0.2463E-01 -0.3271E-02  0.6071E-03 -0.4003E-04 -0.5146E-03
   16  0.5970E+01  0.2073E-02  0.6013E+01 -0.1047E-06 -0.2004E-02  0.5969E+01 -0.1719E-01  0.3789E-03  0.1359E-03 -0.1327E-04 -0.5930E-05
   17  0.5967E+01  0.5001E-03  0.6008E+01  0.4172E-07 -0.2917E-02  0.5968E+01 -0.1267E-01  0.3884E-02 -0.6396E-03  0.1807E-03  0.1528E-03
   18  0.5961E+01  0.1338E-02  0.5997E+01 -0.6293E-07 -0.2747E-02  0.5960E+01 -0.4964E-02  0.4209E-02 -0.1557E-03 -0.7521E-04  0.3793E-03
   19  0.5938E+01  0.8119E-03  0.5972E+01  0.2857E-07 -0.1533E-02  0.5936E+01  0.2025E-02  0.5215E-02  0.4046E-03 -0.1200E-03  0.6714E-03
   20  0.5888E+01  0.1059E-02  0.5920E+01 -0.9114E-07 -0.4804E-03  0.5885E+01  0.3899E-02  0.6849E-02 -0.1221E-03  0.4791E-03  0.1504E-02
   21  0.5802E+01 -0.1025E-02  0.5836E+01 -0.4707E-07 -0.2448E-03  0.5801E+01 -0.4255E-02  0.9628E-02 -0.4143E-03 -0.1599E-03  0.1820E-02
   22  0.5696E+01 -0.1808E-02  0.5729E+01 -0.1595E-06 -0.1741E-03  0.5698E+01 -0.1351E-01  0.1186E-01  0.2762E-04  0.2490E-04  0.1864E-02
   23  0.5588E+01 -0.1310E-02  0.5618E+01 -0.8151E-07 -0.1812E-04  0.5591E+01 -0.1472E-01  0.1265E-01 -0.4471E-04  0.3527E-03  0.1706E-02
   24  0.5484E+01  0.2510E-02  0.5509E+01 -0.6587E-07 -0.1086E-03  0.5480E+01 -0.5177E-02  0.1119E-01 -0.2345E-03 -0.2036E-03  0.1208E-02
   25  0.5366E+01  0.1956E-02  0.5391E+01 -0.2920E-07  0.2504E-03  0.5362E+01 -0.2251E-02  0.9286E-02  0.7072E-04 -0.2379E-03  0.1044E-02
   26  0.5229E+01 -0.5334E-03  0.5255E+01 -0.5411E-07  0.1098E-02  0.5230E+01 -0.8125E-02  0.7641E-02  0.1124E-03  0.1535E-03  0.1563E-02
   27  0.5078E+01 -0.1333E-02  0.5104E+01  0.2205E-07  0.1819E-02  0.5080E+01 -0.1326E-01  0.7483E-02  0.1077E-04  0.3192E-04  0.1818E-02
   28  0.4919E+01  0.5186E-04  0.4943E+01  0.1757E-07  0.1756E-02  0.4919E+01 -0.1321E-01  0.7169E-02 -0.1619E-03 -0.2545E-04  0.1364E-02
   29  0.4751E+01  0.6789E-03  0.4774E+01  0.7129E-08  0.1117E-02  0.4751E+01 -0.1367E-01  0.4802E-02 -0.3259E-03 -0.8128E-04  0.3794E-03
   30  0.4582E+01  0.4737E-03  0.4602E+01  0.5788E-07  0.6361E-03  0.4581E+01 -0.1495E-01  0.2506E-02 -0.2273E-03 -0.1864E-03 -0.1654E-03
   31  0.4416E+01 -0.1092E-02  0.4436E+01  0.4606E-07  0.6510E-03  0.4418E+01 -0.1678E-01  0.3187E-02 -0.8884E-04 -0.6241E-04 -0.9685E-04
   32  0.4264E+01 -0.7254E-03  0.4282E+01  0.3324E-07  0.8099E-03  0.4266E+01 -0.1496E-01  0.6491E-02 -0.1252E-03  0.1126E-03 -0.1734E-03
   33  0.4126E+01  0.6458E-03  0.4141E+01  0.3143E-07  0.1026E-02  0.4126E+01 -0.9399E-02  0.1111E-01 -0.1437E-03  0.6761E-04 -0.4929E-03
   34  0.4000E+01  0.1075E-02  0.4013E+01 -0.1424E-08  0.1627E-02  0.3998E+01 -0.3086E-02  0.1532E-01 -0.2468E-05 -0.1005E-03 -0.9058E-03
   35  0.3880E+01  0.3533E-03  0.3893E+01  0.1536E-07  0.2520E-02  0.3880E+01  0.1169E-02  0.1845E-01  0.3282E-04 -0.1044E-03 -0.1250E-02
   36  0.3767E+01  0.1174E-03  0.3779E+01  0.7118E-08  0.3399E-02  0.3766E+01  0.4813E-02  0.2050E-01  0.2201E-04 -0.6168E-04 -0.1466E-02
   37  0.3658E+01 -0.4208E-03  0.3668E+01 -0.5327E-08  0.3950E-02  0.3657E+01  0.7352E-02  0.2194E-01  0.7404E-04 -0.1410E-03 -0.1797E-02
   38  0.3550E+01 -0.7719E-03  0.3560E+01  0.6021E-08  0.4108E-02  0.3550E+01  0.9431E-02  0.2232E-01  0.1273E-03 -0.1491E-03 -0.2180E-02
   39  0.3441E+01 -0.6858E-03  0.3451E+01  0.2490E-07  0.4110E-02  0.3441E+01  0.1198E-01  0.2125E-01  0.8365E-04 -0.7184E-04 -0.2453E-02
   40  0.3325E+01 -0.6523E-04  0.3334E+01  0.1621E-07  0.4116E-02  0.3324E+01  0.1507E-01  0.1916E-01 -0.2857E-04 -0.7102E-04 -0.2767E-02
   41  0.3195E+01  0.9202E-04  0.3204E+01 -0.1504E-07  0.4121E-02  0.3193E+01  0.1584E-01  0.1699E-01 -0.8709E-04 -0.2056E-03 -0.3249E-02
   42  0.3048E+01  0.7707E-04  0.3058E+01 -0.1619E-07  0.4119E-02  0.3047E+01  0.1415E-01  0.1483E-01 -0.3167E-04 -0.2965E-03 -0.3510E-02
   43  0.2887E+01 -0.1273E-03  0.2898E+01 -0.1911E-07  0.4111E-02  0.2887E+01  0.1136E-01  0.1269E-01  0.6761E-04 -0.1668E-03 -0.3207E-02
   44  0.2714E+01 -0.1452E-03  0.2725E+01 -0.1058E-07  0.4020E-02  0.2714E+01  0.9059E-02  0.1097E-01  0.8809E-04  0.1014E-04 -0.2633E-02
   45  0.2532E+01 -0.1045E-03  0.2543E+01 -0.7911E-08  0.3820E-02  0.2533E+01  0.7133E-02  0.1004E-01  0.1866E-04  0.8295E-04 -0.2194E-02
   46  0.2346E+01  0.1800E-03  0.2356E+01 -0.1717E-07  0.3609E-02  0.2346E+01  0.6107E-02  0.9837E-02 -0.4457E-04  0.3735E-04 -0.1990E-02
   47  0.2159E+01  0.6007E-03  0.2169E+01 -0.1564E-07  0.3456E-02  0.2159E+01  0.6525E-02  0.1022E-01 -0.6547E-04 -0.3595E-04 -0.1868E-02
   48  0.1973E+01  0.1057E-02  0.1982E+01 -0.1514E-07  0.3358E-02  0.1973E+01  0.8038E-02  0.1109E-01 -0.5565E-04 -0.6802E-04 -0.1710E-02
   49  0.1786E+01  0.1126E-02  0.1795E+01 -0.4802E-08  0.3195E-02  0.1786E+01  0.8393E-02  0.1228E-01 -0.5658E-04 -0.2373E-04 -0.1477E-02
   50  0.1597E+01  0.8660E-03  0.1606E+01  0.5967E-08  0.2881E-02  0.1598E+01  0.6140E-02  0.1339E-01 -0.5217E-04  0.4233E-04 -0.1201E-02
   51  0.1410E+01  0.4335E-03  0.1419E+01  0.2949E-08  0.2384E-02  0.1411E+01  0.1720E-02  0.1393E-01 -0.4054E-04  0.8406E-04 -0.8931E-03
   52  0.1232E+01  0.1903E-03  0.1240E+01  0.1680E-08  0.1778E-02  0.1233E+01 -0.2487E-02  0.1364E-01 -0.2741E-04  0.9909E-04 -0.5257E-03
   53  0.1067E+01  0.1244E-03  0.1075E+01  0.3305E-08  0.1210E-02  0.1069E+01 -0.4802E-02  0.1277E-01 -0.1324E-04  0.9860E-04 -0.1146E-03
   54  0.9190E+00  0.2531E-03  0.9255E+00  0.1514E-08  0.7889E-03  0.9205E+00 -0.4912E-02  0.1178E-01  0.9821E-05  0.9941E-04  0.2550E-03
   55  0.7857E+00  0.4140E-03  0.7913E+00 -0.2993E-08  0.5070E-03  0.7867E+00 -0.4062E-02  0.1102E-01  0.2859E-04  0.9877E-04  0.4814E-03
   56  0.6643E+00  0.4739E-03  0.6690E+00 -0.8376E-08  0.2901E-03  0.6648E+00 -0.3721E-02  0.1046E-01  0.2915E-04  0.8441E-04  0.5212E-03
   57  0.5531E+00  0.2935E-03  0.5573E+00 -0.8918E-08  0.8193E-04  0.5536E+00 -0.4719E-02  0.9824E-02  0.6568E-05  0.5978E-04  0.4261E-03
   58  0.4535E+00 -0.2147E-05  0.4574E+00 -0.8014E-08 -0.1016E-03  0.4544E+00 -0.6439E-02  0.8924E-02 -0.1528E-04  0.3224E-04  0.2864E-03
   59  0.3687E+00 -0.2135E-03  0.3721E+00 -0.4997E-08 -0.2314E-03  0.3699E+00 -0.7517E-02  0.7894E-02 -0.2114E-04  0.9409E-05  0.1759E-03
   60  0.3007E+00 -0.1904E-03  0.3034E+00 -0.1012E-08 -0.3009E-03  0.3017E+00 -0.6912E-02  0.7081E-02 -0.1398E-04 -0.3742E-05  0.1298E-03
   61  0.2486E+00 -0.1358E-04  0.2505E+00  0.2905E-08 -0.3241E-03  0.2492E+00 -0.4871E-02  0.6732E-02 -0.5835E-05 -0.6782E-05  0.1414E-03
   62  0.2089E+00  0.1628E-03  0.2102E+00  0.3866E-08 -0.3128E-03  0.2090E+00 -0.2524E-02  0.6743E-02 -0.1703E-05 -0.1286E-05  0.1813E-03
   63  0.1768E+00  0.2217E-03  0.1778E+00  0.3630E-08 -0.2770E-03  0.1767E+00 -0.9802E-03  0.6747E-02  0.1713E-06  0.6060E-05  0.2148E-03
   64  0.1490E+00  0.1789E-03  0.1499E+00  0.4075E-08 -0.2267E-03  0.1490E+00 -0.5463E-03  0.6401E-02  0.3491E-05  0.1179E-04  0.2245E-03
   65  0.1237E+00  0.9828E-04  0.1246E+00  0.4117E-08 -0.1781E-03  0.1239E+00 -0.8496E-03  0.5617E-02  0.6358E-05  0.1291E-04  0.2079E-03
   66  0.1007E+00  0.3906E-04  0.1016E+00  0.3601E-08 -0.1437E-03  0.1010E+00 -0.1311E-02  0.4560E-02  0.7044E-05  0.1062E-04  0.1751E-03
   67  0.8013E-01  0.1025E-04  0.8090E-01  0.2647E-08 -0.1267E-03  0.8046E-01 -0.1586E-02  0.3485E-02  0.4549E-05  0.5854E-05  0.1362E-03
   68  0.6215E-01  0.2683E-05  0.6281E-01  0.1662E-08 -0.1201E-03  0.6244E-01 -0.1611E-02  0.2573E-02  0.1021E-05  0.1208E-05  0.9946E-04
   69  0.4679E-01 -0.1812E-06  0.4733E-01  0.8392E-09 -0.1142E-03  0.4702E-01 -0.1486E-02  0.1883E-02 -0.1626E-05 -0.2401E-05  0.6845E-04
   70  0.3400E-01 -0.1865E-05  0.3442E-01  0.6324E-09 -0.1028E-03  0.3416E-01 -0.1305E-02  0.1381E-02 -0.2490E-05 -0.4097E-05  0.4471E-04
   71  0.2370E-01 -0.3411E-05  0.2402E-01  0.7656E-09 -0.8496E-04  0.2380E-01 -0.1114E-02  0.1009E-02 -0.1919E-05 -0.4391E-05  0.2756E-04
   72  0.1577E-01 -0.2716E-05  0.1599E-01  0.7358E-09 -0.6420E-04  0.1583E-01 -0.9200E-03  0.7216E-03 -0.8612E-06 -0.3698E-05  0.1606E-04
   73  0.9979E-02 -0.7170E-06  0.1013E-01  0.4670E-09 -0.4430E-04  0.1001E-01 -0.7244E-03  0.4955E-03  0.5764E-07 -0.2710E-05  0.8781E-05
   74  0.5991E-02  0.1664E-05  0.6083E-02  0.8684E-10 -0.2810E-04  0.6000E-02 -0.5366E-03  0.3224E-03  0.5344E-06 -0.1754E-05  0.4529E-05
   75  0.3409E-02  0.3169E-05  0.3462E-02 -0.1856E-09 -0.1646E-04  0.3409E-02 -0.3712E-03  0.1974E-03  0.6473E-06 -0.1037E-05  0.2196E-05
   76  0.1838E-02  0.3601E-05  0.1867E-02 -0.3021E-09 -0.8961E-05  0.1834E-02 -0.2392E-03  0.1134E-03  0.5444E-06 -0.5604E-06  0.1003E-05
   77  0.9403E-03  0.3170E-05  0.9546E-03 -0.2786E-09 -0.4548E-05  0.9354E-03 -0.1436E-03  0.6116E-04  0.3785E-06 -0.2816E-06  0.4296E-06
   78  0.4567E-03  0.2372E-05  0.4632E-03 -0.2084E-09 -0.2161E-05  0.4527E-03 -0.8055E-04  0.3100E-04  0.2292E-06 -0.1311E-06  0.1749E-06
   79  0.2109E-03  0.1562E-05  0.2136E-03 -0.1339E-09 -0.9643E-06  0.2081E-03 -0.4232E-04  0.1481E-04  0.1249E-06 -0.5756E-07  0.6809E-07
   80  0.9272E-04  0.9295E-06  0.9375E-04 -0.7566E-10 -0.4068E-06  0.9104E-04 -0.2089E-04  0.6679E-05  0.6210E-07 -0.2367E-07  0.2574E-07
   81  0.3887E-04  0.5061E-06  0.3922E-04 -0.3593E-10 -0.1628E-06  0.3795E-04 -0.9725E-05  0.2853E-05  0.2850E-07 -0.9204E-08  0.9226E-08
   82  0.1556E-04  0.2549E-06  0.1566E-04 -0.1229E-10 -0.6201E-07  0.1510E-04 -0.4282E-05  0.1156E-05  0.1213E-07 -0.3334E-08  0.3029E-08
   83  0.5960E-05  0.1194E-06  0.5981E-05  0.7747E-12 -0.2239E-07  0.5741E-05 -0.1788E-05  0.4460E-06  0.4759E-08 -0.1124E-08  0.8393E-09
   84  0.2188E-05  0.5244E-07  0.2188E-05  0.6511E-11 -0.7666E-08  0.2091E-05 -0.7099E-06  0.1643E-06  0.1736E-08 -0.3416E-09  0.2272E-09
   85  0.7711E-06  0.2173E-07  0.7685E-06  0.7385E-11 -0.2512E-08  0.7310E-06 -0.2689E-06  0.5791E-07  0.5847E-09 -0.1098E-09  0.5897E-10
   86  0.2615E-06  0.8558E-08  0.2596E-06  0.6355E-11 -0.8135E-09  0.2457E-06 -0.9748E-07  0.1957E-07  0.1784E-09 -0.4507E-10  0.3229E-10
   87  0.8547E-07  0.3212E-08  0.8449E-07  0.4695E-11 -0.2703E-09  0.7957E-07 -0.3397E-07  0.6382E-08  0.4696E-10 -0.2964E-10  0.2830E-10
   88  0.2725E-07  0.1148E-08  0.2683E-07  0.3179E-11 -0.9508E-10  0.2516E-07 -0.1148E-07  0.2060E-08  0.8874E-11 -0.2158E-10  0.2680E-10
   89  0.8699E-08  0.3890E-09  0.8536E-08  0.2058E-11 -0.3361E-10  0.7996E-08 -0.3848E-08  0.7018E-09 -0.5551E-12 -0.1393E-10  0.1811E-10
   90  0.3074E-08  0.1281E-09  0.3023E-08  0.1276E-11 -0.1059E-10  0.2851E-08 -0.1345E-08  0.2784E-09 -0.2334E-11 -0.7566E-11  0.9317E-11
   91  0.1106E-08  0.4008E-10  0.1087E-08  0.7627E-12 -0.1870E-11  0.1036E-08 -0.4996E-09  0.1246E-09 -0.1753E-11 -0.3679E-11  0.3515E-11
   92  0.6562E-09  0.1922E-10  0.6537E-09  0.4351E-12 -0.2109E-12  0.6284E-09 -0.2565E-09  0.6709E-10 -0.1362E-11 -0.1304E-11  0.6413E-12
   93  0.1928E-09  0.5128E-11  0.1897E-09  0.2308E-12  0.6769E-12  0.1841E-09 -0.8719E-10  0.2790E-10 -0.7215E-12 -0.5860E-12 -0.5083E-13
   94  0.1865E-09  0.6626E-11  0.1855E-09  0.1148E-12 -0.1641E-12  0.1772E-09 -0.7440E-10  0.1586E-10 -0.3657E-12 -0.1552E-12 -0.1606E-12
   95  0.2831E-10  0.8746E-12  0.2752E-10  0.5297E-13  0.1164E-12  0.2686E-10 -0.1373E-10  0.4505E-11 -0.1729E-12 -0.9789E-13 -0.6437E-13
   96  0.4360E-10  0.2138E-11  0.4289E-10  0.2251E-13 -0.1044E-12  0.4034E-10 -0.1898E-10  0.2857E-11 -0.5885E-13 -0.1456E-13 -0.6850E-13
   97  0.3822E-11  0.1645E-12  0.3649E-11  0.8897E-14  0.3210E-13  0.3542E-11 -0.1909E-11  0.5256E-12 -0.3377E-13 -0.9222E-14 -0.3020E-13
   98  0.7809E-11  0.4813E-12  0.7576E-11  0.3273E-14 -0.8704E-14  0.7017E-11 -0.3694E-11  0.4118E-12 -0.9899E-14  0.1325E-14 -0.1719E-13
   99  0.5177E-12  0.2913E-13  0.4895E-12  0.1124E-14  0.9845E-14  0.4648E-12 -0.2596E-12  0.5132E-13 -0.5784E-14  0.1055E-15 -0.6170E-14
  100  0.9920E-12  0.7368E-13  0.9525E-12  0.3522E-15 -0.1384E-15  0.8662E-12 -0.5080E-12  0.4451E-13 -0.1210E-14  0.2229E-15 -0.1686E-14
  101  0.3780E-13  0.2505E-14  0.3560E-13  0.1008E-15  0.1013E-14  0.3304E-13 -0.1967E-13  0.3094E-14 -0.5592E-15  0.1394E-17 -0.3887E-15
  102  0.8257E-13  0.6993E-14  0.7795E-13  0.3098E-16 -0.1265E-15  0.7018E-13 -0.4498E-13  0.3204E-14 -0.6295E-16 -0.1022E-16 -0.4294E-16
  103  0.4497E-15  0.1411E-16  0.3723E-15  0.9255E-17  0.2484E-16  0.4246E-15 -0.1962E-15  0.3114E-16 -0.2980E-16 -0.1222E-16 -0.5659E-17
  104  0.6440E-14  0.6491E-15  0.6104E-14  0.1463E-17 -0.2821E-16  0.5326E-14 -0.3779E-14  0.2150E-15  0.4190E-17 -0.3492E-17  0.1533E-17
