 input file is 
mstm15_512_5299_145_00226.inp 
 input file comments follow:
***********************************************************
  This is the default mstm input file for v.3.0.
  The run is for a 7-sphere cluster of identical spheres.   The positions
  are embedded in the input file.

  The run makes use of the new_run and multiple_run options.

  14 April 2013
***********************************************************
 number of processors:
   1
 input parameters for run number 
    1
 number of spheres, volume size parameter:
  512  0.42392E+01
 position file:
position/n512/a15.out                                       
 output file:
output/512/x5299/145/00226/mt_15_512_5299_145_00226.dat     
 length, ref. indx. scale factors:
   0.530   1.450   0.023
 chiral factors:
  0.00000E+00  0.00000E+00
 scattering matrix directions based on incident frame
 automatic scattering angle calculation
 thetamin, thetamax:
      0.0    180.0
 number scattering angles:
      181
 epsmie, epssoln, max number iterations:
  0.1000E-05  0.1000E-07 5000
 medium refractive index:
  1.0000  0.0000
 target euler rotation angles:
    0.0000    0.0000    0.0000
 far field kr, iterations/correction:
 -0.1000E+01   20
 plane wave incidence
 random orientation calculations
 t matrix calculated, stored in file 
tmatrixfiles/15512529914500226                              
 t matrix convergence epsilon:
  0.1000E-06
 all spheres excited (total T matrix) 
 calculation results for run 
    1
 total ext, abs, scat efficiencies, w.r.t. xv, and asym. parm
  0.13751E+01  0.25256E+00  0.11226E+01  0.75953E+00
 scattering matrix elements (normalized w/ S11)
   theta      11           12           13           14           22           23           24           33           34           44      
    0.00  0.10028E+03  0.00000E+00  0.00000E+00 -0.83444E-04  0.99996E+00  0.25271E-04  0.00000E+00  0.99996E+00  0.00000E+00  0.99992E+00 
    1.00  0.97605E+02 -0.13491E-03 -0.14006E-07 -0.79995E-04  0.99996E+00  0.27099E-04  0.33880E-07  0.99996E+00 -0.45966E-04  0.99992E+00 
    2.00  0.90120E+02 -0.54320E-03 -0.56807E-07 -0.69862E-04  0.99995E+00  0.32721E-04  0.13785E-06  0.99995E+00 -0.18347E-03  0.99991E+00 
    3.00  0.79220E+02 -0.12367E-02 -0.13056E-06 -0.53779E-04  0.99995E+00  0.42526E-04  0.31871E-06  0.99995E+00 -0.40983E-03  0.99989E+00 
    4.00  0.66742E+02 -0.22389E-02 -0.23841E-06 -0.33260E-04  0.99993E+00  0.57047E-04  0.58666E-06  0.99993E+00 -0.71571E-03  0.99987E+00 
    5.00  0.54428E+02 -0.35883E-02 -0.38467E-06 -0.10816E-04  0.99991E+00  0.76737E-04  0.95161E-06  0.99991E+00 -0.10786E-02  0.99983E+00 
    6.00  0.43517E+02 -0.53368E-02 -0.57710E-06  0.10278E-04  0.99988E+00  0.10160E-03  0.14155E-05  0.99988E+00 -0.14586E-02  0.99977E+00 
    7.00  0.34582E+02 -0.75369E-02 -0.83281E-06  0.27190E-04  0.99985E+00  0.13087E-03  0.19634E-05  0.99983E+00 -0.18049E-02  0.99968E+00 
    8.00  0.27624E+02 -0.10219E-01 -0.11854E-05  0.39495E-04  0.99980E+00  0.16313E-03  0.25630E-05  0.99977E+00 -0.20795E-02  0.99958E+00 
    9.00  0.22313E+02 -0.13373E-01 -0.16845E-05  0.50202E-04  0.99975E+00  0.19695E-03  0.31830E-05  0.99968E+00 -0.22843E-02  0.99945E+00 
   10.00  0.18245E+02 -0.16957E-01 -0.23770E-05  0.64129E-04  0.99969E+00  0.23155E-03  0.38170E-05  0.99958E+00 -0.24666E-02  0.99928E+00 
   11.00  0.15105E+02 -0.20913E-01 -0.32711E-05  0.84364E-04  0.99962E+00  0.26639E-03  0.44853E-05  0.99945E+00 -0.26926E-02  0.99909E+00 
   12.00  0.12703E+02 -0.25176E-01 -0.42989E-05  0.10953E-03  0.99955E+00  0.30026E-03  0.51891E-05  0.99928E+00 -0.30114E-02  0.99887E+00 
   13.00  0.10926E+02 -0.29670E-01 -0.53158E-05  0.13401E-03  0.99948E+00  0.33091E-03  0.58324E-05  0.99910E+00 -0.34337E-02  0.99862E+00 
   14.00  0.96691E+01 -0.34317E-01 -0.61796E-05  0.15164E-03  0.99943E+00  0.35654E-03  0.61775E-05  0.99889E+00 -0.39336E-02  0.99837E+00 
   15.00  0.88026E+01 -0.39069E-01 -0.68772E-05  0.16042E-03  0.99938E+00  0.37810E-03  0.59210E-05  0.99867E+00 -0.44704E-02  0.99812E+00 
   16.00  0.81788E+01 -0.43940E-01 -0.75695E-05  0.16332E-03  0.99935E+00  0.39934E-03  0.48663E-05  0.99843E+00 -0.50054E-02  0.99786E+00 
   17.00  0.76699E+01 -0.48985E-01 -0.84821E-05  0.16452E-03  0.99933E+00  0.42417E-03  0.30579E-05  0.99815E+00 -0.54928E-02  0.99757E+00 
   18.00  0.71961E+01 -0.54270E-01 -0.97361E-05  0.16513E-03  0.99930E+00  0.45333E-03  0.80745E-06  0.99784E+00 -0.58569E-02  0.99723E+00 
   19.00  0.67293E+01 -0.59838E-01 -0.11233E-04  0.16225E-03  0.99926E+00  0.48304E-03 -0.13591E-05  0.99747E+00 -0.59870E-02  0.99684E+00 
   20.00  0.62735E+01 -0.65707E-01 -0.12647E-04  0.15094E-03  0.99921E+00  0.50592E-03 -0.28258E-05  0.99704E+00 -0.57690E-02  0.99638E+00 
   21.00  0.58385E+01 -0.71872E-01 -0.13556E-04  0.12786E-03  0.99915E+00  0.51425E-03 -0.30983E-05  0.99655E+00 -0.51457E-02  0.99584E+00 
   22.00  0.54225E+01 -0.78318E-01 -0.13677E-04  0.94017E-04  0.99907E+00  0.50396E-03 -0.20197E-05  0.99598E+00 -0.41648E-02  0.99522E+00 
   23.00  0.50116E+01 -0.85032E-01 -0.13087E-04  0.54987E-04  0.99898E+00  0.47714E-03  0.16969E-06  0.99534E+00 -0.29756E-02  0.99451E+00 
   24.00  0.45900E+01 -0.92019E-01 -0.12295E-04  0.18579E-04  0.99887E+00  0.44118E-03  0.29884E-05  0.99460E+00 -0.17746E-02  0.99369E+00 
   25.00  0.41519E+01 -0.99308E-01 -0.12147E-04 -0.80616E-05  0.99872E+00  0.40568E-03  0.59732E-05  0.99376E+00 -0.74131E-03  0.99274E+00 
   26.00  0.37060E+01 -0.10696E+00 -0.13637E-04 -0.20439E-04  0.99853E+00  0.37897E-03  0.88886E-05  0.99278E+00  0.17055E-05  0.99162E+00 
   27.00  0.32719E+01 -0.11504E+00 -0.17634E-04 -0.17586E-04  0.99831E+00  0.36523E-03  0.11813E-04  0.99165E+00  0.40680E-03  0.99033E+00 
   28.00  0.28710E+01 -0.12360E+00 -0.24555E-04 -0.21448E-05  0.99805E+00  0.36259E-03  0.15081E-04  0.99036E+00  0.50494E-03  0.98884E+00 
   29.00  0.25193E+01 -0.13267E+00 -0.34081E-04  0.20468E-04  0.99776E+00  0.36327E-03  0.19062E-04  0.98888E+00  0.39395E-03  0.98717E+00 
   30.00  0.22242E+01 -0.14219E+00 -0.45109E-04  0.44034E-04  0.99747E+00  0.35689E-03  0.23820E-04  0.98724E+00  0.20204E-03  0.98533E+00 
   31.00  0.19853E+01 -0.15204E+00 -0.56091E-04  0.64079E-04  0.99718E+00  0.33663E-03  0.28808E-04  0.98545E+00  0.32566E-04  0.98336E+00 
   32.00  0.17977E+01 -0.16215E+00 -0.65593E-04  0.79529E-04  0.99693E+00  0.30472E-03  0.32816E-04  0.98353E+00 -0.80008E-04  0.98129E+00 
   33.00  0.16546E+01 -0.17254E+00 -0.72698E-04  0.92350E-04  0.99671E+00  0.27284E-03  0.34299E-04  0.98148E+00 -0.17153E-03  0.97914E+00 
   34.00  0.15480E+01 -0.18334E+00 -0.77036E-04  0.10560E-03  0.99653E+00  0.25606E-03  0.31964E-04  0.97927E+00 -0.30604E-03  0.97688E+00 
   35.00  0.14692E+01 -0.19474E+00 -0.78497E-04  0.12151E-03  0.99637E+00  0.26386E-03  0.25287E-04  0.97685E+00 -0.52371E-03  0.97441E+00 
   36.00  0.14088E+01 -0.20687E+00 -0.77005E-04  0.14092E-03  0.99621E+00  0.29465E-03  0.14661E-04  0.97416E+00 -0.81699E-03  0.97167E+00 
   37.00  0.13578E+01 -0.21974E+00 -0.72534E-04  0.16397E-03  0.99603E+00  0.33709E-03  0.11425E-05  0.97115E+00 -0.11442E-02  0.96859E+00 
   38.00  0.13093E+01 -0.23324E+00 -0.65372E-04  0.19085E-03  0.99581E+00  0.37630E-03 -0.13924E-04  0.96778E+00 -0.14573E-02  0.96511E+00 
   39.00  0.12592E+01 -0.24724E+00 -0.56389E-04  0.22174E-03  0.99555E+00  0.40002E-03 -0.29137E-04  0.96408E+00 -0.17162E-02  0.96126E+00 
   40.00  0.12069E+01 -0.26157E+00 -0.47097E-04  0.25594E-03  0.99527E+00  0.40198E-03 -0.43119E-04  0.96005E+00 -0.18841E-02  0.95706E+00 
   41.00  0.11539E+01 -0.27616E+00 -0.39381E-04  0.29106E-03  0.99497E+00  0.38204E-03 -0.54627E-04  0.95571E+00 -0.19153E-02  0.95255E+00 
   42.00  0.11020E+01 -0.29096E+00 -0.34913E-04  0.32317E-03  0.99468E+00  0.34422E-03 -0.62819E-04  0.95107E+00 -0.17527E-02  0.94774E+00 
   43.00  0.10519E+01 -0.30599E+00 -0.34504E-04  0.34818E-03  0.99442E+00  0.29387E-03 -0.67635E-04  0.94612E+00 -0.13459E-02  0.94263E+00 
   44.00  0.10031E+01 -0.32130E+00 -0.37808E-04  0.36379E-03  0.99416E+00  0.23542E-03 -0.69985E-04  0.94081E+00 -0.68258E-03  0.93719E+00 
   45.00  0.95410E+00 -0.33690E+00 -0.43595E-04  0.37067E-03  0.99390E+00  0.17186E-03 -0.71571E-04  0.93508E+00  0.18502E-03  0.93135E+00 
   46.00  0.90351E+00 -0.35281E+00 -0.50416E-04  0.37190E-03  0.99362E+00  0.10621E-03 -0.74329E-04  0.92889E+00  0.11347E-02  0.92505E+00 
   47.00  0.85139E+00 -0.36901E+00 -0.57244E-04  0.37116E-03  0.99331E+00  0.43653E-04 -0.79761E-04  0.92220E+00  0.19928E-02  0.91826E+00 
   48.00  0.79932E+00 -0.38550E+00 -0.63731E-04  0.37044E-03  0.99297E+00 -0.71240E-05 -0.88350E-04  0.91498E+00  0.25723E-02  0.91093E+00 
   49.00  0.75003E+00 -0.40227E+00 -0.70012E-04  0.36859E-03  0.99261E+00 -0.34869E-04 -0.99243E-04  0.90722E+00  0.27265E-02  0.90308E+00 
   50.00  0.70631E+00 -0.41932E+00 -0.76179E-04  0.36145E-03  0.99225E+00 -0.29673E-04 -0.11034E-03  0.89893E+00  0.24066E-02  0.89471E+00 
   51.00  0.66991E+00 -0.43663E+00 -0.81768E-04  0.34380E-03  0.99191E+00  0.11528E-04 -0.11890E-03  0.89014E+00  0.16985E-02  0.88585E+00 
   52.00  0.64096E+00 -0.45417E+00 -0.85656E-04  0.31241E-03  0.99159E+00  0.81316E-04 -0.12259E-03  0.88087E+00  0.80395E-03  0.87650E+00 
   53.00  0.61791E+00 -0.47190E+00 -0.86559E-04  0.26813E-03  0.99128E+00  0.16344E-03 -0.12035E-03  0.87111E+00 -0.34751E-04  0.86664E+00 
   54.00  0.59819E+00 -0.48978E+00 -0.83837E-04  0.21563E-03  0.99097E+00  0.23938E-03 -0.11261E-03  0.86082E+00 -0.62705E-03  0.85625E+00 
   55.00  0.57907E+00 -0.50778E+00 -0.78084E-04  0.16132E-03  0.99063E+00  0.29566E-03 -0.10082E-03  0.84996E+00 -0.88584E-03  0.84525E+00 
   56.00  0.55845E+00 -0.52592E+00 -0.71199E-04  0.11101E-03  0.99026E+00  0.32793E-03 -0.86793E-04  0.83843E+00 -0.82254E-03  0.83357E+00 
   57.00  0.53533E+00 -0.54425E+00 -0.65957E-04  0.68614E-04  0.98983E+00  0.34081E-03 -0.72163E-04  0.82612E+00 -0.50742E-03  0.82111E+00 
   58.00  0.50985E+00 -0.56281E+00 -0.65263E-04  0.36003E-04  0.98935E+00  0.34484E-03 -0.58210E-04  0.81297E+00 -0.25459E-04  0.80778E+00 
   59.00  0.48293E+00 -0.58162E+00 -0.71213E-04  0.13571E-04  0.98881E+00  0.35200E-03 -0.45888E-04  0.79888E+00  0.55474E-03  0.79352E+00 
   60.00  0.45585E+00 -0.60066E+00 -0.84174E-04  0.94291E-06  0.98824E+00  0.37076E-03 -0.35936E-04  0.78384E+00  0.11931E-02  0.77831E+00 
   61.00  0.42975E+00 -0.61983E+00 -0.10216E-03 -0.24531E-05  0.98763E+00  0.40216E-03 -0.29024E-04  0.76787E+00  0.18710E-02  0.76218E+00 
   62.00  0.40543E+00 -0.63900E+00 -0.12085E-03  0.28903E-05  0.98701E+00  0.43821E-03 -0.25840E-04  0.75103E+00  0.25701E-02  0.74517E+00 
   63.00  0.38327E+00 -0.65805E+00 -0.13441E-03  0.16453E-04  0.98638E+00  0.46360E-03 -0.27076E-04  0.73341E+00  0.32456E-02  0.72739E+00 
   64.00  0.36334E+00 -0.67687E+00 -0.13688E-03  0.37234E-04  0.98576E+00  0.46046E-03 -0.33223E-04  0.71504E+00  0.38096E-02  0.70889E+00 
   65.00  0.34557E+00 -0.69542E+00 -0.12369E-03  0.63076E-04  0.98515E+00  0.41416E-03 -0.44147E-04  0.69595E+00  0.41375E-02  0.68967E+00 
   66.00  0.32989E+00 -0.71372E+00 -0.92784E-04  0.90077E-04  0.98456E+00  0.31821E-03 -0.58583E-04  0.67609E+00  0.40999E-02  0.66972E+00 
   67.00  0.31629E+00 -0.73178E+00 -0.45105E-04  0.11249E-03  0.98400E+00  0.17651E-03 -0.73839E-04  0.65543E+00  0.36117E-02  0.64899E+00 
   68.00  0.30472E+00 -0.74960E+00  0.15545E-04  0.12352E-03  0.98349E+00  0.26137E-05 -0.86058E-04  0.63394E+00  0.26798E-02  0.62747E+00 
   69.00  0.29506E+00 -0.76712E+00  0.83323E-04  0.11716E-03  0.98302E+00 -0.18387E-03 -0.91258E-04  0.61166E+00  0.14221E-02  0.60517E+00 
   70.00  0.28701E+00 -0.78425E+00  0.15159E-03  0.90400E-04  0.98260E+00 -0.36236E-03 -0.86875E-04  0.58865E+00  0.44226E-04  0.58216E+00 
   71.00  0.28013E+00 -0.80089E+00  0.21422E-03  0.44900E-04  0.98221E+00 -0.51617E-03 -0.73127E-04  0.56498E+00 -0.12216E-02  0.55851E+00 
   72.00  0.27388E+00 -0.81697E+00  0.26654E-03 -0.12800E-04  0.98183E+00 -0.63516E-03 -0.53474E-04  0.54069E+00 -0.21866E-02  0.53425E+00 
   73.00  0.26778E+00 -0.83242E+00  0.30558E-03 -0.72721E-04  0.98144E+00 -0.71585E-03 -0.33898E-04  0.51576E+00 -0.27545E-02  0.50936E+00 
   74.00  0.26148E+00 -0.84723E+00  0.32995E-03 -0.12390E-03  0.98103E+00 -0.75960E-03 -0.21271E-04  0.49012E+00 -0.29306E-02  0.48377E+00 
   75.00  0.25488E+00 -0.86140E+00  0.33944E-03 -0.15704E-03  0.98058E+00 -0.77018E-03 -0.21410E-04  0.46371E+00 -0.27981E-02  0.45742E+00 
   76.00  0.24806E+00 -0.87490E+00  0.33476E-03 -0.16653E-03  0.98010E+00 -0.75200E-03 -0.37413E-04  0.43646E+00 -0.24750E-02  0.43025E+00 
   77.00  0.24125E+00 -0.88771E+00  0.31741E-03 -0.15149E-03  0.97962E+00 -0.70920E-03 -0.68766E-04  0.40838E+00 -0.20701E-02  0.40225E+00 
   78.00  0.23469E+00 -0.89978E+00  0.28960E-03 -0.11537E-03  0.97914E+00 -0.64554E-03 -0.11159E-03  0.37949E+00 -0.16510E-02  0.37348E+00 
   79.00  0.22858E+00 -0.91104E+00  0.25405E-03 -0.64225E-04  0.97871E+00 -0.56482E-03 -0.16006E-03  0.34988E+00 -0.12333E-02  0.34401E+00 
   80.00  0.22300E+00 -0.92145E+00  0.21368E-03 -0.42960E-05  0.97831E+00 -0.47132E-03 -0.20855E-03  0.31964E+00 -0.79217E-03  0.31394E+00 
   81.00  0.21793E+00 -0.93096E+00  0.17112E-03  0.60202E-04  0.97796E+00 -0.37012E-03 -0.25365E-03  0.28881E+00 -0.28979E-03  0.28332E+00 
   82.00  0.21330E+00 -0.93954E+00  0.12852E-03  0.12802E-03  0.97763E+00 -0.26721E-03 -0.29519E-03  0.25743E+00  0.29512E-03  0.25218E+00 
   83.00  0.20900E+00 -0.94717E+00  0.87551E-04  0.20022E-03  0.97732E+00 -0.16934E-03 -0.33595E-03  0.22550E+00  0.94946E-03  0.22052E+00 
   84.00  0.20501E+00 -0.95382E+00  0.49771E-04  0.27829E-03  0.97701E+00 -0.83724E-04 -0.38015E-03  0.19304E+00  0.16253E-02  0.18834E+00 
   85.00  0.20132E+00 -0.95945E+00  0.17038E-04  0.36190E-03  0.97670E+00 -0.17425E-04 -0.43154E-03  0.16009E+00  0.22554E-02  0.15569E+00 
   86.00  0.19799E+00 -0.96403E+00 -0.81555E-05  0.44729E-03  0.97640E+00  0.23426E-04 -0.49171E-03  0.12676E+00  0.27779E-02  0.12268E+00 
   87.00  0.19508E+00 -0.96753E+00 -0.22742E-04  0.52695E-03  0.97611E+00  0.34611E-04 -0.55917E-03  0.93211E-01  0.31585E-02  0.89452E-01 
   88.00  0.19262E+00 -0.96992E+00 -0.23547E-04  0.59073E-03  0.97584E+00  0.14687E-04 -0.62950E-03  0.59614E-01  0.34037E-02  0.56186E-01 
   89.00  0.19059E+00 -0.97118E+00 -0.80619E-05  0.62812E-03  0.97561E+00 -0.34586E-04 -0.69638E-03  0.26139E-01  0.35586E-02  0.23042E-01 
   90.00  0.18892E+00 -0.97134E+00  0.24742E-04  0.63074E-03  0.97540E+00 -0.10843E-03 -0.75313E-03 -0.70968E-02  0.36918E-02 -0.98669E-02 
   91.00  0.18748E+00 -0.97038E+00  0.73867E-04  0.59427E-03  0.97519E+00 -0.19980E-03 -0.79408E-03 -0.40038E-01  0.38723E-02 -0.42490E-01 
   92.00  0.18613E+00 -0.96831E+00  0.13617E-03  0.51921E-03  0.97499E+00 -0.30052E-03 -0.81554E-03 -0.72689E-01  0.41489E-02 -0.74832E-01 
   93.00  0.18472E+00 -0.96515E+00  0.20668E-03  0.41058E-03  0.97477E+00 -0.40231E-03 -0.81602E-03 -0.10509E+00  0.45369E-02 -0.10693E+00 
   94.00  0.18313E+00 -0.96088E+00  0.27923E-03  0.27673E-03  0.97452E+00 -0.49764E-03 -0.79603E-03 -0.13728E+00  0.50152E-02 -0.13882E+00 
   95.00  0.18129E+00 -0.95551E+00  0.34719E-03  0.12793E-03  0.97424E+00 -0.58017E-03 -0.75763E-03 -0.16929E+00  0.55330E-02 -0.17052E+00 
   96.00  0.17918E+00 -0.94903E+00  0.40422E-03 -0.25060E-04  0.97393E+00 -0.64500E-03 -0.70389E-03 -0.20111E+00  0.60220E-02 -0.20200E+00 
   97.00  0.17683E+00 -0.94145E+00  0.44495E-03 -0.17214E-03  0.97359E+00 -0.68862E-03 -0.63854E-03 -0.23269E+00  0.64110E-02 -0.23322E+00 
   98.00  0.17429E+00 -0.93280E+00  0.46541E-03 -0.30480E-03  0.97323E+00 -0.70891E-03 -0.56568E-03 -0.26394E+00  0.66401E-02 -0.26406E+00 
   99.00  0.17168E+00 -0.92313E+00  0.46334E-03 -0.41675E-03  0.97286E+00 -0.70507E-03 -0.48958E-03 -0.29476E+00  0.66722E-02 -0.29444E+00 
  100.00  0.16909E+00 -0.91250E+00  0.43836E-03 -0.50436E-03  0.97248E+00 -0.67760E-03 -0.41444E-03 -0.32502E+00  0.65003E-02 -0.32422E+00 
  101.00  0.16664E+00 -0.90100E+00  0.39190E-03 -0.56680E-03  0.97212E+00 -0.62831E-03 -0.34423E-03 -0.35464E+00  0.61498E-02 -0.35332E+00 
  102.00  0.16445E+00 -0.88870E+00  0.32705E-03 -0.60590E-03  0.97177E+00 -0.56029E-03 -0.28232E-03 -0.38353E+00  0.56749E-02 -0.38167E+00 
  103.00  0.16258E+00 -0.87569E+00  0.24823E-03 -0.62560E-03  0.97145E+00 -0.47778E-03 -0.23138E-03 -0.41166E+00  0.51502E-02 -0.40924E+00 
  104.00  0.16109E+00 -0.86203E+00  0.16080E-03 -0.63125E-03  0.97119E+00 -0.38587E-03 -0.19311E-03 -0.43901E+00  0.46578E-02 -0.43604E+00 
  105.00  0.16001E+00 -0.84777E+00  0.70620E-04 -0.62858E-03  0.97099E+00 -0.29009E-03 -0.16825E-03 -0.46560E+00  0.42734E-02 -0.46209E+00 
  106.00  0.15931E+00 -0.83294E+00 -0.16444E-04 -0.62290E-03  0.97087E+00 -0.19590E-03 -0.15669E-03 -0.49146E+00  0.40536E-02 -0.48744E+00 
  107.00  0.15895E+00 -0.81756E+00 -0.94984E-04 -0.61837E-03  0.97082E+00 -0.10811E-03 -0.15759E-03 -0.51662E+00  0.40275E-02 -0.51211E+00 
  108.00  0.15885E+00 -0.80165E+00 -0.16043E-03 -0.61775E-03  0.97084E+00 -0.30527E-04 -0.16960E-03 -0.54108E+00  0.41942E-02 -0.53613E+00 
  109.00  0.15894E+00 -0.78522E+00 -0.20932E-03 -0.62240E-03  0.97092E+00  0.34314E-04 -0.19096E-03 -0.56486E+00  0.45258E-02 -0.55950E+00 
  110.00  0.15911E+00 -0.76829E+00 -0.23950E-03 -0.63252E-03  0.97104E+00  0.85162E-04 -0.21961E-03 -0.58793E+00  0.49750E-02 -0.58220E+00 
  111.00  0.15928E+00 -0.75090E+00 -0.25013E-03 -0.64752E-03  0.97119E+00  0.12193E-03 -0.25316E-03 -0.61026E+00  0.54844E-02 -0.60419E+00 
  112.00  0.15939E+00 -0.73308E+00 -0.24161E-03 -0.66639E-03  0.97136E+00  0.14545E-03 -0.28890E-03 -0.63183E+00  0.59955E-02 -0.62543E+00 
  113.00  0.15936E+00 -0.71490E+00 -0.21546E-03 -0.68793E-03  0.97152E+00  0.15723E-03 -0.32378E-03 -0.65258E+00  0.64562E-02 -0.64588E+00 
  114.00  0.15917E+00 -0.69640E+00 -0.17409E-03 -0.71095E-03  0.97167E+00  0.15918E-03 -0.35453E-03 -0.67250E+00  0.68263E-02 -0.66549E+00 
  115.00  0.15880E+00 -0.67766E+00 -0.12059E-03 -0.73433E-03  0.97180E+00  0.15343E-03 -0.37779E-03 -0.69157E+00  0.70798E-02 -0.68424E+00 
  116.00  0.15826E+00 -0.65873E+00 -0.58427E-04 -0.75701E-03  0.97191E+00  0.14214E-03 -0.39029E-03 -0.70978E+00  0.72057E-02 -0.70211E+00 
  117.00  0.15758E+00 -0.63968E+00  0.87580E-05 -0.77791E-03  0.97200E+00  0.12734E-03 -0.38921E-03 -0.72712E+00  0.72066E-02 -0.71910E+00 
  118.00  0.15679E+00 -0.62055E+00  0.77433E-04 -0.79590E-03  0.97206E+00  0.11088E-03 -0.37235E-03 -0.74361E+00  0.70966E-02 -0.73521E+00 
  119.00  0.15593E+00 -0.60141E+00  0.14440E-03 -0.80974E-03  0.97210E+00  0.94311E-04 -0.33842E-03 -0.75926E+00  0.68974E-02 -0.75045E+00 
  120.00  0.15504E+00 -0.58228E+00  0.20700E-03 -0.81805E-03  0.97213E+00  0.78845E-04 -0.28715E-03 -0.77408E+00  0.66351E-02 -0.76486E+00 
  121.00  0.15415E+00 -0.56322E+00  0.26323E-03 -0.81946E-03  0.97213E+00  0.65327E-04 -0.21935E-03 -0.78810E+00  0.63360E-02 -0.77844E+00 
  122.00  0.15331E+00 -0.54426E+00  0.31189E-03 -0.81270E-03  0.97212E+00  0.54234E-04 -0.13684E-03 -0.80133E+00  0.60235E-02 -0.79124E+00 
  123.00  0.15254E+00 -0.52544E+00  0.35248E-03 -0.79678E-03  0.97210E+00  0.45697E-04 -0.42295E-04 -0.81380E+00  0.57163E-02 -0.80326E+00 
  124.00  0.15185E+00 -0.50680E+00  0.38518E-03 -0.77119E-03  0.97205E+00  0.39543E-04  0.60956E-04 -0.82553E+00  0.54265E-02 -0.81454E+00 
  125.00  0.15127E+00 -0.48837E+00  0.41066E-03 -0.73601E-03  0.97200E+00  0.35359E-04  0.16917E-03 -0.83653E+00  0.51605E-02 -0.82511E+00 
  126.00  0.15079E+00 -0.47018E+00  0.42989E-03 -0.69202E-03  0.97193E+00  0.32558E-04  0.27845E-03 -0.84685E+00  0.49190E-02 -0.83499E+00 
  127.00  0.15042E+00 -0.45226E+00  0.44392E-03 -0.64068E-03  0.97186E+00  0.30461E-04  0.38495E-03 -0.85651E+00  0.46987E-02 -0.84420E+00 
  128.00  0.15016E+00 -0.43464E+00  0.45372E-03 -0.58409E-03  0.97179E+00  0.28366E-04  0.48510E-03 -0.86553E+00  0.44934E-02 -0.85278E+00 
  129.00  0.15000E+00 -0.41734E+00  0.45995E-03 -0.52488E-03  0.97171E+00  0.25625E-04  0.57573E-03 -0.87396E+00  0.42957E-02 -0.86077E+00 
  130.00  0.14994E+00 -0.40038E+00  0.46298E-03 -0.46598E-03  0.97164E+00  0.21711E-04  0.65421E-03 -0.88183E+00  0.40982E-02 -0.86818E+00 
  131.00  0.14998E+00 -0.38376E+00  0.46276E-03 -0.41046E-03  0.97157E+00  0.16294E-04  0.71852E-03 -0.88917E+00  0.38946E-02 -0.87505E+00 
  132.00  0.15011E+00 -0.36751E+00  0.45895E-03 -0.36120E-03  0.97152E+00  0.92976E-05  0.76733E-03 -0.89601E+00  0.36808E-02 -0.88142E+00 
  133.00  0.15034E+00 -0.35161E+00  0.45097E-03 -0.32077E-03  0.97148E+00  0.93980E-06  0.79998E-03 -0.90239E+00  0.34552E-02 -0.88732E+00 
  134.00  0.15067E+00 -0.33608E+00  0.43812E-03 -0.29118E-03  0.97146E+00 -0.82666E-05  0.81647E-03 -0.90834E+00  0.32188E-02 -0.89279E+00 
  135.00  0.15109E+00 -0.32091E+00  0.41976E-03 -0.27381E-03  0.97146E+00 -0.17571E-04  0.81741E-03 -0.91389E+00  0.29745E-02 -0.89786E+00 
  136.00  0.15161E+00 -0.30609E+00  0.39543E-03 -0.26934E-03  0.97148E+00 -0.26100E-04  0.80390E-03 -0.91906E+00  0.27262E-02 -0.90256E+00 
  137.00  0.15222E+00 -0.29162E+00  0.36496E-03 -0.27778E-03  0.97152E+00 -0.33011E-04  0.77744E-03 -0.92388E+00  0.24780E-02 -0.90692E+00 
  138.00  0.15293E+00 -0.27749E+00  0.32855E-03 -0.29846E-03  0.97158E+00 -0.37652E-04  0.73971E-03 -0.92838E+00  0.22328E-02 -0.91098E+00 
  139.00  0.15373E+00 -0.26371E+00  0.28680E-03 -0.33012E-03  0.97165E+00 -0.39692E-04  0.69251E-03 -0.93256E+00  0.19921E-02 -0.91474E+00 
  140.00  0.15461E+00 -0.25027E+00  0.24071E-03 -0.37108E-03  0.97175E+00 -0.39176E-04  0.63762E-03 -0.93645E+00  0.17558E-02 -0.91823E+00 
  141.00  0.15557E+00 -0.23719E+00  0.19160E-03 -0.41936E-03  0.97186E+00 -0.36506E-04  0.57670E-03 -0.94006E+00  0.15227E-02 -0.92147E+00 
  142.00  0.15661E+00 -0.22446E+00  0.14093E-03 -0.47296E-03  0.97198E+00 -0.32341E-04  0.51133E-03 -0.94341E+00  0.12908E-02 -0.92447E+00 
  143.00  0.15772E+00 -0.21209E+00  0.90223E-04 -0.53002E-03  0.97211E+00 -0.27456E-04  0.44298E-03 -0.94650E+00  0.10584E-02 -0.92723E+00 
  144.00  0.15888E+00 -0.20008E+00  0.40794E-04 -0.58901E-03  0.97225E+00 -0.22587E-04  0.37307E-03 -0.94935E+00  0.82473E-03 -0.92978E+00 
  145.00  0.16008E+00 -0.18844E+00 -0.63256E-05 -0.64877E-03  0.97239E+00 -0.18300E-04  0.30295E-03 -0.95198E+00  0.59033E-03 -0.93211E+00 
  146.00  0.16133E+00 -0.17718E+00 -0.50497E-04 -0.70853E-03  0.97253E+00 -0.14908E-04  0.23390E-03 -0.95439E+00  0.35730E-03 -0.93424E+00 
  147.00  0.16260E+00 -0.16629E+00 -0.91466E-04 -0.76774E-03  0.97267E+00 -0.12445E-04  0.16707E-03 -0.95659E+00  0.12925E-03 -0.93618E+00 
  148.00  0.16389E+00 -0.15577E+00 -0.12929E-03 -0.82601E-03  0.97281E+00 -0.10702E-04  0.10338E-03 -0.95860E+00 -0.89065E-04 -0.93792E+00 
  149.00  0.16518E+00 -0.14563E+00 -0.16424E-03 -0.88289E-03  0.97293E+00 -0.92980E-05  0.43494E-04 -0.96041E+00 -0.29222E-03 -0.93949E+00 
  150.00  0.16647E+00 -0.13586E+00 -0.19664E-03 -0.93785E-03  0.97305E+00 -0.77821E-05 -0.12262E-04 -0.96205E+00 -0.47470E-03 -0.94087E+00 
  151.00  0.16775E+00 -0.12646E+00 -0.22674E-03 -0.99017E-03  0.97315E+00 -0.57369E-05 -0.63868E-04 -0.96352E+00 -0.63153E-03 -0.94209E+00 
  152.00  0.16901E+00 -0.11742E+00 -0.25469E-03 -0.10390E-02  0.97324E+00 -0.28677E-05 -0.11156E-03 -0.96483E+00 -0.75878E-03 -0.94314E+00 
  153.00  0.17024E+00 -0.10874E+00 -0.28038E-03 -0.10834E-02  0.97332E+00  0.93778E-06 -0.15573E-03 -0.96600E+00 -0.85405E-03 -0.94405E+00 
  154.00  0.17145E+00 -0.10042E+00 -0.30355E-03 -0.11224E-02  0.97338E+00  0.55881E-05 -0.19682E-03 -0.96702E+00 -0.91675E-03 -0.94482E+00 
  155.00  0.17261E+00 -0.92430E-01 -0.32372E-03 -0.11553E-02  0.97343E+00  0.10809E-04 -0.23519E-03 -0.96792E+00 -0.94830E-03 -0.94545E+00 
  156.00  0.17374E+00 -0.84777E-01 -0.34037E-03 -0.11814E-02  0.97347E+00  0.16205E-04 -0.27106E-03 -0.96871E+00 -0.95203E-03 -0.94597E+00 
  157.00  0.17483E+00 -0.77454E-01 -0.35303E-03 -0.12005E-02  0.97348E+00  0.21336E-04 -0.30444E-03 -0.96939E+00 -0.93287E-03 -0.94639E+00 
  158.00  0.17588E+00 -0.70458E-01 -0.36138E-03 -0.12125E-02  0.97349E+00  0.25811E-04 -0.33511E-03 -0.96998E+00 -0.89683E-03 -0.94670E+00 
  159.00  0.17689E+00 -0.63791E-01 -0.36534E-03 -0.12178E-02  0.97347E+00  0.29352E-04 -0.36265E-03 -0.97047E+00 -0.85037E-03 -0.94692E+00 
  160.00  0.17785E+00 -0.57454E-01 -0.36507E-03 -0.12169E-02  0.97345E+00  0.31824E-04 -0.38650E-03 -0.97089E+00 -0.79971E-03 -0.94705E+00 
  161.00  0.17878E+00 -0.51450E-01 -0.36089E-03 -0.12108E-02  0.97340E+00  0.33230E-04 -0.40600E-03 -0.97123E+00 -0.75023E-03 -0.94710E+00 
  162.00  0.17968E+00 -0.45781E-01 -0.35319E-03 -0.12008E-02  0.97335E+00  0.33661E-04 -0.42046E-03 -0.97149E+00 -0.70598E-03 -0.94708E+00 
  163.00  0.18054E+00 -0.40449E-01 -0.34232E-03 -0.11880E-02  0.97328E+00  0.33254E-04 -0.42922E-03 -0.97170E+00 -0.66938E-03 -0.94700E+00 
  164.00  0.18136E+00 -0.35451E-01 -0.32852E-03 -0.11740E-02  0.97319E+00  0.32138E-04 -0.43176E-03 -0.97185E+00 -0.64117E-03 -0.94686E+00 
  165.00  0.18215E+00 -0.30787E-01 -0.31193E-03 -0.11602E-02  0.97309E+00  0.30423E-04 -0.42773E-03 -0.97196E+00 -0.62044E-03 -0.94666E+00 
  166.00  0.18291E+00 -0.26454E-01 -0.29269E-03 -0.11480E-02  0.97298E+00  0.28198E-04 -0.41701E-03 -0.97202E+00 -0.60489E-03 -0.94642E+00 
  167.00  0.18364E+00 -0.22452E-01 -0.27092E-03 -0.11385E-02  0.97285E+00  0.25544E-04 -0.39968E-03 -0.97204E+00 -0.59124E-03 -0.94614E+00 
  168.00  0.18434E+00 -0.18781E-01 -0.24684E-03 -0.11327E-02  0.97270E+00  0.22551E-04 -0.37609E-03 -0.97203E+00 -0.57573E-03 -0.94582E+00 
  169.00  0.18501E+00 -0.15446E-01 -0.22078E-03 -0.11309E-02  0.97254E+00  0.19321E-04 -0.34676E-03 -0.97199E+00 -0.55473E-03 -0.94545E+00 
  170.00  0.18565E+00 -0.12450E-01 -0.19316E-03 -0.11333E-02  0.97235E+00  0.15969E-04 -0.31241E-03 -0.97192E+00 -0.52521E-03 -0.94504E+00 
  171.00  0.18625E+00 -0.97960E-02 -0.16458E-03 -0.11397E-02  0.97214E+00  0.12627E-04 -0.27400E-03 -0.97181E+00 -0.48525E-03 -0.94459E+00 
  172.00  0.18683E+00 -0.74874E-02 -0.13578E-03 -0.11493E-02  0.97192E+00  0.94404E-05 -0.23270E-03 -0.97168E+00 -0.43426E-03 -0.94411E+00 
  173.00  0.18737E+00 -0.55229E-02 -0.10765E-03 -0.11612E-02  0.97168E+00  0.65649E-05 -0.18999E-03 -0.97152E+00 -0.37315E-03 -0.94360E+00 
  174.00  0.18787E+00 -0.38959E-02 -0.81174E-04 -0.11741E-02  0.97143E+00  0.41492E-05 -0.14760E-03 -0.97133E+00 -0.30434E-03 -0.94307E+00 
  175.00  0.18833E+00 -0.25923E-02 -0.57358E-04 -0.11868E-02  0.97119E+00  0.23038E-05 -0.10742E-03 -0.97114E+00 -0.23171E-03 -0.94254E+00 
  176.00  0.18872E+00 -0.15901E-02 -0.37065E-04 -0.11982E-02  0.97096E+00  0.10645E-05 -0.71403E-04 -0.97094E+00 -0.16032E-03 -0.94204E+00 
  177.00  0.18904E+00 -0.86024E-03 -0.20927E-04 -0.12074E-02  0.97077E+00  0.37110E-06 -0.41342E-04 -0.97076E+00 -0.95987E-04 -0.94161E+00 
  178.00  0.18928E+00 -0.37036E-03 -0.93018E-05 -0.12141E-02  0.97061E+00  0.78697E-07 -0.18750E-04 -0.97061E+00 -0.44654E-04 -0.94126E+00 
  179.00  0.18943E+00 -0.90674E-04 -0.23228E-05 -0.12181E-02  0.97052E+00  0.51361E-08 -0.47438E-05 -0.97052E+00 -0.11478E-04 -0.94104E+00 
  180.00  0.18948E+00 -0.22309E-14 -0.57534E-16 -0.12194E-02  0.97048E+00  0.32010E-29 -0.11803E-15 -0.97048E+00 -0.28715E-15 -0.94096E+00 
 scattering matrix expansion coefficients
    w  a11         a22         a33         a23         a32         a44         a12         a34         a13         a24         a14
    0  0.1000E+01  0.0000E+00  0.0000E+00  0.0000E+00  0.0000E+00  0.8161E+00  0.0000E+00  0.0000E+00  0.0000E+00  0.0000E+00  0.3192E-04
    1  0.2279E+01  0.0000E+00  0.0000E+00  0.0000E+00  0.0000E+00  0.2447E+01  0.0000E+00  0.0000E+00  0.0000E+00  0.0000E+00  0.2660E-03
    2  0.3208E+01  0.2206E+00  0.4016E+01 -0.2813E-06  0.9771E-03  0.3216E+01 -0.3660E+00  0.6306E-03  0.2579E-04 -0.8140E-04  0.1318E-03
    3  0.3687E+01  0.6756E-01  0.4150E+01  0.4266E-06  0.1122E-02  0.3684E+01 -0.2273E+00 -0.1718E-02 -0.5823E-04 -0.4313E-04  0.1278E-03
    4  0.3966E+01  0.2925E-01  0.4298E+01  0.9774E-06  0.8990E-03  0.3956E+01 -0.1698E+00 -0.2316E-02 -0.6612E-04  0.8739E-04  0.7012E-04
    5  0.4088E+01  0.5782E-02  0.4355E+01 -0.4365E-06  0.6938E-03  0.4105E+01 -0.1496E+00 -0.3481E-02 -0.6455E-04 -0.5297E-04  0.8620E-04
    6  0.4147E+01  0.1506E-01  0.4346E+01  0.3058E-06  0.6065E-03  0.4141E+01 -0.1200E+00 -0.6289E-02 -0.3692E-04 -0.2551E-04 -0.4974E-04
    7  0.4129E+01  0.7235E-02  0.4291E+01 -0.4243E-07  0.4186E-03  0.4123E+01 -0.9426E-01 -0.7999E-02  0.4852E-04  0.1057E-03  0.4981E-04
    8  0.4051E+01  0.1470E-02  0.4191E+01 -0.4434E-07  0.1585E-03  0.4053E+01 -0.9112E-01 -0.9451E-02 -0.7487E-04  0.8358E-05  0.1521E-03
    9  0.3946E+01  0.2824E-02  0.4060E+01  0.4401E-06 -0.2577E-04  0.3944E+01 -0.9440E-01 -0.1024E-01  0.1940E-04  0.8431E-04 -0.5778E-04
   10  0.3837E+01 -0.1418E-02  0.3930E+01  0.3643E-06 -0.1813E-03  0.3844E+01 -0.9473E-01 -0.1145E-01 -0.2720E-04 -0.9013E-04 -0.1996E-03
   11  0.3762E+01  0.1424E-02  0.3833E+01 -0.1931E-06 -0.2093E-03  0.3766E+01 -0.8328E-01 -0.1300E-01 -0.3456E-04 -0.2567E-04 -0.3218E-03
   12  0.3726E+01  0.4557E-02  0.3777E+01 -0.3987E-06 -0.7443E-04  0.3722E+01 -0.6134E-01 -0.1352E-01  0.5344E-04  0.4554E-04 -0.3803E-03
   13  0.3706E+01  0.6323E-03  0.3750E+01  0.5479E-07 -0.8564E-04  0.3709E+01 -0.4373E-01 -0.1238E-01  0.5954E-04 -0.3245E-04 -0.4482E-03
   14  0.3694E+01  0.1104E-02  0.3732E+01 -0.3496E-06 -0.2695E-03  0.3695E+01 -0.2786E-01 -0.1102E-01 -0.6526E-04 -0.3854E-04 -0.5359E-03
   15  0.3668E+01  0.3303E-02  0.3702E+01 -0.3873E-06 -0.2895E-03  0.3663E+01 -0.1351E-01 -0.1004E-01 -0.6620E-04  0.7185E-04 -0.4128E-03
   16  0.3604E+01  0.4949E-03  0.3640E+01 -0.5722E-08 -0.3482E-04  0.3603E+01 -0.8406E-02 -0.8207E-02  0.2387E-04  0.4090E-04 -0.2895E-03
   17  0.3496E+01 -0.1604E-02  0.3536E+01  0.3580E-06  0.1636E-03  0.3500E+01 -0.6398E-02 -0.5635E-02  0.2148E-04  0.1586E-04 -0.3227E-03
   18  0.3347E+01  0.2189E-02  0.3384E+01  0.3438E-06  0.1762E-03  0.3343E+01 -0.2794E-03 -0.3099E-02 -0.3912E-04  0.1867E-04 -0.3669E-03
   19  0.3139E+01  0.2501E-02  0.3177E+01 -0.1146E-06  0.1271E-03  0.3133E+01 -0.3577E-02 -0.9275E-03 -0.2307E-04  0.2767E-04 -0.2933E-03
   20  0.2880E+01 -0.1794E-02  0.2922E+01 -0.1327E-06  0.8114E-04  0.2883E+01 -0.2156E-01 -0.4300E-03  0.1046E-04  0.1848E-04 -0.2131E-03
   21  0.2609E+01 -0.2583E-02  0.2648E+01  0.1028E-06  0.2012E-05  0.2614E+01 -0.3743E-01 -0.1904E-02  0.1859E-04  0.1178E-04 -0.1784E-03
   22  0.2358E+01 -0.5056E-03  0.2390E+01 -0.2466E-07 -0.8242E-04  0.2360E+01 -0.3964E-01 -0.3621E-02  0.2942E-04  0.2222E-05 -0.1768E-03
   23  0.2138E+01  0.1444E-06  0.2164E+01 -0.1368E-06 -0.1538E-03  0.2139E+01 -0.3329E-01 -0.4247E-02  0.2296E-04 -0.6869E-05 -0.1701E-03
   24  0.1949E+01  0.3590E-03  0.1970E+01 -0.8074E-07 -0.1841E-03  0.1949E+01 -0.2439E-01 -0.4598E-02 -0.3686E-05 -0.1653E-04 -0.1832E-03
   25  0.1784E+01  0.1075E-02  0.1801E+01 -0.9725E-07 -0.1707E-03  0.1782E+01 -0.1656E-01 -0.5147E-02 -0.2155E-04 -0.1197E-04 -0.2162E-03
   26  0.1631E+01  0.5667E-03  0.1647E+01 -0.1066E-06 -0.1332E-03  0.1630E+01 -0.1349E-01 -0.5821E-02 -0.2081E-04  0.1079E-04 -0.2267E-03
   27  0.1489E+01 -0.4868E-03  0.1503E+01 -0.1862E-07 -0.1038E-03  0.1490E+01 -0.1434E-01 -0.6736E-02 -0.3691E-05  0.2064E-04 -0.2385E-03
   28  0.1361E+01 -0.4581E-03  0.1373E+01  0.1178E-07 -0.1163E-03  0.1362E+01 -0.1374E-01 -0.7679E-02  0.2999E-05  0.4542E-05 -0.2768E-03
   29  0.1246E+01  0.1734E-03  0.1256E+01 -0.2093E-07 -0.1608E-03  0.1246E+01 -0.9996E-02 -0.8043E-02 -0.5074E-05 -0.1066E-04 -0.3111E-03
   30  0.1140E+01  0.4284E-03  0.1149E+01  0.2529E-07 -0.1888E-03  0.1140E+01 -0.6083E-02 -0.7646E-02 -0.9509E-05 -0.8479E-05 -0.3076E-03
   31  0.1037E+01  0.1985E-03  0.1046E+01  0.3749E-07 -0.1654E-03  0.1037E+01 -0.4543E-02 -0.6798E-02 -0.3949E-05  0.6528E-07 -0.2791E-03
   32  0.9362E+00 -0.2196E-05  0.9441E+00  0.1056E-07 -0.9680E-04  0.9361E+00 -0.4916E-02 -0.5698E-02  0.4775E-05 -0.8315E-06 -0.2526E-03
   33  0.8383E+00 -0.8270E-05  0.8455E+00  0.1722E-08 -0.2983E-04  0.8382E+00 -0.6094E-02 -0.4367E-02  0.6818E-05 -0.3519E-05 -0.2280E-03
   34  0.7472E+00 -0.3088E-04  0.7535E+00 -0.1045E-07  0.6550E-05  0.7471E+00 -0.7603E-02 -0.3057E-02  0.5854E-05  0.1238E-05 -0.1946E-03
   35  0.6670E+00 -0.2323E-03  0.6724E+00 -0.3200E-09  0.1675E-04  0.6674E+00 -0.8749E-02 -0.2181E-02  0.3442E-05  0.1087E-04 -0.1599E-03
   36  0.6011E+00 -0.3247E-03  0.6056E+00  0.1154E-07  0.2269E-04  0.6018E+00 -0.8057E-02 -0.1856E-02  0.8871E-06  0.1503E-04 -0.1402E-03
   37  0.5492E+00 -0.5004E-04  0.5526E+00  0.2191E-07  0.3418E-04  0.5494E+00 -0.5061E-02 -0.1785E-02 -0.1371E-06  0.9437E-05 -0.1408E-03
   38  0.5061E+00  0.3390E-03  0.5086E+00  0.1761E-07  0.4258E-04  0.5055E+00 -0.1524E-02 -0.1642E-02  0.1495E-05  0.2238E-05 -0.1481E-03
   39  0.4654E+00  0.3729E-03  0.4677E+00  0.3755E-08  0.3409E-04  0.4646E+00  0.8881E-04 -0.1410E-02  0.3277E-05  0.6920E-06 -0.1502E-03
   40  0.4237E+00  0.4306E-04  0.4262E+00 -0.6722E-08  0.5913E-05  0.4236E+00 -0.7637E-03 -0.1287E-02  0.2022E-05  0.2592E-05 -0.1473E-03
   41  0.3821E+00 -0.2481E-03  0.3847E+00 -0.1035E-07 -0.3139E-04  0.3825E+00 -0.2386E-02 -0.1370E-02 -0.2039E-05  0.2616E-05 -0.1463E-03
   42  0.3428E+00 -0.2369E-03  0.3453E+00 -0.1004E-07 -0.6079E-04  0.3434E+00 -0.2937E-02 -0.1557E-02 -0.5835E-05  0.1212E-06 -0.1490E-03
   43  0.3070E+00 -0.4247E-04  0.3090E+00 -0.6713E-08 -0.7098E-04  0.3072E+00 -0.2122E-02 -0.1677E-02 -0.7087E-05 -0.2021E-05 -0.1508E-03
   44  0.2735E+00  0.1067E-03  0.2752E+00 -0.3172E-08 -0.6198E-04  0.2733E+00 -0.8571E-03 -0.1643E-02 -0.5605E-05 -0.2428E-05 -0.1470E-03
   45  0.2407E+00  0.1274E-03  0.2422E+00 -0.1994E-08 -0.4234E-04  0.2404E+00 -0.6934E-04 -0.1470E-02 -0.2835E-05 -0.2177E-05 -0.1372E-03
   46  0.2075E+00  0.7624E-04  0.2090E+00 -0.2330E-08 -0.2192E-04  0.2073E+00 -0.5148E-04 -0.1214E-02 -0.2370E-06 -0.2027E-05 -0.1221E-03
   47  0.1741E+00  0.1550E-04  0.1757E+00 -0.9167E-09 -0.7029E-05  0.1741E+00 -0.6212E-03 -0.9315E-03  0.1293E-05 -0.1933E-05 -0.1032E-03
   48  0.1415E+00 -0.2987E-04  0.1429E+00  0.1408E-08  0.1018E-05  0.1415E+00 -0.1445E-02 -0.6689E-03  0.1790E-05 -0.1316E-05 -0.8257E-04
   49  0.1108E+00 -0.5709E-04  0.1121E+00  0.3022E-08  0.3583E-05  0.1109E+00 -0.2219E-02 -0.4575E-03  0.1442E-05 -0.3618E-06 -0.6312E-04
   50  0.8354E-01 -0.6259E-04  0.8467E-01  0.3305E-08  0.3056E-05  0.8365E-01 -0.2716E-02 -0.3086E-03  0.8457E-06  0.4913E-06 -0.4695E-04
   51  0.6055E-01 -0.4920E-04  0.6145E-01  0.2845E-08  0.1276E-05  0.6065E-01 -0.2845E-02 -0.2139E-03  0.2493E-06  0.8549E-06 -0.3475E-04
   52  0.4221E-01 -0.2591E-04  0.4289E-01  0.2211E-08 -0.4866E-06  0.4227E-01 -0.2643E-02 -0.1547E-03 -0.4343E-07  0.8263E-06 -0.2587E-04
   53  0.2832E-01 -0.4729E-05  0.2880E-01  0.1763E-08 -0.1662E-05  0.2834E-01 -0.2232E-02 -0.1134E-03 -0.1467E-06  0.6145E-06 -0.1922E-04
   54  0.1829E-01  0.8525E-05  0.1860E-01  0.1365E-08 -0.2109E-05  0.1828E-01 -0.1748E-02 -0.8041E-04 -0.1021E-06  0.4386E-06 -0.1386E-04
   55  0.1135E-01  0.1386E-04  0.1155E-01  0.9586E-09 -0.2023E-05  0.1133E-01 -0.1288E-02 -0.5315E-04 -0.2855E-07  0.3239E-06 -0.9508E-05
   56  0.6765E-02  0.1438E-04  0.6885E-02  0.5277E-09 -0.1637E-05  0.6741E-02 -0.9005E-03 -0.3213E-04  0.3115E-07  0.2641E-06 -0.6112E-05
   57  0.3858E-02  0.1266E-04  0.3927E-02  0.1782E-09 -0.1173E-05  0.3837E-02 -0.5986E-03 -0.1761E-04  0.5925E-07  0.2150E-06 -0.3666E-05
   58  0.2101E-02  0.1020E-04  0.2138E-02 -0.3429E-10 -0.7575E-06  0.2083E-02 -0.3779E-03 -0.8721E-05  0.6031E-07  0.1675E-06 -0.2050E-05
   59  0.1090E-02  0.7623E-05  0.1109E-02 -0.1166E-09 -0.4455E-06  0.1077E-02 -0.2258E-03 -0.3873E-05  0.4803E-07  0.1187E-06 -0.1071E-05
   60  0.5381E-03  0.5298E-05  0.5464E-03 -0.1176E-09 -0.2404E-06  0.5288E-03 -0.1273E-03 -0.1527E-05  0.3190E-07  0.7623E-07 -0.5217E-06
   61  0.2522E-03  0.3407E-05  0.2555E-03 -0.8699E-10 -0.1199E-06  0.2462E-03 -0.6752E-04 -0.5182E-06  0.1878E-07  0.4400E-07 -0.2371E-06
   62  0.1121E-03  0.2025E-05  0.1133E-03 -0.5462E-10 -0.5552E-07  0.1085E-03 -0.3366E-04 -0.1411E-06  0.9952E-08  0.2302E-07 -0.1003E-06
   63  0.4722E-04  0.1110E-05  0.4750E-04 -0.3011E-10 -0.2408E-07  0.4523E-04 -0.1575E-04 -0.2289E-07  0.4801E-08  0.1088E-07 -0.3936E-07
   64  0.1880E-04  0.5615E-06  0.1881E-04 -0.1484E-10 -0.9766E-08  0.1778E-04 -0.6900E-05  0.4702E-08  0.2169E-08  0.4716E-08 -0.1438E-07
   65  0.7059E-05  0.2617E-06  0.7025E-05 -0.6720E-11 -0.3745E-08  0.6585E-05 -0.2829E-05  0.6296E-08  0.8959E-09  0.1860E-08 -0.4863E-08
   66  0.2496E-05  0.1123E-06  0.2467E-05 -0.2845E-11 -0.1337E-08  0.2292E-05 -0.1083E-05  0.3811E-08  0.3528E-09  0.6822E-09 -0.1548E-08
   67  0.8284E-06  0.4435E-07  0.8129E-06 -0.1078E-11 -0.4553E-09  0.7474E-06 -0.3865E-06  0.1674E-08  0.1266E-09  0.2291E-09 -0.4566E-09
   68  0.2587E-06  0.1611E-07  0.2519E-06 -0.3412E-12 -0.1430E-09  0.2291E-06 -0.1285E-06  0.6700E-09  0.4356E-10  0.7320E-10 -0.1321E-09
   69  0.7474E-07  0.5357E-08  0.7215E-07 -0.9275E-13 -0.4278E-10  0.6488E-07 -0.3949E-07  0.2246E-09  0.1350E-10  0.2119E-10 -0.3475E-10
   70  0.2091E-07  0.1667E-08  0.2005E-07 -0.2030E-13 -0.1207E-10  0.1784E-07 -0.1154E-07  0.7440E-10  0.4099E-11  0.6128E-11 -0.1007E-10
   71  0.5039E-08  0.4548E-09  0.4778E-08 -0.2179E-14 -0.3018E-11  0.4197E-08 -0.2945E-08  0.1998E-10  0.1059E-11  0.1489E-11 -0.2274E-11
   72  0.1374E-08  0.1302E-09  0.1298E-08  0.5679E-15 -0.8264E-12  0.1133E-08 -0.8153E-09  0.6239E-11  0.2965E-12  0.4119E-12 -0.7559E-12
   73  0.2420E-09  0.2622E-10  0.2252E-09  0.6894E-15 -0.1516E-12  0.1933E-09 -0.1535E-09  0.1197E-11  0.5774E-13  0.7614E-13 -0.1238E-12
   74  0.8188E-10  0.8757E-11  0.7660E-10  0.2550E-15 -0.4930E-13  0.6578E-10 -0.5088E-10  0.4494E-12  0.1743E-13  0.2313E-13 -0.5566E-13
   75  0.7455E-11  0.9350E-12  0.6808E-11  0.9202E-16 -0.4504E-14  0.5715E-11 -0.5048E-11  0.4391E-13  0.1779E-14  0.2139E-14 -0.4563E-14
   76  0.4764E-11  0.5530E-12  0.4373E-11  0.3143E-16 -0.2624E-14  0.3732E-11 -0.3052E-11  0.2886E-13  0.8616E-15  0.1067E-14 -0.3499E-14
   77  0.1071E-12  0.1482E-13  0.9461E-13  0.4155E-17 -0.4423E-16  0.8051E-13 -0.7565E-13  0.7677E-15  0.2106E-16 -0.2756E-16 -0.7187E-16
   78  0.3412E-12  0.4747E-13  0.3151E-12 -0.9169E-18 -0.1683E-15  0.2578E-12 -0.2338E-12  0.2174E-14  0.6064E-16  0.7503E-16 -0.2553E-15
