 input file is 
mstm7_1024_5299_13_009.inp    
 input file comments follow:
***********************************************************
  This is the default mstm input file for v.3.0.
  The run is for a 7-sphere cluster of identical spheres.   The positions
  are embedded in the input file.

  The run makes use of the new_run and multiple_run options.

  14 April 2013
***********************************************************
 number of processors:
   1
 input parameters for run number 
    1
 number of spheres, volume size parameter:
 1024  0.53411E+01
 position file:
position/n1024/a7.out                                       
 output file:
output/1024/x5299/13/009/mt_7_1024_5299_13_009.dat          
 length, ref. indx. scale factors:
   0.530   1.300   0.090
 chiral factors:
  0.00000E+00  0.00000E+00
 scattering matrix directions based on incident frame
 automatic scattering angle calculation
 thetamin, thetamax:
      0.0    180.0
 number scattering angles:
      181
 epsmie, epssoln, max number iterations:
  0.1000E-05  0.1000E-07 5000
 medium refractive index:
  1.0000  0.0000
 target euler rotation angles:
    0.0000    0.0000    0.0000
 far field kr, iterations/correction:
 -0.1000E+01   20
 plane wave incidence
 random orientation calculations
 t matrix calculated, stored in file 
tmatrixfiles/71024529913009                                 
 t matrix convergence epsilon:
  0.1000E-06
 all spheres excited (total T matrix) 
 calculation results for run 
    1
 total ext, abs, scat efficiencies, w.r.t. xv, and asym. parm
  0.18806E+01  0.11826E+01  0.69804E+00  0.79283E+00
 scattering matrix elements (normalized w/ S11)
   theta      11           12           13           14           22           23           24           33           34           44      
    0.00  0.18505E+03  0.00000E+00  0.00000E+00  0.14291E-05  0.99999E+00  0.69168E-05  0.00000E+00  0.99999E+00  0.00000E+00  0.99999E+00 
    1.00  0.17696E+03 -0.17964E-03 -0.88096E-08  0.23520E-05  0.99999E+00  0.50044E-05  0.48103E-08  0.99999E+00 -0.19398E-04  0.99999E+00 
    2.00  0.15523E+03 -0.70675E-03 -0.32069E-07  0.49844E-05  0.99999E+00 -0.48674E-06  0.19068E-07  0.99999E+00 -0.71046E-04  0.99998E+00 
    3.00  0.12620E+03 -0.15427E-02 -0.59289E-07  0.87883E-05  0.99999E+00 -0.86404E-05  0.41696E-07  0.99999E+00 -0.13290E-03  0.99998E+00 
    4.00  0.96960E+02 -0.26192E-02 -0.71321E-07  0.12495E-04  0.99998E+00 -0.17468E-04  0.69946E-07  0.99998E+00 -0.16406E-03  0.99997E+00 
    5.00  0.72499E+02 -0.38612E-02 -0.44716E-07  0.13947E-04  0.99998E+00 -0.23935E-04  0.10210E-06  0.99997E+00 -0.11540E-03  0.99995E+00 
    6.00  0.54477E+02 -0.52607E-02  0.30997E-07  0.10982E-04  0.99997E+00 -0.25621E-04  0.14844E-06  0.99996E+00  0.27914E-04  0.99993E+00 
    7.00  0.41961E+02 -0.69421E-02  0.13478E-06  0.34121E-05  0.99996E+00 -0.23506E-04  0.24327E-06  0.99994E+00  0.20155E-03  0.99990E+00 
    8.00  0.33072E+02 -0.90868E-02  0.22601E-06 -0.64275E-05  0.99995E+00 -0.21759E-04  0.43427E-06  0.99991E+00  0.29764E-03  0.99986E+00 
    9.00  0.26294E+02 -0.11769E-01  0.27864E-06 -0.15854E-04  0.99993E+00 -0.23624E-04  0.74875E-06  0.99986E+00  0.26358E-03  0.99979E+00 
   10.00  0.20874E+02 -0.14901E-01  0.29586E-06 -0.23758E-04  0.99990E+00 -0.28789E-04  0.11676E-05  0.99980E+00  0.14709E-03  0.99971E+00 
   11.00  0.16537E+02 -0.18314E-01  0.30723E-06 -0.30415E-04  0.99987E+00 -0.34803E-04  0.16287E-05  0.99971E+00  0.55770E-04  0.99960E+00 
   12.00  0.13107E+02 -0.21904E-01  0.37255E-06 -0.36242E-04  0.99984E+00 -0.40274E-04  0.20685E-05  0.99961E+00  0.67640E-04  0.99946E+00 
   13.00  0.10385E+02 -0.25741E-01  0.58690E-06 -0.40713E-04  0.99980E+00 -0.46254E-04  0.24627E-05  0.99947E+00  0.15187E-03  0.99929E+00 
   14.00  0.82327E+01 -0.30037E-01  0.10518E-05 -0.41945E-04  0.99975E+00 -0.53608E-04  0.27883E-05  0.99929E+00  0.17109E-03  0.99906E+00 
   15.00  0.66286E+01 -0.34992E-01  0.17638E-05 -0.37130E-04  0.99968E+00 -0.58597E-04  0.29108E-05  0.99905E+00 -0.30546E-04  0.99876E+00 
   16.00  0.55904E+01 -0.40595E-01  0.24428E-05 -0.24563E-04  0.99961E+00 -0.52987E-04  0.25832E-05  0.99875E+00 -0.49600E-03  0.99840E+00 
   17.00  0.50501E+01 -0.46584E-01  0.26045E-05 -0.66184E-05  0.99955E+00 -0.33511E-04  0.17323E-05  0.99842E+00 -0.10836E-02  0.99803E+00 
   18.00  0.48159E+01 -0.52713E-01  0.20420E-05  0.11492E-04  0.99951E+00 -0.89761E-05  0.64475E-06  0.99807E+00 -0.16199E-02  0.99764E+00 
   19.00  0.46526E+01 -0.58988E-01  0.10097E-05  0.26688E-04  0.99948E+00  0.92735E-05 -0.38498E-06  0.99767E+00 -0.20925E-02  0.99722E+00 
   20.00  0.43991E+01 -0.65521E-01 -0.12216E-06  0.38697E-04  0.99945E+00  0.17488E-04 -0.13576E-05  0.99719E+00 -0.25985E-02  0.99671E+00 
   21.00  0.40224E+01 -0.72348E-01 -0.11179E-05  0.47180E-04  0.99939E+00  0.18766E-04 -0.24196E-05  0.99662E+00 -0.32054E-02  0.99610E+00 
   22.00  0.35858E+01 -0.79408E-01 -0.19039E-05  0.49958E-04  0.99933E+00  0.19123E-04 -0.34988E-05  0.99597E+00 -0.38784E-02  0.99540E+00 
   23.00  0.31751E+01 -0.86631E-01 -0.25343E-05  0.43784E-04  0.99926E+00  0.24187E-04 -0.39895E-05  0.99525E+00 -0.44788E-02  0.99464E+00 
   24.00  0.28455E+01 -0.94061E-01 -0.31098E-05  0.27528E-04  0.99919E+00  0.35932E-04 -0.28852E-05  0.99449E+00 -0.48462E-02  0.99383E+00 
   25.00  0.26102E+01 -0.10187E+00 -0.36398E-05  0.51285E-05  0.99912E+00  0.50849E-04  0.40060E-06  0.99367E+00 -0.49241E-02  0.99296E+00 
   26.00  0.24555E+01 -0.11020E+00 -0.39734E-05 -0.15768E-04  0.99904E+00  0.61589E-04  0.52183E-05  0.99276E+00 -0.47921E-02  0.99199E+00 
   27.00  0.23561E+01 -0.11901E+00 -0.38894E-05 -0.29331E-04  0.99895E+00  0.60810E-04  0.99339E-05  0.99173E+00 -0.45557E-02  0.99090E+00 
   28.00  0.22820E+01 -0.12807E+00 -0.32418E-05 -0.36020E-04  0.99887E+00  0.44287E-04  0.13158E-04  0.99059E+00 -0.42394E-02  0.98970E+00 
   29.00  0.22010E+01 -0.13722E+00 -0.20207E-05 -0.41897E-04  0.99880E+00  0.12106E-04  0.14728E-04  0.98933E+00 -0.38143E-02  0.98839E+00 
   30.00  0.20871E+01 -0.14649E+00 -0.36249E-06 -0.53926E-04  0.99872E+00 -0.31515E-04  0.15601E-04  0.98794E+00 -0.33158E-02  0.98695E+00 
   31.00  0.19315E+01 -0.15613E+00  0.13561E-05 -0.75153E-04  0.99862E+00 -0.78496E-04  0.17013E-04  0.98636E+00 -0.29238E-02  0.98531E+00 
   32.00  0.17488E+01 -0.16643E+00  0.23317E-05 -0.10179E-03  0.99849E+00 -0.11692E-03  0.19629E-04  0.98453E+00 -0.29249E-02  0.98340E+00 
   33.00  0.15697E+01 -0.17757E+00  0.13437E-05 -0.12287E-03  0.99834E+00 -0.13325E-03  0.23018E-04  0.98240E+00 -0.35236E-02  0.98117E+00 
   34.00  0.14233E+01 -0.18937E+00 -0.25215E-05 -0.12500E-03  0.99819E+00 -0.12049E-03  0.25729E-04  0.98003E+00 -0.45648E-02  0.97871E+00 
   35.00  0.13207E+01 -0.20139E+00 -0.85535E-05 -0.10328E-03  0.99808E+00 -0.88507E-04  0.26317E-04  0.97751E+00 -0.54808E-02  0.97613E+00 
   36.00  0.12520E+01 -0.21335E+00 -0.14109E-04 -0.68026E-04  0.99799E+00 -0.61065E-04  0.24670E-04  0.97488E+00 -0.57333E-02  0.97347E+00 
   37.00  0.11968E+01 -0.22544E+00 -0.16228E-04 -0.37308E-04  0.99791E+00 -0.57336E-04  0.22081E-04  0.97206E+00 -0.53120E-02  0.97062E+00 
   38.00  0.11407E+01 -0.23812E+00 -0.13497E-04 -0.24120E-04  0.99780E+00 -0.77879E-04  0.20177E-04  0.96890E+00 -0.46801E-02  0.96741E+00 
   39.00  0.10817E+01 -0.25164E+00 -0.67235E-05 -0.30644E-04  0.99766E+00 -0.10580E-03  0.20085E-04  0.96532E+00 -0.43289E-02  0.96375E+00 
   40.00  0.10264E+01 -0.26581E+00  0.14925E-05 -0.49363E-04  0.99750E+00 -0.11816E-03  0.22219E-04  0.96135E+00 -0.43887E-02  0.95971E+00 
   41.00  0.97868E+00 -0.28006E+00  0.83115E-05 -0.68579E-04  0.99735E+00 -0.10171E-03  0.26350E-04  0.95716E+00 -0.45715E-02  0.95544E+00 
   42.00  0.93496E+00 -0.29406E+00  0.12629E-04 -0.80291E-04  0.99721E+00 -0.62009E-04  0.31844E-04  0.95282E+00 -0.45104E-02  0.95103E+00 
   43.00  0.88761E+00 -0.30797E+00  0.15555E-04 -0.84585E-04  0.99706E+00 -0.16808E-04  0.37911E-04  0.94825E+00 -0.41606E-02  0.94638E+00 
   44.00  0.83309E+00 -0.32243E+00  0.18860E-04 -0.87125E-04  0.99687E+00  0.18386E-04  0.43599E-04  0.94319E+00 -0.38516E-02  0.94124E+00 
   45.00  0.77607E+00 -0.33805E+00  0.22941E-04 -0.93121E-04  0.99667E+00  0.38774E-04  0.47604E-04  0.93742E+00 -0.39955E-02  0.93537E+00 
   46.00  0.72600E+00 -0.35499E+00  0.25888E-04 -0.10202E-03  0.99646E+00  0.49566E-04  0.48420E-04  0.93087E+00 -0.47080E-02  0.92873E+00 
   47.00  0.68975E+00 -0.37274E+00  0.24606E-04 -0.10621E-03  0.99631E+00  0.59102E-04  0.45157E-04  0.92373E+00 -0.56429E-02  0.92152E+00 
   48.00  0.66684E+00 -0.39049E+00  0.17392E-04 -0.96381E-04  0.99621E+00  0.71420E-04  0.38353E-04  0.91630E+00 -0.62717E-02  0.91405E+00 
   49.00  0.65054E+00 -0.40770E+00  0.51491E-05 -0.69346E-04  0.99613E+00  0.85621E-04  0.29619E-04  0.90874E+00 -0.63601E-02  0.90648E+00 
   50.00  0.63289E+00 -0.42440E+00 -0.10133E-04 -0.30570E-04  0.99603E+00  0.10184E-03  0.20496E-04  0.90099E+00 -0.60929E-02  0.89870E+00 
   51.00  0.60925E+00 -0.44096E+00 -0.27473E-04  0.97056E-05  0.99586E+00  0.12562E-03  0.11762E-04  0.89283E+00 -0.58038E-02  0.89049E+00 
   52.00  0.57937E+00 -0.45778E+00 -0.47422E-04  0.42401E-04  0.99561E+00  0.16597E-03  0.34074E-05  0.88407E+00 -0.56803E-02  0.88164E+00 
   53.00  0.54569E+00 -0.47508E+00 -0.70920E-04  0.64868E-04  0.99530E+00  0.22856E-03 -0.52178E-05  0.87455E+00 -0.56754E-02  0.87202E+00 
   54.00  0.51113E+00 -0.49290E+00 -0.97442E-04  0.83296E-04  0.99494E+00  0.30909E-03 -0.15260E-04  0.86425E+00 -0.56225E-02  0.86159E+00 
   55.00  0.47789E+00 -0.51111E+00 -0.12383E-03  0.10962E-03  0.99456E+00  0.39210E-03 -0.27926E-04  0.85319E+00 -0.54278E-02  0.85039E+00 
   56.00  0.44743E+00 -0.52953E+00 -0.14488E-03  0.15323E-03  0.99418E+00  0.45698E-03 -0.43524E-04  0.84145E+00 -0.51690E-02  0.83851E+00 
   57.00  0.42078E+00 -0.54800E+00 -0.15577E-03  0.21244E-03  0.99383E+00  0.48773E-03 -0.60282E-04  0.82909E+00 -0.50270E-02  0.82605E+00 
   58.00  0.39860E+00 -0.56650E+00 -0.15485E-03  0.27236E-03  0.99353E+00  0.48046E-03 -0.73948E-04  0.81612E+00 -0.51262E-02  0.81302E+00 
   59.00  0.38103E+00 -0.58515E+00 -0.14498E-03  0.31216E-03  0.99329E+00  0.44454E-03 -0.79141E-04  0.80246E+00 -0.54335E-02  0.79935E+00 
   60.00  0.36767E+00 -0.60408E+00 -0.13216E-03  0.31753E-03  0.99311E+00  0.39722E-03 -0.72273E-04  0.78798E+00 -0.57883E-02  0.78490E+00 
   61.00  0.35756E+00 -0.62336E+00 -0.12243E-03  0.28935E-03  0.99299E+00  0.35581E-03 -0.54226E-04  0.77258E+00 -0.60128E-02  0.76955E+00 
   62.00  0.34936E+00 -0.64285E+00 -0.11926E-03  0.24245E-03  0.99289E+00  0.33180E-03 -0.30753E-04  0.75627E+00 -0.60020E-02  0.75329E+00 
   63.00  0.34144E+00 -0.66227E+00 -0.12283E-03  0.19654E-03  0.99279E+00  0.32871E-03 -0.10147E-04  0.73916E+00 -0.57492E-02  0.73621E+00 
   64.00  0.33230E+00 -0.68139E+00 -0.13112E-03  0.16672E-03  0.99265E+00  0.34265E-03  0.24764E-06  0.72136E+00 -0.53278E-02  0.71841E+00 
   65.00  0.32109E+00 -0.70011E+00 -0.14130E-03  0.15905E-03  0.99244E+00  0.36435E-03 -0.34122E-05  0.70289E+00 -0.48615E-02  0.69992E+00 
   66.00  0.30805E+00 -0.71844E+00 -0.15065E-03  0.17155E-03  0.99218E+00  0.38174E-03 -0.20670E-04  0.68368E+00 -0.44842E-02  0.68067E+00 
   67.00  0.29451E+00 -0.73651E+00 -0.15694E-03  0.19737E-03  0.99189E+00  0.38366E-03 -0.47241E-04  0.66363E+00 -0.42831E-02  0.66058E+00 
   68.00  0.28220E+00 -0.75440E+00 -0.15878E-03  0.22776E-03  0.99160E+00  0.36470E-03 -0.76259E-04  0.64266E+00 -0.42369E-02  0.63960E+00 
   69.00  0.27240E+00 -0.77210E+00 -0.15638E-03  0.25422E-03  0.99136E+00  0.32934E-03 -0.10039E-03  0.62079E+00 -0.42021E-02  0.61774E+00 
   70.00  0.26523E+00 -0.78956E+00 -0.15210E-03  0.27051E-03  0.99116E+00  0.29121E-03 -0.11442E-03  0.59804E+00 -0.39904E-02  0.59503E+00 
   71.00  0.25979E+00 -0.80668E+00 -0.14999E-03  0.27373E-03  0.99100E+00  0.26652E-03 -0.11694E-03  0.57438E+00 -0.34952E-02  0.57144E+00 
   72.00  0.25469E+00 -0.82341E+00 -0.15435E-03  0.26425E-03  0.99083E+00  0.26597E-03 -0.10982E-03  0.54973E+00 -0.27555E-02  0.54685E+00 
   73.00  0.24882E+00 -0.83970E+00 -0.16819E-03  0.24441E-03  0.99061E+00  0.29092E-03 -0.96455E-04  0.52399E+00 -0.19109E-02  0.52117E+00 
   74.00  0.24178E+00 -0.85547E+00 -0.19216E-03  0.21739E-03  0.99033E+00  0.33415E-03 -0.80189E-04  0.49716E+00 -0.11023E-02  0.49436E+00 
   75.00  0.23380E+00 -0.87060E+00 -0.22390E-03  0.18638E-03  0.99000E+00  0.38323E-03 -0.63615E-04  0.46935E+00 -0.39741E-03  0.46657E+00 
   76.00  0.22546E+00 -0.88494E+00 -0.25819E-03  0.15444E-03  0.98965E+00  0.42441E-03 -0.48716E-04  0.44079E+00  0.21784E-03  0.43802E+00 
   77.00  0.21735E+00 -0.89837E+00 -0.28818E-03  0.12450E-03  0.98931E+00  0.44633E-03 -0.37410E-04  0.41169E+00  0.78867E-03  0.40897E+00 
   78.00  0.20994E+00 -0.91085E+00 -0.30735E-03  0.99446E-04  0.98900E+00  0.44250E-03 -0.32028E-04  0.38217E+00  0.13294E-02  0.37954E+00 
   79.00  0.20351E+00 -0.92243E+00 -0.31170E-03  0.81689E-04  0.98875E+00  0.41230E-03 -0.35113E-04  0.35220E+00  0.18040E-02  0.34972E+00 
   80.00  0.19817E+00 -0.93319E+00 -0.30111E-03  0.72140E-04  0.98858E+00  0.36045E-03 -0.48206E-04  0.32160E+00  0.21652E-02  0.31934E+00 
   81.00  0.19377E+00 -0.94318E+00 -0.27924E-03  0.68963E-04  0.98846E+00  0.29551E-03 -0.70099E-04  0.29018E+00  0.24124E-02  0.28818E+00 
   82.00  0.18988E+00 -0.95237E+00 -0.25210E-03  0.67238E-04  0.98837E+00  0.22758E-03 -0.95838E-04  0.25779E+00  0.26081E-02  0.25607E+00 
   83.00  0.18588E+00 -0.96062E+00 -0.22583E-03  0.60220E-04  0.98825E+00  0.16597E-03 -0.11751E-03  0.22440E+00  0.28360E-02  0.22293E+00 
   84.00  0.18119E+00 -0.96778E+00 -0.20515E-03  0.41692E-04  0.98805E+00  0.11743E-03 -0.12663E-03  0.19010E+00  0.31372E-02  0.18886E+00 
   85.00  0.17556E+00 -0.97368E+00 -0.19284E-03  0.82527E-05  0.98773E+00  0.85661E-04 -0.11697E-03  0.15511E+00  0.34779E-02  0.15404E+00 
   86.00  0.16918E+00 -0.97822E+00 -0.19001E-03 -0.39345E-04  0.98730E+00  0.71472E-04 -0.86951E-04  0.11973E+00  0.37723E-02  0.11880E+00 
   87.00  0.16261E+00 -0.98138E+00 -0.19656E-03 -0.96077E-04  0.98681E+00  0.73168E-04 -0.40894E-04  0.84357E-01  0.39415E-02  0.83535E-01 
   88.00  0.15654E+00 -0.98322E+00 -0.21121E-03 -0.15394E-03  0.98632E+00  0.86883E-04  0.11428E-04  0.49401E-01  0.39727E-02  0.48676E-01 
   89.00  0.15147E+00 -0.98386E+00 -0.23139E-03 -0.20449E-03  0.98589E+00  0.10723E-03  0.57622E-04  0.15152E-01  0.39341E-02  0.14522E-01 
   90.00  0.14753E+00 -0.98341E+00 -0.25335E-03 -0.24163E-03  0.98554E+00  0.12852E-03  0.87153E-04 -0.18322E-01  0.39279E-02 -0.18853E-01 
   91.00  0.14452E+00 -0.98192E+00 -0.27285E-03 -0.26294E-03  0.98527E+00  0.14618E-03  0.94917E-04 -0.51191E-01  0.40133E-02 -0.51615E-01 
   92.00  0.14205E+00 -0.97939E+00 -0.28610E-03 -0.26886E-03  0.98504E+00  0.15741E-03  0.81683E-04 -0.83752E-01  0.41624E-02 -0.84062E-01 
   93.00  0.13980E+00 -0.97577E+00 -0.29060E-03 -0.26097E-03  0.98481E+00  0.16107E-03  0.51764E-04 -0.11627E+00  0.42851E-02 -0.11646E+00 
   94.00  0.13764E+00 -0.97104E+00 -0.28552E-03 -0.24085E-03  0.98456E+00  0.15692E-03  0.10166E-04 -0.14887E+00  0.42990E-02 -0.14893E+00 
   95.00  0.13562E+00 -0.96520E+00 -0.27175E-03 -0.21036E-03  0.98432E+00  0.14520E-03 -0.38998E-04 -0.18150E+00  0.41971E-02 -0.18141E+00 
   96.00  0.13393E+00 -0.95831E+00 -0.25163E-03 -0.17245E-03  0.98411E+00  0.12660E-03 -0.92529E-04 -0.21396E+00  0.40692E-02 -0.21371E+00 
   97.00  0.13272E+00 -0.95045E+00 -0.22831E-03 -0.13139E-03  0.98397E+00  0.10252E-03 -0.14736E-03 -0.24601E+00  0.40627E-02 -0.24559E+00 
   98.00  0.13204E+00 -0.94170E+00 -0.20486E-03 -0.91849E-04  0.98390E+00  0.75283E-04 -0.19997E-03 -0.27744E+00  0.43038E-02 -0.27686E+00 
   99.00  0.13187E+00 -0.93212E+00 -0.18350E-03 -0.57356E-04  0.98391E+00  0.47865E-04 -0.24651E-03 -0.30815E+00  0.48284E-02 -0.30740E+00 
  100.00  0.13209E+00 -0.92174E+00 -0.16530E-03 -0.29182E-04  0.98400E+00  0.23339E-04 -0.28360E-03 -0.33814E+00  0.55654E-02 -0.33723E+00 
  101.00  0.13260E+00 -0.91054E+00 -0.15045E-03 -0.63617E-05  0.98414E+00  0.41451E-05 -0.30926E-03 -0.36749E+00  0.63760E-02 -0.36643E+00 
  102.00  0.13332E+00 -0.89852E+00 -0.13869E-03  0.13399E-04  0.98432E+00 -0.84528E-05 -0.32346E-03 -0.39630E+00  0.71193E-02 -0.39508E+00 
  103.00  0.13420E+00 -0.88566E+00 -0.12963E-03  0.32604E-04  0.98452E+00 -0.14547E-04 -0.32794E-03 -0.42465E+00  0.77072E-02 -0.42326E+00 
  104.00  0.13515E+00 -0.87197E+00 -0.12277E-03  0.53223E-04  0.98474E+00 -0.15357E-04 -0.32561E-03 -0.45255E+00  0.81227E-02 -0.45098E+00 
  105.00  0.13606E+00 -0.85744E+00 -0.11724E-03  0.76450E-04  0.98494E+00 -0.12727E-04 -0.31954E-03 -0.47996E+00  0.84011E-02 -0.47820E+00 
  106.00  0.13674E+00 -0.84211E+00 -0.11151E-03  0.10277E-03  0.98512E+00 -0.85867E-05 -0.31214E-03 -0.50681E+00  0.85902E-02 -0.50484E+00 
  107.00  0.13703E+00 -0.82602E+00 -0.10323E-03  0.13203E-03  0.98525E+00 -0.45958E-05 -0.30480E-03 -0.53296E+00  0.87147E-02 -0.53077E+00 
  108.00  0.13682E+00 -0.80925E+00 -0.89477E-04  0.16340E-03  0.98532E+00 -0.20241E-05 -0.29795E-03 -0.55832E+00  0.87623E-02 -0.55588E+00 
  109.00  0.13611E+00 -0.79191E+00 -0.67167E-04  0.19525E-03  0.98532E+00 -0.17490E-05 -0.29159E-03 -0.58276E+00  0.86936E-02 -0.58006E+00 
  110.00  0.13500E+00 -0.77410E+00 -0.33788E-04  0.22511E-03  0.98528E+00 -0.42431E-05 -0.28585E-03 -0.60620E+00  0.84680E-02 -0.60324E+00 
  111.00  0.13369E+00 -0.75598E+00  0.11818E-04  0.24992E-03  0.98521E+00 -0.95159E-05 -0.28146E-03 -0.62858E+00  0.80722E-02 -0.62537E+00 
  112.00  0.13243E+00 -0.73767E+00  0.68804E-04  0.26650E-03  0.98515E+00 -0.17088E-04 -0.27984E-03 -0.64991E+00  0.75377E-02 -0.64644E+00 
  113.00  0.13143E+00 -0.71926E+00  0.13410E-03  0.27228E-03  0.98511E+00 -0.26112E-04 -0.28274E-03 -0.67019E+00  0.69391E-02 -0.66650E+00 
  114.00  0.13080E+00 -0.70082E+00  0.20287E-03  0.26590E-03  0.98511E+00 -0.35656E-04 -0.29166E-03 -0.68951E+00  0.63717E-02 -0.68560E+00 
  115.00  0.13058E+00 -0.68235E+00  0.26958E-03  0.24754E-03  0.98517E+00 -0.45030E-04 -0.30701E-03 -0.70792E+00  0.59183E-02 -0.70383E+00 
  116.00  0.13069E+00 -0.66384E+00  0.32924E-03  0.21886E-03  0.98526E+00 -0.53976E-04 -0.32769E-03 -0.72550E+00  0.56213E-02 -0.72125E+00 
  117.00  0.13102E+00 -0.64525E+00  0.37847E-03  0.18255E-03  0.98538E+00 -0.62628E-04 -0.35107E-03 -0.74230E+00  0.54719E-02 -0.73791E+00 
  118.00  0.13143E+00 -0.62658E+00  0.41588E-03  0.14183E-03  0.98550E+00 -0.71301E-04 -0.37344E-03 -0.75836E+00  0.54186E-02 -0.75382E+00 
  119.00  0.13184E+00 -0.60784E+00  0.44192E-03  0.99963E-04  0.98563E+00 -0.80248E-04 -0.39076E-03 -0.77368E+00  0.53894E-02 -0.76900E+00 
  120.00  0.13219E+00 -0.58907E+00  0.45830E-03  0.59937E-04  0.98574E+00 -0.89514E-04 -0.39945E-03 -0.78827E+00  0.53149E-02 -0.78343E+00 
  121.00  0.13251E+00 -0.57030E+00  0.46727E-03  0.24191E-04  0.98585E+00 -0.98903E-04 -0.39713E-03 -0.80213E+00  0.51471E-02 -0.79713E+00 
  122.00  0.13283E+00 -0.55160E+00  0.47101E-03 -0.55471E-05  0.98595E+00 -0.10801E-03 -0.38309E-03 -0.81527E+00  0.48690E-02 -0.81009E+00 
  123.00  0.13322E+00 -0.53301E+00  0.47104E-03 -0.28337E-04  0.98605E+00 -0.11630E-03 -0.35844E-03 -0.82771E+00  0.44932E-02 -0.82234E+00 
  124.00  0.13369E+00 -0.51457E+00  0.46807E-03 -0.43969E-04  0.98615E+00 -0.12311E-03 -0.32587E-03 -0.83947E+00  0.40527E-02 -0.83391E+00 
  125.00  0.13427E+00 -0.49629E+00  0.46193E-03 -0.52814E-04  0.98625E+00 -0.12776E-03 -0.28910E-03 -0.85057E+00  0.35875E-02 -0.84482E+00 
  126.00  0.13491E+00 -0.47818E+00  0.45181E-03 -0.55627E-04  0.98635E+00 -0.12967E-03 -0.25213E-03 -0.86104E+00  0.31315E-02 -0.85509E+00 
  127.00  0.13557E+00 -0.46026E+00  0.43660E-03 -0.53425E-04  0.98644E+00 -0.12845E-03 -0.21852E-03 -0.87089E+00  0.27037E-02 -0.86474E+00 
  128.00  0.13618E+00 -0.44254E+00  0.41528E-03 -0.47439E-04  0.98650E+00 -0.12409E-03 -0.19085E-03 -0.88015E+00  0.23067E-02 -0.87380E+00 
  129.00  0.13668E+00 -0.42502E+00  0.38724E-03 -0.39126E-04  0.98655E+00 -0.11692E-03 -0.17050E-03 -0.88883E+00  0.19294E-02 -0.88227E+00 
  130.00  0.13704E+00 -0.40773E+00  0.35255E-03 -0.30155E-04  0.98658E+00 -0.10754E-03 -0.15758E-03 -0.89694E+00  0.15546E-02 -0.89016E+00 
  131.00  0.13726E+00 -0.39072E+00  0.31205E-03 -0.22312E-04  0.98658E+00 -0.96624E-04 -0.15114E-03 -0.90450E+00  0.11657E-02 -0.89750E+00 
  132.00  0.13738E+00 -0.37403E+00  0.26732E-03 -0.17309E-04  0.98658E+00 -0.84756E-04 -0.14944E-03 -0.91153E+00  0.75399E-03 -0.90430E+00 
  133.00  0.13746E+00 -0.35769E+00  0.22054E-03 -0.16563E-04  0.98656E+00 -0.72347E-04 -0.15037E-03 -0.91805E+00  0.32103E-03 -0.91059E+00 
  134.00  0.13758E+00 -0.34174E+00  0.17422E-03 -0.21005E-04  0.98655E+00 -0.59661E-04 -0.15176E-03 -0.92409E+00 -0.12055E-03 -0.91641E+00 
  135.00  0.13780E+00 -0.32622E+00  0.13098E-03 -0.30981E-04  0.98656E+00 -0.46884E-04 -0.15176E-03 -0.92968E+00 -0.55005E-03 -0.92179E+00 
  136.00  0.13821E+00 -0.31113E+00  0.93246E-04 -0.46243E-04  0.98658E+00 -0.34195E-04 -0.14901E-03 -0.93486E+00 -0.94340E-03 -0.92677E+00 
  137.00  0.13884E+00 -0.29649E+00  0.63021E-04 -0.66006E-04  0.98663E+00 -0.21790E-04 -0.14277E-03 -0.93966E+00 -0.12787E-02 -0.93140E+00 
  138.00  0.13971E+00 -0.28227E+00  0.41743E-04 -0.89033E-04  0.98671E+00 -0.98736E-05 -0.13280E-03 -0.94411E+00 -0.15405E-02 -0.93569E+00 
  139.00  0.14082E+00 -0.26846E+00  0.30163E-04 -0.11374E-03  0.98681E+00  0.13535E-05 -0.11928E-03 -0.94825E+00 -0.17225E-02 -0.93970E+00 
  140.00  0.14213E+00 -0.25503E+00  0.28328E-04 -0.13835E-03  0.98694E+00  0.11689E-04 -0.10260E-03 -0.95208E+00 -0.18278E-02 -0.94342E+00 
  141.00  0.14361E+00 -0.24196E+00  0.35648E-04 -0.16109E-03  0.98708E+00  0.20902E-04 -0.83187E-04 -0.95564E+00 -0.18661E-02 -0.94688E+00 
  142.00  0.14519E+00 -0.22925E+00  0.51014E-04 -0.18042E-03  0.98722E+00  0.28709E-04 -0.61381E-04 -0.95894E+00 -0.18513E-02 -0.95009E+00 
  143.00  0.14681E+00 -0.21689E+00  0.72951E-04 -0.19529E-03  0.98736E+00  0.34788E-04 -0.37338E-04 -0.96197E+00 -0.17974E-02 -0.95305E+00 
  144.00  0.14843E+00 -0.20486E+00  0.99746E-04 -0.20522E-03  0.98750E+00  0.38841E-04 -0.11016E-04 -0.96477E+00 -0.17165E-02 -0.95576E+00 
  145.00  0.15000E+00 -0.19318E+00  0.12957E-03 -0.21024E-03  0.98762E+00  0.40678E-04  0.17772E-04 -0.96732E+00 -0.16175E-02 -0.95824E+00 
  146.00  0.15147E+00 -0.18183E+00  0.16054E-03 -0.21075E-03  0.98772E+00  0.40321E-04  0.49260E-04 -0.96965E+00 -0.15059E-02 -0.96048E+00 
  147.00  0.15284E+00 -0.17083E+00  0.19082E-03 -0.20732E-03  0.98780E+00  0.38037E-04  0.83591E-04 -0.97177E+00 -0.13848E-02 -0.96249E+00 
  148.00  0.15407E+00 -0.16016E+00  0.21865E-03 -0.20049E-03  0.98787E+00  0.34314E-04  0.12068E-03 -0.97368E+00 -0.12567E-02 -0.96429E+00 
  149.00  0.15516E+00 -0.14983E+00  0.24242E-03 -0.19077E-03  0.98791E+00  0.29756E-04  0.16013E-03 -0.97540E+00 -0.11241E-02 -0.96589E+00 
  150.00  0.15613E+00 -0.13983E+00  0.26079E-03 -0.17857E-03  0.98794E+00  0.24954E-04  0.20121E-03 -0.97694E+00 -0.99069E-03 -0.96730E+00 
  151.00  0.15697E+00 -0.13016E+00  0.27272E-03 -0.16434E-03  0.98795E+00  0.20390E-04  0.24288E-03 -0.97832E+00 -0.86106E-03 -0.96854E+00 
  152.00  0.15771E+00 -0.12082E+00  0.27769E-03 -0.14849E-03  0.98794E+00  0.16395E-04  0.28391E-03 -0.97955E+00 -0.74041E-03 -0.96962E+00 
  153.00  0.15836E+00 -0.11180E+00  0.27571E-03 -0.13148E-03  0.98792E+00  0.13174E-04  0.32300E-03 -0.98064E+00 -0.63345E-03 -0.97055E+00 
  154.00  0.15894E+00 -0.10313E+00  0.26737E-03 -0.11373E-03  0.98789E+00  0.10841E-04  0.35887E-03 -0.98160E+00 -0.54352E-03 -0.97134E+00 
  155.00  0.15947E+00 -0.94793E-01  0.25378E-03 -0.95630E-04  0.98785E+00  0.94543E-05  0.39039E-03 -0.98244E+00 -0.47207E-03 -0.97201E+00 
  156.00  0.15995E+00 -0.86813E-01  0.23640E-03 -0.77530E-04  0.98780E+00  0.90042E-05  0.41656E-03 -0.98316E+00 -0.41857E-03 -0.97257E+00 
  157.00  0.16042E+00 -0.79197E-01  0.21691E-03 -0.59697E-04  0.98775E+00  0.93929E-05  0.43656E-03 -0.98379E+00 -0.38109E-03 -0.97302E+00 
  158.00  0.16086E+00 -0.71953E-01  0.19699E-03 -0.42316E-04  0.98769E+00  0.10418E-04  0.44978E-03 -0.98432E+00 -0.35706E-03 -0.97339E+00 
  159.00  0.16131E+00 -0.65088E-01  0.17825E-03 -0.25449E-04  0.98764E+00  0.11791E-04  0.45570E-03 -0.98477E+00 -0.34422E-03 -0.97367E+00 
  160.00  0.16175E+00 -0.58603E-01  0.16205E-03 -0.90017E-05  0.98758E+00  0.13196E-04  0.45403E-03 -0.98515E+00 -0.34123E-03 -0.97389E+00 
  161.00  0.16219E+00 -0.52496E-01  0.14944E-03  0.72856E-05  0.98752E+00  0.14358E-04  0.44462E-03 -0.98547E+00 -0.34787E-03 -0.97404E+00 
  162.00  0.16263E+00 -0.46762E-01  0.14105E-03  0.23784E-04  0.98745E+00  0.15095E-04  0.42764E-03 -0.98573E+00 -0.36485E-03 -0.97414E+00 
  163.00  0.16308E+00 -0.41391E-01  0.13699E-03  0.40868E-04  0.98739E+00  0.15332E-04  0.40357E-03 -0.98594E+00 -0.39311E-03 -0.97419E+00 
  164.00  0.16352E+00 -0.36375E-01  0.13681E-03  0.58786E-04  0.98732E+00  0.15071E-04  0.37334E-03 -0.98610E+00 -0.43304E-03 -0.97419E+00 
  165.00  0.16396E+00 -0.31706E-01  0.13957E-03  0.77563E-04  0.98724E+00  0.14352E-04  0.33829E-03 -0.98623E+00 -0.48362E-03 -0.97416E+00 
  166.00  0.16439E+00 -0.27376E-01  0.14394E-03  0.96991E-04  0.98715E+00  0.13221E-04  0.30010E-03 -0.98632E+00 -0.54188E-03 -0.97408E+00 
  167.00  0.16482E+00 -0.23378E-01  0.14837E-03  0.11672E-03  0.98706E+00  0.11725E-04  0.26069E-03 -0.98638E+00 -0.60266E-03 -0.97397E+00 
  168.00  0.16523E+00 -0.19708E-01  0.15134E-03  0.13643E-03  0.98695E+00  0.99246E-05  0.22192E-03 -0.98640E+00 -0.65893E-03 -0.97382E+00 
  169.00  0.16563E+00 -0.16362E-01  0.15147E-03  0.15595E-03  0.98684E+00  0.79161E-05  0.18535E-03 -0.98639E+00 -0.70266E-03 -0.97363E+00 
  170.00  0.16602E+00 -0.13337E-01  0.14768E-03  0.17539E-03  0.98671E+00  0.58415E-05  0.15210E-03 -0.98636E+00 -0.72590E-03 -0.97341E+00 
  171.00  0.16640E+00 -0.10629E-01  0.13934E-03  0.19508E-03  0.98658E+00  0.38810E-05  0.12268E-03 -0.98630E+00 -0.72214E-03 -0.97316E+00 
  172.00  0.16675E+00 -0.82385E-02  0.12635E-03  0.21537E-03  0.98643E+00  0.22209E-05  0.97110E-04 -0.98623E+00 -0.68752E-03 -0.97288E+00 
  173.00  0.16709E+00 -0.61645E-02  0.10921E-03  0.23648E-03  0.98627E+00  0.10010E-05  0.75049E-04 -0.98613E+00 -0.62176E-03 -0.97258E+00 
  174.00  0.16740E+00 -0.44082E-02  0.89025E-04  0.25817E-03  0.98611E+00  0.26494E-06  0.56052E-04 -0.98602E+00 -0.52865E-03 -0.97226E+00 
  175.00  0.16768E+00 -0.29683E-02  0.67391E-04  0.27975E-03  0.98594E+00 -0.56905E-07  0.39765E-04 -0.98589E+00 -0.41605E-03 -0.97193E+00 
  176.00  0.16793E+00 -0.18376E-02  0.46198E-04  0.30009E-03  0.98578E+00 -0.11389E-06  0.26047E-04 -0.98576E+00 -0.29536E-03 -0.97160E+00 
  177.00  0.16814E+00 -0.10004E-02  0.27369E-04  0.31784E-03  0.98564E+00 -0.65803E-07  0.14973E-04 -0.98563E+00 -0.18026E-03 -0.97130E+00 
  178.00  0.16830E+00 -0.43219E-03  0.12609E-04  0.33166E-03  0.98552E+00 -0.18178E-07  0.67724E-05 -0.98552E+00 -0.84975E-04 -0.97105E+00 
  179.00  0.16840E+00 -0.10597E-03  0.32191E-05  0.34043E-03  0.98544E+00 -0.13589E-08  0.17123E-05 -0.98544E+00 -0.22013E-04 -0.97089E+00 
  180.00  0.16844E+00 -0.26083E-14  0.80336E-16  0.34343E-03  0.98542E+00 -0.88347E-30  0.42604E-16 -0.98542E+00 -0.55211E-15 -0.97083E+00 
 scattering matrix expansion coefficients
    w  a11         a22         a33         a23         a32         a44         a12         a34         a13         a24         a14
    0  0.1000E+01  0.0000E+00  0.0000E+00  0.0000E+00  0.0000E+00  0.8401E+00  0.0000E+00  0.0000E+00  0.0000E+00  0.0000E+00  0.1422E-05
    1  0.2378E+01  0.0000E+00  0.0000E+00  0.0000E+00  0.0000E+00  0.2536E+01  0.0000E+00  0.0000E+00  0.0000E+00  0.0000E+00 -0.6068E-05
    2  0.3483E+01  0.1983E+00  0.4160E+01 -0.7443E-07 -0.2752E-05  0.3476E+01 -0.3149E+00 -0.8767E-03 -0.3187E-04 -0.3342E-04 -0.4010E-04
    3  0.4192E+01  0.5046E-01  0.4581E+01 -0.1021E-06 -0.1627E-03  0.4199E+01 -0.1982E+00 -0.3969E-02 -0.6442E-04  0.2950E-04 -0.4015E-04
    4  0.4765E+01  0.2667E-01  0.5035E+01  0.1654E-07 -0.1757E-03  0.4764E+01 -0.1469E+00 -0.4846E-02  0.5120E-04  0.1873E-04 -0.5320E-05
    5  0.5228E+01  0.1300E-01  0.5435E+01 -0.4696E-07 -0.6788E-04  0.5228E+01 -0.1095E+00 -0.3491E-02  0.1573E-04 -0.7998E-05  0.3900E-04
    6  0.5604E+01  0.8523E-02  0.5772E+01 -0.1417E-06 -0.3589E-04  0.5600E+01 -0.8748E-01 -0.3508E-02 -0.8130E-05  0.6037E-04  0.1102E-03
    7  0.5898E+01  0.2738E-02  0.6044E+01 -0.1597E-07 -0.6318E-04  0.5900E+01 -0.7882E-01 -0.2967E-02  0.5837E-05 -0.2517E-04  0.1617E-04
    8  0.6129E+01  0.6392E-03  0.6257E+01  0.1056E-06 -0.1273E-03  0.6136E+01 -0.6767E-01 -0.2468E-02  0.4650E-05  0.7998E-06 -0.4018E-04
    9  0.6310E+01  0.7314E-02  0.6418E+01 -0.8456E-07 -0.1928E-03  0.6302E+01 -0.4849E-01 -0.2348E-02 -0.4416E-04 -0.3380E-04 -0.3315E-04
   10  0.6412E+01  0.1961E-02  0.6515E+01 -0.4280E-08 -0.1873E-03  0.6409E+01 -0.4252E-01 -0.1213E-02  0.2257E-04  0.2069E-04  0.3651E-05
   11  0.6444E+01 -0.2802E-02  0.6545E+01  0.5321E-09 -0.1665E-03  0.6451E+01 -0.5065E-01  0.8251E-04  0.5490E-06 -0.1623E-04  0.3639E-05
   12  0.6433E+01  0.1175E-03  0.6523E+01  0.4564E-07 -0.1053E-03  0.6437E+01 -0.4768E-01  0.8632E-03 -0.1401E-05  0.4466E-05  0.3281E-04
   13  0.6380E+01  0.2964E-02  0.6461E+01 -0.1012E-06 -0.2925E-04  0.6377E+01 -0.3353E-01  0.1337E-02  0.3922E-04  0.8257E-05  0.8785E-04
   14  0.6276E+01  0.3378E-02  0.6351E+01 -0.6954E-07  0.1453E-04  0.6269E+01 -0.2671E-01  0.1907E-02  0.3255E-05  0.1548E-04  0.8689E-04
   15  0.6110E+01 -0.2763E-02  0.6188E+01  0.7056E-07  0.3399E-04  0.6115E+01 -0.3198E-01  0.2800E-02 -0.1118E-04  0.8907E-05  0.9121E-04
   16  0.5910E+01  0.7885E-03  0.5980E+01 -0.6349E-07  0.2414E-04  0.5910E+01 -0.3329E-01  0.2704E-02 -0.1147E-04 -0.1937E-04  0.1302E-03
   17  0.5678E+01  0.2887E-02  0.5741E+01  0.5036E-07  0.2072E-04  0.5672E+01 -0.3346E-01  0.2293E-02 -0.2052E-04  0.1398E-04  0.1523E-03
   18  0.5417E+01 -0.2962E-02  0.5480E+01  0.5792E-07  0.5110E-04  0.5423E+01 -0.4111E-01  0.2103E-02  0.1256E-04  0.2202E-04  0.1970E-03
   19  0.5159E+01 -0.8663E-03  0.5215E+01  0.7599E-07  0.5898E-04  0.5162E+01 -0.4233E-01  0.1747E-02  0.1690E-04  0.4395E-05  0.2053E-03
   20  0.4908E+01  0.1710E-02  0.4955E+01 -0.1909E-07  0.1989E-04  0.4905E+01 -0.3437E-01  0.1166E-02  0.2095E-04  0.1019E-04  0.1693E-03
   21  0.4657E+01  0.5656E-03  0.4700E+01 -0.4849E-07 -0.3213E-04  0.4656E+01 -0.2907E-01  0.8256E-03 -0.1084E-04  0.2283E-04  0.1320E-03
   22  0.4408E+01  0.2220E-03  0.4447E+01  0.2002E-07 -0.4019E-04  0.4407E+01 -0.2838E-01  0.2609E-03 -0.8198E-05 -0.8715E-05  0.8018E-04
   23  0.4161E+01 -0.5001E-04  0.4197E+01  0.4032E-07 -0.2383E-04  0.4161E+01 -0.2927E-01 -0.6292E-03 -0.7035E-06 -0.2597E-04  0.2964E-04
   24  0.3924E+01 -0.6324E-04  0.3956E+01  0.4288E-07 -0.1533E-04  0.3924E+01 -0.3041E-01 -0.1310E-02 -0.1384E-04 -0.1235E-04  0.2314E-04
   25  0.3701E+01 -0.8400E-03  0.3730E+01 -0.2222E-07 -0.8263E-05  0.3702E+01 -0.2981E-01 -0.1429E-02 -0.1761E-04  0.5387E-05  0.3497E-04
   26  0.3494E+01 -0.2043E-04  0.3520E+01 -0.3850E-07  0.1762E-04  0.3495E+01 -0.2526E-01 -0.1356E-02  0.4675E-05  0.1161E-04  0.2338E-04
   27  0.3302E+01  0.1190E-02  0.3323E+01  0.1670E-07  0.4302E-04  0.3300E+01 -0.2038E-01 -0.9415E-03  0.1328E-04 -0.7221E-05 -0.5403E-05
   28  0.3116E+01 -0.1144E-04  0.3136E+01 -0.2934E-07  0.3880E-04  0.3116E+01 -0.1958E-01 -0.1908E-03  0.6191E-05 -0.1802E-04 -0.1295E-04
   29  0.2943E+01  0.3781E-03  0.2960E+01 -0.3643E-07  0.2314E-04  0.2942E+01 -0.2096E-01  0.3824E-03 -0.1935E-05  0.8016E-06 -0.1424E-05
   30  0.2787E+01  0.8843E-03  0.2802E+01 -0.2746E-07  0.2724E-04  0.2785E+01 -0.2445E-01  0.5286E-03 -0.5825E-05  0.1335E-04  0.4212E-06
   31  0.2654E+01 -0.1766E-02  0.2669E+01 -0.6000E-08  0.5344E-04  0.2658E+01 -0.2942E-01  0.3322E-03  0.2562E-05  0.4716E-05 -0.1902E-04
   32  0.2558E+01 -0.1919E-02  0.2570E+01 -0.7627E-08  0.7406E-04  0.2563E+01 -0.2583E-01 -0.1593E-03  0.1121E-04 -0.3273E-05 -0.4507E-04
   33  0.2496E+01  0.1171E-02  0.2503E+01  0.6499E-08  0.6030E-04  0.2494E+01 -0.1070E-01 -0.5386E-03  0.4324E-05 -0.5972E-05 -0.5873E-04
   34  0.2439E+01  0.2043E-02  0.2445E+01  0.2177E-07  0.2261E-04  0.2436E+01  0.3279E-02 -0.6658E-03 -0.6081E-05 -0.2426E-05 -0.4982E-04
   35  0.2367E+01  0.7625E-03  0.2374E+01  0.2278E-07  0.1929E-05  0.2365E+01  0.6719E-02 -0.7253E-03 -0.8211E-05  0.2458E-05 -0.3184E-04
   36  0.2271E+01 -0.3066E-03  0.2281E+01  0.4738E-08  0.2245E-04  0.2272E+01  0.3091E-02 -0.7415E-03 -0.4809E-05  0.5396E-05 -0.1790E-04
   37  0.2157E+01 -0.6259E-03  0.2167E+01 -0.2812E-07  0.7125E-04  0.2158E+01 -0.2935E-03 -0.8073E-03  0.7054E-06  0.4698E-05 -0.1594E-04
   38  0.2028E+01  0.1446E-03  0.2038E+01 -0.2098E-07  0.1172E-03  0.2028E+01 -0.9066E-03 -0.9317E-03  0.4875E-05  0.2091E-05 -0.2408E-04
   39  0.1887E+01  0.6825E-03  0.1896E+01  0.3846E-08  0.1414E-03  0.1886E+01 -0.2325E-02 -0.8859E-03  0.4340E-05 -0.4262E-05 -0.3574E-04
   40  0.1735E+01 -0.2341E-03  0.1745E+01  0.3969E-08  0.1444E-03  0.1736E+01 -0.7209E-02 -0.7391E-03  0.1073E-05 -0.8839E-05 -0.4390E-04
   41  0.1581E+01 -0.8823E-03  0.1591E+01  0.2888E-08  0.1356E-03  0.1583E+01 -0.1206E-01 -0.8063E-03 -0.5540E-06 -0.4855E-05 -0.4792E-04
   42  0.1434E+01 -0.1356E-03  0.1442E+01  0.7140E-08  0.1210E-03  0.1434E+01 -0.1338E-01 -0.1069E-02 -0.1087E-05  0.2437E-05 -0.5321E-04
   43  0.1296E+01  0.3857E-03  0.1303E+01  0.4809E-08  0.1016E-03  0.1295E+01 -0.1328E-01 -0.1315E-02 -0.2467E-05  0.3348E-05 -0.6429E-04
   44  0.1169E+01 -0.2139E-04  0.1176E+01  0.1206E-08  0.7825E-04  0.1169E+01 -0.1430E-01 -0.1555E-02 -0.3962E-05 -0.5159E-06 -0.7704E-04
   45  0.1057E+01 -0.2328E-03  0.1063E+01  0.5352E-08  0.5651E-04  0.1058E+01 -0.1524E-01 -0.1828E-02 -0.4177E-05 -0.1076E-05 -0.7976E-04
   46  0.9627E+00 -0.2640E-04  0.9674E+00  0.7345E-08  0.4444E-04  0.9629E+00 -0.1464E-01 -0.2035E-02 -0.3648E-05  0.2273E-05 -0.6586E-04
   47  0.8838E+00 -0.8418E-04  0.8878E+00  0.1932E-08  0.4646E-04  0.8841E+00 -0.1284E-01 -0.2140E-02 -0.3160E-05  0.4373E-05 -0.4241E-04
   48  0.8176E+00 -0.1942E-03  0.8211E+00 -0.2491E-08  0.5885E-04  0.8182E+00 -0.9972E-02 -0.2182E-02 -0.1784E-05  0.3386E-05 -0.2324E-04
   49  0.7594E+00  0.1510E-03  0.7622E+00 -0.3302E-08  0.7420E-04  0.7593E+00 -0.6212E-02 -0.2087E-02  0.8275E-06  0.1586E-05 -0.1662E-04
   50  0.7031E+00  0.5368E-03  0.7054E+00 -0.1248E-08  0.8517E-04  0.7021E+00 -0.3440E-02 -0.1774E-02  0.2924E-05  0.3145E-06 -0.2231E-04
   51  0.6447E+00  0.3608E-03  0.6471E+00  0.1314E-08  0.8811E-04  0.6439E+00 -0.3592E-02 -0.1391E-02  0.2758E-05 -0.7793E-06 -0.3397E-04
   52  0.5855E+00 -0.1184E-03  0.5882E+00  0.2568E-08  0.8225E-04  0.5857E+00 -0.5872E-02 -0.1203E-02  0.4461E-06 -0.1666E-05 -0.4440E-04
   53  0.5302E+00 -0.3048E-03  0.5328E+00  0.3051E-08  0.7032E-04  0.5308E+00 -0.7665E-02 -0.1310E-02 -0.1975E-05 -0.1539E-05 -0.4790E-04
   54  0.4821E+00 -0.1453E-03  0.4842E+00  0.2806E-08  0.5833E-04  0.4824E+00 -0.7558E-02 -0.1590E-02 -0.2954E-05 -0.6993E-06 -0.4368E-04
   55  0.4408E+00  0.1169E-04  0.4425E+00  0.2057E-08  0.5183E-04  0.4408E+00 -0.6151E-02 -0.1855E-02 -0.2180E-05 -0.8137E-07 -0.3618E-04
   56  0.4037E+00  0.2293E-04  0.4052E+00  0.1185E-08  0.5246E-04  0.4037E+00 -0.4486E-02 -0.1971E-02 -0.5241E-06  0.9633E-07 -0.2972E-04
   57  0.3679E+00  0.1992E-04  0.3694E+00  0.1517E-09  0.5755E-04  0.3680E+00 -0.2995E-02 -0.1865E-02  0.9249E-06  0.3339E-06 -0.2509E-04
   58  0.3309E+00  0.8646E-04  0.3323E+00 -0.2162E-09  0.6194E-04  0.3308E+00 -0.1873E-02 -0.1531E-02  0.1434E-05  0.8750E-06 -0.2107E-04
   59  0.2910E+00  0.1371E-03  0.2924E+00  0.3476E-09  0.6147E-04  0.2908E+00 -0.1514E-02 -0.1054E-02  0.9983E-06  0.1402E-05 -0.1698E-04
   60  0.2484E+00  0.8485E-04  0.2499E+00  0.1041E-08  0.5536E-04  0.2482E+00 -0.2148E-02 -0.5955E-03  0.7728E-07  0.1493E-05 -0.1327E-04
   61  0.2051E+00 -0.3156E-04  0.2066E+00  0.1223E-08  0.4583E-04  0.2051E+00 -0.3400E-02 -0.2982E-03 -0.7359E-06  0.1121E-05 -0.1050E-04
   62  0.1642E+00 -0.1086E-03  0.1657E+00  0.9513E-09  0.3589E-04  0.1644E+00 -0.4471E-02 -0.2022E-03 -0.1069E-05  0.5585E-06 -0.8782E-05
   63  0.1286E+00 -0.9723E-04  0.1298E+00  0.4811E-09  0.2764E-04  0.1288E+00 -0.4769E-02 -0.2417E-03 -0.9509E-06  0.9112E-07 -0.7735E-05
   64  0.9924E-01 -0.3083E-04  0.1001E+00  0.3108E-10  0.2159E-04  0.9932E-01 -0.4277E-02 -0.3097E-03 -0.6163E-06 -0.1750E-06 -0.6847E-05
   65  0.7589E-01  0.2932E-04  0.7654E-01 -0.3978E-09  0.1720E-04  0.7585E-01 -0.3401E-02 -0.3300E-03 -0.2954E-06 -0.2879E-06 -0.5813E-05
   66  0.5734E-01  0.5110E-04  0.5782E-01 -0.5840E-09  0.1366E-04  0.5726E-01 -0.2576E-02 -0.2854E-03 -0.1057E-06 -0.3252E-06 -0.4647E-05
   67  0.4243E-01  0.4080E-04  0.4281E-01 -0.3709E-09  0.1050E-04  0.4236E-01 -0.2010E-02 -0.2013E-03 -0.3325E-07 -0.3223E-06 -0.3497E-05
   68  0.3040E-01  0.2083E-04  0.3071E-01 -0.8261E-10  0.7653E-05  0.3037E-01 -0.1673E-02 -0.1135E-03 -0.2670E-07 -0.2875E-06 -0.2483E-05
   69  0.2088E-01  0.7285E-05  0.2113E-01 -0.7519E-10  0.5226E-05  0.2088E-01 -0.1439E-02 -0.4599E-04 -0.3851E-07 -0.2325E-06 -0.1662E-05
   70  0.1365E-01  0.3808E-05  0.1384E-01 -0.2226E-09  0.3326E-05  0.1366E-01 -0.1211E-02 -0.5901E-05 -0.4276E-07 -0.1698E-06 -0.1059E-05
   71  0.8461E-02  0.6224E-05  0.8583E-02 -0.2778E-09  0.1977E-05  0.8460E-02 -0.9577E-03  0.1150E-04 -0.3859E-07 -0.1112E-06 -0.6510E-06
   72  0.4959E-02  0.9342E-05  0.5033E-02 -0.2140E-09  0.1102E-05  0.4950E-02 -0.7004E-03  0.1505E-04 -0.3026E-07 -0.6490E-07 -0.3830E-06
   73  0.2749E-02  0.1042E-04  0.2789E-02 -0.1152E-09  0.5755E-06  0.2735E-02 -0.4718E-03  0.1246E-04 -0.1970E-07 -0.3414E-07 -0.2131E-06
   74  0.1442E-02  0.9303E-05  0.1461E-02 -0.3030E-10  0.2821E-06  0.1428E-02 -0.2933E-03  0.8425E-05 -0.1054E-07 -0.1672E-07 -0.1112E-06
   75  0.7168E-03  0.7055E-05  0.7250E-03  0.1200E-10  0.1299E-06  0.7058E-03 -0.1690E-03  0.4990E-05 -0.3804E-08 -0.8077E-08 -0.5599E-07
   76  0.3382E-03  0.4713E-05  0.3411E-03  0.1613E-11  0.5673E-07  0.3306E-03 -0.9073E-04  0.2667E-05 -0.4834E-09 -0.3796E-08 -0.2725E-07
   77  0.1516E-03  0.2837E-05  0.1524E-03 -0.2666E-10  0.2327E-07  0.1469E-03 -0.4559E-04  0.1306E-05  0.1294E-08 -0.1856E-08 -0.1262E-07
   78  0.6466E-04  0.1559E-05  0.6471E-04 -0.2784E-10  0.8965E-08  0.6200E-04 -0.2150E-04  0.5920E-06  0.1933E-08 -0.1073E-08 -0.5522E-08
   79  0.2623E-04  0.7888E-06  0.2613E-04  0.3104E-11  0.3090E-08  0.2487E-04 -0.9546E-05  0.2501E-06  0.2188E-08 -0.7959E-09 -0.2220E-08
   80  0.1014E-04  0.3694E-06  0.1004E-04  0.3539E-10  0.9104E-09  0.9489E-05 -0.3996E-05  0.9996E-07  0.2231E-08 -0.6844E-09 -0.8332E-09
   81  0.3736E-05  0.1608E-06  0.3680E-05  0.4223E-10  0.2092E-09  0.3452E-05 -0.1580E-05  0.3810E-07  0.2117E-08 -0.5886E-09 -0.2749E-09
   82  0.1316E-05  0.6549E-07  0.1289E-05  0.2279E-10  0.6586E-11  0.1200E-05 -0.5923E-06  0.1397E-07  0.1878E-08 -0.4919E-09 -0.4784E-10
   83  0.4446E-06  0.2511E-07  0.4325E-06 -0.6220E-11 -0.2597E-10  0.3994E-06 -0.2113E-06  0.4982E-08  0.1535E-08 -0.3997E-09  0.3460E-10
   84  0.1447E-06  0.9105E-08  0.1398E-06 -0.2839E-10 -0.2663E-10  0.1282E-06 -0.7211E-07  0.1750E-08  0.1153E-08 -0.3183E-09  0.5560E-10
   85  0.4593E-07  0.3116E-08  0.4416E-07 -0.3713E-10 -0.1841E-10  0.4026E-07 -0.2381E-07  0.6417E-09  0.7930E-09 -0.2434E-09  0.5231E-10
   86  0.1502E-07  0.1020E-08  0.1441E-07 -0.3473E-10 -0.1212E-10  0.1316E-07 -0.7887E-08  0.2839E-09  0.5028E-09 -0.1747E-09  0.3930E-10
   87  0.5679E-08  0.3075E-09  0.5486E-08 -0.2675E-10 -0.7155E-11  0.5116E-08 -0.2844E-08  0.1659E-09  0.2950E-09 -0.1167E-09  0.2708E-10
   88  0.3011E-08  0.7809E-10  0.2971E-08 -0.1786E-10 -0.4477E-11  0.2872E-08 -0.1276E-08  0.1108E-09  0.1610E-09 -0.7203E-10  0.1677E-10
   89  0.1969E-08  0.9369E-11  0.1975E-08 -0.1063E-10 -0.2314E-11  0.1961E-08 -0.7829E-09  0.7599E-10  0.8204E-10 -0.4066E-10  0.9932E-11
   90  0.1622E-08  0.1714E-10  0.1622E-08 -0.5789E-11 -0.1539E-11  0.1595E-08 -0.6193E-09  0.4346E-10  0.3943E-10 -0.2089E-10  0.4436E-11
   91  0.1157E-08  0.2434E-10  0.1139E-08 -0.2931E-11 -0.8742E-12  0.1111E-08 -0.4852E-09  0.1688E-10  0.1784E-10 -0.9988E-11  0.2008E-11
   92  0.1087E-08  0.2811E-10  0.1060E-08 -0.1382E-11 -0.2785E-12  0.1031E-08 -0.4501E-09  0.9779E-11  0.7582E-11 -0.4400E-11  0.7923E-12
   93  0.1041E-08  0.2860E-11  0.1032E-08 -0.6086E-12 -0.1085E-12  0.1034E-08 -0.4333E-09  0.2040E-10  0.2905E-11 -0.1694E-11  0.2356E-12
   94  0.1299E-08 -0.7297E-11  0.1314E-08 -0.2569E-12  0.3431E-12  0.1313E-08 -0.3956E-09  0.2507E-10  0.1096E-11 -0.7744E-12 -0.9151E-13
   95  0.7968E-09 -0.9502E-11  0.7995E-09 -0.1044E-12  0.1524E-12  0.8186E-09 -0.3366E-09  0.2501E-10  0.2638E-12 -0.2471E-12  0.3951E-12
   96  0.1196E-08  0.2735E-11  0.1213E-08 -0.3823E-13  0.2990E-12  0.1195E-08 -0.3899E-09  0.2607E-10  0.9004E-13 -0.1109E-12 -0.2477E-12
   97  0.3526E-09 -0.1613E-11  0.3512E-09 -0.1280E-13  0.8899E-13  0.3595E-09 -0.1601E-09  0.1206E-10 -0.2488E-13 -0.7538E-13  0.2813E-12
   98  0.6290E-09  0.1474E-10  0.6281E-09 -0.4157E-14  0.1097E-12  0.6037E-09 -0.2441E-09  0.1220E-10 -0.7247E-14  0.4084E-14 -0.1292E-12
   99  0.9103E-10  0.1008E-11  0.8901E-10 -0.1001E-14  0.2411E-13  0.9059E-10 -0.4479E-10  0.3022E-11 -0.1262E-13 -0.2587E-13  0.8800E-13
  100  0.2030E-09  0.9158E-11  0.1990E-09 -0.1457E-15  0.2468E-13  0.1865E-09 -0.9140E-10  0.3350E-11 -0.4872E-14  0.5868E-14 -0.3369E-13
  101  0.1435E-10  0.4092E-12  0.1369E-10  0.2158E-16  0.3827E-14  0.1388E-10 -0.7567E-11  0.4443E-12 -0.2160E-14 -0.5046E-14  0.1486E-13
  102  0.4342E-10  0.2803E-11  0.4178E-10  0.2444E-16  0.3858E-14  0.3826E-10 -0.2191E-10  0.6127E-12 -0.1056E-14  0.1331E-14 -0.5575E-14
  103  0.1408E-11  0.6319E-13  0.1294E-11  0.1925E-16  0.3592E-15  0.1332E-11 -0.7794E-12  0.4034E-13 -0.2202E-15 -0.6405E-15  0.1571E-14
  104  0.6587E-11  0.5447E-12  0.6241E-11  0.7290E-17  0.4578E-15  0.5581E-11 -0.3641E-11  0.8128E-13 -0.1576E-15  0.1466E-15 -0.5927E-15
  105  0.8048E-13  0.4710E-14  0.7057E-13  0.3074E-17  0.2065E-16  0.7506E-13 -0.4573E-13  0.2167E-14 -0.1477E-16 -0.4684E-16  0.9078E-16
  106  0.7054E-12  0.6803E-13  0.6543E-12  0.1124E-17  0.3847E-16  0.5766E-12 -0.4158E-12  0.7805E-14 -0.1517E-16  0.1434E-16 -0.5638E-16
  107  0.2759E-14  0.1312E-15  0.1650E-14  0.4089E-18  0.1095E-18  0.2915E-14 -0.1161E-14  0.6282E-16 -0.1032E-17 -0.2624E-17  0.4013E-17
  108  0.7179E-13  0.8331E-14  0.6663E-13  0.6909E-19  0.3756E-17  0.5665E-13 -0.4557E-13  0.7470E-15 -0.1739E-17 -0.2110E-18 -0.2354E-17
