 input file is 
mstm6_256_3360_13_03.inp      
 input file comments follow:
***********************************************************
  This is the default mstm input file for v.3.0.
  The run is for a 7-sphere cluster of identical spheres.   The positions
  are embedded in the input file.

  The run makes use of the new_run and multiple_run options.

  14 April 2013
***********************************************************
 number of processors:
   1
 input parameters for run number 
    1
 number of spheres, volume size parameter:
  256  0.21335E+01
 position file:
position/n256/a6.out                                        
 output file:
output/256/x3360/13/03/mt_6_256_3360_13_03.dat              
 length, ref. indx. scale factors:
   0.336   1.300   0.300
 chiral factors:
  0.00000E+00  0.00000E+00
 scattering matrix directions based on incident frame
 automatic scattering angle calculation
 thetamin, thetamax:
      0.0    180.0
 number scattering angles:
      181
 epsmie, epssoln, max number iterations:
  0.1000E-05  0.1000E-07 5000
 medium refractive index:
  1.0000  0.0000
 target euler rotation angles:
    0.0000    0.0000    0.0000
 far field kr, iterations/correction:
 -0.1000E+01   20
 plane wave incidence
 random orientation calculations
 t matrix calculated, stored in file 
tmatrixfiles/625633601303                                   
 t matrix convergence epsilon:
  0.1000E-06
 all spheres excited (total T matrix) 
 calculation results for run 
    1
 total ext, abs, scat efficiencies, w.r.t. xv, and asym. parm
  0.16427E+01  0.14485E+01  0.19420E+00  0.69819E+00
 scattering matrix elements (normalized w/ S11)
   theta      11           12           13           14           22           23           24           33           34           44      
    0.00  0.29374E+02  0.00000E+00  0.00000E+00 -0.23396E-04  0.99995E+00  0.21098E-04  0.00000E+00  0.99995E+00  0.00000E+00  0.99989E+00 
    1.00  0.29238E+02 -0.14753E-03 -0.18365E-07 -0.23505E-04  0.99995E+00  0.21180E-04  0.14261E-07  0.99995E+00  0.17651E-04  0.99989E+00 
    2.00  0.28833E+02 -0.59025E-03 -0.73932E-07 -0.23834E-04  0.99995E+00  0.21431E-04  0.57264E-07  0.99994E+00  0.70490E-04  0.99989E+00 
    3.00  0.28170E+02 -0.13286E-02 -0.16815E-06 -0.24385E-04  0.99994E+00  0.21864E-04  0.12967E-06  0.99994E+00  0.15815E-03  0.99989E+00 
    4.00  0.27267E+02 -0.23634E-02 -0.30348E-06 -0.25162E-04  0.99994E+00  0.22504E-04  0.23263E-06  0.99994E+00  0.27996E-03  0.99988E+00 
    5.00  0.26150E+02 -0.36957E-02 -0.48354E-06 -0.26170E-04  0.99994E+00  0.23386E-04  0.36777E-06  0.99993E+00  0.43481E-03  0.99987E+00 
    6.00  0.24849E+02 -0.53271E-02 -0.71322E-06 -0.27414E-04  0.99993E+00  0.24561E-04  0.53729E-06  0.99992E+00  0.62100E-03  0.99985E+00 
    7.00  0.23396E+02 -0.72595E-02 -0.99892E-06 -0.28901E-04  0.99993E+00  0.26091E-04  0.74400E-06  0.99990E+00  0.83600E-03  0.99982E+00 
    8.00  0.21829E+02 -0.94956E-02 -0.13487E-05 -0.30638E-04  0.99992E+00  0.28060E-04  0.99142E-06  0.99987E+00  0.10761E-02  0.99979E+00 
    9.00  0.20186E+02 -0.12038E-01 -0.17727E-05 -0.32628E-04  0.99991E+00  0.30570E-04  0.12838E-05  0.99983E+00  0.13359E-02  0.99974E+00 
   10.00  0.18505E+02 -0.14892E-01 -0.22833E-05 -0.34873E-04  0.99990E+00  0.33750E-04  0.16263E-05  0.99978E+00  0.16079E-02  0.99968E+00 
   11.00  0.16823E+02 -0.18062E-01 -0.28953E-05 -0.37369E-04  0.99988E+00  0.37757E-04  0.20248E-05  0.99971E+00  0.18815E-02  0.99960E+00 
   12.00  0.15174E+02 -0.21555E-01 -0.36263E-05 -0.40104E-04  0.99987E+00  0.42775E-04  0.24863E-05  0.99962E+00  0.21423E-02  0.99949E+00 
   13.00  0.13589E+02 -0.25377E-01 -0.44960E-05 -0.43049E-04  0.99985E+00  0.49019E-04  0.30181E-05  0.99951E+00  0.23711E-02  0.99936E+00 
   14.00  0.12093E+02 -0.29541E-01 -0.55262E-05 -0.46160E-04  0.99982E+00  0.56725E-04  0.36282E-05  0.99937E+00  0.25425E-02  0.99919E+00 
   15.00  0.10707E+02 -0.34055E-01 -0.67386E-05 -0.49364E-04  0.99979E+00  0.66135E-04  0.43240E-05  0.99919E+00  0.26249E-02  0.99899E+00 
   16.00  0.94471E+01 -0.38935E-01 -0.81522E-05 -0.52557E-04  0.99976E+00  0.77469E-04  0.51115E-05  0.99897E+00  0.25800E-02  0.99874E+00 
   17.00  0.83229E+01 -0.44194E-01 -0.97789E-05 -0.55597E-04  0.99972E+00  0.90872E-04  0.59936E-05  0.99870E+00  0.23647E-02  0.99844E+00 
   18.00  0.73390E+01 -0.49846E-01 -0.11617E-04 -0.58305E-04  0.99968E+00  0.10635E-03  0.69681E-05  0.99838E+00  0.19354E-02  0.99808E+00 
   19.00  0.64947E+01 -0.55903E-01 -0.13646E-04 -0.60479E-04  0.99964E+00  0.12370E-03  0.80259E-05  0.99800E+00  0.12551E-02  0.99766E+00 
   20.00  0.57849E+01 -0.62372E-01 -0.15817E-04 -0.61918E-04  0.99959E+00  0.14241E-03  0.91492E-05  0.99755E+00  0.30369E-03  0.99716E+00 
   21.00  0.52006E+01 -0.69250E-01 -0.18056E-04 -0.62466E-04  0.99953E+00  0.16165E-03  0.10313E-04  0.99703E+00 -0.91072E-03  0.99660E+00 
   22.00  0.47299E+01 -0.76525E-01 -0.20267E-04 -0.62055E-04  0.99949E+00  0.18034E-03  0.11487E-04  0.99643E+00 -0.23438E-02  0.99597E+00 
   23.00  0.43585E+01 -0.84177E-01 -0.22346E-04 -0.60744E-04  0.99944E+00  0.19727E-03  0.12645E-04  0.99576E+00 -0.39152E-02  0.99525E+00 
   24.00  0.40710E+01 -0.92179E-01 -0.24204E-04 -0.58729E-04  0.99940E+00  0.21136E-03  0.13769E-04  0.99500E+00 -0.55192E-02  0.99447E+00 
   25.00  0.38513E+01 -0.10050E+00 -0.25787E-04 -0.56304E-04  0.99937E+00  0.22184E-03  0.14855E-04  0.99416E+00 -0.70443E-02  0.99360E+00 
   26.00  0.36836E+01 -0.10913E+00 -0.27079E-04 -0.53811E-04  0.99934E+00  0.22838E-03  0.15916E-04  0.99322E+00 -0.83934E-02  0.99265E+00 
   27.00  0.35530E+01 -0.11805E+00 -0.28106E-04 -0.51569E-04  0.99932E+00  0.23107E-03  0.16982E-04  0.99219E+00 -0.94988E-02  0.99160E+00 
   28.00  0.34461E+01 -0.12725E+00 -0.28923E-04 -0.49831E-04  0.99931E+00  0.23034E-03  0.18089E-04  0.99104E+00 -0.10326E-01  0.99045E+00 
   29.00  0.33513E+01 -0.13675E+00 -0.29600E-04 -0.48762E-04  0.99929E+00  0.22677E-03  0.19281E-04  0.98977E+00 -0.10872E-01  0.98918E+00 
   30.00  0.32589E+01 -0.14655E+00 -0.30209E-04 -0.48444E-04  0.99928E+00  0.22100E-03  0.20598E-04  0.98837E+00 -0.11151E-01  0.98777E+00 
   31.00  0.31617E+01 -0.15668E+00 -0.30819E-04 -0.48888E-04  0.99927E+00  0.21357E-03  0.22082E-04  0.98682E+00 -0.11195E-01  0.98621E+00 
   32.00  0.30547E+01 -0.16713E+00 -0.31490E-04 -0.50056E-04  0.99925E+00  0.20495E-03  0.23770E-04  0.98510E+00 -0.11035E-01  0.98449E+00 
   33.00  0.29347E+01 -0.17794E+00 -0.32272E-04 -0.51873E-04  0.99923E+00  0.19547E-03  0.25697E-04  0.98320E+00 -0.10707E-01  0.98258E+00 
   34.00  0.28009E+01 -0.18912E+00 -0.33208E-04 -0.54238E-04  0.99920E+00  0.18536E-03  0.27894E-04  0.98110E+00 -0.10242E-01  0.98046E+00 
   35.00  0.26536E+01 -0.20067E+00 -0.34337E-04 -0.57030E-04  0.99917E+00  0.17476E-03  0.30388E-04  0.97879E+00 -0.96678E-02  0.97812E+00 
   36.00  0.24948E+01 -0.21261E+00 -0.35692E-04 -0.60103E-04  0.99912E+00  0.16372E-03  0.33202E-04  0.97624E+00 -0.90122E-02  0.97554E+00 
   37.00  0.23274E+01 -0.22495E+00 -0.37301E-04 -0.63287E-04  0.99906E+00  0.15225E-03  0.36351E-04  0.97343E+00 -0.83003E-02  0.97269E+00 
   38.00  0.21548E+01 -0.23771E+00 -0.39190E-04 -0.66375E-04  0.99899E+00  0.14032E-03  0.39837E-04  0.97034E+00 -0.75577E-02  0.96956E+00 
   39.00  0.19808E+01 -0.25089E+00 -0.41376E-04 -0.69121E-04  0.99891E+00  0.12789E-03  0.43644E-04  0.96695E+00 -0.68122E-02  0.96611E+00 
   40.00  0.18094E+01 -0.26449E+00 -0.43867E-04 -0.71233E-04  0.99881E+00  0.11490E-03  0.47730E-04  0.96324E+00 -0.60953E-02  0.96233E+00 
   41.00  0.16440E+01 -0.27854E+00 -0.46655E-04 -0.72368E-04  0.99869E+00  0.10132E-03  0.52013E-04  0.95917E+00 -0.54434E-02  0.95818E+00 
   42.00  0.14878E+01 -0.29303E+00 -0.49706E-04 -0.72142E-04  0.99854E+00  0.87155E-04  0.56360E-04  0.95473E+00 -0.48988E-02  0.95363E+00 
   43.00  0.13434E+01 -0.30797E+00 -0.52951E-04 -0.70153E-04  0.99838E+00  0.72461E-04  0.60579E-04  0.94987E+00 -0.45089E-02  0.94866E+00 
   44.00  0.12128E+01 -0.32336E+00 -0.56273E-04 -0.66022E-04  0.99820E+00  0.57387E-04  0.64409E-04  0.94459E+00 -0.43239E-02  0.94325E+00 
   45.00  0.10972E+01 -0.33918E+00 -0.59503E-04 -0.59465E-04  0.99799E+00  0.42179E-04  0.67531E-04  0.93884E+00 -0.43913E-02  0.93737E+00 
   46.00  0.99707E+00 -0.35542E+00 -0.62419E-04 -0.50378E-04  0.99777E+00  0.27187E-04  0.69587E-04  0.93262E+00 -0.47480E-02  0.93100E+00 
   47.00  0.91240E+00 -0.37205E+00 -0.64756E-04 -0.38929E-04  0.99755E+00  0.12835E-04  0.70234E-04  0.92591E+00 -0.54102E-02  0.92415E+00 
   48.00  0.84252E+00 -0.38903E+00 -0.66240E-04 -0.25618E-04  0.99732E+00 -0.43670E-06  0.69204E-04  0.91871E+00 -0.63646E-02  0.91680E+00 
   49.00  0.78629E+00 -0.40632E+00 -0.66627E-04 -0.11274E-04  0.99711E+00 -0.12248E-04  0.66378E-04  0.91100E+00 -0.75639E-02  0.90897E+00 
   50.00  0.74224E+00 -0.42388E+00 -0.65745E-04  0.30383E-05  0.99691E+00 -0.22372E-04  0.61827E-04  0.90279E+00 -0.89297E-02  0.90065E+00 
   51.00  0.70865E+00 -0.44166E+00 -0.63525E-04  0.16180E-04  0.99675E+00 -0.30789E-04  0.55823E-04  0.89408E+00 -0.10364E-01  0.89186E+00 
   52.00  0.68369E+00 -0.45964E+00 -0.60003E-04  0.27124E-04  0.99661E+00 -0.37702E-04  0.48793E-04  0.88485E+00 -0.11767E-01  0.88257E+00 
   53.00  0.66546E+00 -0.47779E+00 -0.55301E-04  0.35097E-04  0.99650E+00 -0.43489E-04  0.41244E-04  0.87509E+00 -0.13050E-01  0.87277E+00 
   54.00  0.65218E+00 -0.49611E+00 -0.49586E-04  0.39657E-04  0.99642E+00 -0.48635E-04  0.33684E-04  0.86476E+00 -0.14150E-01  0.86243E+00 
   55.00  0.64218E+00 -0.51459E+00 -0.43036E-04  0.40675E-04  0.99635E+00 -0.53652E-04  0.26557E-04  0.85384E+00 -0.15032E-01  0.85151E+00 
   56.00  0.63398E+00 -0.53322E+00 -0.35803E-04  0.38274E-04  0.99631E+00 -0.59016E-04  0.20209E-04  0.84228E+00 -0.15684E-01  0.83997E+00 
   57.00  0.62634E+00 -0.55201E+00 -0.28001E-04  0.32742E-04  0.99626E+00 -0.65129E-04  0.14888E-04  0.83006E+00 -0.16114E-01  0.82776E+00 
   58.00  0.61827E+00 -0.57093E+00 -0.19701E-04  0.24454E-04  0.99623E+00 -0.72313E-04  0.10750E-04  0.81712E+00 -0.16342E-01  0.81485E+00 
   59.00  0.60903E+00 -0.58997E+00 -0.10932E-04  0.13814E-04  0.99618E+00 -0.80800E-04  0.78783E-05  0.80343E+00 -0.16396E-01  0.80119E+00 
   60.00  0.59814E+00 -0.60912E+00 -0.16919E-05  0.12224E-05  0.99613E+00 -0.90752E-04  0.63062E-05  0.78896E+00 -0.16303E-01  0.78674E+00 
   61.00  0.58534E+00 -0.62833E+00  0.80448E-05 -0.12942E-04  0.99607E+00 -0.10226E-03  0.60285E-05  0.77367E+00 -0.16091E-01  0.77147E+00 
   62.00  0.57055E+00 -0.64758E+00  0.18315E-04 -0.28324E-04  0.99599E+00 -0.11537E-03  0.70131E-05  0.75755E+00 -0.15785E-01  0.75536E+00 
   63.00  0.55388E+00 -0.66682E+00  0.29158E-04 -0.44592E-04  0.99590E+00 -0.13006E-03  0.92057E-05  0.74055E+00 -0.15407E-01  0.73838E+00 
   64.00  0.53554E+00 -0.68601E+00  0.40609E-04 -0.61427E-04  0.99579E+00 -0.14625E-03  0.12531E-04  0.72267E+00 -0.14975E-01  0.72050E+00 
   65.00  0.51588E+00 -0.70510E+00  0.52684E-04 -0.78516E-04  0.99567E+00 -0.16382E-03  0.16889E-04  0.70389E+00 -0.14504E-01  0.70172E+00 
   66.00  0.49525E+00 -0.72404E+00  0.65380E-04 -0.95546E-04  0.99552E+00 -0.18257E-03  0.22157E-04  0.68419E+00 -0.14007E-01  0.68203E+00 
   67.00  0.47407E+00 -0.74277E+00  0.78657E-04 -0.11221E-03  0.99536E+00 -0.20224E-03  0.28178E-04  0.66357E+00 -0.13491E-01  0.66141E+00 
   68.00  0.45274E+00 -0.76123E+00  0.92439E-04 -0.12818E-03  0.99517E+00 -0.22248E-03  0.34764E-04  0.64204E+00 -0.12962E-01  0.63988E+00 
   69.00  0.43165E+00 -0.77937E+00  0.10660E-03 -0.14317E-03  0.99497E+00 -0.24288E-03  0.41696E-04  0.61959E+00 -0.12422E-01  0.61742E+00 
   70.00  0.41113E+00 -0.79712E+00  0.12097E-03 -0.15688E-03  0.99475E+00 -0.26295E-03  0.48722E-04  0.59623E+00 -0.11873E-01  0.59407E+00 
   71.00  0.39148E+00 -0.81442E+00  0.13533E-03 -0.16906E-03  0.99452E+00 -0.28213E-03  0.55573E-04  0.57198E+00 -0.11311E-01  0.56983E+00 
   72.00  0.37293E+00 -0.83121E+00  0.14940E-03 -0.17952E-03  0.99427E+00 -0.29985E-03  0.61970E-04  0.54686E+00 -0.10734E-01  0.54473E+00 
   73.00  0.35566E+00 -0.84744E+00  0.16288E-03 -0.18814E-03  0.99402E+00 -0.31549E-03  0.67647E-04  0.52089E+00 -0.10136E-01  0.51878E+00 
   74.00  0.33976E+00 -0.86305E+00  0.17546E-03 -0.19491E-03  0.99376E+00 -0.32851E-03  0.72373E-04  0.49409E+00 -0.95133E-02  0.49202E+00 
   75.00  0.32531E+00 -0.87798E+00  0.18681E-03 -0.19990E-03  0.99350E+00 -0.33840E-03  0.75974E-04  0.46650E+00 -0.88604E-02  0.46447E+00 
   76.00  0.31230E+00 -0.89220E+00  0.19665E-03 -0.20333E-03  0.99324E+00 -0.34480E-03  0.78352E-04  0.43813E+00 -0.81752E-02  0.43616E+00 
   77.00  0.30070E+00 -0.90564E+00  0.20472E-03 -0.20548E-03  0.99300E+00 -0.34749E-03  0.79508E-04  0.40901E+00 -0.74575E-02  0.40712E+00 
   78.00  0.29043E+00 -0.91826E+00  0.21086E-03 -0.20677E-03  0.99276E+00 -0.34641E-03  0.79540E-04  0.37918E+00 -0.67102E-02  0.37738E+00 
   79.00  0.28140E+00 -0.93003E+00  0.21497E-03 -0.20764E-03  0.99254E+00 -0.34167E-03  0.78645E-04  0.34866E+00 -0.59395E-02  0.34697E+00 
   80.00  0.27347E+00 -0.94089E+00  0.21705E-03 -0.20858E-03  0.99234E+00 -0.33356E-03  0.77104E-04  0.31748E+00 -0.51549E-02  0.31590E+00 
   81.00  0.26654E+00 -0.95081E+00  0.21719E-03 -0.21007E-03  0.99216E+00 -0.32248E-03  0.75262E-04  0.28568E+00 -0.43684E-02  0.28423E+00 
   82.00  0.26045E+00 -0.95973E+00  0.21553E-03 -0.21256E-03  0.99199E+00 -0.30894E-03  0.73500E-04  0.25330E+00 -0.35946E-02  0.25199E+00 
   83.00  0.25509E+00 -0.96763E+00  0.21230E-03 -0.21644E-03  0.99184E+00 -0.29351E-03  0.72209E-04  0.22038E+00 -0.28489E-02  0.21922E+00 
   84.00  0.25033E+00 -0.97446E+00  0.20773E-03 -0.22202E-03  0.99171E+00 -0.27677E-03  0.71763E-04  0.18697E+00 -0.21474E-02  0.18596E+00 
   85.00  0.24606E+00 -0.98018E+00  0.20213E-03 -0.22952E-03  0.99160E+00 -0.25929E-03  0.72500E-04  0.15313E+00 -0.15055E-02  0.15228E+00 
   86.00  0.24217E+00 -0.98476E+00  0.19576E-03 -0.23911E-03  0.99149E+00 -0.24158E-03  0.74700E-04  0.11893E+00 -0.93742E-03  0.11824E+00 
   87.00  0.23859E+00 -0.98816E+00  0.18891E-03 -0.25082E-03  0.99140E+00 -0.22412E-03  0.78580E-04  0.84421E-01 -0.45526E-03  0.83897E-01 
   88.00  0.23524E+00 -0.99038E+00  0.18184E-03 -0.26465E-03  0.99132E+00 -0.20728E-03  0.84278E-04  0.49696E-01 -0.68814E-04  0.49341E-01 
   89.00  0.23206E+00 -0.99138E+00  0.17478E-03 -0.28050E-03  0.99124E+00 -0.19139E-03  0.91859E-04  0.14830E-01  0.21496E-03  0.14645E-01 
   90.00  0.22902E+00 -0.99116E+00  0.16795E-03 -0.29824E-03  0.99117E+00 -0.17667E-03  0.10131E-03 -0.20093E-01  0.39218E-03 -0.20106E-01 
   91.00  0.22608E+00 -0.98972E+00  0.16151E-03 -0.31765E-03  0.99111E+00 -0.16330E-03  0.11253E-03 -0.54985E-01  0.46212E-03 -0.54826E-01 
   92.00  0.22323E+00 -0.98706E+00  0.15558E-03 -0.33848E-03  0.99105E+00 -0.15136E-03  0.12538E-03 -0.89760E-01  0.42727E-03 -0.89428E-01 
   93.00  0.22046E+00 -0.98320E+00  0.15028E-03 -0.36044E-03  0.99098E+00 -0.14088E-03  0.13962E-03 -0.12433E+00  0.29324E-03 -0.12383E+00 
   94.00  0.21777E+00 -0.97815E+00  0.14565E-03 -0.38321E-03  0.99092E+00 -0.13184E-03  0.15497E-03 -0.15861E+00  0.68605E-04 -0.15793E+00 
   95.00  0.21516E+00 -0.97195E+00  0.14171E-03 -0.40642E-03  0.99086E+00 -0.12418E-03  0.17110E-03 -0.19252E+00 -0.23538E-03 -0.19167E+00 
   96.00  0.21264E+00 -0.96462E+00  0.13844E-03 -0.42970E-03  0.99080E+00 -0.11777E-03  0.18764E-03 -0.22598E+00 -0.60511E-03 -0.22495E+00 
   97.00  0.21024E+00 -0.95622E+00  0.13579E-03 -0.45265E-03  0.99074E+00 -0.11249E-03  0.20420E-03 -0.25892E+00 -0.10251E-02 -0.25772E+00 
   98.00  0.20795E+00 -0.94678E+00  0.13366E-03 -0.47488E-03  0.99068E+00 -0.10815E-03  0.22036E-03 -0.29126E+00 -0.14786E-02 -0.28989E+00 
   99.00  0.20580E+00 -0.93636E+00  0.13196E-03 -0.49597E-03  0.99063E+00 -0.10460E-03  0.23572E-03 -0.32296E+00 -0.19480E-02 -0.32141E+00 
  100.00  0.20379E+00 -0.92501E+00  0.13053E-03 -0.51554E-03  0.99057E+00 -0.10162E-03  0.24987E-03 -0.35396E+00 -0.24156E-02 -0.35223E+00 
  101.00  0.20195E+00 -0.91279E+00  0.12923E-03 -0.53321E-03  0.99051E+00 -0.99052E-04  0.26244E-03 -0.38420E+00 -0.28643E-02 -0.38231E+00 
  102.00  0.20027E+00 -0.89975E+00  0.12790E-03 -0.54865E-03  0.99045E+00 -0.96701E-04  0.27308E-03 -0.41367E+00 -0.32782E-02 -0.41160E+00 
  103.00  0.19877E+00 -0.88595E+00  0.12638E-03 -0.56155E-03  0.99040E+00 -0.94408E-04  0.28152E-03 -0.44231E+00 -0.36430E-02 -0.44007E+00 
  104.00  0.19745E+00 -0.87145E+00  0.12452E-03 -0.57165E-03  0.99034E+00 -0.92029E-04  0.28750E-03 -0.47011E+00 -0.39469E-02 -0.46770E+00 
  105.00  0.19631E+00 -0.85631E+00  0.12218E-03 -0.57876E-03  0.99029E+00 -0.89447E-04  0.29086E-03 -0.49705E+00 -0.41804E-02 -0.49447E+00 
  106.00  0.19535E+00 -0.84059E+00  0.11926E-03 -0.58274E-03  0.99024E+00 -0.86569E-04  0.29148E-03 -0.52311E+00 -0.43371E-02 -0.52036E+00 
  107.00  0.19456E+00 -0.82433E+00  0.11565E-03 -0.58352E-03  0.99020E+00 -0.83336E-04  0.28932E-03 -0.54830E+00 -0.44134E-02 -0.54538E+00 
  108.00  0.19394E+00 -0.80759E+00  0.11131E-03 -0.58108E-03  0.99016E+00 -0.79715E-04  0.28440E-03 -0.57259E+00 -0.44084E-02 -0.56952E+00 
  109.00  0.19347E+00 -0.79042E+00  0.10623E-03 -0.57547E-03  0.99012E+00 -0.75700E-04  0.27680E-03 -0.59601E+00 -0.43243E-02 -0.59277E+00 
  110.00  0.19316E+00 -0.77287E+00  0.10042E-03 -0.56681E-03  0.99009E+00 -0.71313E-04  0.26664E-03 -0.61853E+00 -0.41653E-02 -0.61514E+00 
  111.00  0.19297E+00 -0.75499E+00  0.93938E-04 -0.55527E-03  0.99006E+00 -0.66594E-04  0.25411E-03 -0.64018E+00 -0.39380E-02 -0.63663E+00 
  112.00  0.19291E+00 -0.73683E+00  0.86873E-04 -0.54105E-03  0.99003E+00 -0.61603E-04  0.23942E-03 -0.66096E+00 -0.36502E-02 -0.65726E+00 
  113.00  0.19296E+00 -0.71842E+00  0.79346E-04 -0.52440E-03  0.99001E+00 -0.56410E-04  0.22281E-03 -0.68088E+00 -0.33112E-02 -0.67703E+00 
  114.00  0.19310E+00 -0.69982E+00  0.71502E-04 -0.50560E-03  0.98999E+00 -0.51095E-04  0.20455E-03 -0.69995E+00 -0.29310E-02 -0.69595E+00 
  115.00  0.19332E+00 -0.68106E+00  0.63506E-04 -0.48494E-03  0.98998E+00 -0.45739E-04  0.18490E-03 -0.71818E+00 -0.25199E-02 -0.71403E+00 
  116.00  0.19361E+00 -0.66220E+00  0.55538E-04 -0.46274E-03  0.98997E+00 -0.40424E-04  0.16414E-03 -0.73558E+00 -0.20880E-02 -0.73129E+00 
  117.00  0.19396E+00 -0.64326E+00  0.47786E-04 -0.43931E-03  0.98996E+00 -0.35230E-04  0.14257E-03 -0.75218E+00 -0.16452E-02 -0.74774E+00 
  118.00  0.19434E+00 -0.62428E+00  0.40440E-04 -0.41494E-03  0.98995E+00 -0.30226E-04  0.12044E-03 -0.76798E+00 -0.12009E-02 -0.76341E+00 
  119.00  0.19476E+00 -0.60531E+00  0.33686E-04 -0.38994E-03  0.98995E+00 -0.25477E-04  0.98016E-04 -0.78300E+00 -0.76346E-03 -0.77829E+00 
  120.00  0.19520E+00 -0.58637E+00  0.27700E-04 -0.36458E-03  0.98995E+00 -0.21033E-04  0.75550E-04 -0.79726E+00 -0.34037E-03 -0.79242E+00 
  121.00  0.19566E+00 -0.56751E+00  0.22645E-04 -0.33911E-03  0.98995E+00 -0.16937E-04  0.53271E-04 -0.81079E+00  0.61896E-04 -0.80581E+00 
  122.00  0.19612E+00 -0.54876E+00  0.18665E-04 -0.31375E-03  0.98995E+00 -0.13217E-04  0.31391E-04 -0.82359E+00  0.43796E-03 -0.81848E+00 
  123.00  0.19658E+00 -0.53013E+00  0.15881E-04 -0.28869E-03  0.98996E+00 -0.98920E-05  0.10101E-04 -0.83569E+00  0.78353E-03 -0.83045E+00 
  124.00  0.19703E+00 -0.51168E+00  0.14389E-04 -0.26410E-03  0.98997E+00 -0.69698E-05 -0.10427E-04 -0.84712E+00  0.10953E-02 -0.84174E+00 
  125.00  0.19748E+00 -0.49341E+00  0.14259E-04 -0.24009E-03  0.98997E+00 -0.44481E-05 -0.30042E-04 -0.85788E+00  0.13711E-02 -0.85238E+00 
  126.00  0.19791E+00 -0.47535E+00  0.15532E-04 -0.21677E-03  0.98998E+00 -0.23160E-05 -0.48616E-04 -0.86802E+00  0.16096E-02 -0.86239E+00 
  127.00  0.19834E+00 -0.45754E+00  0.18219E-04 -0.19418E-03  0.98999E+00 -0.55530E-06 -0.66039E-04 -0.87755E+00  0.18102E-02 -0.87179E+00 
  128.00  0.19875E+00 -0.43998E+00  0.22302E-04 -0.17236E-03  0.99000E+00  0.85818E-06 -0.82224E-04 -0.88649E+00  0.19731E-02 -0.88061E+00 
  129.00  0.19915E+00 -0.42270E+00  0.27735E-04 -0.15130E-03  0.99001E+00  0.19532E-05 -0.97103E-04 -0.89487E+00  0.20992E-02 -0.88886E+00 
  130.00  0.19953E+00 -0.40571E+00  0.34445E-04 -0.13097E-03  0.99002E+00  0.27618E-05 -0.11063E-03 -0.90271E+00  0.21899E-02 -0.89658E+00 
  131.00  0.19991E+00 -0.38902E+00  0.42333E-04 -0.11131E-03  0.99003E+00  0.33178E-05 -0.12277E-03 -0.91004E+00  0.22471E-02 -0.90378E+00 
  132.00  0.20028E+00 -0.37266E+00  0.51278E-04 -0.92259E-04  0.99003E+00  0.36559E-05 -0.13352E-03 -0.91687E+00  0.22730E-02 -0.91050E+00 
  133.00  0.20064E+00 -0.35663E+00  0.61138E-04 -0.73717E-04  0.99004E+00  0.38103E-05 -0.14287E-03 -0.92324E+00  0.22699E-02 -0.91674E+00 
  134.00  0.20100E+00 -0.34094E+00  0.71754E-04 -0.55585E-04  0.99005E+00  0.38139E-05 -0.15085E-03 -0.92917E+00  0.22406E-02 -0.92255E+00 
  135.00  0.20135E+00 -0.32560E+00  0.82956E-04 -0.37755E-04  0.99006E+00  0.36978E-05 -0.15748E-03 -0.93467E+00  0.21879E-02 -0.92793E+00 
  136.00  0.20171E+00 -0.31062E+00  0.94561E-04 -0.20117E-04  0.99007E+00  0.34904E-05 -0.16281E-03 -0.93978E+00  0.21146E-02 -0.93292E+00 
  137.00  0.20208E+00 -0.29599E+00  0.10638E-03 -0.25609E-05  0.99008E+00  0.32170E-05 -0.16689E-03 -0.94451E+00  0.20235E-02 -0.93753E+00 
  138.00  0.20245E+00 -0.28173E+00  0.11823E-03  0.15017E-04  0.99009E+00  0.28999E-05 -0.16977E-03 -0.94888E+00  0.19175E-02 -0.94178E+00 
  139.00  0.20283E+00 -0.26784E+00  0.12993E-03  0.32711E-04  0.99010E+00  0.25579E-05 -0.17153E-03 -0.95291E+00  0.17993E-02 -0.94570E+00 
  140.00  0.20322E+00 -0.25433E+00  0.14128E-03  0.50606E-04  0.99011E+00  0.22066E-05 -0.17224E-03 -0.95663E+00  0.16716E-02 -0.94931E+00 
  141.00  0.20363E+00 -0.24118E+00  0.15211E-03  0.68771E-04  0.99012E+00  0.18585E-05 -0.17196E-03 -0.96005E+00  0.15367E-02 -0.95262E+00 
  142.00  0.20405E+00 -0.22840E+00  0.16228E-03  0.87260E-04  0.99013E+00  0.15233E-05 -0.17077E-03 -0.96319E+00  0.13970E-02 -0.95566E+00 
  143.00  0.20449E+00 -0.21600E+00  0.17162E-03  0.10611E-03  0.99015E+00  0.12079E-05 -0.16874E-03 -0.96607E+00  0.12548E-02 -0.95843E+00 
  144.00  0.20494E+00 -0.20397E+00  0.18001E-03  0.12534E-03  0.99016E+00  0.91719E-06 -0.16595E-03 -0.96870E+00  0.11119E-02 -0.96096E+00 
  145.00  0.20542E+00 -0.19232E+00  0.18733E-03  0.14496E-03  0.99017E+00  0.65404E-06 -0.16247E-03 -0.97110E+00  0.97011E-03 -0.96327E+00 
  146.00  0.20591E+00 -0.18103E+00  0.19350E-03  0.16495E-03  0.99019E+00  0.41989E-06 -0.15837E-03 -0.97329E+00  0.83113E-03 -0.96537E+00 
  147.00  0.20642E+00 -0.17011E+00  0.19843E-03  0.18529E-03  0.99020E+00  0.21499E-06 -0.15371E-03 -0.97529E+00  0.69635E-03 -0.96727E+00 
  148.00  0.20695E+00 -0.15955E+00  0.20208E-03  0.20593E-03  0.99022E+00  0.38741E-07 -0.14856E-03 -0.97709E+00  0.56700E-03 -0.96899E+00 
  149.00  0.20750E+00 -0.14936E+00  0.20442E-03  0.22683E-03  0.99023E+00 -0.11007E-06 -0.14297E-03 -0.97873E+00  0.44416E-03 -0.97054E+00 
  150.00  0.20807E+00 -0.13953E+00  0.20543E-03  0.24792E-03  0.99025E+00 -0.23302E-06 -0.13701E-03 -0.98020E+00  0.32873E-03 -0.97193E+00 
  151.00  0.20865E+00 -0.13006E+00  0.20512E-03  0.26915E-03  0.99027E+00 -0.33193E-06 -0.13074E-03 -0.98153E+00  0.22145E-03 -0.97318E+00 
  152.00  0.20924E+00 -0.12095E+00  0.20352E-03  0.29042E-03  0.99028E+00 -0.40868E-06 -0.12421E-03 -0.98272E+00  0.12291E-03 -0.97430E+00 
  153.00  0.20984E+00 -0.11219E+00  0.20066E-03  0.31168E-03  0.99030E+00 -0.46521E-06 -0.11747E-03 -0.98379E+00  0.33577E-04 -0.97529E+00 
  154.00  0.21046E+00 -0.10378E+00  0.19661E-03  0.33285E-03  0.99032E+00 -0.50342E-06 -0.11057E-03 -0.98473E+00 -0.46251E-04 -0.97617E+00 
  155.00  0.21108E+00 -0.95720E-01  0.19143E-03  0.35386E-03  0.99034E+00 -0.52518E-06 -0.10357E-03 -0.98558E+00 -0.11638E-03 -0.97695E+00 
  156.00  0.21171E+00 -0.88006E-01  0.18521E-03  0.37463E-03  0.99035E+00 -0.53231E-06 -0.96522E-04 -0.98632E+00 -0.17675E-03 -0.97763E+00 
  157.00  0.21234E+00 -0.80635E-01  0.17804E-03  0.39510E-03  0.99037E+00 -0.52665E-06 -0.89469E-04 -0.98698E+00 -0.22741E-03 -0.97822E+00 
  158.00  0.21297E+00 -0.73605E-01  0.17002E-03  0.41520E-03  0.99038E+00 -0.50999E-06 -0.82462E-04 -0.98755E+00 -0.26852E-03 -0.97874E+00 
  159.00  0.21360E+00 -0.66913E-01  0.16125E-03  0.43488E-03  0.99040E+00 -0.48415E-06 -0.75549E-04 -0.98805E+00 -0.30033E-03 -0.97918E+00 
  160.00  0.21423E+00 -0.60556E-01  0.15186E-03  0.45407E-03  0.99041E+00 -0.45094E-06 -0.68776E-04 -0.98848E+00 -0.32322E-03 -0.97956E+00 
  161.00  0.21485E+00 -0.54532E-01  0.14195E-03  0.47273E-03  0.99042E+00 -0.41216E-06 -0.62186E-04 -0.98886E+00 -0.33762E-03 -0.97988E+00 
  162.00  0.21546E+00 -0.48837E-01  0.13165E-03  0.49081E-03  0.99043E+00 -0.36957E-06 -0.55820E-04 -0.98917E+00 -0.34409E-03 -0.98014E+00 
  163.00  0.21605E+00 -0.43471E-01  0.12107E-03  0.50825E-03  0.99044E+00 -0.32490E-06 -0.49714E-04 -0.98944E+00 -0.34324E-03 -0.98036E+00 
  164.00  0.21663E+00 -0.38428E-01  0.11034E-03  0.52502E-03  0.99045E+00 -0.27974E-06 -0.43901E-04 -0.98966E+00 -0.33576E-03 -0.98054E+00 
  165.00  0.21719E+00 -0.33709E-01  0.99562E-04  0.54106E-03  0.99045E+00 -0.23555E-06 -0.38411E-04 -0.98985E+00 -0.32243E-03 -0.98068E+00 
  166.00  0.21773E+00 -0.29309E-01  0.88867E-04  0.55635E-03  0.99046E+00 -0.19360E-06 -0.33266E-04 -0.99000E+00 -0.30404E-03 -0.98078E+00 
  167.00  0.21825E+00 -0.25225E-01  0.78363E-04  0.57084E-03  0.99046E+00 -0.15495E-06 -0.28485E-04 -0.99012E+00 -0.28148E-03 -0.98086E+00 
  168.00  0.21874E+00 -0.21457E-01  0.68157E-04  0.58448E-03  0.99046E+00 -0.12039E-06 -0.24080E-04 -0.99021E+00 -0.25563E-03 -0.98091E+00 
  169.00  0.21920E+00 -0.18001E-01  0.58354E-04  0.59723E-03  0.99046E+00 -0.90432E-07 -0.20060E-04 -0.99028E+00 -0.22741E-03 -0.98095E+00 
  170.00  0.21963E+00 -0.14854E-01  0.49052E-04  0.60906E-03  0.99046E+00 -0.65339E-07 -0.16428E-04 -0.99034E+00 -0.19775E-03 -0.98096E+00 
  171.00  0.22002E+00 -0.12015E-01  0.40342E-04  0.61991E-03  0.99045E+00 -0.45094E-07 -0.13183E-04 -0.99038E+00 -0.16757E-03 -0.98097E+00 
  172.00  0.22039E+00 -0.94812E-02  0.32310E-04  0.62976E-03  0.99045E+00 -0.29450E-07 -0.10319E-04 -0.99040E+00 -0.13775E-03 -0.98096E+00 
  173.00  0.22071E+00 -0.72507E-02  0.25033E-04  0.63855E-03  0.99045E+00 -0.17961E-07 -0.78293E-05 -0.99042E+00 -0.10917E-03 -0.98095E+00 
  174.00  0.22099E+00 -0.53217E-02  0.18581E-04  0.64626E-03  0.99045E+00 -0.10032E-07 -0.57033E-05 -0.99043E+00 -0.82609E-04 -0.98094E+00 
  175.00  0.22123E+00 -0.36924E-02  0.13015E-04  0.65285E-03  0.99044E+00 -0.49797E-08 -0.39302E-05 -0.99043E+00 -0.58804E-04 -0.98092E+00 
  176.00  0.22143E+00 -0.23615E-02  0.83886E-05  0.65828E-03  0.99044E+00 -0.20883E-08 -0.24986E-05 -0.99044E+00 -0.38397E-04 -0.98090E+00 
  177.00  0.22159E+00 -0.13276E-02  0.47444E-05  0.66254E-03  0.99044E+00 -0.67295E-09 -0.13978E-05 -0.99044E+00 -0.21936E-04 -0.98089E+00 
  178.00  0.22170E+00 -0.58979E-03  0.21169E-05  0.66559E-03  0.99043E+00 -0.13467E-09 -0.61877E-06 -0.99043E+00 -0.98574E-05 -0.98088E+00 
  179.00  0.22177E+00 -0.14741E-03  0.53045E-06  0.66743E-03  0.99043E+00 -0.84831E-11 -0.15431E-06 -0.99043E+00 -0.24806E-05 -0.98087E+00 
  180.00  0.22179E+00 -0.36531E-14  0.13157E-16  0.66805E-03  0.99043E+00 -0.52242E-32 -0.38212E-17 -0.99043E+00 -0.61615E-16 -0.98087E+00 
 scattering matrix expansion coefficients
    w  a11         a22         a33         a23         a32         a44         a12         a34         a13         a24         a14
    0  0.1000E+01  0.0000E+00  0.0000E+00  0.0000E+00  0.0000E+00  0.7682E+00  0.0000E+00  0.0000E+00  0.0000E+00  0.0000E+00 -0.6859E-04
    1  0.2095E+01  0.0000E+00  0.0000E+00  0.0000E+00  0.0000E+00  0.2315E+01  0.0000E+00  0.0000E+00  0.0000E+00  0.0000E+00 -0.1003E-03
    2  0.2756E+01  0.2832E+00  0.3770E+01  0.2911E-06  0.2928E-03  0.2765E+01 -0.4697E+00 -0.6079E-02  0.3714E-04  0.5189E-04 -0.2756E-04
    3  0.2871E+01  0.8762E-01  0.3436E+01 -0.2628E-06  0.4186E-03  0.2865E+01 -0.3017E+00 -0.1048E-01 -0.3876E-04  0.3342E-04 -0.2038E-03
    4  0.2781E+01  0.3258E-01  0.3166E+01 -0.3329E-06  0.2540E-03  0.2786E+01 -0.2260E+00 -0.1077E-01 -0.7195E-04  0.3944E-05 -0.1139E-03
    5  0.2596E+01  0.2032E-01  0.2868E+01  0.1892E-06  0.3658E-04  0.2596E+01 -0.1803E+00 -0.8847E-02 -0.1007E-03  0.9067E-04 -0.6970E-04
    6  0.2372E+01  0.1334E-01  0.2565E+01  0.1940E-06 -0.8452E-04  0.2367E+01 -0.1478E+00 -0.5765E-02 -0.1542E-04  0.2341E-04 -0.5095E-04
    7  0.2150E+01  0.3775E-02  0.2290E+01 -0.3041E-07 -0.1266E-03  0.2156E+01 -0.1297E+00 -0.4605E-02 -0.2546E-04  0.1454E-05 -0.3529E-04
    8  0.1983E+01  0.3983E-02  0.2078E+01 -0.8558E-07 -0.1353E-03  0.1991E+01 -0.1038E+00 -0.3933E-02  0.4261E-05  0.1682E-04 -0.3650E-05
    9  0.1874E+01  0.4358E-02  0.1939E+01 -0.4275E-07 -0.1328E-03  0.1881E+01 -0.5702E-01  0.1534E-02 -0.2037E-04 -0.1294E-04 -0.4249E-04
   10  0.1781E+01  0.8566E-02  0.1832E+01 -0.1480E-07 -0.9289E-04  0.1775E+01 -0.2539E-02  0.8968E-02 -0.2534E-04 -0.2176E-04 -0.7108E-04
   11  0.1621E+01  0.9097E-02  0.1674E+01  0.2818E-07 -0.1191E-04  0.1603E+01  0.2593E-01  0.1456E-01 -0.4477E-05  0.6496E-05 -0.3412E-04
   12  0.1339E+01  0.3662E-03  0.1406E+01 -0.2608E-07  0.5033E-04  0.1330E+01  0.2694E-02  0.1729E-01  0.1206E-06  0.2400E-04  0.1516E-04
   13  0.9690E+00 -0.7023E-02  0.1041E+01 -0.5488E-07  0.6233E-04  0.9764E+00 -0.4965E-01  0.1657E-01 -0.2702E-05  0.1630E-04  0.4100E-04
   14  0.6071E+00 -0.5779E-02  0.6661E+00 -0.1944E-07  0.4581E-04  0.6185E+00 -0.8368E-01  0.1270E-01 -0.2668E-05  0.4198E-05  0.4054E-04
   15  0.3290E+00 -0.6422E-03  0.3649E+00  0.1381E-07  0.2590E-04  0.3343E+00 -0.8038E-01  0.7761E-02 -0.2314E-05 -0.9337E-06  0.2421E-04
   16  0.1547E+00  0.2460E-02  0.1715E+00  0.1655E-07  0.1169E-04  0.1541E+00 -0.5516E-01  0.3838E-02 -0.1886E-05  0.9921E-09  0.9960E-05
   17  0.6344E-01  0.2646E-02  0.6953E-01  0.8961E-08  0.4220E-05  0.6092E-01 -0.2943E-01  0.1571E-02 -0.1178E-05  0.8909E-06  0.2812E-05
   18  0.2281E-01  0.1651E-02  0.2452E-01  0.3911E-08  0.1224E-05  0.2084E-01 -0.1278E-01  0.5432E-03 -0.5094E-06  0.7959E-06  0.5167E-06
   19  0.7233E-02  0.7596E-03  0.7581E-02  0.1936E-08  0.3099E-06  0.6229E-02 -0.4653E-02  0.1621E-03 -0.1660E-06  0.3976E-06  0.3989E-07
   20  0.2034E-02  0.2800E-03  0.2073E-02  0.1183E-08  0.7874E-07  0.1641E-02 -0.1450E-02  0.4239E-04 -0.4957E-07  0.1423E-06 -0.1161E-07
   21  0.5107E-03  0.8621E-04  0.5049E-03  0.7384E-09  0.2184E-07  0.3841E-03 -0.3934E-03  0.9859E-05 -0.1486E-07  0.3950E-07 -0.5229E-08
   22  0.1151E-03  0.2277E-04  0.1103E-03  0.4020E-09  0.7155E-08  0.8054E-04 -0.9404E-04  0.2062E-05 -0.5211E-08  0.8429E-08 -0.6915E-09
   23  0.2340E-04  0.5255E-05  0.2177E-04  0.1802E-09  0.1655E-08  0.1523E-04 -0.2002E-04  0.3914E-06 -0.1376E-08  0.1468E-08  0.8742E-11
   24  0.4321E-05  0.1072E-05  0.3907E-05  0.6637E-10  0.1993E-09  0.2622E-05 -0.3830E-05  0.6834E-07 -0.2552E-09  0.2565E-09 -0.5159E-10
   25  0.7331E-06  0.1961E-06  0.6459E-06  0.2032E-10  0.3879E-10  0.4175E-06 -0.6668E-06  0.1126E-07 -0.6774E-10  0.3556E-10 -0.3345E-10
   26  0.1173E-06  0.3280E-07  0.1013E-06  0.5271E-11  0.1957E-10  0.6394E-07 -0.1084E-06  0.1829E-08 -0.2395E-10 -0.6194E-11  0.4841E-11
   27  0.1877E-07  0.5197E-08  0.1610E-07  0.1178E-11  0.4201E-11  0.1030E-07 -0.1738E-07  0.3204E-09 -0.5114E-11 -0.4498E-11  0.4602E-11
   28  0.3577E-08  0.8618E-09  0.3158E-08  0.2268E-12  0.2856E-13  0.2181E-08 -0.3180E-08  0.7344E-10 -0.4492E-12 -0.7581E-12  0.1161E-11
   29  0.6688E-09  0.1523E-09  0.5887E-09  0.3652E-13 -0.7376E-12  0.4339E-09 -0.6042E-09  0.1638E-10  0.3158E-12  0.2876E-12 -0.5396E-12
   30  0.2999E-09  0.6459E-10  0.2707E-09  0.4341E-14 -0.1606E-12  0.1945E-09 -0.2593E-09  0.6421E-11  0.8163E-13  0.4412E-13 -0.2711E-13
   31  0.2573E-10  0.5850E-11  0.2221E-10  0.1840E-15 -0.5805E-13  0.1740E-10 -0.2354E-10  0.7063E-12  0.3401E-13  0.3735E-13 -0.5510E-13
   32  0.2419E-10  0.6595E-11  0.2048E-10 -0.5670E-16 -0.9497E-14  0.1305E-10 -0.2211E-10  0.3899E-12  0.5424E-14  0.1354E-14 -0.7865E-15
   33  0.6499E-12  0.1780E-12  0.5246E-12 -0.1944E-16 -0.1509E-14  0.3960E-12 -0.6081E-12  0.1476E-13  0.9385E-15  0.1151E-14 -0.1597E-14
   34  0.9977E-12  0.3147E-12  0.7936E-12 -0.4358E-17 -0.4505E-15  0.4508E-12 -0.9466E-12  0.1313E-13  0.2674E-15  0.1108E-15 -0.1508E-15
   35  0.7134E-14  0.2239E-14  0.5312E-14 -0.6242E-18 -0.2021E-16  0.4104E-14 -0.6692E-14  0.1144E-15  0.1335E-16  0.1711E-16 -0.2220E-16
   36  0.2142E-13  0.7608E-14  0.1665E-13 -0.6555E-19 -0.8156E-17  0.8422E-14 -0.2106E-13  0.2556E-15  0.5279E-17  0.1440E-17 -0.2030E-17
