 input file is 
mstm17_256_3360_13_0045.inp   
 input file comments follow:
***********************************************************
  This is the default mstm input file for v.3.0.
  The run is for a 7-sphere cluster of identical spheres.   The positions
  are embedded in the input file.

  The run makes use of the new_run and multiple_run options.

  14 April 2013
***********************************************************
 number of processors:
   1
 input parameters for run number 
    1
 number of spheres, volume size parameter:
  256  0.21335E+01
 position file:
position/n256/a17.out                                       
 output file:
output/256/x3360/13/0045/mt_17_256_3360_13_0045.dat         
 length, ref. indx. scale factors:
   0.336   1.300   0.045
 chiral factors:
  0.00000E+00  0.00000E+00
 scattering matrix directions based on incident frame
 automatic scattering angle calculation
 thetamin, thetamax:
      0.0    180.0
 number scattering angles:
      181
 epsmie, epssoln, max number iterations:
  0.1000E-05  0.1000E-07 5000
 medium refractive index:
  1.0000  0.0000
 target euler rotation angles:
    0.0000    0.0000    0.0000
 far field kr, iterations/correction:
 -0.1000E+01   20
 plane wave incidence
 random orientation calculations
 t matrix calculated, stored in file 
tmatrixfiles/172563360130045                                
 t matrix convergence epsilon:
  0.1000E-06
 all spheres excited (total T matrix) 
 calculation results for run 
    1
 total ext, abs, scat efficiencies, w.r.t. xv, and asym. parm
  0.35531E+00  0.24083E+00  0.11448E+00  0.68832E+00
 scattering matrix elements (normalized w/ S11)
   theta      11           12           13           14           22           23           24           33           34           44      
    0.00  0.28043E+02  0.00000E+00  0.00000E+00  0.90653E-05  0.99995E+00  0.12985E-05  0.00000E+00  0.99995E+00  0.00000E+00  0.99990E+00 
    1.00  0.27816E+02 -0.18223E-03 -0.10685E-07  0.92111E-05  0.99995E+00  0.11991E-05  0.15977E-07  0.99995E+00 -0.22123E-04  0.99989E+00 
    2.00  0.27150E+02 -0.73012E-03 -0.42791E-07  0.96568E-05  0.99994E+00  0.90685E-06  0.63834E-07  0.99994E+00 -0.89332E-04  0.99989E+00 
    3.00  0.26086E+02 -0.16472E-02 -0.96434E-07  0.10426E-04  0.99994E+00  0.44011E-06  0.14323E-06  0.99994E+00 -0.20407E-03  0.99988E+00 
    4.00  0.24691E+02 -0.29388E-02 -0.17165E-06  0.11559E-04  0.99994E+00 -0.17046E-06  0.25322E-06  0.99993E+00 -0.37020E-03  0.99987E+00 
    5.00  0.23047E+02 -0.46118E-02 -0.26815E-06  0.13102E-04  0.99993E+00 -0.88181E-06  0.39162E-06  0.99992E+00 -0.59249E-03  0.99985E+00 
    6.00  0.21246E+02 -0.66732E-02 -0.38487E-06  0.15108E-04  0.99992E+00 -0.16401E-05  0.55416E-06  0.99990E+00 -0.87589E-03  0.99982E+00 
    7.00  0.19380E+02 -0.91280E-02 -0.51943E-06  0.17620E-04  0.99991E+00 -0.23849E-05  0.73345E-06  0.99987E+00 -0.12242E-02  0.99978E+00 
    8.00  0.17533E+02 -0.11978E-01 -0.66726E-06  0.20654E-04  0.99990E+00 -0.30581E-05  0.91794E-06  0.99983E+00 -0.16384E-02  0.99973E+00 
    9.00  0.15778E+02 -0.15215E-01 -0.82084E-06  0.24172E-04  0.99989E+00 -0.36183E-05  0.10914E-05  0.99977E+00 -0.21138E-02  0.99967E+00 
   10.00  0.14167E+02 -0.18824E-01 -0.96889E-06  0.28062E-04  0.99988E+00 -0.40608E-05  0.12333E-05  0.99970E+00 -0.26387E-02  0.99958E+00 
   11.00  0.12733E+02 -0.22775E-01 -0.10963E-05  0.32113E-04  0.99987E+00 -0.44397E-05  0.13214E-05  0.99961E+00 -0.31919E-02  0.99948E+00 
   12.00  0.11491E+02 -0.27028E-01 -0.11852E-05  0.36020E-04  0.99986E+00 -0.48821E-05  0.13359E-05  0.99949E+00 -0.37441E-02  0.99936E+00 
   13.00  0.10437E+02 -0.31538E-01 -0.12166E-05  0.39413E-04  0.99985E+00 -0.55853E-05  0.12651E-05  0.99935E+00 -0.42617E-02  0.99921E+00 
   14.00  0.95548E+01 -0.36263E-01 -0.11737E-05  0.41923E-04  0.99985E+00 -0.67885E-05  0.11107E-05  0.99918E+00 -0.47124E-02  0.99904E+00 
   15.00  0.88189E+01 -0.41175E-01 -0.10446E-05  0.43253E-04  0.99984E+00 -0.87244E-05  0.88991E-06  0.99898E+00 -0.50729E-02  0.99884E+00 
   16.00  0.82003E+01 -0.46263E-01 -0.82381E-06  0.43239E-04  0.99984E+00 -0.11565E-04  0.63301E-06  0.99875E+00 -0.53328E-02  0.99861E+00 
   17.00  0.76699E+01 -0.51541E-01 -0.51220E-06  0.41872E-04  0.99984E+00 -0.15379E-04  0.37808E-06  0.99849E+00 -0.54957E-02  0.99834E+00 
   18.00  0.72021E+01 -0.57034E-01 -0.11613E-06  0.39284E-04  0.99983E+00 -0.20117E-04  0.16366E-06  0.99818E+00 -0.55763E-02  0.99804E+00 
   19.00  0.67767E+01 -0.62777E-01  0.35401E-06  0.35709E-04  0.99983E+00 -0.25616E-04  0.22389E-07  0.99783E+00 -0.55948E-02  0.99768E+00 
   20.00  0.63793E+01 -0.68807E-01  0.88460E-06  0.31443E-04  0.99982E+00 -0.31615E-04 -0.23513E-07  0.99742E+00 -0.55724E-02  0.99728E+00 
   21.00  0.60017E+01 -0.75158E-01  0.14590E-05  0.26811E-04  0.99982E+00 -0.37785E-04  0.34870E-07  0.99696E+00 -0.55274E-02  0.99681E+00 
   22.00  0.56404E+01 -0.81856E-01  0.20575E-05  0.22144E-04  0.99981E+00 -0.43755E-04  0.19167E-06  0.99642E+00 -0.54730E-02  0.99627E+00 
   23.00  0.52953E+01 -0.88921E-01  0.26575E-05  0.17764E-04  0.99980E+00 -0.49147E-04  0.42584E-06  0.99580E+00 -0.54162E-02  0.99565E+00 
   24.00  0.49682E+01 -0.96363E-01  0.32342E-05  0.13959E-04  0.99979E+00 -0.53616E-04  0.70224E-06  0.99510E+00 -0.53583E-02  0.99494E+00 
   25.00  0.46612E+01 -0.10419E+00  0.37638E-05  0.10969E-04  0.99978E+00 -0.56893E-04  0.97466E-06  0.99430E+00 -0.52960E-02  0.99414E+00 
   26.00  0.43758E+01 -0.11239E+00  0.42261E-05  0.89585E-05  0.99977E+00 -0.58832E-04  0.11913E-05  0.99340E+00 -0.52223E-02  0.99323E+00 
   27.00  0.41126E+01 -0.12097E+00  0.46087E-05  0.79936E-05  0.99976E+00 -0.59431E-04  0.13025E-05  0.99238E+00 -0.51295E-02  0.99221E+00 
   28.00  0.38706E+01 -0.12992E+00  0.49104E-05  0.80349E-05  0.99975E+00 -0.58842E-04  0.12687E-05  0.99124E+00 -0.50104E-02  0.99106E+00 
   29.00  0.36479E+01 -0.13922E+00  0.51423E-05  0.89412E-05  0.99973E+00 -0.57343E-04  0.10683E-05  0.98996E+00 -0.48604E-02  0.98978E+00 
   30.00  0.34421E+01 -0.14889E+00  0.53270E-05  0.10491E-04  0.99972E+00 -0.55284E-04  0.70147E-06  0.98855E+00 -0.46786E-02  0.98835E+00 
   31.00  0.32502E+01 -0.15892E+00  0.54951E-05  0.12416E-04  0.99970E+00 -0.53024E-04  0.19122E-06  0.98697E+00 -0.44674E-02  0.98677E+00 
   32.00  0.30699E+01 -0.16931E+00  0.56803E-05  0.14440E-04  0.99968E+00 -0.50868E-04 -0.42038E-06  0.98523E+00 -0.42327E-02  0.98502E+00 
   33.00  0.28993E+01 -0.18007E+00  0.59139E-05  0.16314E-04  0.99966E+00 -0.49021E-04 -0.10785E-05  0.98330E+00 -0.39820E-02  0.98308E+00 
   34.00  0.27372E+01 -0.19120E+00  0.62198E-05  0.17840E-04  0.99964E+00 -0.47562E-04 -0.17239E-05  0.98117E+00 -0.37235E-02  0.98095E+00 
   35.00  0.25830E+01 -0.20273E+00  0.66104E-05  0.18897E-04  0.99962E+00 -0.46440E-04 -0.23022E-05  0.97884E+00 -0.34641E-02  0.97860E+00 
   36.00  0.24367E+01 -0.21464E+00  0.70844E-05  0.19444E-04  0.99959E+00 -0.45497E-04 -0.27726E-05  0.97627E+00 -0.32088E-02  0.97602E+00 
   37.00  0.22988E+01 -0.22695E+00  0.76268E-05  0.19523E-04  0.99957E+00 -0.44498E-04 -0.31164E-05  0.97346E+00 -0.29591E-02  0.97320E+00 
   38.00  0.21695E+01 -0.23964E+00  0.82113E-05  0.19256E-04  0.99954E+00 -0.43184E-04 -0.33427E-05  0.97038E+00 -0.27129E-02  0.97012E+00 
   39.00  0.20491E+01 -0.25271E+00  0.88049E-05  0.18821E-04  0.99952E+00 -0.41323E-04 -0.34905E-05  0.96703E+00 -0.24644E-02  0.96677E+00 
   40.00  0.19376E+01 -0.26616E+00  0.93745E-05  0.18434E-04  0.99949E+00 -0.38753E-04 -0.36266E-05  0.96339E+00 -0.22050E-02  0.96312E+00 
   41.00  0.18344E+01 -0.27996E+00  0.98936E-05  0.18312E-04  0.99946E+00 -0.35424E-04 -0.38381E-05  0.95944E+00 -0.19240E-02  0.95917E+00 
   42.00  0.17390E+01 -0.29410E+00  0.10349E-04  0.18648E-04  0.99943E+00 -0.31404E-04 -0.42215E-05  0.95517E+00 -0.16109E-02  0.95489E+00 
   43.00  0.16505E+01 -0.30857E+00  0.10743E-04  0.19582E-04  0.99940E+00 -0.26870E-04 -0.48684E-05  0.95057E+00 -0.12562E-02  0.95027E+00 
   44.00  0.15680E+01 -0.32336E+00  0.11098E-04  0.21179E-04  0.99937E+00 -0.22081E-04 -0.58522E-05  0.94561E+00 -0.85355E-03  0.94530E+00 
   45.00  0.14903E+01 -0.33846E+00  0.11448E-04  0.23422E-04  0.99933E+00 -0.17332E-04 -0.72169E-05  0.94027E+00 -0.39993E-03  0.93996E+00 
   46.00  0.14169E+01 -0.35387E+00  0.11839E-04  0.26217E-04  0.99930E+00 -0.12913E-04 -0.89703E-05  0.93454E+00  0.10358E-03  0.93421E+00 
   47.00  0.13470E+01 -0.36958E+00  0.12317E-04  0.29400E-04  0.99926E+00 -0.90667E-05 -0.11081E-04  0.92840E+00  0.65227E-03  0.92806E+00 
   48.00  0.12803E+01 -0.38559E+00  0.12925E-04  0.32754E-04  0.99921E+00 -0.59654E-05 -0.13478E-04  0.92182E+00  0.12385E-02  0.92146E+00 
   49.00  0.12165E+01 -0.40190E+00  0.13697E-04  0.36032E-04  0.99917E+00 -0.36955E-05 -0.16060E-04  0.91477E+00  0.18528E-02  0.91439E+00 
   50.00  0.11556E+01 -0.41850E+00  0.14650E-04  0.38974E-04  0.99912E+00 -0.22603E-05 -0.18699E-04  0.90723E+00  0.24849E-02  0.90684E+00 
   51.00  0.10975E+01 -0.43540E+00  0.15787E-04  0.41337E-04  0.99907E+00 -0.15939E-05 -0.21254E-04  0.89918E+00  0.31254E-02  0.89876E+00 
   52.00  0.10424E+01 -0.45257E+00  0.17096E-04  0.42906E-04  0.99902E+00 -0.15851E-05 -0.23581E-04  0.89059E+00  0.37663E-02  0.89015E+00 
   53.00  0.99024E+00 -0.47001E+00  0.18555E-04  0.43522E-04  0.99897E+00 -0.21063E-05 -0.25547E-04  0.88143E+00  0.44023E-02  0.88098E+00 
   54.00  0.94105E+00 -0.48769E+00  0.20140E-04  0.43083E-04  0.99891E+00 -0.30448E-05 -0.27040E-04  0.87168E+00  0.50313E-02  0.87121E+00 
   55.00  0.89475E+00 -0.50560E+00  0.21834E-04  0.41561E-04  0.99885E+00 -0.43281E-05 -0.27975E-04  0.86132E+00  0.56538E-02  0.86083E+00 
   56.00  0.85123E+00 -0.52372E+00  0.23628E-04  0.38987E-04  0.99879E+00 -0.59421E-05 -0.28302E-04  0.85032E+00  0.62729E-02  0.84982E+00 
   57.00  0.81031E+00 -0.54202E+00  0.25536E-04  0.35451E-04  0.99873E+00 -0.79358E-05 -0.28004E-04  0.83866E+00  0.68930E-02  0.83815E+00 
   58.00  0.77182E+00 -0.56048E+00  0.27590E-04  0.31083E-04  0.99866E+00 -0.10414E-04 -0.27092E-04  0.82632E+00  0.75186E-02  0.82579E+00 
   59.00  0.73558E+00 -0.57908E+00  0.29842E-04  0.26036E-04  0.99859E+00 -0.13517E-04 -0.25600E-04  0.81326E+00  0.81527E-02  0.81272E+00 
   60.00  0.70141E+00 -0.59780E+00  0.32355E-04  0.20469E-04  0.99851E+00 -0.17394E-04 -0.23578E-04  0.79947E+00  0.87963E-02  0.79891E+00 
   61.00  0.66919E+00 -0.61662E+00  0.35196E-04  0.14538E-04  0.99844E+00 -0.22171E-04 -0.21087E-04  0.78491E+00  0.94473E-02  0.78433E+00 
   62.00  0.63878E+00 -0.63553E+00  0.38424E-04  0.83870E-05  0.99836E+00 -0.27920E-04 -0.18193E-04  0.76953E+00  0.10100E-01  0.76894E+00 
   63.00  0.61011E+00 -0.65449E+00  0.42075E-04  0.21398E-05  0.99828E+00 -0.34634E-04 -0.14965E-04  0.75332E+00  0.10747E-01  0.75272E+00 
   64.00  0.58308E+00 -0.67348E+00  0.46155E-04 -0.40937E-05  0.99820E+00 -0.42213E-04 -0.11477E-04  0.73623E+00  0.11376E-01  0.73561E+00 
   65.00  0.55763E+00 -0.69248E+00  0.50630E-04 -0.10218E-04  0.99812E+00 -0.50462E-04 -0.78083E-05  0.71823E+00  0.11977E-01  0.71761E+00 
   66.00  0.53365E+00 -0.71143E+00  0.55424E-04 -0.16146E-04  0.99804E+00 -0.59101E-04 -0.40449E-05  0.69929E+00  0.12540E-01  0.69866E+00 
   67.00  0.51106E+00 -0.73029E+00  0.60420E-04 -0.21799E-04  0.99796E+00 -0.67784E-04 -0.27946E-06  0.67939E+00  0.13054E-01  0.67876E+00 
   68.00  0.48975E+00 -0.74902E+00  0.65468E-04 -0.27105E-04  0.99789E+00 -0.76136E-04  0.33905E-05  0.65851E+00  0.13514E-01  0.65788E+00 
   69.00  0.46958E+00 -0.76754E+00  0.70394E-04 -0.32000E-04  0.99781E+00 -0.83782E-04  0.68675E-05  0.63664E+00  0.13918E-01  0.63601E+00 
   70.00  0.45043E+00 -0.78578E+00  0.75019E-04 -0.36432E-04  0.99774E+00 -0.90383E-04  0.10060E-04  0.61378E+00  0.14265E-01  0.61316E+00 
   71.00  0.43217E+00 -0.80367E+00  0.79169E-04 -0.40374E-04  0.99766E+00 -0.95662E-04  0.12893E-04  0.58995E+00  0.14560E-01  0.58933E+00 
   72.00  0.41469E+00 -0.82114E+00  0.82689E-04 -0.43824E-04  0.99758E+00 -0.99424E-04  0.15313E-04  0.56516E+00  0.14810E-01  0.56455E+00 
   73.00  0.39789E+00 -0.83811E+00  0.85453E-04 -0.46819E-04  0.99750E+00 -0.10157E-03  0.17297E-04  0.53944E+00  0.15022E-01  0.53884E+00 
   74.00  0.38170E+00 -0.85451E+00  0.87371E-04 -0.49439E-04  0.99741E+00 -0.10207E-03  0.18863E-04  0.51281E+00  0.15204E-01  0.51222E+00 
   75.00  0.36607E+00 -0.87025E+00  0.88389E-04 -0.51811E-04  0.99732E+00 -0.10101E-03  0.20066E-04  0.48532E+00  0.15363E-01  0.48474E+00 
   76.00  0.35098E+00 -0.88529E+00  0.88493E-04 -0.54103E-04  0.99721E+00 -0.98509E-04  0.21004E-04  0.45699E+00  0.15503E-01  0.45643E+00 
   77.00  0.33644E+00 -0.89955E+00  0.87702E-04 -0.56523E-04  0.99710E+00 -0.94759E-04  0.21810E-04  0.42788E+00  0.15627E-01  0.42732E+00 
   78.00  0.32247E+00 -0.91298E+00  0.86066E-04 -0.59303E-04  0.99698E+00 -0.89974E-04  0.22649E-04  0.39802E+00  0.15737E-01  0.39747E+00 
   79.00  0.30910E+00 -0.92553E+00  0.83658E-04 -0.62679E-04  0.99686E+00 -0.84385E-04  0.23699E-04  0.36744E+00  0.15829E-01  0.36690E+00 
   80.00  0.29639E+00 -0.93715E+00  0.80568E-04 -0.66868E-04  0.99672E+00 -0.78218E-04  0.25146E-04  0.33620E+00  0.15899E-01  0.33567E+00 
   81.00  0.28436E+00 -0.94779E+00  0.76899E-04 -0.72045E-04  0.99658E+00 -0.71683E-04  0.27158E-04  0.30433E+00  0.15941E-01  0.30381E+00 
   82.00  0.27305E+00 -0.95742E+00  0.72753E-04 -0.78312E-04  0.99643E+00 -0.64959E-04  0.29870E-04  0.27187E+00  0.15950E-01  0.27137E+00 
   83.00  0.26249E+00 -0.96599E+00  0.68232E-04 -0.85680E-04  0.99629E+00 -0.58187E-04  0.33369E-04  0.23887E+00  0.15917E-01  0.23840E+00 
   84.00  0.25269E+00 -0.97347E+00  0.63427E-04 -0.94051E-04  0.99613E+00 -0.51465E-04  0.37678E-04  0.20538E+00  0.15839E-01  0.20493E+00 
   85.00  0.24364E+00 -0.97984E+00  0.58413E-04 -0.10322E-03  0.99598E+00 -0.44849E-04  0.42747E-04  0.17146E+00  0.15709E-01  0.17102E+00 
   86.00  0.23533E+00 -0.98505E+00  0.53252E-04 -0.11288E-03  0.99583E+00 -0.38356E-04  0.48454E-04  0.13715E+00  0.15527E-01  0.13674E+00 
   87.00  0.22775E+00 -0.98909E+00  0.47981E-04 -0.12265E-03  0.99569E+00 -0.31974E-04  0.54610E-04  0.10252E+00  0.15290E-01  0.10213E+00 
   88.00  0.22083E+00 -0.99193E+00  0.42623E-04 -0.13209E-03  0.99555E+00 -0.25670E-04  0.60970E-04  0.67647E-01  0.15002E-01  0.67286E-01 
   89.00  0.21456E+00 -0.99356E+00  0.37179E-04 -0.14076E-03  0.99542E+00 -0.19403E-04  0.67255E-04  0.32599E-01  0.14664E-01  0.32266E-01 
   90.00  0.20888E+00 -0.99397E+00  0.31639E-04 -0.14824E-03  0.99529E+00 -0.13137E-04  0.73174E-04 -0.25422E-02  0.14281E-01 -0.28453E-02 
   91.00  0.20373E+00 -0.99314E+00  0.25980E-04 -0.15420E-03  0.99517E+00 -0.68436E-05  0.78445E-04 -0.37693E-01  0.13858E-01 -0.37965E-01 
   92.00  0.19908E+00 -0.99109E+00  0.20176E-04 -0.15838E-03  0.99507E+00 -0.51274E-06  0.82816E-04 -0.72768E-01  0.13401E-01 -0.73008E-01 
   93.00  0.19488E+00 -0.98783E+00  0.14195E-04 -0.16062E-03  0.99497E+00  0.58474E-05  0.86086E-04 -0.10768E+00  0.12915E-01 -0.10789E+00 
   94.00  0.19109E+00 -0.98336E+00  0.80093E-05 -0.16090E-03  0.99489E+00  0.12211E-04  0.88117E-04 -0.14235E+00  0.12405E-01 -0.14252E+00 
   95.00  0.18767E+00 -0.97771E+00  0.15943E-05 -0.15930E-03  0.99481E+00  0.18539E-04  0.88838E-04 -0.17670E+00  0.11875E-01 -0.17683E+00 
   96.00  0.18458E+00 -0.97092E+00 -0.50693E-05 -0.15601E-03  0.99474E+00  0.24784E-04  0.88246E-04 -0.21065E+00  0.11330E-01 -0.21074E+00 
   97.00  0.18179E+00 -0.96302E+00 -0.11994E-04 -0.15130E-03  0.99469E+00  0.30894E-04  0.86405E-04 -0.24412E+00  0.10773E-01 -0.24417E+00 
   98.00  0.17929E+00 -0.95404E+00 -0.19184E-04 -0.14548E-03  0.99464E+00  0.36823E-04  0.83429E-04 -0.27707E+00  0.10206E-01 -0.27706E+00 
   99.00  0.17706E+00 -0.94404E+00 -0.26638E-04 -0.13894E-03  0.99460E+00  0.42527E-04  0.79474E-04 -0.30941E+00  0.96307E-02 -0.30935E+00 
  100.00  0.17506E+00 -0.93305E+00 -0.34348E-04 -0.13204E-03  0.99458E+00  0.47974E-04  0.74722E-04 -0.34112E+00  0.90500E-02 -0.34100E+00 
  101.00  0.17330E+00 -0.92114E+00 -0.42300E-04 -0.12518E-03  0.99455E+00  0.53137E-04  0.69365E-04 -0.37212E+00  0.84652E-02 -0.37194E+00 
  102.00  0.17176E+00 -0.90834E+00 -0.50473E-04 -0.11871E-03  0.99454E+00  0.58000E-04  0.63590E-04 -0.40239E+00  0.78780E-02 -0.40214E+00 
  103.00  0.17044E+00 -0.89472E+00 -0.58841E-04 -0.11295E-03  0.99453E+00  0.62548E-04  0.57570E-04 -0.43188E+00  0.72903E-02 -0.43156E+00 
  104.00  0.16932E+00 -0.88033E+00 -0.67371E-04 -0.10819E-03  0.99452E+00  0.66773E-04  0.51455E-04 -0.46056E+00  0.67038E-02 -0.46017E+00 
  105.00  0.16840E+00 -0.86524E+00 -0.76024E-04 -0.10463E-03  0.99452E+00  0.70663E-04  0.45362E-04 -0.48840E+00  0.61210E-02 -0.48794E+00 
  106.00  0.16768E+00 -0.84949E+00 -0.84751E-04 -0.10245E-03  0.99453E+00  0.74205E-04  0.39383E-04 -0.51538E+00  0.55441E-02 -0.51484E+00 
  107.00  0.16715E+00 -0.83315E+00 -0.93496E-04 -0.10174E-03  0.99453E+00  0.77386E-04  0.33576E-04 -0.54147E+00  0.49759E-02 -0.54085E+00 
  108.00  0.16682E+00 -0.81629E+00 -0.10220E-03 -0.10252E-03  0.99454E+00  0.80186E-04  0.27978E-04 -0.56666E+00  0.44192E-02 -0.56596E+00 
  109.00  0.16667E+00 -0.79895E+00 -0.11078E-03 -0.10477E-03  0.99456E+00  0.82585E-04  0.22606E-04 -0.59094E+00  0.38769E-02 -0.59016E+00 
  110.00  0.16669E+00 -0.78120E+00 -0.11916E-03 -0.10839E-03  0.99458E+00  0.84565E-04  0.17462E-04 -0.61430E+00  0.33521E-02 -0.61344E+00 
  111.00  0.16690E+00 -0.76309E+00 -0.12726E-03 -0.11323E-03  0.99460E+00  0.86106E-04  0.12542E-04 -0.63673E+00  0.28476E-02 -0.63580E+00 
  112.00  0.16727E+00 -0.74469E+00 -0.13499E-03 -0.11911E-03  0.99462E+00  0.87193E-04  0.78396E-05 -0.65825E+00  0.23661E-02 -0.65724E+00 
  113.00  0.16780E+00 -0.72604E+00 -0.14224E-03 -0.12580E-03  0.99465E+00  0.87819E-04  0.33489E-05 -0.67885E+00  0.19102E-02 -0.67776E+00 
  114.00  0.16847E+00 -0.70721E+00 -0.14894E-03 -0.13307E-03  0.99468E+00  0.87978E-04 -0.93387E-06 -0.69854E+00  0.14817E-02 -0.69738E+00 
  115.00  0.16929E+00 -0.68823E+00 -0.15499E-03 -0.14066E-03  0.99472E+00  0.87676E-04 -0.50096E-05 -0.71733E+00  0.10822E-02 -0.71610E+00 
  116.00  0.17023E+00 -0.66915E+00 -0.16031E-03 -0.14832E-03  0.99476E+00  0.86922E-04 -0.88773E-05 -0.73525E+00  0.71293E-03 -0.73395E+00 
  117.00  0.17128E+00 -0.65002E+00 -0.16482E-03 -0.15581E-03  0.99480E+00  0.85734E-04 -0.12536E-04 -0.75230E+00  0.37434E-03 -0.75094E+00 
  118.00  0.17243E+00 -0.63088E+00 -0.16847E-03 -0.16289E-03  0.99484E+00  0.84132E-04 -0.15988E-04 -0.76851E+00  0.66518E-04 -0.76708E+00 
  119.00  0.17366E+00 -0.61177E+00 -0.17120E-03 -0.16936E-03  0.99489E+00  0.82145E-04 -0.19238E-04 -0.78391E+00 -0.21089E-03 -0.78241E+00 
  120.00  0.17495E+00 -0.59271E+00 -0.17297E-03 -0.17505E-03  0.99494E+00  0.79801E-04 -0.22295E-04 -0.79850E+00 -0.45861E-03 -0.79694E+00 
  121.00  0.17630E+00 -0.57376E+00 -0.17378E-03 -0.17981E-03  0.99499E+00  0.77134E-04 -0.25178E-04 -0.81231E+00 -0.67767E-03 -0.81069E+00 
  122.00  0.17769E+00 -0.55492E+00 -0.17361E-03 -0.18352E-03  0.99504E+00  0.74182E-04 -0.27906E-04 -0.82538E+00 -0.86930E-03 -0.82370E+00 
  123.00  0.17911E+00 -0.53624E+00 -0.17248E-03 -0.18611E-03  0.99509E+00  0.70981E-04 -0.30505E-04 -0.83773E+00 -0.10349E-02 -0.83599E+00 
  124.00  0.18054E+00 -0.51773E+00 -0.17042E-03 -0.18753E-03  0.99515E+00  0.67574E-04 -0.33003E-04 -0.84938E+00 -0.11758E-02 -0.84758E+00 
  125.00  0.18197E+00 -0.49942E+00 -0.16746E-03 -0.18774E-03  0.99520E+00  0.64003E-04 -0.35425E-04 -0.86035E+00 -0.12935E-02 -0.85850E+00 
  126.00  0.18340E+00 -0.48133E+00 -0.16368E-03 -0.18675E-03  0.99526E+00  0.60315E-04 -0.37795E-04 -0.87069E+00 -0.13894E-02 -0.86878E+00 
  127.00  0.18482E+00 -0.46347E+00 -0.15912E-03 -0.18460E-03  0.99531E+00  0.56557E-04 -0.40128E-04 -0.88040E+00 -0.14648E-02 -0.87845E+00 
  128.00  0.18622E+00 -0.44587E+00 -0.15387E-03 -0.18132E-03  0.99537E+00  0.52777E-04 -0.42432E-04 -0.88952E+00 -0.15211E-02 -0.88752E+00 
  129.00  0.18759E+00 -0.42853E+00 -0.14799E-03 -0.17699E-03  0.99542E+00  0.49025E-04 -0.44705E-04 -0.89808E+00 -0.15595E-02 -0.89602E+00 
  130.00  0.18894E+00 -0.41148E+00 -0.14156E-03 -0.17168E-03  0.99548E+00  0.45349E-04 -0.46933E-04 -0.90609E+00 -0.15812E-02 -0.90399E+00 
  131.00  0.19026E+00 -0.39472E+00 -0.13467E-03 -0.16547E-03  0.99553E+00  0.41794E-04 -0.49094E-04 -0.91359E+00 -0.15875E-02 -0.91143E+00 
  132.00  0.19155E+00 -0.37827E+00 -0.12740E-03 -0.15846E-03  0.99558E+00  0.38400E-04 -0.51155E-04 -0.92059E+00 -0.15796E-02 -0.91839E+00 
  133.00  0.19282E+00 -0.36213E+00 -0.11982E-03 -0.15073E-03  0.99563E+00  0.35203E-04 -0.53079E-04 -0.92713E+00 -0.15587E-02 -0.92487E+00 
  134.00  0.19406E+00 -0.34632E+00 -0.11201E-03 -0.14237E-03  0.99568E+00  0.32228E-04 -0.54823E-04 -0.93321E+00 -0.15261E-02 -0.93091E+00 
  135.00  0.19527E+00 -0.33085E+00 -0.10405E-03 -0.13347E-03  0.99572E+00  0.29494E-04 -0.56346E-04 -0.93887E+00 -0.14830E-02 -0.93653E+00 
  136.00  0.19646E+00 -0.31572E+00 -0.95989E-04 -0.12410E-03  0.99576E+00  0.27006E-04 -0.57610E-04 -0.94412E+00 -0.14305E-02 -0.94173E+00 
  137.00  0.19763E+00 -0.30093E+00 -0.87908E-04 -0.11433E-03  0.99581E+00  0.24761E-04 -0.58582E-04 -0.94899E+00 -0.13701E-02 -0.94656E+00 
  138.00  0.19878E+00 -0.28651E+00 -0.79867E-04 -0.10424E-03  0.99585E+00  0.22746E-04 -0.59240E-04 -0.95350E+00 -0.13028E-02 -0.95102E+00 
  139.00  0.19992E+00 -0.27244E+00 -0.71924E-04 -0.93879E-04  0.99589E+00  0.20938E-04 -0.59568E-04 -0.95767E+00 -0.12299E-02 -0.95515E+00 
  140.00  0.20103E+00 -0.25874E+00 -0.64133E-04 -0.83312E-04  0.99592E+00  0.19309E-04 -0.59563E-04 -0.96151E+00 -0.11527E-02 -0.95894E+00 
  141.00  0.20214E+00 -0.24541E+00 -0.56546E-04 -0.72588E-04  0.99595E+00  0.17827E-04 -0.59233E-04 -0.96504E+00 -0.10721E-02 -0.96244E+00 
  142.00  0.20323E+00 -0.23244E+00 -0.49204E-04 -0.61756E-04  0.99599E+00  0.16459E-04 -0.58589E-04 -0.96829E+00 -0.98944E-03 -0.96564E+00 
  143.00  0.20431E+00 -0.21984E+00 -0.42147E-04 -0.50859E-04  0.99601E+00  0.15173E-04 -0.57654E-04 -0.97127E+00 -0.90575E-03 -0.96857E+00 
  144.00  0.20537E+00 -0.20762E+00 -0.35406E-04 -0.39933E-04  0.99604E+00  0.13943E-04 -0.56452E-04 -0.97400E+00 -0.82212E-03 -0.97126E+00 
  145.00  0.20643E+00 -0.19576E+00 -0.29005E-04 -0.29012E-04  0.99606E+00  0.12748E-04 -0.55007E-04 -0.97648E+00 -0.73958E-03 -0.97370E+00 
  146.00  0.20747E+00 -0.18428E+00 -0.22963E-04 -0.18120E-04  0.99609E+00  0.11575E-04 -0.53346E-04 -0.97875E+00 -0.65914E-03 -0.97592E+00 
  147.00  0.20850E+00 -0.17317E+00 -0.17292E-04 -0.72725E-05  0.99610E+00  0.10419E-04 -0.51493E-04 -0.98081E+00 -0.58174E-03 -0.97793E+00 
  148.00  0.20952E+00 -0.16242E+00 -0.11999E-04  0.35195E-05  0.99612E+00  0.92839E-05 -0.49468E-04 -0.98267E+00 -0.50823E-03 -0.97975E+00 
  149.00  0.21052E+00 -0.15205E+00 -0.70896E-05  0.14254E-04  0.99613E+00  0.81782E-05 -0.47291E-04 -0.98435E+00 -0.43939E-03 -0.98138E+00 
  150.00  0.21150E+00 -0.14205E+00 -0.25651E-05  0.24935E-04  0.99615E+00  0.71154E-05 -0.44981E-04 -0.98587E+00 -0.37586E-03 -0.98285E+00 
  151.00  0.21247E+00 -0.13242E+00  0.15731E-05  0.35569E-04  0.99615E+00  0.61115E-05 -0.42557E-04 -0.98723E+00 -0.31815E-03 -0.98416E+00 
  152.00  0.21341E+00 -0.12315E+00  0.53237E-05  0.46165E-04  0.99616E+00  0.51822E-05 -0.40037E-04 -0.98844E+00 -0.26661E-03 -0.98533E+00 
  153.00  0.21434E+00 -0.11425E+00  0.86846E-05  0.56729E-04  0.99617E+00  0.43413E-05 -0.37446E-04 -0.98952E+00 -0.22141E-03 -0.98637E+00 
  154.00  0.21524E+00 -0.10571E+00  0.11653E-04  0.67266E-04  0.99617E+00  0.35991E-05 -0.34810E-04 -0.99048E+00 -0.18256E-03 -0.98728E+00 
  155.00  0.21611E+00 -0.97525E-01  0.14224E-04  0.77771E-04  0.99617E+00  0.29608E-05 -0.32159E-04 -0.99133E+00 -0.14989E-03 -0.98808E+00 
  156.00  0.21696E+00 -0.89695E-01  0.16395E-04  0.88232E-04  0.99617E+00  0.24267E-05 -0.29527E-04 -0.99207E+00 -0.12305E-03 -0.98878E+00 
  157.00  0.21778E+00 -0.82217E-01  0.18164E-04  0.98630E-04  0.99617E+00  0.19919E-05 -0.26951E-04 -0.99272E+00 -0.10158E-03 -0.98938E+00 
  158.00  0.21857E+00 -0.75084E-01  0.19529E-04  0.10894E-03  0.99616E+00  0.16474E-05 -0.24466E-04 -0.99329E+00 -0.84891E-04 -0.98990E+00 
  159.00  0.21933E+00 -0.68293E-01  0.20495E-04  0.11912E-03  0.99616E+00  0.13807E-05 -0.22105E-04 -0.99378E+00 -0.72315E-04 -0.99035E+00 
  160.00  0.22006E+00 -0.61840E-01  0.21068E-04  0.12913E-03  0.99615E+00  0.11774E-05 -0.19898E-04 -0.99420E+00 -0.63147E-04 -0.99073E+00 
  161.00  0.22076E+00 -0.55720E-01  0.21263E-04  0.13895E-03  0.99615E+00  0.10228E-05 -0.17864E-04 -0.99456E+00 -0.56668E-04 -0.99104E+00 
  162.00  0.22142E+00 -0.49930E-01  0.21099E-04  0.14852E-03  0.99614E+00  0.90259E-06 -0.16016E-04 -0.99486E+00 -0.52191E-04 -0.99130E+00 
  163.00  0.22205E+00 -0.44467E-01  0.20600E-04  0.15783E-03  0.99613E+00  0.80448E-06 -0.14354E-04 -0.99512E+00 -0.49080E-04 -0.99152E+00 
  164.00  0.22264E+00 -0.39328E-01  0.19798E-04  0.16684E-03  0.99613E+00  0.71853E-06 -0.12871E-04 -0.99533E+00 -0.46779E-04 -0.99169E+00 
  165.00  0.22320E+00 -0.34510E-01  0.18730E-04  0.17554E-03  0.99612E+00  0.63771E-06 -0.11549E-04 -0.99550E+00 -0.44827E-04 -0.99182E+00 
  166.00  0.22373E+00 -0.30013E-01  0.17435E-04  0.18391E-03  0.99611E+00  0.55789E-06 -0.10362E-04 -0.99564E+00 -0.42865E-04 -0.99193E+00 
  167.00  0.22421E+00 -0.25835E-01  0.15959E-04  0.19195E-03  0.99610E+00  0.47752E-06 -0.92821E-05 -0.99575E+00 -0.40638E-04 -0.99200E+00 
  168.00  0.22467E+00 -0.21975E-01  0.14346E-04  0.19964E-03  0.99609E+00  0.39719E-06 -0.82791E-05 -0.99583E+00 -0.37993E-04 -0.99205E+00 
  169.00  0.22508E+00 -0.18432E-01  0.12646E-04  0.20699E-03  0.99608E+00  0.31892E-06 -0.73260E-05 -0.99590E+00 -0.34866E-04 -0.99209E+00 
  170.00  0.22546E+00 -0.15205E-01  0.10906E-04  0.21397E-03  0.99607E+00  0.24548E-06 -0.64015E-05 -0.99594E+00 -0.31274E-04 -0.99210E+00 
  171.00  0.22580E+00 -0.12293E-01  0.91724E-05  0.22056E-03  0.99606E+00  0.17967E-06 -0.54924E-05 -0.99597E+00 -0.27296E-04 -0.99210E+00 
  172.00  0.22611E+00 -0.96951E-02  0.74895E-05  0.22671E-03  0.99604E+00  0.12378E-06 -0.45953E-05 -0.99599E+00 -0.23060E-04 -0.99210E+00 
  173.00  0.22638E+00 -0.74095E-02  0.58995E-05  0.23239E-03  0.99603E+00  0.79175E-07 -0.37170E-05 -0.99600E+00 -0.18728E-04 -0.99208E+00 
  174.00  0.22662E+00 -0.54346E-02  0.44404E-05  0.23752E-03  0.99602E+00  0.46101E-07 -0.28733E-05 -0.99601E+00 -0.14477E-04 -0.99207E+00 
  175.00  0.22682E+00 -0.37682E-02  0.31463E-05  0.24203E-03  0.99601E+00  0.23706E-07 -0.20879E-05 -0.99601E+00 -0.10494E-04 -0.99205E+00 
  176.00  0.22698E+00 -0.24084E-02  0.20466E-05  0.24586E-03  0.99601E+00  0.10233E-07 -0.13888E-05 -0.99600E+00 -0.69547E-05 -0.99203E+00 
  177.00  0.22711E+00 -0.13533E-02  0.11657E-05  0.24893E-03  0.99600E+00  0.33728E-08 -0.80570E-06 -0.99600E+00 -0.40192E-05 -0.99201E+00 
  178.00  0.22720E+00 -0.60096E-03  0.52270E-06  0.25118E-03  0.99600E+00  0.68595E-09 -0.36625E-06 -0.99600E+00 -0.18210E-05 -0.99199E+00 
  179.00  0.22725E+00 -0.15016E-03  0.13137E-06  0.25254E-03  0.99599E+00  0.43628E-10 -0.92825E-07 -0.99599E+00 -0.46053E-06 -0.99199E+00 
  180.00  0.22727E+00 -0.37210E-14  0.32615E-17  0.25300E-03  0.99599E+00  0.26954E-31 -0.23112E-17 -0.99599E+00 -0.11458E-16 -0.99198E+00 
 scattering matrix expansion coefficients
    w  a11         a22         a33         a23         a32         a44         a12         a34         a13         a24         a14
    0  0.1000E+01  0.0000E+00  0.0000E+00  0.0000E+00  0.0000E+00  0.7754E+00  0.0000E+00  0.0000E+00  0.0000E+00  0.0000E+00  0.7235E-05
    1  0.2065E+01  0.0000E+00  0.0000E+00  0.0000E+00  0.0000E+00  0.2268E+01  0.0000E+00  0.0000E+00  0.0000E+00  0.0000E+00  0.5646E-04
    2  0.2574E+01  0.2724E+00  0.3713E+01  0.2928E-06 -0.9746E-04  0.2562E+01 -0.4972E+00  0.4025E-02  0.7982E-05  0.2155E-05  0.9103E-04
    3  0.2444E+01  0.7158E-01  0.3112E+01  0.5114E-07 -0.6124E-04  0.2480E+01 -0.3900E+00  0.8721E-03  0.4878E-04 -0.4772E-05  0.3969E-04
    4  0.2217E+01  0.5267E-01  0.2604E+01 -0.8376E-06 -0.1570E-04  0.2231E+01 -0.3039E+00 -0.7591E-02 -0.5788E-05 -0.2722E-04  0.6409E-04
    5  0.2005E+01  0.3921E-01  0.2224E+01 -0.4702E-06 -0.2473E-04  0.1987E+01 -0.1915E+00 -0.1253E-01 -0.1464E-04  0.6128E-05  0.3710E-04
    6  0.1797E+01  0.1290E-01  0.1949E+01 -0.3305E-06  0.2895E-04  0.1793E+01 -0.1306E+00 -0.1352E-01  0.1363E-04  0.1297E-04  0.6550E-04
    7  0.1608E+01  0.3859E-02  0.1720E+01 -0.1302E-06  0.7438E-04  0.1614E+01 -0.1098E+00 -0.1306E-01  0.9991E-06  0.9938E-05  0.6408E-04
    8  0.1453E+01  0.6619E-02  0.1530E+01 -0.1285E-06  0.7844E-04  0.1452E+01 -0.8629E-01 -0.1189E-01  0.7862E-05  0.4720E-05  0.3533E-04
    9  0.1324E+01  0.5070E-02  0.1379E+01  0.9891E-07  0.5304E-04  0.1321E+01 -0.6177E-01 -0.1112E-01 -0.2784E-05  0.1544E-06  0.1904E-04
   10  0.1211E+01  0.2958E-02  0.1254E+01  0.2141E-06  0.1971E-04  0.1209E+01 -0.4723E-01 -0.1052E-01 -0.1022E-04 -0.3278E-05  0.1799E-05
   11  0.1106E+01  0.1304E-02  0.1141E+01  0.1605E-07  0.1630E-05  0.1105E+01 -0.4215E-01 -0.9676E-02 -0.5830E-05 -0.5460E-05 -0.2596E-04
   12  0.1006E+01 -0.5338E-03  0.1036E+01 -0.6100E-07 -0.9695E-06  0.1010E+01 -0.3947E-01 -0.8591E-02 -0.5309E-06  0.3118E-05 -0.2951E-04
   13  0.9203E+00  0.1114E-02  0.9434E+00 -0.1997E-06 -0.5696E-05  0.9212E+00 -0.3127E-01 -0.7372E-02 -0.3022E-05  0.9756E-05 -0.2357E-04
   14  0.8408E+00  0.2493E-02  0.8586E+00 -0.1559E-06 -0.1591E-04  0.8378E+00 -0.2125E-01 -0.6199E-02 -0.5747E-05  0.5315E-05 -0.3086E-04
   15  0.7572E+00  0.8896E-03  0.7740E+00 -0.4840E-07 -0.2346E-04  0.7560E+00 -0.1787E-01 -0.5093E-02 -0.6513E-05 -0.1079E-05 -0.4236E-04
   16  0.6703E+00 -0.4437E-03  0.6865E+00  0.4102E-07 -0.2413E-04  0.6717E+00 -0.1928E-01 -0.4109E-02 -0.4211E-05 -0.2171E-05 -0.4380E-04
   17  0.5866E+00 -0.9739E-04  0.6005E+00  0.7697E-07 -0.1869E-04  0.5878E+00 -0.1886E-01 -0.3239E-02 -0.1819E-05  0.1427E-05 -0.3609E-04
   18  0.5094E+00  0.5665E-03  0.5205E+00  0.8510E-07 -0.1334E-04  0.5092E+00 -0.1553E-01 -0.2536E-02 -0.1725E-05  0.3791E-05 -0.2484E-04
   19  0.4379E+00  0.5992E-03  0.4471E+00  0.5366E-07 -0.9093E-05  0.4373E+00 -0.1219E-01 -0.2043E-02 -0.2284E-05  0.4618E-05 -0.1311E-04
   20  0.3707E+00  0.2020E-03  0.3788E+00  0.1739E-07 -0.2165E-05  0.3707E+00 -0.1033E-01 -0.1675E-02 -0.1602E-05  0.5251E-05 -0.1469E-05
   21  0.3079E+00  0.2684E-05  0.3151E+00  0.1352E-08  0.7274E-05  0.3082E+00 -0.9073E-02 -0.1281E-02  0.1326E-06  0.5540E-05  0.7057E-05
   22  0.2497E+00  0.1637E-03  0.2557E+00 -0.2585E-09  0.1619E-04  0.2497E+00 -0.7494E-02 -0.8022E-03  0.1223E-05  0.3653E-05  0.1060E-04
   23  0.1956E+00  0.3056E-03  0.2006E+00  0.2891E-08  0.2015E-04  0.1952E+00 -0.6168E-02 -0.3273E-03  0.1222E-05  0.1459E-05  0.9382E-05
   24  0.1456E+00  0.1799E-03  0.1499E+00  0.3102E-08  0.1872E-04  0.1453E+00 -0.5907E-02  0.2217E-04  0.4812E-06 -0.1663E-06  0.6788E-05
   25  0.1011E+00 -0.3541E-04  0.1047E+00  0.2330E-08  0.1417E-04  0.1013E+00 -0.6420E-02  0.1892E-03 -0.2382E-06 -0.7518E-06  0.4422E-05
   26  0.6468E-01 -0.1103E-03  0.6746E-01  0.2138E-08  0.9009E-05  0.6500E-01 -0.6619E-02  0.2092E-03 -0.5179E-06 -0.6675E-06  0.2865E-05
   27  0.3778E-01 -0.3973E-04  0.3963E-01  0.1231E-08  0.4907E-05  0.3801E-01 -0.5858E-02  0.1581E-03 -0.4848E-06 -0.3914E-06  0.1703E-05
   28  0.2009E-01  0.5800E-04  0.2112E-01  0.6501E-10  0.2318E-05  0.2012E-01 -0.4368E-02  0.9527E-04 -0.3109E-06 -0.1753E-06  0.8926E-06
   29  0.9712E-02  0.1032E-03  0.1020E-01 -0.3817E-09  0.9731E-06  0.9625E-02 -0.2768E-02  0.4818E-04 -0.1588E-06 -0.7713E-07  0.4307E-06
   30  0.4275E-02  0.9422E-04  0.4465E-02 -0.2598E-09  0.3720E-06  0.4161E-02 -0.1513E-02  0.2106E-04 -0.7292E-07 -0.3530E-07  0.1962E-06
   31  0.1717E-02  0.6262E-04  0.1777E-02 -0.6422E-10  0.1257E-06  0.1631E-02 -0.7224E-03  0.8110E-05 -0.2790E-07 -0.1145E-07  0.7406E-07
   32  0.6305E-03  0.3347E-04  0.6448E-03  0.2936E-10  0.3718E-07  0.5813E-03 -0.3050E-03  0.2782E-05 -0.9191E-08  0.2531E-09  0.2009E-07
   33  0.2126E-03  0.1509E-04  0.2143E-03  0.4828E-10  0.9502E-08  0.1894E-03 -0.1151E-03  0.8675E-06 -0.2358E-08  0.2575E-08  0.4005E-08
   34  0.6608E-04  0.5910E-05  0.6555E-04  0.3947E-10  0.2542E-08  0.5673E-04 -0.3920E-04  0.2466E-06 -0.7496E-09  0.1576E-08  0.1602E-08
   35  0.1903E-04  0.2053E-05  0.1856E-04  0.2439E-10  0.8455E-09  0.1571E-04 -0.1216E-04  0.6442E-07 -0.2608E-09  0.5148E-09  0.1261E-08
   36  0.5110E-05  0.6423E-06  0.4897E-05  0.1195E-10  0.3842E-09  0.4052E-05 -0.3469E-05  0.1521E-07 -0.1494E-09  0.5751E-10  0.8673E-09
   37  0.1289E-05  0.1834E-06  0.1214E-05  0.4949E-11  0.1591E-09  0.9828E-06 -0.9189E-06  0.3280E-08 -0.6467E-10 -0.5423E-10  0.4509E-09
   38  0.3100E-06  0.4836E-07  0.2875E-06  0.1740E-11  0.5867E-10  0.2283E-06 -0.2290E-06  0.6556E-09 -0.2530E-10 -0.4776E-10  0.1971E-09
   39  0.7187E-07  0.1191E-07  0.6575E-07  0.5309E-12  0.1929E-10  0.5167E-07 -0.5480E-07  0.1623E-09 -0.8932E-11 -0.2455E-10  0.7390E-10
   40  0.1881E-07  0.2911E-08  0.1736E-07  0.1664E-12  0.5561E-11  0.1385E-07 -0.1393E-07  0.3228E-10 -0.2635E-11 -0.9032E-11  0.2289E-10
   41  0.3691E-08  0.6176E-09  0.3325E-08  0.5685E-13  0.1492E-11  0.2666E-08 -0.2931E-08  0.1676E-10 -0.7959E-12 -0.3224E-11  0.7038E-11
   42  0.1946E-08  0.2790E-09  0.1810E-08  0.1494E-13  0.3938E-12  0.1467E-08 -0.1414E-08  0.1422E-11 -0.2183E-12 -0.8172E-12  0.1672E-11
   43  0.1638E-09  0.2676E-10  0.1452E-09  0.2593E-14  0.7905E-13  0.1231E-09 -0.1342E-09  0.1285E-11 -0.4437E-13 -0.2295E-12  0.4117E-12
   44  0.2162E-09  0.3834E-10  0.1948E-09  0.7888E-15  0.1913E-13  0.1496E-09 -0.1677E-09 -0.4396E-13 -0.1205E-13 -0.4252E-13  0.7759E-13
   45  0.4501E-11  0.7671E-12  0.3869E-11  0.1925E-15  0.2395E-14  0.3468E-11 -0.3781E-11  0.4398E-13 -0.1602E-14 -0.7780E-14  0.1237E-13
   46  0.1483E-10  0.3113E-11  0.1272E-10  0.3283E-16  0.4230E-15  0.9244E-11 -0.1216E-10 -0.6943E-14 -0.3278E-15 -0.1062E-14  0.1845E-14
   47  0.4769E-13  0.7394E-14  0.3579E-13  0.4360E-17  0.2605E-16  0.4786E-13 -0.3745E-13  0.5896E-15 -0.2121E-16 -0.1020E-15  0.1365E-15
   48  0.7199E-12  0.1823E-12  0.6117E-12 -0.6983E-18  0.2090E-17  0.4067E-12 -0.6300E-12 -0.2675E-15 -0.1384E-17 -0.1630E-16  0.2588E-16
