 input file is 
mstm12_256_6398_20_000438.inp 
 input file comments follow:
***********************************************************
  This is the default mstm input file for v.3.0.
  The run is for a 7-sphere cluster of identical spheres.   The positions
  are embedded in the input file.

  The run makes use of the new_run and multiple_run options.

  14 April 2013
***********************************************************
 number of processors:
   1
 input parameters for run number 
    1
 number of spheres, volume size parameter:
  256  0.40625E+01
 position file:
position/n256/a12.out                                       
 output file:
output/256/x6398/20/000438/mt_12_256_6398_20_000438.dat     
 length, ref. indx. scale factors:
   0.640   2.000   0.004
 chiral factors:
  0.00000E+00  0.00000E+00
 scattering matrix directions based on incident frame
 automatic scattering angle calculation
 thetamin, thetamax:
      0.0    180.0
 number scattering angles:
      181
 epsmie, epssoln, max number iterations:
  0.1000E-05  0.1000E-07 5000
 medium refractive index:
  1.0000  0.0000
 target euler rotation angles:
    0.0000    0.0000    0.0000
 far field kr, iterations/correction:
  0.1000E-07   20
 plane wave incidence
 random orientation calculations
 t matrix calculated, stored in file 
tmatrixfiles/tmf_12_256_6398_20_000438                      
 t matrix convergence epsilon:
  0.1000E-06
 all spheres excited (total T matrix) 
 calculation results for run 
    1
 total ext, abs, scat efficiencies, w.r.t. xv, and asym. parm
  0.54611E+01  0.49921E-01  0.54112E+01  0.71034E+00
 scattering matrix elements (normalized w/ S11)
   theta      11           12           13           14           22           23           24           33           34           44     
    0.00  0.73621E+02  0.00000E+00  0.00000E+00 -0.28401E-03  0.99936E+00 -0.76450E-04  0.00000E+00  0.99936E+00  0.00000E+00  0.99877E+00
    1.00  0.72740E+02 -0.14962E-03 -0.36482E-07 -0.28086E-03  0.99935E+00 -0.76842E-04  0.56796E-07  0.99935E+00 -0.55579E-05  0.99875E+00
    2.00  0.70163E+02 -0.60121E-03 -0.15284E-06 -0.27145E-03  0.99933E+00 -0.77725E-04  0.21532E-06  0.99933E+00 -0.23727E-04  0.99871E+00
    3.00  0.66082E+02 -0.13630E-02 -0.37051E-06 -0.25598E-03  0.99929E+00 -0.78192E-04  0.44007E-06  0.99928E+00 -0.58919E-04  0.99863E+00
    4.00  0.60787E+02 -0.24490E-02 -0.72739E-06 -0.23481E-03  0.99922E+00 -0.76627E-04  0.67257E-06  0.99922E+00 -0.11821E-03  0.99852E+00
    5.00  0.54638E+02 -0.38791E-02 -0.12811E-05 -0.20856E-03  0.99914E+00 -0.70554E-04  0.83398E-06  0.99913E+00 -0.21073E-03  0.99836E+00
    6.00  0.48024E+02 -0.56789E-02 -0.21126E-05 -0.17825E-03  0.99903E+00 -0.56441E-04  0.83210E-06  0.99901E+00 -0.34651E-03  0.99814E+00
    7.00  0.41320E+02 -0.78790E-02 -0.33302E-05 -0.14552E-03  0.99888E+00 -0.29474E-04  0.57742E-06  0.99885E+00 -0.53431E-03  0.99786E+00
    8.00  0.34856E+02 -0.10512E-01 -0.50696E-05 -0.11285E-03  0.99868E+00  0.16597E-04  0.14765E-07  0.99863E+00 -0.77801E-03  0.99748E+00
    9.00  0.28891E+02 -0.13607E-01 -0.74872E-05 -0.83833E-04  0.99843E+00  0.89426E-04 -0.82076E-06  0.99835E+00 -0.10712E-02  0.99698E+00
   10.00  0.23597E+02 -0.17180E-01 -0.10738E-04 -0.63501E-04  0.99810E+00  0.19756E-03 -0.17161E-05  0.99797E+00 -0.13899E-02  0.99633E+00
   11.00  0.19063E+02 -0.21218E-01 -0.14929E-04 -0.58354E-04  0.99768E+00  0.34918E-03 -0.21631E-05  0.99748E+00 -0.16857E-02  0.99549E+00
   12.00  0.15303E+02 -0.25661E-01 -0.20035E-04 -0.76061E-04  0.99714E+00  0.54971E-03 -0.12386E-05  0.99684E+00 -0.18823E-02  0.99442E+00
   13.00  0.12270E+02 -0.30387E-01 -0.25795E-04 -0.12447E-03  0.99648E+00  0.79850E-03  0.24487E-05  0.99605E+00 -0.18836E-02  0.99309E+00
   14.00  0.98786E+01 -0.35214E-01 -0.31591E-04 -0.20993E-03  0.99567E+00  0.10854E-02  0.10637E-04  0.99508E+00 -0.16000E-02  0.99149E+00
   15.00  0.80250E+01 -0.39926E-01 -0.36398E-04 -0.33517E-03  0.99472E+00  0.13894E-02  0.25022E-04  0.99393E+00 -0.99293E-03  0.98960E+00
   16.00  0.66030E+01 -0.44327E-01 -0.38837E-04 -0.49770E-03  0.99363E+00  0.16799E-02  0.46602E-04  0.99262E+00 -0.12477E-03  0.98746E+00
   17.00  0.55165E+01 -0.48310E-01 -0.37373E-04 -0.68931E-03  0.99241E+00  0.19236E-02  0.74964E-04  0.99116E+00  0.81235E-03  0.98510E+00
   18.00  0.46854E+01 -0.51898E-01 -0.30601E-04 -0.89670E-03  0.99111E+00  0.20908E-02  0.10778E-03  0.98959E+00  0.15133E-02  0.98258E+00
   19.00  0.40475E+01 -0.55248E-01 -0.17563E-04 -0.11027E-02  0.98973E+00  0.21619E-02  0.14075E-03  0.98795E+00  0.16264E-02  0.97997E+00
   20.00  0.35569E+01 -0.58618E-01  0.19736E-05 -0.12871E-02  0.98834E+00  0.21300E-02  0.16815E-03  0.98628E+00  0.85268E-03  0.97734E+00
   21.00  0.31794E+01 -0.62296E-01  0.27316E-04 -0.14287E-02  0.98696E+00  0.20008E-02  0.18389E-03  0.98463E+00 -0.95532E-03  0.97476E+00
   22.00  0.28894E+01 -0.66543E-01  0.56816E-04 -0.15075E-02  0.98566E+00  0.17895E-02  0.18303E-03  0.98302E+00 -0.37344E-02  0.97229E+00
   23.00  0.26659E+01 -0.71545E-01  0.88094E-04 -0.15091E-02  0.98446E+00  0.15178E-02  0.16312E-03  0.98145E+00 -0.72238E-02  0.96997E+00
   24.00  0.24909E+01 -0.77394E-01  0.11851E-03 -0.14288E-02  0.98336E+00  0.12083E-02  0.12495E-03  0.97992E+00 -0.11055E-01  0.96776E+00
   25.00  0.23492E+01 -0.84118E-01  0.14564E-03 -0.12733E-02  0.98236E+00  0.88156E-03  0.72254E-04  0.97835E+00 -0.14877E-01  0.96561E+00
   26.00  0.22281E+01 -0.91725E-01  0.16767E-03 -0.10605E-02  0.98142E+00  0.55332E-03  0.10688E-04  0.97667E+00 -0.18460E-01  0.96339E+00
   27.00  0.21186E+01 -0.10024E+00  0.18338E-03 -0.81636E-03  0.98048E+00  0.23612E-03 -0.53322E-04  0.97479E+00 -0.21732E-01  0.96099E+00
   28.00  0.20157E+01 -0.10974E+00  0.19206E-03 -0.57294E-03  0.97952E+00 -0.58148E-04 -0.11334E-03  0.97264E+00 -0.24754E-01  0.95831E+00
   29.00  0.19184E+01 -0.12032E+00  0.19337E-03 -0.36533E-03  0.97852E+00 -0.31487E-03 -0.16329E-03  0.97016E+00 -0.27653E-01  0.95529E+00
   30.00  0.18285E+01 -0.13205E+00  0.18739E-03 -0.22820E-03  0.97750E+00 -0.51478E-03 -0.19782E-03  0.96735E+00 -0.30544E-01  0.95193E+00
   31.00  0.17494E+01 -0.14494E+00  0.17471E-03 -0.18999E-03  0.97651E+00 -0.63486E-03 -0.21287E-03  0.96424E+00 -0.33452E-01  0.94830E+00
   32.00  0.16843E+01 -0.15880E+00  0.15662E-03 -0.26491E-03  0.97559E+00 -0.65271E-03 -0.20668E-03  0.96092E+00 -0.36271E-01  0.94452E+00
   33.00  0.16349E+01 -0.17333E+00  0.13508E-03 -0.44584E-03  0.97480E+00 -0.55344E-03 -0.18069E-03  0.95751E+00 -0.38771E-01  0.94075E+00
   34.00  0.16006E+01 -0.18808E+00  0.11237E-03 -0.70271E-03  0.97414E+00 -0.33561E-03 -0.13969E-03  0.95410E+00 -0.40661E-01  0.93709E+00
   35.00  0.15778E+01 -0.20259E+00  0.90472E-04 -0.98909E-03  0.97359E+00 -0.12539E-04 -0.90849E-04  0.95075E+00 -0.41689E-01  0.93357E+00
   36.00  0.15611E+01 -0.21653E+00  0.70465E-04 -0.12544E-02  0.97307E+00  0.39214E-03 -0.41811E-04  0.94745E+00 -0.41722E-01  0.93014E+00
   37.00  0.15440E+01 -0.22974E+00  0.52259E-04 -0.14558E-02  0.97248E+00  0.85184E-03  0.10629E-05  0.94412E+00 -0.40771E-01  0.92667E+00
   38.00  0.15201E+01 -0.24222E+00  0.34622E-04 -0.15646E-02  0.97173E+00  0.13432E-02  0.33728E-04  0.94064E+00 -0.38974E-01  0.92297E+00
   39.00  0.14848E+01 -0.25407E+00  0.15449E-04 -0.15675E-02  0.97072E+00  0.18487E-02  0.54675E-04  0.93689E+00 -0.36546E-01  0.91888E+00
   40.00  0.14355E+01 -0.26548E+00 -0.79133E-05 -0.14646E-02  0.96940E+00  0.23561E-02  0.64687E-04  0.93273E+00 -0.33739E-01  0.91423E+00
   41.00  0.13724E+01 -0.27664E+00 -0.38325E-04 -0.12668E-02  0.96772E+00  0.28551E-02  0.66553E-04  0.92806E+00 -0.30816E-01  0.90889E+00
   42.00  0.12982E+01 -0.28778E+00 -0.78449E-04 -0.99515E-03  0.96567E+00  0.33335E-02  0.64899E-04  0.92277E+00 -0.28038E-01  0.90278E+00
   43.00  0.12171E+01 -0.29907E+00 -0.13017E-03 -0.68037E-03  0.96326E+00  0.37736E-02  0.66090E-04  0.91681E+00 -0.25648E-01  0.89585E+00
   44.00  0.11342E+01 -0.31069E+00 -0.19378E-03 -0.36292E-03  0.96057E+00  0.41499E-02  0.77942E-04  0.91015E+00 -0.23849E-01  0.88815E+00
   45.00  0.10545E+01 -0.32278E+00 -0.26708E-03 -0.90492E-04  0.95771E+00  0.44284E-02  0.10890E-03  0.90283E+00 -0.22770E-01  0.87977E+00
   46.00  0.98165E+00 -0.33544E+00 -0.34461E-03  0.88292E-04  0.95482E+00  0.45710E-02  0.16651E-03  0.89494E+00 -0.22418E-01  0.87090E+00
   47.00  0.91816E+00 -0.34866E+00 -0.41763E-03  0.13403E-03  0.95207E+00  0.45433E-02  0.25533E-03  0.88660E+00 -0.22654E-01  0.86175E+00
   48.00  0.86466E+00 -0.36236E+00 -0.47525E-03  0.27402E-04  0.94959E+00  0.43233E-02  0.37518E-03  0.87799E+00 -0.23202E-01  0.85255E+00
   49.00  0.82038E+00 -0.37640E+00 -0.50632E-03 -0.22474E-03  0.94744E+00  0.39087E-02  0.52059E-03  0.86921E+00 -0.23716E-01  0.84343E+00
   50.00  0.78351E+00 -0.39057E+00 -0.50157E-03 -0.59184E-03  0.94559E+00  0.33171E-02  0.68207E-03  0.86031E+00 -0.23870E-01  0.83441E+00
   51.00  0.75176E+00 -0.40469E+00 -0.45486E-03 -0.10297E-02  0.94396E+00  0.25805E-02  0.84848E-03  0.85129E+00 -0.23449E-01  0.82541E+00
   52.00  0.72290E+00 -0.41862E+00 -0.36338E-03 -0.14932E-02  0.94240E+00  0.17375E-02  0.10096E-02  0.84205E+00 -0.22395E-01  0.81627E+00
   53.00  0.69516E+00 -0.43228E+00 -0.22702E-03 -0.19460E-02  0.94077E+00  0.82713E-03  0.11579E-02  0.83249E+00 -0.20807E-01  0.80678E+00
   54.00  0.66747E+00 -0.44566E+00 -0.47769E-04 -0.23654E-02  0.93896E+00 -0.11307E-03  0.12890E-02  0.82248E+00 -0.18907E-01  0.79679E+00
   55.00  0.63952E+00 -0.45880E+00  0.17045E-03 -0.27425E-02  0.93692E+00 -0.10462E-02  0.14015E-02  0.81195E+00 -0.17001E-01  0.78615E+00
   56.00  0.61161E+00 -0.47181E+00  0.42146E-03 -0.30791E-02  0.93462E+00 -0.19332E-02  0.14971E-02  0.80082E+00 -0.15425E-01  0.77478E+00
   57.00  0.58441E+00 -0.48482E+00  0.69615E-03 -0.33839E-02  0.93211E+00 -0.27320E-02  0.15791E-02  0.78909E+00 -0.14498E-01  0.76269E+00
   58.00  0.55875E+00 -0.49797E+00  0.98220E-03 -0.36672E-02  0.92946E+00 -0.33984E-02  0.16525E-02  0.77675E+00 -0.14468E-01  0.74989E+00
   59.00  0.53534E+00 -0.51142E+00  0.12644E-02 -0.39363E-02  0.92679E+00 -0.38914E-02  0.17226E-02  0.76384E+00 -0.15466E-01  0.73646E+00
   60.00  0.51458E+00 -0.52527E+00  0.15261E-02 -0.41918E-02  0.92418E+00 -0.41804E-02  0.17940E-02  0.75040E+00 -0.17470E-01  0.72247E+00
   61.00  0.49655E+00 -0.53956E+00  0.17514E-02 -0.44260E-02  0.92171E+00 -0.42523E-02  0.18695E-02  0.73645E+00 -0.20308E-01  0.70800E+00
   62.00  0.48096E+00 -0.55426E+00  0.19279E-02 -0.46238E-02  0.91941E+00 -0.41156E-02  0.19493E-02  0.72198E+00 -0.23694E-01  0.69308E+00
   63.00  0.46728E+00 -0.56924E+00  0.20477E-02 -0.47661E-02  0.91727E+00 -0.37991E-02  0.20311E-02  0.70699E+00 -0.27289E-01  0.67771E+00
   64.00  0.45484E+00 -0.58434E+00  0.21085E-02 -0.48342E-02  0.91522E+00 -0.33467E-02  0.21104E-02  0.69141E+00 -0.30766E-01  0.66185E+00
   65.00  0.44298E+00 -0.59937E+00  0.21122E-02 -0.48140E-02  0.91318E+00 -0.28095E-02  0.21813E-02  0.67521E+00 -0.33860E-01  0.64547E+00
   66.00  0.43115E+00 -0.61415E+00  0.20638E-02 -0.46993E-02  0.91108E+00 -0.22382E-02  0.22377E-02  0.65834E+00 -0.36393E-01  0.62851E+00
   67.00  0.41898E+00 -0.62853E+00  0.19697E-02 -0.44935E-02  0.90885E+00 -0.16778E-02  0.22740E-02  0.64077E+00 -0.38274E-01  0.61096E+00
   68.00  0.40634E+00 -0.64241E+00  0.18364E-02 -0.42099E-02  0.90643E+00 -0.11641E-02  0.22862E-02  0.62247E+00 -0.39486E-01  0.59280E+00
   69.00  0.39328E+00 -0.65573E+00  0.16694E-02 -0.38707E-02  0.90382E+00 -0.72154E-03  0.22717E-02  0.60345E+00 -0.40065E-01  0.57403E+00
   70.00  0.38003E+00 -0.66850E+00  0.14729E-02 -0.35054E-02  0.90103E+00 -0.36278E-03  0.22304E-02  0.58371E+00 -0.40085E-01  0.55467E+00
   71.00  0.36690E+00 -0.68074E+00  0.12494E-02 -0.31475E-02  0.89809E+00 -0.88144E-04  0.21639E-02  0.56329E+00 -0.39643E-01  0.53475E+00
   72.00  0.35422E+00 -0.69255E+00  0.99984E-03 -0.28301E-02  0.89507E+00  0.11351E-03  0.20753E-02  0.54217E+00 -0.38850E-01  0.51428E+00
   73.00  0.34231E+00 -0.70401E+00  0.72380E-03 -0.25816E-02  0.89201E+00  0.26312E-03  0.19691E-02  0.52038E+00 -0.37821E-01  0.49326E+00
   74.00  0.33140E+00 -0.71522E+00  0.42004E-03 -0.24205E-02  0.88899E+00  0.38822E-03  0.18500E-02  0.49791E+00 -0.36675E-01  0.47169E+00
   75.00  0.32164E+00 -0.72626E+00  0.87350E-04 -0.23524E-02  0.88607E+00  0.51850E-03  0.17220E-02  0.47473E+00 -0.35518E-01  0.44952E+00
   76.00  0.31307E+00 -0.73716E+00 -0.27435E-03 -0.23687E-02  0.88327E+00  0.68071E-03  0.15880E-02  0.45082E+00 -0.34448E-01  0.42673E+00
   77.00  0.30566E+00 -0.74791E+00 -0.66291E-03 -0.24487E-02  0.88063E+00  0.89380E-03  0.14496E-02  0.42618E+00 -0.33537E-01  0.40326E+00
   78.00  0.29929E+00 -0.75845E+00 -0.10730E-02 -0.25632E-02  0.87815E+00  0.11656E-02  0.13071E-02  0.40079E+00 -0.32831E-01  0.37909E+00
   79.00  0.29381E+00 -0.76869E+00 -0.14954E-02 -0.26800E-02  0.87582E+00  0.14916E-02  0.11600E-02  0.37467E+00 -0.32348E-01  0.35423E+00
   80.00  0.28905E+00 -0.77851E+00 -0.19173E-02 -0.27696E-02  0.87362E+00  0.18556E-02  0.10079E-02  0.34785E+00 -0.32075E-01  0.32869E+00
   81.00  0.28484E+00 -0.78778E+00 -0.23221E-02 -0.28089E-02  0.87153E+00  0.22331E-02  0.85145E-03  0.32041E+00 -0.31973E-01  0.30253E+00
   82.00  0.28100E+00 -0.79636E+00 -0.26915E-02 -0.27840E-02  0.86953E+00  0.25946E-02  0.69216E-03  0.29240E+00 -0.31981E-01  0.27583E+00
   83.00  0.27738E+00 -0.80413E+00 -0.30063E-02 -0.26906E-02  0.86761E+00  0.29101E-02  0.53301E-03  0.26393E+00 -0.32028E-01  0.24866E+00
   84.00  0.27387E+00 -0.81099E+00 -0.32483E-02 -0.25332E-02  0.86573E+00  0.31533E-02  0.37797E-03  0.23508E+00 -0.32040E-01  0.22112E+00
   85.00  0.27035E+00 -0.81685E+00 -0.34024E-02 -0.23228E-02  0.86388E+00  0.33043E-02  0.23137E-03  0.20595E+00 -0.31947E-01  0.19331E+00
   86.00  0.26674E+00 -0.82162E+00 -0.34580E-02 -0.20746E-02  0.86204E+00  0.33514E-02  0.97276E-04  0.17662E+00 -0.31696E-01  0.16532E+00
   87.00  0.26299E+00 -0.82526E+00 -0.34102E-02 -0.18053E-02  0.86018E+00  0.32924E-02 -0.21309E-04  0.14717E+00 -0.31252E-01  0.13722E+00
   88.00  0.25905E+00 -0.82772E+00 -0.32604E-02 -0.15308E-02  0.85828E+00  0.31337E-02 -0.12297E-03  0.11767E+00 -0.30603E-01  0.10910E+00
   89.00  0.25490E+00 -0.82897E+00 -0.30167E-02 -0.12649E-02  0.85631E+00  0.28892E-02 -0.20823E-03  0.88184E-01 -0.29761E-01  0.81023E-01
   90.00  0.25054E+00 -0.82900E+00 -0.26934E-02 -0.10182E-02  0.85425E+00  0.25785E-02 -0.27953E-03  0.58775E-01 -0.28759E-01  0.53063E-01
   91.00  0.24601E+00 -0.82782E+00 -0.23095E-02 -0.79820E-03  0.85208E+00  0.22246E-02 -0.34100E-03  0.29499E-01 -0.27647E-01  0.25282E-01
   92.00  0.24133E+00 -0.82544E+00 -0.18878E-02 -0.60908E-03  0.84978E+00  0.18515E-02 -0.39794E-03  0.40770E-03 -0.26487E-01 -0.22576E-02
   93.00  0.23656E+00 -0.82192E+00 -0.14533E-02 -0.45265E-03  0.84735E+00  0.14822E-02 -0.45608E-03 -0.28447E-01 -0.25347E-01 -0.29495E-01
   94.00  0.23178E+00 -0.81731E+00 -0.10308E-02 -0.32883E-03  0.84481E+00  0.11372E-02 -0.52092E-03 -0.57017E-01 -0.24292E-01 -0.56374E-01
   95.00  0.22705E+00 -0.81168E+00 -0.64325E-03 -0.23638E-03  0.84217E+00  0.83243E-03 -0.59691E-03 -0.85259E-01 -0.23382E-01 -0.82845E-01
   96.00  0.22245E+00 -0.80514E+00 -0.31011E-03 -0.17337E-03  0.83947E+00  0.57877E-03 -0.68688E-03 -0.11314E+00 -0.22664E-01 -0.10886E+00
   97.00  0.21807E+00 -0.79777E+00 -0.45478E-04 -0.13751E-03  0.83675E+00  0.38146E-03 -0.79162E-03 -0.14062E+00 -0.22174E-01 -0.13440E+00
   98.00  0.21396E+00 -0.78968E+00  0.14296E-03 -0.12622E-03  0.83406E+00  0.24013E-03 -0.90966E-03 -0.16767E+00 -0.21928E-01 -0.15942E+00
   99.00  0.21019E+00 -0.78096E+00  0.25455E-03 -0.13664E-03  0.83146E+00  0.14931E-03 -0.10374E-02 -0.19429E+00 -0.21927E-01 -0.18392E+00
  100.00  0.20680E+00 -0.77170E+00  0.29562E-03 -0.16544E-03  0.82902E+00  0.99298E-04 -0.11695E-02 -0.22044E+00 -0.22157E-01 -0.20789E+00
  101.00  0.20382E+00 -0.76197E+00  0.27879E-03 -0.20869E-03  0.82679E+00  0.77479E-04 -0.12991E-02 -0.24612E+00 -0.22590E-01 -0.23133E+00
  102.00  0.20125E+00 -0.75182E+00  0.22162E-03 -0.26181E-03  0.82481E+00  0.69698E-04 -0.14189E-02 -0.27130E+00 -0.23190E-01 -0.25424E+00
  103.00  0.19908E+00 -0.74129E+00  0.14483E-03 -0.31956E-03  0.82312E+00  0.61753E-04 -0.15214E-02 -0.29596E+00 -0.23910E-01 -0.27662E+00
  104.00  0.19730E+00 -0.73040E+00  0.70333E-04 -0.37619E-03  0.82174E+00  0.40736E-04 -0.15997E-02 -0.32008E+00 -0.24703E-01 -0.29845E+00
  105.00  0.19588E+00 -0.71917E+00  0.19248E-04 -0.42568E-03  0.82067E+00 -0.38695E-05 -0.16476E-02 -0.34363E+00 -0.25518E-01 -0.31974E+00
  106.00  0.19476E+00 -0.70759E+00  0.10268E-04 -0.46204E-03  0.81990E+00 -0.79429E-04 -0.16604E-02 -0.36657E+00 -0.26309E-01 -0.34046E+00
  107.00  0.19390E+00 -0.69566E+00  0.58398E-04 -0.47952E-03  0.81941E+00 -0.18976E-03 -0.16343E-02 -0.38886E+00 -0.27032E-01 -0.36058E+00
  108.00  0.19325E+00 -0.68338E+00  0.17421E-03 -0.47293E-03  0.81916E+00 -0.33510E-03 -0.15670E-02 -0.41048E+00 -0.27649E-01 -0.38010E+00
  109.00  0.19276E+00 -0.67076E+00  0.36357E-03 -0.43768E-03  0.81911E+00 -0.51232E-03 -0.14572E-02 -0.43139E+00 -0.28132E-01 -0.39898E+00
  110.00  0.19239E+00 -0.65779E+00  0.62781E-03 -0.36996E-03  0.81923E+00 -0.71548E-03 -0.13048E-02 -0.45157E+00 -0.28457E-01 -0.41721E+00
  111.00  0.19209E+00 -0.64448E+00  0.96414E-03 -0.26667E-03  0.81946E+00 -0.93638E-03 -0.11107E-02 -0.47100E+00 -0.28612E-01 -0.43476E+00
  112.00  0.19184E+00 -0.63084E+00  0.13663E-02 -0.12547E-03  0.81977E+00 -0.11653E-02 -0.87671E-03 -0.48968E+00 -0.28593E-01 -0.45163E+00
  113.00  0.19160E+00 -0.61688E+00  0.18255E-02  0.55311E-04  0.82014E+00 -0.13918E-02 -0.60563E-03 -0.50761E+00 -0.28405E-01 -0.46780E+00
  114.00  0.19137E+00 -0.60263E+00  0.23306E-02  0.27667E-03  0.82052E+00 -0.16054E-02 -0.30111E-03 -0.52480E+00 -0.28063E-01 -0.48328E+00
  115.00  0.19112E+00 -0.58810E+00  0.28699E-02  0.53891E-03  0.82091E+00 -0.17963E-02  0.32318E-04 -0.54128E+00 -0.27586E-01 -0.49807E+00
  116.00  0.19087E+00 -0.57332E+00  0.34306E-02  0.84163E-03  0.82130E+00 -0.19557E-02  0.38940E-03 -0.55707E+00 -0.27005E-01 -0.51220E+00
  117.00  0.19063E+00 -0.55829E+00  0.40004E-02  0.11836E-02  0.82167E+00 -0.20770E-02  0.76428E-03 -0.57221E+00 -0.26352E-01 -0.52568E+00
  118.00  0.19039E+00 -0.54304E+00  0.45677E-02  0.15628E-02  0.82203E+00 -0.21553E-02  0.11508E-02 -0.58674E+00 -0.25664E-01 -0.53854E+00
  119.00  0.19018E+00 -0.52759E+00  0.51217E-02  0.19762E-02  0.82238E+00 -0.21883E-02  0.15425E-02 -0.60070E+00 -0.24976E-01 -0.55081E+00
  120.00  0.19002E+00 -0.51197E+00  0.56534E-02  0.24198E-02  0.82274E+00 -0.21758E-02  0.19336E-02 -0.61415E+00 -0.24327E-01 -0.56253E+00
  121.00  0.18991E+00 -0.49619E+00  0.61551E-02  0.28887E-02  0.82310E+00 -0.21201E-02  0.23185E-02 -0.62713E+00 -0.23748E-01 -0.57373E+00
  122.00  0.18989E+00 -0.48028E+00  0.66209E-02  0.33769E-02  0.82349E+00 -0.20253E-02  0.26926E-02 -0.63967E+00 -0.23268E-01 -0.58445E+00
  123.00  0.18997E+00 -0.46427E+00  0.70468E-02  0.38781E-02  0.82391E+00 -0.18972E-02  0.30527E-02 -0.65182E+00 -0.22908E-01 -0.59472E+00
  124.00  0.19015E+00 -0.44818E+00  0.74302E-02  0.43854E-02  0.82438E+00 -0.17428E-02  0.33964E-02 -0.66360E+00 -0.22683E-01 -0.60458E+00
  125.00  0.19047E+00 -0.43204E+00  0.77698E-02  0.48916E-02  0.82488E+00 -0.15698E-02  0.37230E-02 -0.67504E+00 -0.22599E-01 -0.61404E+00
  126.00  0.19091E+00 -0.41589E+00  0.80657E-02  0.53903E-02  0.82544E+00 -0.13862E-02  0.40328E-02 -0.68615E+00 -0.22654E-01 -0.62311E+00
  127.00  0.19150E+00 -0.39976E+00  0.83187E-02  0.58754E-02  0.82605E+00 -0.11995E-02  0.43271E-02 -0.69692E+00 -0.22839E-01 -0.63181E+00
  128.00  0.19223E+00 -0.38371E+00  0.85301E-02  0.63420E-02  0.82671E+00 -0.10169E-02  0.46080E-02 -0.70735E+00 -0.23137E-01 -0.64012E+00
  129.00  0.19310E+00 -0.36776E+00  0.87017E-02  0.67865E-02  0.82742E+00 -0.84461E-03  0.48779E-02 -0.71741E+00 -0.23525E-01 -0.64803E+00
  130.00  0.19412E+00 -0.35196E+00  0.88354E-02  0.72068E-02  0.82817E+00 -0.68792E-03  0.51392E-02 -0.72709E+00 -0.23978E-01 -0.65554E+00
  131.00  0.19528E+00 -0.33637E+00  0.89329E-02  0.76027E-02  0.82896E+00 -0.55089E-03  0.53939E-02 -0.73636E+00 -0.24467E-01 -0.66260E+00
  132.00  0.19657E+00 -0.32103E+00  0.89959E-02  0.79751E-02  0.82978E+00 -0.43640E-03  0.56435E-02 -0.74517E+00 -0.24962E-01 -0.66920E+00
  133.00  0.19798E+00 -0.30597E+00  0.90258E-02  0.83266E-02  0.83062E+00 -0.34619E-03  0.58884E-02 -0.75351E+00 -0.25435E-01 -0.67532E+00
  134.00  0.19951E+00 -0.29125E+00  0.90237E-02  0.86609E-02  0.83148E+00 -0.28084E-03  0.61283E-02 -0.76134E+00 -0.25858E-01 -0.68094E+00
  135.00  0.20115E+00 -0.27688E+00  0.89904E-02  0.89825E-02  0.83235E+00 -0.23993E-03  0.63620E-02 -0.76866E+00 -0.26208E-01 -0.68604E+00
  136.00  0.20287E+00 -0.26291E+00  0.89268E-02  0.92963E-02  0.83322E+00 -0.22203E-03  0.65872E-02 -0.77546E+00 -0.26468E-01 -0.69063E+00
  137.00  0.20468E+00 -0.24934E+00  0.88333E-02  0.96070E-02  0.83409E+00 -0.22493E-03  0.68009E-02 -0.78172E+00 -0.26625E-01 -0.69472E+00
  138.00  0.20655E+00 -0.23618E+00  0.87105E-02  0.99194E-02  0.83494E+00 -0.24569E-03  0.69997E-02 -0.78747E+00 -0.26671E-01 -0.69830E+00
  139.00  0.20847E+00 -0.22344E+00  0.85591E-02  0.10237E-01  0.83577E+00 -0.28087E-03  0.71798E-02 -0.79272E+00 -0.26606E-01 -0.70142E+00
  140.00  0.21043E+00 -0.21111E+00  0.83802E-02  0.10563E-01  0.83657E+00 -0.32668E-03  0.73373E-02 -0.79749E+00 -0.26436E-01 -0.70408E+00
  141.00  0.21242E+00 -0.19918E+00  0.81750E-02  0.10900E-01  0.83733E+00 -0.37919E-03  0.74683E-02 -0.80181E+00 -0.26169E-01 -0.70632E+00
  142.00  0.21442E+00 -0.18763E+00  0.79454E-02  0.11247E-01  0.83805E+00 -0.43455E-03  0.75693E-02 -0.80572E+00 -0.25819E-01 -0.70817E+00
  143.00  0.21643E+00 -0.17645E+00  0.76938E-02  0.11605E-01  0.83871E+00 -0.48916E-03  0.76373E-02 -0.80925E+00 -0.25403E-01 -0.70966E+00
  144.00  0.21843E+00 -0.16562E+00  0.74234E-02  0.11972E-01  0.83933E+00 -0.53989E-03  0.76699E-02 -0.81243E+00 -0.24939E-01 -0.71083E+00
  145.00  0.22042E+00 -0.15513E+00  0.71376E-02  0.12345E-01  0.83988E+00 -0.58420E-03  0.76655E-02 -0.81528E+00 -0.24444E-01 -0.71168E+00
  146.00  0.22239E+00 -0.14496E+00  0.68408E-02  0.12721E-01  0.84037E+00 -0.62019E-03  0.76233E-02 -0.81783E+00 -0.23937E-01 -0.71226E+00
  147.00  0.22434E+00 -0.13510E+00  0.65373E-02  0.13097E-01  0.84079E+00 -0.64671E-03  0.75431E-02 -0.82012E+00 -0.23433E-01 -0.71258E+00
  148.00  0.22627E+00 -0.12553E+00  0.62318E-02  0.13467E-01  0.84116E+00 -0.66328E-03  0.74258E-02 -0.82215E+00 -0.22944E-01 -0.71267E+00
  149.00  0.22817E+00 -0.11627E+00  0.59289E-02  0.13828E-01  0.84146E+00 -0.67002E-03  0.72732E-02 -0.82396E+00 -0.22481E-01 -0.71254E+00
  150.00  0.23006E+00 -0.10729E+00  0.56326E-02  0.14177E-01  0.84170E+00 -0.66756E-03  0.70875E-02 -0.82555E+00 -0.22049E-01 -0.71220E+00
  151.00  0.23192E+00 -0.98596E-01  0.53466E-02  0.14510E-01  0.84188E+00 -0.65683E-03  0.68718E-02 -0.82696E+00 -0.21652E-01 -0.71169E+00
  152.00  0.23377E+00 -0.90189E-01  0.50738E-02  0.14824E-01  0.84202E+00 -0.63900E-03  0.66297E-02 -0.82819E+00 -0.21288E-01 -0.71101E+00
  153.00  0.23560E+00 -0.82069E-01  0.48159E-02  0.15117E-01  0.84209E+00 -0.61528E-03  0.63651E-02 -0.82927E+00 -0.20954E-01 -0.71019E+00
  154.00  0.23743E+00 -0.74237E-01  0.45738E-02  0.15391E-01  0.84212E+00 -0.58683E-03  0.60819E-02 -0.83022E+00 -0.20641E-01 -0.70923E+00
  155.00  0.23926E+00 -0.66701E-01  0.43474E-02  0.15643E-01  0.84210E+00 -0.55468E-03  0.57843E-02 -0.83104E+00 -0.20340E-01 -0.70814E+00
  156.00  0.24109E+00 -0.59466E-01  0.41356E-02  0.15878E-01  0.84203E+00 -0.51972E-03  0.54759E-02 -0.83175E+00 -0.20039E-01 -0.70694E+00
  157.00  0.24294E+00 -0.52543E-01  0.39363E-02  0.16096E-01  0.84191E+00 -0.48264E-03  0.51603E-02 -0.83236E+00 -0.19725E-01 -0.70564E+00
  158.00  0.24481E+00 -0.45946E-01  0.37471E-02  0.16301E-01  0.84173E+00 -0.44406E-03  0.48405E-02 -0.83289E+00 -0.19381E-01 -0.70422E+00
  159.00  0.24672E+00 -0.39691E-01  0.35649E-02  0.16497E-01  0.84149E+00 -0.40446E-03  0.45189E-02 -0.83334E+00 -0.18994E-01 -0.70269E+00
  160.00  0.24866E+00 -0.33796E-01  0.33865E-02  0.16688E-01  0.84118E+00 -0.36431E-03  0.41977E-02 -0.83371E+00 -0.18547E-01 -0.70105E+00
  161.00  0.25066E+00 -0.28284E-01  0.32087E-02  0.16877E-01  0.84081E+00 -0.32409E-03  0.38782E-02 -0.83400E+00 -0.18027E-01 -0.69928E+00
  162.00  0.25271E+00 -0.23177E-01  0.30286E-02  0.17068E-01  0.84036E+00 -0.28432E-03  0.35617E-02 -0.83422E+00 -0.17422E-01 -0.69737E+00
  163.00  0.25482E+00 -0.18500E-01  0.28438E-02  0.17263E-01  0.83983E+00 -0.24554E-03  0.32492E-02 -0.83435E+00 -0.16720E-01 -0.69532E+00
  164.00  0.25700E+00 -0.14277E-01  0.26524E-02  0.17464E-01  0.83922E+00 -0.20834E-03  0.29417E-02 -0.83441E+00 -0.15916E-01 -0.69311E+00
  165.00  0.25925E+00 -0.10531E-01  0.24534E-02  0.17672E-01  0.83853E+00 -0.17330E-03  0.26401E-02 -0.83437E+00 -0.15005E-01 -0.69074E+00
  166.00  0.26157E+00 -0.72787E-02  0.22465E-02  0.17884E-01  0.83777E+00 -0.14096E-03  0.23457E-02 -0.83424E+00 -0.13990E-01 -0.68820E+00
  167.00  0.26395E+00 -0.45336E-02  0.20324E-02  0.18100E-01  0.83694E+00 -0.11179E-03  0.20600E-02 -0.83402E+00 -0.12877E-01 -0.68551E+00
  168.00  0.26638E+00 -0.22989E-02  0.18128E-02  0.18316E-01  0.83604E+00 -0.86147E-04  0.17848E-02 -0.83370E+00 -0.11675E-01 -0.68266E+00
  169.00  0.26885E+00 -0.56630E-03  0.15901E-02  0.18528E-01  0.83511E+00 -0.64229E-04  0.15221E-02 -0.83328E+00 -0.10403E-01 -0.67970E+00
  170.00  0.27132E+00  0.68575E-03  0.13675E-02  0.18734E-01  0.83414E+00 -0.46084E-04  0.12742E-02 -0.83278E+00 -0.90815E-02 -0.67664E+00
  171.00  0.27377E+00  0.14938E-02  0.11486E-02  0.18928E-01  0.83317E+00 -0.31599E-04  0.10434E-02 -0.83220E+00 -0.77374E-02 -0.67354E+00
  172.00  0.27616E+00  0.19094E-02  0.93761E-03  0.19107E-01  0.83221E+00 -0.20511E-04  0.83171E-03 -0.83156E+00 -0.64014E-02 -0.67047E+00
  173.00  0.27844E+00  0.19980E-02  0.73883E-03  0.19269E-01  0.83130E+00 -0.12439E-04  0.64123E-03 -0.83089E+00 -0.51072E-02 -0.66748E+00
  174.00  0.28057E+00  0.18355E-02  0.55650E-03  0.19411E-01  0.83044E+00 -0.69121E-05  0.47361E-03 -0.83021E+00 -0.38904E-02 -0.66466E+00
  175.00  0.28249E+00  0.15049E-02  0.39466E-03  0.19532E-01  0.82968E+00 -0.34154E-05  0.33015E-03 -0.82956E+00 -0.27865E-02 -0.66209E+00
  176.00  0.28415E+00  0.10902E-02  0.25693E-03  0.19630E-01  0.82902E+00 -0.14267E-05  0.21185E-03 -0.82897E+00 -0.18294E-02 -0.65985E+00
  177.00  0.28550E+00  0.67127E-03  0.14645E-03  0.19706E-01  0.82849E+00 -0.45831E-06  0.11937E-03 -0.82847E+00 -0.10498E-02 -0.65802E+00
  178.00  0.28650E+00  0.31736E-03  0.65702E-04  0.19760E-01  0.82809E+00 -0.91507E-07  0.53108E-04 -0.82809E+00 -0.47330E-03 -0.65667E+00
  179.00  0.28711E+00  0.82251E-04  0.16518E-04  0.19793E-01  0.82785E+00 -0.57559E-08  0.13284E-04 -0.82785E+00 -0.11935E-03 -0.65583E+00
  180.00  0.28732E+00  0.20628E-14  0.41014E-15  0.19803E-01  0.82777E+00 -0.35430E-29  0.32928E-15 -0.82777E+00 -0.29664E-14 -0.65555E+00
 scattering matrix expansion coefficients
    w  a11         a22         a33         a23         a32         a44         a12         a34         a13         a24         a14
    0  0.1000E+01  0.0000E+00  0.0000E+00  0.0000E+00  0.0000E+00  0.7695E+00  0.0000E+00  0.0000E+00  0.0000E+00  0.0000E+00 -0.1364E-03
    1  0.2131E+01  0.0000E+00  0.0000E+00  0.0000E+00  0.0000E+00  0.2296E+01  0.0000E+00  0.0000E+00  0.0000E+00  0.0000E+00 -0.2829E-02
    2  0.3000E+01  0.2440E+00  0.3798E+01  0.2124E-07  0.2200E-02  0.2978E+01 -0.3887E+00 -0.2113E-01  0.5147E-03  0.7107E-03  0.9519E-03
    3  0.3448E+01  0.5260E-01  0.3854E+01 -0.3537E-07  0.1848E-02  0.3467E+01 -0.2284E+00 -0.1931E-01 -0.9861E-03 -0.6939E-04 -0.1254E-02
    4  0.3857E+01  0.4052E-01  0.4099E+01  0.1940E-07  0.1258E-02  0.3839E+01 -0.1520E+00 -0.2620E-01  0.1699E-02  0.1318E-02 -0.1311E-03
    5  0.4150E+01  0.6443E-02  0.4343E+01  0.1840E-07  0.7028E-03  0.4162E+01 -0.1144E+00 -0.2040E-01 -0.9960E-03 -0.1544E-02 -0.1148E-02
    6  0.4407E+01  0.8670E-02  0.4557E+01  0.3497E-07 -0.8147E-03  0.4412E+01 -0.8210E-01 -0.2189E-01 -0.3788E-03  0.1206E-03 -0.1223E-02
    7  0.4596E+01  0.9234E-02  0.4720E+01  0.1123E-07 -0.2103E-03  0.4591E+01 -0.4710E-01 -0.1317E-01  0.1867E-03 -0.1517E-03 -0.5251E-03
    8  0.4700E+01  0.7377E-02  0.4813E+01  0.7517E-07  0.1436E-02  0.4686E+01 -0.1690E-01 -0.4231E-02  0.5689E-03  0.2891E-03  0.3499E-03
    9  0.4675E+01 -0.4571E-04  0.4795E+01  0.4069E-07  0.1584E-02  0.4669E+01 -0.1980E-01  0.9769E-02  0.6032E-03  0.3380E-03  0.7809E-04
   10  0.4530E+01 -0.9755E-03  0.4651E+01 -0.3316E-07 -0.3443E-03  0.4528E+01 -0.3809E-01  0.1568E-01 -0.1841E-03  0.2839E-03 -0.1816E-03
   11  0.4283E+01 -0.1461E-02  0.4401E+01 -0.3551E-07 -0.2723E-02  0.4284E+01 -0.5564E-01  0.1474E-01 -0.1025E-02  0.7573E-04 -0.5731E-03
   12  0.3969E+01  0.3592E-02  0.4073E+01  0.2594E-07 -0.4509E-02  0.3961E+01 -0.6785E-01  0.7847E-02 -0.2935E-03  0.3513E-05 -0.9123E-03
   13  0.3598E+01 -0.3520E-02  0.3697E+01  0.1933E-07 -0.4147E-02  0.3604E+01 -0.9153E-01  0.1147E-02  0.2275E-03  0.1600E-03 -0.7694E-03
   14  0.3230E+01 -0.4087E-02  0.3317E+01  0.1007E-07 -0.2901E-02  0.3242E+01 -0.1005E+00 -0.6540E-02  0.7559E-04  0.1723E-04 -0.1541E-05
   15  0.2896E+01  0.1312E-02  0.2963E+01 -0.1502E-09 -0.1375E-02  0.2897E+01 -0.8557E-01 -0.8317E-02 -0.2058E-03 -0.1154E-03 -0.4332E-04
   16  0.2585E+01  0.3625E-02  0.2639E+01 -0.1544E-07  0.2461E-04  0.2580E+01 -0.6285E-01 -0.9252E-02  0.8241E-04 -0.1253E-04 -0.6350E-03
   17  0.2279E+01  0.4602E-03  0.2328E+01 -0.1694E-07  0.2786E-03  0.2278E+01 -0.5159E-01 -0.1132E-01 -0.2837E-04 -0.9874E-04 -0.1533E-02
   18  0.1980E+01  0.4290E-03  0.2025E+01 -0.1025E-07 -0.3449E-03  0.1981E+01 -0.4416E-01 -0.1242E-01 -0.2526E-03 -0.1699E-03 -0.2014E-02
   19  0.1691E+01  0.1830E-02  0.1729E+01 -0.5926E-08 -0.5862E-03  0.1690E+01 -0.3521E-01 -0.9833E-02 -0.1237E-03 -0.2057E-03 -0.1991E-02
   20  0.1413E+01  0.2287E-02  0.1445E+01 -0.3487E-08 -0.2069E-03  0.1410E+01 -0.2850E-01 -0.5378E-02  0.1349E-03 -0.2031E-03 -0.1776E-02
   21  0.1149E+01  0.1008E-02  0.1177E+01 -0.4771E-09  0.1913E-03  0.1147E+01 -0.2985E-01 -0.2374E-02  0.1792E-03 -0.1368E-03 -0.1409E-02
   22  0.9125E+00 -0.3870E-03  0.9361E+00  0.4915E-08  0.2332E-03  0.9130E+00 -0.3517E-01 -0.2750E-02  0.5574E-04 -0.2299E-04 -0.8488E-03
   23  0.7177E+00 -0.1355E-02  0.7364E+00  0.6179E-08  0.1573E-03  0.7205E+00 -0.3756E-01 -0.4870E-02 -0.1560E-04  0.1099E-03 -0.2148E-03
   24  0.5730E+00 -0.9586E-03  0.5863E+00  0.4338E-08  0.2097E-03  0.5759E+00 -0.3132E-01 -0.6148E-02 -0.7522E-05  0.1794E-03  0.1537E-03
   25  0.4716E+00  0.2407E-03  0.4800E+00  0.1840E-08  0.3682E-03  0.4721E+00 -0.1808E-01 -0.4977E-02  0.1297E-05  0.1437E-03  0.7907E-04
   26  0.3945E+00  0.1169E-02  0.4001E+00  0.4537E-10  0.4736E-03  0.3927E+00 -0.4838E-02 -0.1758E-02 -0.8620E-05  0.5069E-04 -0.2698E-03
   27  0.3227E+00  0.1032E-02  0.3278E+00  0.5131E-10  0.4565E-03  0.3206E+00  0.1691E-02  0.1976E-02 -0.1421E-04 -0.2154E-05 -0.5463E-03
   28  0.2483E+00  0.3006E-03  0.2538E+00  0.3687E-09  0.3758E-03  0.2475E+00  0.7043E-03  0.4552E-02 -0.2115E-05 -0.2893E-05 -0.5849E-03
   29  0.1751E+00 -0.2900E-03  0.1805E+00  0.2149E-09  0.2832E-03  0.1755E+00 -0.3729E-02  0.5212E-02  0.9141E-05  0.1396E-04 -0.4473E-03
   30  0.1118E+00 -0.3816E-03  0.1162E+00 -0.7760E-10  0.1972E-03  0.1126E+00 -0.7003E-02  0.4336E-02  0.9835E-05  0.2052E-04 -0.2724E-03
   31  0.6441E-01 -0.1918E-03  0.6732E-01 -0.1390E-09  0.1245E-03  0.6495E-01 -0.7449E-02  0.2883E-02  0.5657E-05  0.1694E-04 -0.1413E-03
   32  0.3356E-01  0.1114E-04  0.3517E-01 -0.8597E-10  0.6989E-04  0.3372E-01 -0.5859E-02  0.1597E-02  0.1452E-05  0.1061E-04 -0.6569E-04
   33  0.1588E-01  0.9933E-04  0.1663E-01  0.2677E-10  0.3491E-04  0.1582E-01 -0.3741E-02  0.7596E-03 -0.3735E-06  0.5769E-05 -0.2797E-04
   34  0.6852E-02  0.1001E-03  0.7150E-02  0.6896E-10  0.1556E-04  0.6737E-02 -0.2028E-02  0.3152E-03 -0.7636E-06  0.2837E-05 -0.1093E-04
   35  0.2710E-02  0.6721E-04  0.2811E-02  0.6246E-10  0.6293E-05  0.2619E-02 -0.9604E-03  0.1161E-03 -0.5676E-06  0.1236E-05 -0.3851E-05
   36  0.9870E-03  0.3609E-04  0.1015E-02  0.3487E-10  0.2315E-05  0.9340E-03 -0.4041E-03  0.3829E-04 -0.3091E-06  0.4670E-06 -0.1197E-05
   37  0.3322E-03  0.1641E-04  0.3382E-03  0.1695E-10  0.7773E-06  0.3069E-03 -0.1532E-03  0.1141E-04 -0.1379E-06  0.1520E-06 -0.3305E-06
   38  0.1037E-03  0.6546E-05  0.1044E-03  0.2816E-11  0.2357E-06  0.9328E-04 -0.5277E-04  0.3074E-05 -0.5140E-07  0.4424E-07 -0.8344E-07
   39  0.3013E-04  0.2326E-05  0.2995E-04 -0.5959E-11  0.6435E-07  0.2634E-04 -0.1665E-04  0.7621E-06 -0.1660E-07  0.1226E-07 -0.2124E-07
   40  0.8190E-05  0.7468E-06  0.8035E-05 -0.5493E-11  0.1627E-07  0.6952E-05 -0.4848E-05  0.1756E-06 -0.4967E-08  0.3715E-08 -0.6049E-08
   41  0.2098E-05  0.2189E-06  0.2031E-05 -0.1961E-11  0.4249E-08  0.1730E-05 -0.1315E-05  0.3887E-07 -0.1425E-08  0.1117E-08 -0.1958E-08
   42  0.5137E-06  0.5933E-07  0.4914E-06  0.4268E-12  0.1241E-08  0.4130E-06 -0.3367E-06  0.8980E-08 -0.4967E-09  0.2879E-09 -0.5407E-09
   43  0.1238E-06  0.1506E-07  0.1174E-06  0.1161E-11  0.2700E-09  0.9807E-07 -0.8354E-07  0.2345E-08 -0.1265E-09 -0.4749E-12  0.3923E-10
   44  0.3128E-07  0.3691E-08  0.2961E-07  0.7590E-12  0.4866E-11  0.2498E-07 -0.2115E-07  0.7845E-09 -0.4145E-11 -0.3359E-10  0.8795E-10
   45  0.9075E-08  0.9012E-09  0.8674E-08  0.3816E-12 -0.2437E-10  0.7554E-08 -0.5956E-08  0.4167E-09  0.5916E-11 -0.1380E-10  0.3767E-10
   46  0.3506E-08  0.2597E-09  0.3423E-08  0.1645E-12 -0.1141E-10  0.3078E-08 -0.2116E-08  0.2090E-09  0.3879E-11 -0.3081E-11  0.1012E-10
   47  0.1159E-08  0.8103E-10  0.1122E-08  0.6511E-13 -0.3544E-11  0.1030E-08 -0.7368E-09  0.1044E-09  0.5846E-12 -0.2048E-12  0.1670E-11
   48  0.8149E-09  0.6389E-10  0.7939E-09  0.2909E-13 -0.9920E-14  0.7049E-09 -0.4916E-09  0.3055E-10 -0.1658E-12  0.1609E-12  0.2615E-12
   49  0.1276E-09  0.1008E-10  0.1209E-09  0.1259E-13 -0.4839E-13  0.1119E-09 -0.8565E-10  0.1316E-10 -0.8275E-13  0.2345E-13  0.6011E-13
   50  0.1561E-09  0.1816E-10  0.1468E-09  0.4962E-14  0.1333E-12  0.1236E-09 -0.1040E-09  0.7240E-12 -0.6493E-13 -0.3919E-13  0.1660E-12
   51  0.7719E-11  0.7331E-12  0.7045E-11  0.1816E-14  0.8802E-15  0.6640E-11 -0.5462E-11  0.7992E-12 -0.7699E-14 -0.1205E-14  0.5298E-14
   52  0.1819E-10  0.2759E-11  0.1656E-10  0.5636E-15  0.1259E-13  0.1322E-10 -0.1318E-10 -0.2192E-12 -0.5926E-14 -0.1090E-13  0.2736E-13
   53  0.2317E-12  0.2544E-13  0.2016E-12  0.1394E-15 -0.3137E-15  0.1983E-12 -0.1698E-12  0.2179E-13 -0.1441E-15 -0.3046E-15  0.7307E-15
   54  0.1257E-11  0.2217E-12  0.1102E-11  0.2734E-16  0.7104E-15  0.8488E-12 -0.9614E-12 -0.2293E-13 -0.3064E-15 -0.9064E-15  0.2012E-14
   55  0.4588E-15 -0.2720E-15 -0.1187E-15  0.6655E-17 -0.1315E-16  0.1510E-14  0.1624E-15  0.1501E-15 -0.2428E-17 -0.2754E-16  0.4599E-16
   56  0.6601E-13  0.1377E-13  0.5779E-13  0.1650E-17  0.3385E-16  0.4168E-13 -0.5373E-13 -0.1371E-14 -0.1737E-16 -0.5422E-16  0.1058E-15
