 input file is 
mstm7_128_7299_13_00226.inp   
 input file comments follow:
***********************************************************
  This is the default mstm input file for v.3.0.
  The run is for a 7-sphere cluster of identical spheres.   The positions
  are embedded in the input file.

  The run makes use of the new_run and multiple_run options.

  14 April 2013
***********************************************************
 number of processors:
   1
 input parameters for run number 
    1
 number of spheres, volume size parameter:
  128  0.36785E+01
 position file:
position/n128/a7.out                                        
 output file:
output/128/x7299/13/00226/mt_7_128_7299_13_00226.dat        
 length, ref. indx. scale factors:
   0.730   1.300   0.023
 chiral factors:
  0.00000E+00  0.00000E+00
 scattering matrix directions based on incident frame
 automatic scattering angle calculation
 thetamin, thetamax:
      0.0    180.0
 number scattering angles:
      181
 epsmie, epssoln, max number iterations:
  0.1000E-05  0.1000E-07 5000
 medium refractive index:
  1.0000  0.0000
 target euler rotation angles:
    0.0000    0.0000    0.0000
 far field kr, iterations/correction:
 -0.1000E+01   20
 plane wave incidence
 random orientation calculations
 t matrix calculated, stored in file 
tmatrixfiles/712872991300226                                
 t matrix convergence epsilon:
  0.1000E-06
 all spheres excited (total T matrix) 
 calculation results for run 
    1
 total ext, abs, scat efficiencies, w.r.t. xv, and asym. parm
  0.81039E+00  0.23071E+00  0.57967E+00  0.72658E+00
 scattering matrix elements (normalized w/ S11)
   theta      11           12           13           14           22           23           24           33           34           44      
    0.00  0.51839E+02  0.00000E+00  0.00000E+00  0.35210E-04  0.99992E+00  0.21497E-04  0.00000E+00  0.99992E+00  0.00000E+00  0.99984E+00 
    1.00  0.51441E+02 -0.12812E-03 -0.15047E-07  0.35106E-04  0.99992E+00  0.21103E-04  0.74678E-08  0.99992E+00  0.14815E-04  0.99984E+00 
    2.00  0.50266E+02 -0.51244E-03 -0.60378E-07  0.34790E-04  0.99992E+00  0.19914E-04  0.30330E-07  0.99992E+00  0.59214E-04  0.99984E+00 
    3.00  0.48364E+02 -0.11528E-02 -0.13658E-06  0.34258E-04  0.99992E+00  0.17903E-04  0.69999E-07  0.99992E+00  0.13304E-03  0.99983E+00 
    4.00  0.45816E+02 -0.20490E-02 -0.24467E-06  0.33500E-04  0.99991E+00  0.15024E-04  0.12893E-06  0.99991E+00  0.23594E-03  0.99983E+00 
    5.00  0.42729E+02 -0.32010E-02 -0.38617E-06  0.32504E-04  0.99991E+00  0.11211E-04  0.21082E-06  0.99990E+00  0.36722E-03  0.99982E+00 
    6.00  0.39229E+02 -0.46089E-02 -0.56313E-06  0.31256E-04  0.99990E+00  0.63758E-05  0.32080E-06  0.99989E+00  0.52562E-03  0.99980E+00 
    7.00  0.35452E+02 -0.62735E-02 -0.77832E-06  0.29744E-04  0.99990E+00  0.40063E-06  0.46580E-06  0.99987E+00  0.70892E-03  0.99977E+00 
    8.00  0.31537E+02 -0.81967E-02 -0.10352E-05  0.27962E-04  0.99988E+00 -0.68602E-05  0.65490E-06  0.99985E+00  0.91336E-03  0.99974E+00 
    9.00  0.27619E+02 -0.10382E-01 -0.13381E-05  0.25916E-04  0.99987E+00 -0.15584E-04  0.89967E-06  0.99982E+00  0.11328E-02  0.99969E+00 
   10.00  0.23822E+02 -0.12839E-01 -0.16920E-05  0.23640E-04  0.99985E+00 -0.25975E-04  0.12144E-05  0.99977E+00  0.13576E-02  0.99963E+00 
   11.00  0.20252E+02 -0.15578E-01 -0.21022E-05  0.21213E-04  0.99983E+00 -0.38253E-04  0.16159E-05  0.99971E+00  0.15725E-02  0.99955E+00 
   12.00  0.16991E+02 -0.18625E-01 -0.25735E-05  0.18794E-04  0.99980E+00 -0.52618E-04  0.21218E-05  0.99962E+00  0.17551E-02  0.99944E+00 
   13.00  0.14101E+02 -0.22016E-01 -0.31078E-05  0.16667E-04  0.99976E+00 -0.69183E-04  0.27474E-05  0.99951E+00  0.18729E-02  0.99929E+00 
   14.00  0.11617E+02 -0.25806E-01 -0.37012E-05  0.15290E-04  0.99971E+00 -0.87845E-04  0.34978E-05  0.99937E+00  0.18826E-02  0.99910E+00 
   15.00  0.95483E+01 -0.30074E-01 -0.43377E-05  0.15335E-04  0.99965E+00 -0.10810E-03  0.43552E-05  0.99918E+00  0.17318E-02  0.99886E+00 
   16.00  0.78852E+01 -0.34915E-01 -0.49832E-05  0.17662E-04  0.99957E+00 -0.12881E-03  0.52611E-05  0.99894E+00  0.13697E-02  0.99854E+00 
   17.00  0.65986E+01 -0.40422E-01 -0.55816E-05  0.23143E-04  0.99948E+00 -0.14809E-03  0.61012E-05  0.99863E+00  0.76820E-03  0.99816E+00 
   18.00  0.56455E+01 -0.46642E-01 -0.60608E-05  0.32298E-04  0.99939E+00 -0.16352E-03  0.67092E-05  0.99824E+00 -0.48061E-04  0.99769E+00 
   19.00  0.49743E+01 -0.53536E-01 -0.63540E-05  0.44847E-04  0.99929E+00 -0.17291E-03  0.69081E-05  0.99779E+00 -0.98200E-03  0.99715E+00 
   20.00  0.45283E+01 -0.60967E-01 -0.64284E-05  0.59533E-04  0.99920E+00 -0.17531E-03  0.65795E-05  0.99727E+00 -0.18794E-02  0.99655E+00 
   21.00  0.42510E+01 -0.68738E-01 -0.63011E-05  0.74466E-04  0.99913E+00 -0.17159E-03  0.57181E-05  0.99668E+00 -0.25831E-02  0.99591E+00 
   22.00  0.40890E+01 -0.76677E-01 -0.60267E-05  0.87813E-04  0.99907E+00 -0.16400E-03  0.44253E-05  0.99604E+00 -0.29897E-02  0.99523E+00 
   23.00  0.39952E+01 -0.84686E-01 -0.56675E-05  0.98331E-04  0.99903E+00 -0.15517E-03  0.28525E-05  0.99535E+00 -0.30712E-02  0.99450E+00 
   24.00  0.39307E+01 -0.92743E-01 -0.52675E-05  0.10546E-03  0.99899E+00 -0.14729E-03  0.11422E-05  0.99459E+00 -0.28569E-02  0.99372E+00 
   25.00  0.38656E+01 -0.10088E+00 -0.48420E-05  0.10910E-03  0.99895E+00 -0.14177E-03 -0.60105E-06  0.99375E+00 -0.24025E-02  0.99286E+00 
   26.00  0.37791E+01 -0.10916E+00 -0.43772E-05  0.10933E-03  0.99891E+00 -0.13939E-03 -0.23115E-05  0.99283E+00 -0.17657E-02  0.99191E+00 
   27.00  0.36593E+01 -0.11762E+00 -0.38336E-05  0.10624E-03  0.99885E+00 -0.14053E-03 -0.39498E-05  0.99180E+00 -0.99530E-03  0.99084E+00 
   28.00  0.35016E+01 -0.12633E+00 -0.31471E-05  0.99765E-04  0.99879E+00 -0.14537E-03 -0.54882E-05  0.99065E+00 -0.12924E-03  0.98965E+00 
   29.00  0.33077E+01 -0.13532E+00 -0.22263E-05  0.89726E-04  0.99870E+00 -0.15408E-03 -0.68999E-05  0.98936E+00  0.80332E-03  0.98830E+00 
   30.00  0.30835E+01 -0.14463E+00 -0.94799E-06  0.75783E-04  0.99860E+00 -0.16689E-03 -0.81512E-05  0.98793E+00  0.17783E-02  0.98679E+00 
   31.00  0.28378E+01 -0.15427E+00  0.85156E-06  0.57495E-04  0.99846E+00 -0.18409E-03 -0.91970E-05  0.98632E+00  0.27731E-02  0.98510E+00 
   32.00  0.25807E+01 -0.16428E+00  0.33840E-05  0.34368E-04  0.99830E+00 -0.20605E-03 -0.99797E-05  0.98453E+00  0.37626E-02  0.98319E+00 
   33.00  0.23222E+01 -0.17466E+00  0.69148E-05  0.59583E-05  0.99811E+00 -0.23315E-03 -0.10432E-04  0.98254E+00  0.47170E-02  0.98107E+00 
   34.00  0.20715E+01 -0.18543E+00  0.11762E-04 -0.27992E-04  0.99788E+00 -0.26566E-03 -0.10483E-04  0.98033E+00  0.55984E-02  0.97870E+00 
   35.00  0.18362E+01 -0.19659E+00  0.18280E-04 -0.67362E-04  0.99761E+00 -0.30360E-03 -0.10076E-04  0.97788E+00  0.63604E-02  0.97606E+00 
   36.00  0.16216E+01 -0.20817E+00  0.26821E-04 -0.11142E-03  0.99729E+00 -0.34643E-03 -0.91891E-05  0.97518E+00  0.69479E-02  0.97314E+00 
   37.00  0.14315E+01 -0.22018E+00  0.37662E-04 -0.15857E-03  0.99694E+00 -0.39283E-03 -0.78646E-05  0.97221E+00  0.73013E-02  0.96993E+00 
   38.00  0.12674E+01 -0.23261E+00  0.50910E-04 -0.20623E-03  0.99655E+00 -0.44040E-03 -0.62411E-05  0.96896E+00  0.73636E-02  0.96642E+00 
   39.00  0.11292E+01 -0.24549E+00  0.66378E-04 -0.25088E-03  0.99615E+00 -0.48558E-03 -0.45721E-05  0.96541E+00  0.70915E-02  0.96261E+00 
   40.00  0.10156E+01 -0.25884E+00  0.83497E-04 -0.28842E-03  0.99573E+00 -0.52381E-03 -0.32180E-05  0.96156E+00  0.64678E-02  0.95849E+00 
   41.00  0.92438E+00 -0.27265E+00  0.10129E-03 -0.31488E-03  0.99533E+00 -0.55013E-03 -0.25980E-05  0.95739E+00  0.55107E-02  0.95407E+00 
   42.00  0.85265E+00 -0.28695E+00  0.11849E-03 -0.32730E-03  0.99496E+00 -0.56005E-03 -0.31071E-05  0.95289E+00  0.42753E-02  0.94935E+00 
   43.00  0.79743E+00 -0.30175E+00  0.13368E-03 -0.32439E-03  0.99464E+00 -0.55040E-03 -0.50213E-05  0.94802E+00  0.28453E-02  0.94432E+00 
   44.00  0.75576E+00 -0.31703E+00  0.14558E-03 -0.30685E-03  0.99437E+00 -0.51996E-03 -0.84246E-05  0.94278E+00  0.13169E-02  0.93895E+00 
   45.00  0.72486E+00 -0.33281E+00  0.15323E-03 -0.27712E-03  0.99416E+00 -0.46964E-03 -0.13186E-04  0.93712E+00 -0.21803E-03  0.93321E+00 
   46.00  0.70230E+00 -0.34904E+00  0.15610E-03 -0.23873E-03  0.99399E+00 -0.40210E-03 -0.18988E-04  0.93102E+00 -0.16845E-02  0.92707E+00 
   47.00  0.68599E+00 -0.36570E+00  0.15409E-03 -0.19562E-03  0.99387E+00 -0.32122E-03 -0.25390E-04  0.92445E+00 -0.30292E-02  0.92050E+00 
   48.00  0.67422E+00 -0.38276E+00  0.14751E-03 -0.15146E-03  0.99379E+00 -0.23149E-03 -0.31903E-04  0.91739E+00 -0.42189E-02  0.91345E+00 
   49.00  0.66561E+00 -0.40015E+00  0.13693E-03 -0.10929E-03  0.99373E+00 -0.13755E-03 -0.38063E-04  0.90981E+00 -0.52356E-02  0.90592E+00 
   50.00  0.65902E+00 -0.41783E+00  0.12317E-03 -0.71332E-04  0.99368E+00 -0.43746E-04 -0.43482E-04  0.90171E+00 -0.60703E-02  0.89788E+00 
   51.00  0.65355E+00 -0.43574E+00  0.10713E-03 -0.38913E-04  0.99365E+00  0.46022E-04 -0.47885E-04  0.89308E+00 -0.67189E-02  0.88932E+00 
   52.00  0.64845E+00 -0.45383E+00  0.89778E-04 -0.12589E-04  0.99361E+00  0.12850E-03 -0.51135E-04  0.88392E+00 -0.71795E-02  0.88022E+00 
   53.00  0.64309E+00 -0.47204E+00  0.72048E-04  0.77475E-05  0.99357E+00  0.20115E-03 -0.53236E-04  0.87422E+00 -0.74505E-02  0.87058E+00 
   54.00  0.63693E+00 -0.49034E+00  0.54819E-04  0.22710E-04  0.99353E+00  0.26215E-03 -0.54327E-04  0.86397E+00 -0.75312E-02  0.86040E+00 
   55.00  0.62952E+00 -0.50868E+00  0.38865E-04  0.33264E-04  0.99347E+00  0.31039E-03 -0.54669E-04  0.85318E+00 -0.74221E-02  0.84966E+00 
   56.00  0.62049E+00 -0.52704E+00  0.24825E-04  0.40590E-04  0.99340E+00  0.34542E-03 -0.54627E-04  0.84183E+00 -0.71254E-02  0.83836E+00 
   57.00  0.60954E+00 -0.54538E+00  0.13202E-04  0.45959E-04  0.99331E+00  0.36731E-03 -0.54641E-04  0.82990E+00 -0.66461E-02  0.82647E+00 
   58.00  0.59647E+00 -0.56370E+00  0.43528E-05  0.50643E-04  0.99320E+00  0.37660E-03 -0.55212E-04  0.81738E+00 -0.59920E-02  0.81398E+00 
   59.00  0.58120E+00 -0.58196E+00 -0.14978E-05  0.55844E-04  0.99306E+00  0.37413E-03 -0.56871E-04  0.80426E+00 -0.51746E-02  0.80087E+00 
   60.00  0.56374E+00 -0.60017E+00 -0.42459E-05  0.62648E-04  0.99289E+00  0.36097E-03 -0.60165E-04  0.79050E+00 -0.42090E-02  0.78712E+00 
   61.00  0.54422E+00 -0.61830E+00 -0.38910E-05  0.71997E-04  0.99269E+00  0.33831E-03 -0.65638E-04  0.77608E+00 -0.31146E-02  0.77270E+00 
   62.00  0.52286E+00 -0.63634E+00 -0.51875E-06  0.84670E-04  0.99245E+00  0.30741E-03 -0.73809E-04  0.76097E+00 -0.19151E-02  0.75757E+00 
   63.00  0.50000E+00 -0.65428E+00  0.57151E-05  0.10127E-03  0.99217E+00  0.26955E-03 -0.85153E-04  0.74515E+00 -0.63958E-03  0.74172E+00 
   64.00  0.47602E+00 -0.67210E+00  0.14600E-04  0.12221E-03  0.99185E+00  0.22598E-03 -0.10007E-03  0.72858E+00  0.67759E-03  0.72511E+00 
   65.00  0.45137E+00 -0.68979E+00  0.25885E-04  0.14771E-03  0.99148E+00  0.17791E-03 -0.11886E-03  0.71123E+00  0.19959E-02  0.70770E+00 
   66.00  0.42651E+00 -0.70732E+00  0.39289E-04  0.17774E-03  0.99107E+00  0.12653E-03 -0.14167E-03  0.69305E+00  0.32686E-02  0.68945E+00 
   67.00  0.40191E+00 -0.72469E+00  0.54519E-04  0.21206E-03  0.99060E+00  0.72973E-04 -0.16845E-03  0.67402E+00  0.44433E-02  0.67033E+00 
   68.00  0.37802E+00 -0.74187E+00  0.71279E-04  0.25011E-03  0.99009E+00  0.18334E-04 -0.19888E-03  0.65409E+00  0.54629E-02  0.65030E+00 
   69.00  0.35523E+00 -0.75884E+00  0.89289E-04  0.29108E-03  0.98952E+00 -0.36340E-04 -0.23237E-03  0.63322E+00  0.62680E-02  0.62932E+00 
   70.00  0.33389E+00 -0.77558E+00  0.10830E-03  0.33384E-03  0.98892E+00 -0.90057E-04 -0.26796E-03  0.61137E+00  0.68014E-02  0.60735E+00 
   71.00  0.31428E+00 -0.79208E+00  0.12811E-03  0.37701E-03  0.98829E+00 -0.14191E-03 -0.30437E-03  0.58851E+00  0.70126E-02  0.58436E+00 
   72.00  0.29657E+00 -0.80830E+00  0.14857E-03  0.41902E-03  0.98764E+00 -0.19110E-03 -0.34000E-03  0.56459E+00  0.68652E-02  0.56031E+00 
   73.00  0.28090E+00 -0.82420E+00  0.16959E-03  0.45821E-03  0.98699E+00 -0.23698E-03 -0.37305E-03  0.53962E+00  0.63426E-02  0.53521E+00 
   74.00  0.26729E+00 -0.83973E+00  0.19112E-03  0.49301E-03  0.98636E+00 -0.27907E-03 -0.40168E-03  0.51359E+00  0.54542E-02  0.50906E+00 
   75.00  0.25572E+00 -0.85484E+00  0.21316E-03  0.52207E-03  0.98576E+00 -0.31710E-03 -0.42418E-03  0.48651E+00  0.42376E-02  0.48188E+00 
   76.00  0.24609E+00 -0.86944E+00  0.23570E-03  0.54444E-03  0.98521E+00 -0.35101E-03 -0.43919E-03  0.45844E+00  0.27573E-02  0.45372E+00 
   77.00  0.23826E+00 -0.88347E+00  0.25868E-03  0.55965E-03  0.98472E+00 -0.38089E-03 -0.44586E-03  0.42943E+00  0.10992E-02  0.42465E+00 
   78.00  0.23204E+00 -0.89683E+00  0.28198E-03  0.56773E-03  0.98430E+00 -0.40700E-03 -0.44392E-03  0.39957E+00 -0.63843E-03  0.39476E+00 
   79.00  0.22723E+00 -0.90943E+00  0.30541E-03  0.56920E-03  0.98395E+00 -0.42964E-03 -0.43370E-03  0.36895E+00 -0.23556E-02  0.36414E+00 
   80.00  0.22361E+00 -0.92119E+00  0.32865E-03  0.56490E-03  0.98368E+00 -0.44915E-03 -0.41603E-03  0.33767E+00 -0.39606E-02  0.33290E+00 
   81.00  0.22093E+00 -0.93203E+00  0.35133E-03  0.55584E-03  0.98346E+00 -0.46581E-03 -0.39206E-03  0.30584E+00 -0.53780E-02  0.30112E+00 
   82.00  0.21898E+00 -0.94187E+00  0.37302E-03  0.54312E-03  0.98329E+00 -0.47984E-03 -0.36317E-03  0.27354E+00 -0.65525E-02  0.26891E+00 
   83.00  0.21754E+00 -0.95067E+00  0.39325E-03  0.52774E-03  0.98317E+00 -0.49137E-03 -0.33071E-03  0.24087E+00 -0.74501E-02  0.23635E+00 
   84.00  0.21642E+00 -0.95837E+00  0.41155E-03  0.51052E-03  0.98306E+00 -0.50046E-03 -0.29596E-03  0.20791E+00 -0.80570E-02  0.20351E+00 
   85.00  0.21545E+00 -0.96494E+00  0.42750E-03  0.49213E-03  0.98298E+00 -0.50707E-03 -0.26002E-03  0.17472E+00 -0.83760E-02  0.17047E+00 
   86.00  0.21449E+00 -0.97035E+00  0.44074E-03  0.47301E-03  0.98289E+00 -0.51113E-03 -0.22377E-03  0.14137E+00 -0.84230E-02  0.13728E+00 
   87.00  0.21341E+00 -0.97460E+00  0.45098E-03  0.45343E-03  0.98281E+00 -0.51252E-03 -0.18789E-03  0.10792E+00 -0.82234E-02  0.10400E+00 
   88.00  0.21213E+00 -0.97767E+00  0.45802E-03  0.43354E-03  0.98270E+00 -0.51113E-03 -0.15285E-03  0.74421E-01 -0.78091E-02  0.70686E-01 
   89.00  0.21060E+00 -0.97955E+00  0.46178E-03  0.41339E-03  0.98258E+00 -0.50684E-03 -0.11898E-03  0.40922E-01 -0.72155E-02  0.37377E-01 
   90.00  0.20879E+00 -0.98025E+00  0.46229E-03  0.39299E-03  0.98244E+00 -0.49956E-03 -0.86456E-04  0.74707E-02 -0.64803E-02  0.41210E-02 
   91.00  0.20667E+00 -0.97977E+00  0.45972E-03  0.37232E-03  0.98228E+00 -0.48922E-03 -0.55398E-04 -0.25889E-01 -0.56418E-02 -0.29037E-01 
   92.00  0.20428E+00 -0.97813E+00  0.45434E-03  0.35143E-03  0.98209E+00 -0.47584E-03 -0.25861E-04 -0.59114E-01 -0.47380E-02 -0.62055E-01 
   93.00  0.20164E+00 -0.97533E+00  0.44657E-03  0.33042E-03  0.98187E+00 -0.45946E-03  0.21184E-05 -0.92161E-01 -0.38060E-02 -0.94890E-01 
   94.00  0.19879E+00 -0.97139E+00  0.43693E-03  0.30947E-03  0.98164E+00 -0.44023E-03  0.28498E-04 -0.12499E+00 -0.28816E-02 -0.12750E+00 
   95.00  0.19578E+00 -0.96634E+00  0.42609E-03  0.28889E-03  0.98139E+00 -0.41836E-03  0.53221E-04 -0.15755E+00 -0.19982E-02 -0.15984E+00 
   96.00  0.19269E+00 -0.96019E+00  0.41479E-03  0.26905E-03  0.98114E+00 -0.39415E-03  0.76200E-04 -0.18981E+00 -0.11870E-02 -0.19187E+00 
   97.00  0.18958E+00 -0.95297E+00  0.40388E-03  0.25046E-03  0.98087E+00 -0.36801E-03  0.97320E-04 -0.22173E+00 -0.47558E-03 -0.22354E+00 
   98.00  0.18650E+00 -0.94472E+00  0.39426E-03  0.23369E-03  0.98061E+00 -0.34042E-03  0.11644E-03 -0.25325E+00  0.11237E-03 -0.25482E+00 
   99.00  0.18353E+00 -0.93547E+00  0.38687E-03  0.21937E-03  0.98036E+00 -0.31196E-03  0.13342E-03 -0.28434E+00  0.55805E-03 -0.28565E+00 
  100.00  0.18073E+00 -0.92525E+00  0.38262E-03  0.20815E-03  0.98012E+00 -0.28327E-03  0.14811E-03 -0.31496E+00  0.84822E-03 -0.31599E+00 
  101.00  0.17814E+00 -0.91412E+00  0.38238E-03  0.20064E-03  0.97991E+00 -0.25503E-03  0.16038E-03 -0.34505E+00  0.97587E-03 -0.34580E+00 
  102.00  0.17581E+00 -0.90211E+00  0.38691E-03  0.19740E-03  0.97972E+00 -0.22795E-03  0.17016E-03 -0.37458E+00  0.94055E-03 -0.37503E+00 
  103.00  0.17377E+00 -0.88928E+00  0.39682E-03  0.19884E-03  0.97957E+00 -0.20273E-03  0.17743E-03 -0.40350E+00  0.74852E-03 -0.40365E+00 
  104.00  0.17206E+00 -0.87568E+00  0.41255E-03  0.20521E-03  0.97946E+00 -0.17999E-03  0.18224E-03 -0.43177E+00  0.41237E-03 -0.43159E+00 
  105.00  0.17069E+00 -0.86137E+00  0.43433E-03  0.21658E-03  0.97940E+00 -0.16031E-03  0.18474E-03 -0.45934E+00 -0.49666E-04 -0.45884E+00 
  106.00  0.16966E+00 -0.84640E+00  0.46214E-03  0.23281E-03  0.97937E+00 -0.14410E-03  0.18513E-03 -0.48619E+00 -0.61480E-03 -0.48534E+00 
  107.00  0.16898E+00 -0.83083E+00  0.49575E-03  0.25354E-03  0.97939E+00 -0.13167E-03  0.18371E-03 -0.51227E+00 -0.12571E-02 -0.51107E+00 
  108.00  0.16864E+00 -0.81472E+00  0.53471E-03  0.27823E-03  0.97945E+00 -0.12314E-03  0.18080E-03 -0.53755E+00 -0.19488E-02 -0.53599E+00 
  109.00  0.16863E+00 -0.79813E+00  0.57837E-03  0.30620E-03  0.97954E+00 -0.11852E-03  0.17677E-03 -0.56201E+00 -0.26624E-02 -0.56009E+00 
  110.00  0.16892E+00 -0.78111E+00  0.62591E-03  0.33664E-03  0.97967E+00 -0.11761E-03  0.17200E-03 -0.58564E+00 -0.33713E-02 -0.58335E+00 
  111.00  0.16948E+00 -0.76372E+00  0.67642E-03  0.36868E-03  0.97983E+00 -0.12012E-03  0.16684E-03 -0.60840E+00 -0.40518E-02 -0.60574E+00 
  112.00  0.17030E+00 -0.74600E+00  0.72887E-03  0.40145E-03  0.98000E+00 -0.12563E-03  0.16163E-03 -0.63030E+00 -0.46833E-02 -0.62728E+00 
  113.00  0.17134E+00 -0.72802E+00  0.78222E-03  0.43409E-03  0.98020E+00 -0.13365E-03  0.15662E-03 -0.65134E+00 -0.52495E-02 -0.64794E+00 
  114.00  0.17257E+00 -0.70980E+00  0.83540E-03  0.46583E-03  0.98040E+00 -0.14363E-03  0.15203E-03 -0.67150E+00 -0.57380E-02 -0.66775E+00 
  115.00  0.17395E+00 -0.69141E+00  0.88740E-03  0.49598E-03  0.98061E+00 -0.15501E-03  0.14799E-03 -0.69080E+00 -0.61407E-02 -0.68669E+00 
  116.00  0.17547E+00 -0.67287E+00  0.93722E-03  0.52395E-03  0.98082E+00 -0.16722E-03  0.14458E-03 -0.70925E+00 -0.64533E-02 -0.70478E+00 
  117.00  0.17708E+00 -0.65423E+00  0.98397E-03  0.54928E-03  0.98102E+00 -0.17972E-03  0.14181E-03 -0.72686E+00 -0.66752E-02 -0.72205E+00 
  118.00  0.17876E+00 -0.63553E+00  0.10268E-02  0.57164E-03  0.98122E+00 -0.19201E-03  0.13965E-03 -0.74364E+00 -0.68085E-02 -0.73849E+00 
  119.00  0.18050E+00 -0.61679E+00  0.10650E-02  0.59079E-03  0.98142E+00 -0.20367E-03  0.13801E-03 -0.75960E+00 -0.68578E-02 -0.75412E+00 
  120.00  0.18226E+00 -0.59805E+00  0.10980E-02  0.60659E-03  0.98160E+00 -0.21430E-03  0.13681E-03 -0.77478E+00 -0.68297E-02 -0.76898E+00 
  121.00  0.18403E+00 -0.57934E+00  0.11253E-02  0.61900E-03  0.98177E+00 -0.22361E-03  0.13593E-03 -0.78918E+00 -0.67323E-02 -0.78307E+00 
  122.00  0.18579E+00 -0.56070E+00  0.11465E-02  0.62803E-03  0.98193E+00 -0.23137E-03  0.13529E-03 -0.80284E+00 -0.65745E-02 -0.79642E+00 
  123.00  0.18753E+00 -0.54214E+00  0.11612E-02  0.63376E-03  0.98208E+00 -0.23741E-03  0.13479E-03 -0.81577E+00 -0.63656E-02 -0.80906E+00 
  124.00  0.18925E+00 -0.52370E+00  0.11695E-02  0.63629E-03  0.98222E+00 -0.24163E-03  0.13439E-03 -0.82799E+00 -0.61157E-02 -0.82099E+00 
  125.00  0.19093E+00 -0.50539E+00  0.11711E-02  0.63576E-03  0.98234E+00 -0.24400E-03  0.13409E-03 -0.83953E+00 -0.58342E-02 -0.83225E+00 
  126.00  0.19257E+00 -0.48725E+00  0.11664E-02  0.63232E-03  0.98246E+00 -0.24452E-03  0.13391E-03 -0.85041E+00 -0.55306E-02 -0.84286E+00 
  127.00  0.19417E+00 -0.46930E+00  0.11553E-02  0.62613E-03  0.98256E+00 -0.24328E-03  0.13395E-03 -0.86066E+00 -0.52138E-02 -0.85285E+00 
  128.00  0.19573E+00 -0.45156E+00  0.11384E-02  0.61734E-03  0.98266E+00 -0.24035E-03  0.13434E-03 -0.87030E+00 -0.48921E-02 -0.86222E+00 
  129.00  0.19724E+00 -0.43404E+00  0.11158E-02  0.60613E-03  0.98274E+00 -0.23589E-03  0.13525E-03 -0.87935E+00 -0.45729E-02 -0.87102E+00 
  130.00  0.19871E+00 -0.41677E+00  0.10882E-02  0.59264E-03  0.98282E+00 -0.23004E-03  0.13691E-03 -0.88783E+00 -0.42629E-02 -0.87926E+00 
  131.00  0.20013E+00 -0.39977E+00  0.10560E-02  0.57705E-03  0.98289E+00 -0.22297E-03  0.13955E-03 -0.89577E+00 -0.39676E-02 -0.88696E+00 
  132.00  0.20152E+00 -0.38305E+00  0.10199E-02  0.55953E-03  0.98296E+00 -0.21486E-03  0.14342E-03 -0.90320E+00 -0.36917E-02 -0.89415E+00 
  133.00  0.20288E+00 -0.36664E+00  0.98049E-03  0.54027E-03  0.98302E+00 -0.20590E-03  0.14878E-03 -0.91013E+00 -0.34387E-02 -0.90084E+00 
  134.00  0.20420E+00 -0.35053E+00  0.93842E-03  0.51946E-03  0.98307E+00 -0.19627E-03  0.15586E-03 -0.91658E+00 -0.32113E-02 -0.90707E+00 
  135.00  0.20550E+00 -0.33475E+00  0.89434E-03  0.49732E-03  0.98312E+00 -0.18613E-03  0.16487E-03 -0.92259E+00 -0.30111E-02 -0.91285E+00 
  136.00  0.20677E+00 -0.31931E+00  0.84890E-03  0.47411E-03  0.98317E+00 -0.17566E-03  0.17594E-03 -0.92816E+00 -0.28385E-02 -0.91820E+00 
  137.00  0.20801E+00 -0.30422E+00  0.80270E-03  0.45009E-03  0.98321E+00 -0.16498E-03  0.18916E-03 -0.93333E+00 -0.26936E-02 -0.92314E+00 
  138.00  0.20923E+00 -0.28949E+00  0.75631E-03  0.42556E-03  0.98325E+00 -0.15425E-03  0.20453E-03 -0.93811E+00 -0.25752E-02 -0.92770E+00 
  139.00  0.21044E+00 -0.27513E+00  0.71024E-03  0.40085E-03  0.98329E+00 -0.14357E-03  0.22198E-03 -0.94252E+00 -0.24817E-02 -0.93189E+00 
  140.00  0.21162E+00 -0.26113E+00  0.66496E-03  0.37629E-03  0.98332E+00 -0.13305E-03  0.24134E-03 -0.94658E+00 -0.24109E-02 -0.93574E+00 
  141.00  0.21278E+00 -0.24752E+00  0.62086E-03  0.35224E-03  0.98335E+00 -0.12276E-03  0.26235E-03 -0.95032E+00 -0.23601E-02 -0.93926E+00 
  142.00  0.21393E+00 -0.23429E+00  0.57825E-03  0.32906E-03  0.98338E+00 -0.11278E-03  0.28467E-03 -0.95374E+00 -0.23266E-02 -0.94247E+00 
  143.00  0.21505E+00 -0.22144E+00  0.53740E-03  0.30708E-03  0.98340E+00 -0.10316E-03  0.30791E-03 -0.95688E+00 -0.23070E-02 -0.94539E+00 
  144.00  0.21616E+00 -0.20898E+00  0.49850E-03  0.28663E-03  0.98343E+00 -0.93949E-04  0.33160E-03 -0.95974E+00 -0.22984E-02 -0.94804E+00 
  145.00  0.21725E+00 -0.19690E+00  0.46167E-03  0.26800E-03  0.98345E+00 -0.85174E-04  0.35523E-03 -0.96234E+00 -0.22976E-02 -0.95043E+00 
  146.00  0.21832E+00 -0.18522E+00  0.42700E-03  0.25144E-03  0.98347E+00 -0.76860E-04  0.37829E-03 -0.96471E+00 -0.23016E-02 -0.95259E+00 
  147.00  0.21937E+00 -0.17392E+00  0.39449E-03  0.23714E-03  0.98348E+00 -0.69022E-04  0.40026E-03 -0.96685E+00 -0.23078E-02 -0.95453E+00 
  148.00  0.22040E+00 -0.16300E+00  0.36415E-03  0.22522E-03  0.98349E+00 -0.61671E-04  0.42063E-03 -0.96878E+00 -0.23138E-02 -0.95626E+00 
  149.00  0.22140E+00 -0.15247E+00  0.33590E-03  0.21577E-03  0.98350E+00 -0.54811E-04  0.43896E-03 -0.97053E+00 -0.23173E-02 -0.95780E+00 
  150.00  0.22238E+00 -0.14231E+00  0.30969E-03  0.20877E-03  0.98351E+00 -0.48443E-04  0.45484E-03 -0.97210E+00 -0.23166E-02 -0.95916E+00 
  151.00  0.22334E+00 -0.13252E+00  0.28539E-03  0.20417E-03  0.98351E+00 -0.42563E-04  0.46793E-03 -0.97350E+00 -0.23102E-02 -0.96037E+00 
  152.00  0.22426E+00 -0.12311E+00  0.26292E-03  0.20186E-03  0.98351E+00 -0.37166E-04  0.47797E-03 -0.97475E+00 -0.22972E-02 -0.96142E+00 
  153.00  0.22516E+00 -0.11407E+00  0.24213E-03  0.20168E-03  0.98351E+00 -0.32242E-04  0.48479E-03 -0.97587E+00 -0.22765E-02 -0.96233E+00 
  154.00  0.22603E+00 -0.10538E+00  0.22291E-03  0.20344E-03  0.98350E+00 -0.27779E-04  0.48828E-03 -0.97686E+00 -0.22478E-02 -0.96312E+00 
  155.00  0.22688E+00 -0.97058E-01  0.20514E-03  0.20696E-03  0.98348E+00 -0.23762E-04  0.48840E-03 -0.97773E+00 -0.22107E-02 -0.96379E+00 
  156.00  0.22769E+00 -0.89090E-01  0.18869E-03  0.21203E-03  0.98345E+00 -0.20173E-04  0.48519E-03 -0.97850E+00 -0.21651E-02 -0.96436E+00 
  157.00  0.22847E+00 -0.81475E-01  0.17344E-03  0.21846E-03  0.98342E+00 -0.16991E-04  0.47872E-03 -0.97917E+00 -0.21109E-02 -0.96482E+00 
  158.00  0.22923E+00 -0.74212E-01  0.15927E-03  0.22611E-03  0.98338E+00 -0.14192E-04  0.46914E-03 -0.97975E+00 -0.20483E-02 -0.96519E+00 
  159.00  0.22996E+00 -0.67299E-01  0.14608E-03  0.23485E-03  0.98333E+00 -0.11751E-04  0.45658E-03 -0.98025E+00 -0.19774E-02 -0.96547E+00 
  160.00  0.23066E+00 -0.60735E-01  0.13377E-03  0.24459E-03  0.98326E+00 -0.96401E-05  0.44124E-03 -0.98067E+00 -0.18985E-02 -0.96567E+00 
  161.00  0.23133E+00 -0.54521E-01  0.12222E-03  0.25530E-03  0.98319E+00 -0.78312E-05  0.42330E-03 -0.98102E+00 -0.18119E-02 -0.96579E+00 
  162.00  0.23198E+00 -0.48655E-01  0.11136E-03  0.26696E-03  0.98310E+00 -0.62950E-05  0.40296E-03 -0.98130E+00 -0.17179E-02 -0.96584E+00 
  163.00  0.23260E+00 -0.43137E-01  0.10109E-03  0.27959E-03  0.98299E+00 -0.50024E-05  0.38045E-03 -0.98153E+00 -0.16168E-02 -0.96582E+00 
  164.00  0.23319E+00 -0.37968E-01  0.91352E-04  0.29322E-03  0.98288E+00 -0.39252E-05  0.35599E-03 -0.98169E+00 -0.15092E-02 -0.96573E+00 
  165.00  0.23376E+00 -0.33148E-01  0.82070E-04  0.30786E-03  0.98275E+00 -0.30366E-05  0.32983E-03 -0.98181E+00 -0.13957E-02 -0.96559E+00 
  166.00  0.23431E+00 -0.28675E-01  0.73199E-04  0.32350E-03  0.98261E+00 -0.23115E-05  0.30223E-03 -0.98187E+00 -0.12772E-02 -0.96539E+00 
  167.00  0.23483E+00 -0.24547E-01  0.64703E-04  0.34010E-03  0.98246E+00 -0.17270E-05  0.27352E-03 -0.98190E+00 -0.11547E-02 -0.96515E+00 
  168.00  0.23532E+00 -0.20762E-01  0.56563E-04  0.35756E-03  0.98230E+00 -0.12622E-05  0.24402E-03 -0.98188E+00 -0.10294E-02 -0.96486E+00 
  169.00  0.23579E+00 -0.17316E-01  0.48777E-04  0.37571E-03  0.98214E+00 -0.89854E-06  0.21414E-03 -0.98183E+00 -0.90281E-03 -0.96454E+00 
  170.00  0.23623E+00 -0.14205E-01  0.41363E-04  0.39432E-03  0.98197E+00 -0.61963E-06  0.18431E-03 -0.98175E+00 -0.77667E-03 -0.96420E+00 
  171.00  0.23663E+00 -0.11423E-01  0.34355E-04  0.41307E-03  0.98180E+00 -0.41089E-06  0.15501E-03 -0.98166E+00 -0.65295E-03 -0.96385E+00 
  172.00  0.23701E+00 -0.89623E-02  0.27801E-04  0.43160E-03  0.98164E+00 -0.25942E-06  0.12676E-03 -0.98154E+00 -0.53376E-03 -0.96349E+00 
  173.00  0.23735E+00 -0.68165E-02  0.21764E-04  0.44947E-03  0.98148E+00 -0.15382E-06  0.10010E-03 -0.98142E+00 -0.42136E-03 -0.96315E+00 
  174.00  0.23765E+00 -0.49777E-02  0.16316E-04  0.46624E-03  0.98133E+00 -0.83956E-07  0.75572E-04 -0.98130E+00 -0.31803E-03 -0.96282E+00 
  175.00  0.23791E+00 -0.34381E-02  0.11534E-04  0.48144E-03  0.98120E+00 -0.40910E-07  0.53723E-04 -0.98119E+00 -0.22603E-03 -0.96252E+00 
  176.00  0.23813E+00 -0.21902E-02  0.74933E-05  0.49461E-03  0.98109E+00 -0.16911E-07  0.35055E-04 -0.98109E+00 -0.14746E-03 -0.96226E+00 
  177.00  0.23830E+00 -0.12274E-02  0.42657E-05  0.50534E-03  0.98100E+00 -0.53911E-08  0.20021E-04 -0.98100E+00 -0.84203E-04 -0.96205E+00 
  178.00  0.23843E+00 -0.54403E-03  0.19124E-05  0.51327E-03  0.98093E+00 -0.10709E-08  0.89963E-05 -0.98093E+00 -0.37831E-04 -0.96189E+00 
  179.00  0.23850E+00 -0.13578E-03  0.48064E-06  0.51815E-03  0.98089E+00 -0.67165E-10  0.22640E-05 -0.98089E+00 -0.95196E-05 -0.96179E+00 
  180.00  0.23853E+00 -0.33633E-14  0.11933E-16  0.51979E-03  0.98088E+00 -0.41304E-31  0.56234E-16 -0.98088E+00 -0.23645E-15 -0.96176E+00 
 scattering matrix expansion coefficients
    w  a11         a22         a33         a23         a32         a44         a12         a34         a13         a24         a14
    0  0.1000E+01  0.0000E+00  0.0000E+00  0.0000E+00  0.0000E+00  0.7851E+00  0.0000E+00  0.0000E+00  0.0000E+00  0.0000E+00  0.7354E-04
    1  0.2180E+01  0.0000E+00  0.0000E+00  0.0000E+00  0.0000E+00  0.2409E+01  0.0000E+00  0.0000E+00  0.0000E+00  0.0000E+00 -0.1599E-05
    2  0.3080E+01  0.2752E+00  0.3909E+01  0.2291E-07 -0.3633E-03  0.3049E+01 -0.3993E+00 -0.8348E-03  0.1819E-03 -0.2942E-04  0.4073E-04
    3  0.3462E+01  0.5278E-01  0.3932E+01  0.2175E-06 -0.2410E-03  0.3471E+01 -0.2268E+00  0.1100E-02 -0.1217E-03 -0.9725E-04  0.1293E-03
    4  0.3682E+01  0.2748E-01  0.4019E+01  0.1824E-06 -0.2665E-03  0.3691E+01 -0.1751E+00  0.7930E-03  0.1070E-03  0.5612E-04  0.1912E-03
    5  0.3771E+01  0.2144E-01  0.4023E+01 -0.5156E-06 -0.1579E-04  0.3760E+01 -0.1269E+00  0.2164E-02 -0.5796E-05  0.1863E-04  0.2501E-03
    6  0.3726E+01  0.5855E-02  0.3941E+01 -0.9762E-07  0.2003E-03  0.3727E+01 -0.1030E+00  0.2850E-02 -0.1816E-04  0.4937E-04  0.1635E-03
    7  0.3597E+01  0.5178E-02  0.3774E+01 -0.1018E-06  0.3031E-03  0.3593E+01 -0.1029E+00  0.2740E-02  0.4179E-04 -0.8678E-04 -0.3159E-04
    8  0.3423E+01  0.2695E-02  0.3563E+01  0.2901E-06  0.1038E-03  0.3419E+01 -0.1128E+00  0.1602E-02 -0.9423E-04  0.2745E-04 -0.1589E-04
    9  0.3263E+01 -0.6602E-02  0.3375E+01 -0.3592E-06 -0.5656E-04  0.3284E+01 -0.1165E+00 -0.1294E-02 -0.8193E-04  0.1738E-04 -0.3540E-04
   10  0.3184E+01  0.1341E-02  0.3261E+01 -0.6373E-07 -0.3957E-04  0.3200E+01 -0.7095E-01 -0.4897E-02  0.1677E-04  0.4026E-04 -0.3363E-04
   11  0.3144E+01  0.1514E-01  0.3195E+01  0.3897E-06  0.5806E-04  0.3127E+01  0.7501E-02 -0.2733E-02  0.4782E-05 -0.6669E-05  0.3599E-04
   12  0.3016E+01  0.1004E-01  0.3074E+01  0.9655E-07  0.1972E-03  0.2994E+01  0.4434E-01  0.3591E-02  0.1227E-04 -0.3417E-06  0.1321E-03
   13  0.2741E+01 -0.3063E-02  0.2820E+01 -0.9788E-07  0.2912E-03  0.2739E+01  0.1906E-01  0.8222E-02  0.2474E-04  0.2194E-04  0.2046E-03
   14  0.2357E+01 -0.5719E-02  0.2442E+01 -0.6133E-07  0.2659E-03  0.2364E+01 -0.2074E-01  0.9788E-02  0.2841E-05  0.2548E-04  0.2399E-03
   15  0.1926E+01 -0.1974E-02  0.2002E+01  0.2719E-07  0.1752E-03  0.1929E+01 -0.4244E-01  0.1014E-01 -0.2273E-04  0.1545E-04  0.2168E-03
   16  0.1492E+01  0.2776E-04  0.1555E+01  0.9098E-07  0.1058E-03  0.1492E+01 -0.5045E-01  0.1016E-01 -0.2713E-04 -0.2047E-05  0.1490E-03
   17  0.1087E+01 -0.3223E-03  0.1139E+01  0.1150E-06  0.8245E-04  0.1087E+01 -0.5554E-01  0.9589E-02 -0.1396E-04 -0.1594E-04  0.6953E-04
   18  0.7369E+00 -0.6592E-03  0.7768E+00  0.8472E-07  0.8373E-04  0.7386E+00 -0.5782E-01  0.8093E-02  0.9266E-06 -0.9004E-05  0.2599E-04
   19  0.4608E+00 -0.3538E-03  0.4889E+00  0.3138E-07  0.8136E-04  0.4626E+00 -0.5408E-01  0.5987E-02  0.3771E-05 -0.2692E-05  0.7192E-05
   20  0.2639E+00  0.2764E-03  0.2814E+00 -0.2454E-08  0.6533E-04  0.2648E+00 -0.4412E-01  0.3839E-02  0.6380E-06  0.1947E-05  0.4044E-05
   21  0.1377E+00  0.7450E-03  0.1473E+00 -0.1108E-07  0.4287E-04  0.1376E+00 -0.3119E-01  0.2131E-02 -0.2018E-05  0.1491E-05  0.3377E-05
   22  0.6535E-01  0.8595E-03  0.6987E-01 -0.8222E-08  0.2335E-04  0.6465E-01 -0.1911E-01  0.1026E-02 -0.2305E-05  0.8135E-06  0.2970E-05
   23  0.2817E-01  0.6921E-03  0.2999E-01 -0.3644E-08  0.1079E-04  0.2741E-01 -0.1019E-01  0.4320E-03 -0.1623E-05  0.2284E-06  0.1929E-05
   24  0.1104E-01  0.4366E-03  0.1165E-01 -0.1098E-08  0.4291E-05  0.1048E-01 -0.4763E-02  0.1598E-03 -0.8350E-06  0.3732E-07  0.1024E-05
   25  0.3935E-02  0.2261E-03  0.4102E-02 -0.1845E-09  0.1509E-05  0.3623E-02 -0.1962E-02  0.5242E-04 -0.3587E-06 -0.2131E-07  0.4536E-06
   26  0.1278E-02  0.9903E-04  0.1311E-02  0.1072E-10  0.4694E-06  0.1134E-02 -0.7174E-03  0.1536E-04 -0.1304E-06 -0.1677E-07  0.1641E-06
   27  0.3791E-03  0.3739E-04  0.3820E-03  0.2272E-10  0.1275E-06  0.3225E-03 -0.2344E-03  0.4051E-05 -0.4124E-07 -0.7418E-08  0.5105E-07
   28  0.1030E-03  0.1238E-04  0.1017E-03  0.1025E-10  0.2875E-07  0.8370E-04 -0.6890E-04  0.9695E-06 -0.1053E-07 -0.2597E-08  0.1404E-07
   29  0.2569E-04  0.3645E-05  0.2486E-04  0.3161E-11  0.5186E-08  0.1989E-04 -0.1834E-04  0.2094E-06 -0.2178E-08 -0.5901E-09  0.3297E-08
   30  0.5893E-05  0.9629E-06  0.5577E-05  0.8455E-12  0.7703E-09  0.4330E-05 -0.4437E-05  0.4063E-07 -0.3127E-09 -0.9519E-10  0.5085E-09
   31  0.1238E-05  0.2285E-06  0.1145E-05  0.2074E-12  0.1293E-09  0.8608E-06 -0.9750E-06  0.6882E-08 -0.6676E-10 -0.8161E-11  0.7817E-10
   32  0.2374E-06  0.4871E-07  0.2148E-06  0.3887E-13  0.1193E-10  0.1559E-06 -0.1942E-06  0.1125E-08 -0.4929E-11 -0.1884E-11  0.7128E-11
   33  0.4065E-07  0.9142E-08  0.3596E-07  0.6256E-14 -0.2940E-12  0.2516E-07 -0.3436E-07  0.1534E-09  0.1662E-12 -0.6027E-12  0.2984E-11
   34  0.6309E-08  0.1533E-08  0.5466E-08  0.1067E-14 -0.3587E-12  0.3679E-08 -0.5479E-08  0.2095E-10  0.4214E-12 -0.3926E-12  0.6799E-12
   35  0.7841E-09  0.2042E-09  0.6646E-09  0.1447E-15 -0.3549E-13  0.4299E-09 -0.6977E-09  0.2096E-11  0.2623E-13 -0.4867E-13  0.7564E-13
   36  0.9317E-10  0.2565E-10  0.7752E-10  0.2245E-16 -0.8228E-14  0.4814E-10 -0.8450E-10  0.2500E-12  0.5884E-14 -0.6249E-14  0.9914E-14
   37  0.6378E-11  0.1855E-11  0.5200E-11  0.4174E-17 -0.1143E-14  0.3103E-11 -0.5893E-11  0.1582E-13  0.7342E-15 -0.6728E-16  0.3490E-15
   38  0.6775E-12  0.2073E-12  0.5503E-12  0.4205E-18 -0.6827E-16  0.3145E-12 -0.6367E-12  0.1684E-14  0.4107E-16  0.1796E-16 -0.2239E-16
