 input file is 
mstm8_256_6398_13_0001.inp    
 input file comments follow:
***********************************************************
  This is the default mstm input file for v.3.0.
  The run is for a 7-sphere cluster of identical spheres.   The positions
  are embedded in the input file.

  The run makes use of the new_run and multiple_run options.

  14 April 2013
***********************************************************
 number of processors:
   1
 input parameters for run number 
    1
 number of spheres, volume size parameter:
  256  0.40625E+01
 position file:
position/n256/a8.out                                        
 output file:
output/256/x6398/13/0001/mt_8_256_6398_13_0001.dat          
 length, ref. indx. scale factors:
   0.640   1.300   0.001
 chiral factors:
  0.00000E+00  0.00000E+00
 scattering matrix directions based on incident frame
 automatic scattering angle calculation
 thetamin, thetamax:
      0.0    180.0
 number scattering angles:
      181
 epsmie, epssoln, max number iterations:
  0.1000E-05  0.1000E-07 5000
 medium refractive index:
  1.0000  0.0000
 target euler rotation angles:
    0.0000    0.0000    0.0000
 far field kr, iterations/correction:
  0.1000E-07   20
 plane wave incidence
 random orientation calculations
 t matrix calculated, stored in file 
tmatrixfiles/tmf_8_256_6398_13_0001                         
 t matrix convergence epsilon:
  0.1000E-06
 all spheres excited (total T matrix) 
 calculation results for run 
    1
 total ext, abs, scat efficiencies, w.r.t. xv, and asym. parm
  0.63302E+00  0.11357E-01  0.62166E+00  0.76175E+00
 scattering matrix elements (normalized w/ S11)
   theta      11           12           13           14           22           23           24           33           34           44     
    0.00  0.72203E+02  0.00000E+00  0.00000E+00 -0.23417E-04  0.99992E+00  0.72132E-05  0.00000E+00  0.99992E+00  0.00000E+00  0.99985E+00
    1.00  0.71201E+02 -0.14409E-03 -0.13674E-07 -0.23529E-04  0.99992E+00  0.78254E-05 -0.57411E-08  0.99992E+00  0.65339E-05  0.99985E+00
    2.00  0.68289E+02 -0.57685E-03 -0.55689E-07 -0.23863E-04  0.99992E+00  0.97031E-05 -0.22666E-07  0.99992E+00  0.25602E-04  0.99984E+00
    3.00  0.63726E+02 -0.12999E-02 -0.12926E-06 -0.24414E-04  0.99992E+00  0.12970E-04 -0.49754E-07  0.99992E+00  0.55455E-04  0.99983E+00
    4.00  0.57907E+02 -0.23165E-02 -0.24053E-06 -0.25179E-04  0.99991E+00  0.17827E-04 -0.84847E-07  0.99991E+00  0.92668E-04  0.99982E+00
    5.00  0.51306E+02 -0.36326E-02 -0.39982E-06 -0.26167E-04  0.99990E+00  0.24542E-04 -0.12384E-06  0.99990E+00  0.13133E-03  0.99980E+00
    6.00  0.44416E+02 -0.52580E-02 -0.62343E-06 -0.27420E-04  0.99989E+00  0.33417E-04 -0.15930E-06  0.99988E+00  0.16185E-03  0.99977E+00
    7.00  0.37688E+02 -0.72086E-02 -0.93576E-06 -0.29037E-04  0.99988E+00  0.44718E-04 -0.17847E-06  0.99985E+00  0.16955E-03  0.99973E+00
    8.00  0.31485E+02 -0.95082E-02 -0.13708E-05 -0.31211E-04  0.99986E+00  0.58548E-04 -0.16068E-06  0.99981E+00  0.13359E-03  0.99967E+00
    9.00  0.26055E+02 -0.12189E-01 -0.19712E-05 -0.34254E-04  0.99983E+00  0.74659E-04 -0.75458E-07  0.99975E+00  0.27400E-04  0.99960E+00
   10.00  0.21519E+02 -0.15290E-01 -0.27817E-05 -0.38588E-04  0.99981E+00  0.92246E-04  0.11655E-06  0.99968E+00 -0.17719E-03  0.99949E+00
   11.00  0.17883E+02 -0.18846E-01 -0.38346E-05 -0.44646E-04  0.99977E+00  0.10988E-03  0.45618E-06  0.99958E+00 -0.50080E-03  0.99937E+00
   12.00  0.15062E+02 -0.22873E-01 -0.51309E-05 -0.52665E-04  0.99974E+00  0.12577E-03  0.97060E-06  0.99945E+00 -0.94409E-03  0.99921E+00
   13.00  0.12914E+02 -0.27360E-01 -0.66272E-05 -0.62442E-04  0.99970E+00  0.13842E-03  0.16557E-05  0.99929E+00 -0.14799E-02  0.99902E+00
   14.00  0.11278E+02 -0.32266E-01 -0.82420E-05 -0.73223E-04  0.99967E+00  0.14736E-03  0.24674E-05  0.99910E+00 -0.20583E-02  0.99879E+00
   15.00  0.99971E+01 -0.37536E-01 -0.98778E-05 -0.83805E-04  0.99963E+00  0.15341E-03  0.33290E-05  0.99886E+00 -0.26235E-02  0.99853E+00
   16.00  0.89425E+01 -0.43126E-01 -0.11442E-04 -0.92782E-04  0.99959E+00  0.15825E-03  0.41480E-05  0.99859E+00 -0.31314E-02  0.99823E+00
   17.00  0.80244E+01 -0.49012E-01 -0.12847E-04 -0.98751E-04  0.99955E+00  0.16367E-03  0.48288E-05  0.99827E+00 -0.35573E-02  0.99788E+00
   18.00  0.71911E+01 -0.55192E-01 -0.13998E-04 -0.10041E-03  0.99950E+00  0.17086E-03  0.52781E-05  0.99790E+00 -0.38920E-02  0.99748E+00
   19.00  0.64226E+01 -0.61677E-01 -0.14769E-04 -0.96619E-04  0.99945E+00  0.17996E-03  0.54084E-05  0.99747E+00 -0.41354E-02  0.99700E+00
   20.00  0.57198E+01 -0.68490E-01 -0.14993E-04 -0.86555E-04  0.99939E+00  0.18986E-03  0.51491E-05  0.99696E+00 -0.42912E-02  0.99645E+00
   21.00  0.50931E+01 -0.75652E-01 -0.14475E-04 -0.69990E-04  0.99932E+00  0.19817E-03  0.44719E-05  0.99638E+00 -0.43652E-02  0.99582E+00
   22.00  0.45530E+01 -0.83184E-01 -0.13039E-04 -0.47642E-04  0.99924E+00  0.20167E-03  0.34258E-05  0.99570E+00 -0.43673E-02  0.99510E+00
   23.00  0.41035E+01 -0.91101E-01 -0.10606E-04 -0.21363E-04  0.99916E+00  0.19715E-03  0.21618E-05  0.99494E+00 -0.43138E-02  0.99428E+00
   24.00  0.37402E+01 -0.99401E-01 -0.72679E-05  0.61326E-05  0.99909E+00  0.18278E-03  0.91974E-06  0.99407E+00 -0.42271E-02  0.99336E+00
   25.00  0.34504E+01 -0.10807E+00 -0.33105E-05  0.32039E-04  0.99901E+00  0.15919E-03 -0.33969E-07  0.99310E+00 -0.41307E-02  0.99234E+00
   26.00  0.32165E+01 -0.11707E+00  0.83600E-06  0.54413E-04  0.99894E+00  0.12963E-03 -0.49622E-06  0.99201E+00 -0.40413E-02  0.99121E+00
   27.00  0.30195E+01 -0.12638E+00  0.46984E-05  0.72756E-04  0.99887E+00  0.99199E-04 -0.39500E-06  0.99081E+00 -0.39620E-02  0.98997E+00
   28.00  0.28417E+01 -0.13593E+00  0.78516E-05  0.87974E-04  0.99880E+00  0.73488E-04  0.19591E-06  0.98948E+00 -0.38802E-02  0.98860E+00
   29.00  0.26700E+01 -0.14570E+00  0.99638E-05  0.10187E-03  0.99873E+00  0.57460E-04  0.10896E-05  0.98802E+00 -0.37702E-02  0.98710E+00
   30.00  0.24962E+01 -0.15563E+00  0.10799E-04  0.11650E-03  0.99865E+00  0.54842E-04  0.20394E-05  0.98643E+00 -0.35980E-02  0.98547E+00
   31.00  0.23173E+01 -0.16569E+00  0.10204E-04  0.13366E-03  0.99857E+00  0.67878E-04  0.27937E-05  0.98469E+00 -0.33277E-02  0.98369E+00
   32.00  0.21347E+01 -0.17587E+00  0.81038E-05  0.15445E-03  0.99846E+00  0.97218E-04  0.31452E-05  0.98281E+00 -0.29277E-02  0.98176E+00
   33.00  0.19525E+01 -0.18617E+00  0.45196E-05  0.17906E-03  0.99835E+00  0.14174E-03  0.29786E-05  0.98078E+00 -0.23773E-02  0.97967E+00
   34.00  0.17763E+01 -0.19661E+00 -0.39813E-06  0.20653E-03  0.99822E+00  0.19831E-03  0.23180E-05  0.97858E+00 -0.16752E-02  0.97741E+00
   35.00  0.16118E+01 -0.20726E+00 -0.63207E-05  0.23466E-03  0.99807E+00  0.26149E-03  0.13670E-05  0.97619E+00 -0.84686E-03  0.97496E+00
   36.00  0.14640E+01 -0.21821E+00 -0.12705E-04  0.26008E-03  0.99791E+00  0.32368E-03  0.52292E-06  0.97359E+00  0.50639E-04  0.97229E+00
   37.00  0.13362E+01 -0.22959E+00 -0.18800E-04  0.27877E-03  0.99773E+00  0.37572E-03  0.33803E-06  0.97073E+00  0.93062E-03  0.96937E+00
   38.00  0.12302E+01 -0.24152E+00 -0.23724E-04  0.28680E-03  0.99755E+00  0.40842E-03  0.14085E-05  0.96760E+00  0.16906E-02  0.96616E+00
   39.00  0.11455E+01 -0.25409E+00 -0.26621E-04  0.28154E-03  0.99736E+00  0.41476E-03  0.42041E-05  0.96414E+00  0.22369E-02  0.96263E+00
   40.00  0.10803E+01 -0.26733E+00 -0.26856E-04  0.26248E-03  0.99718E+00  0.39179E-03  0.89024E-05  0.96034E+00  0.25125E-02  0.95876E+00
   41.00  0.10312E+01 -0.28121E+00 -0.24148E-04  0.23158E-03  0.99702E+00  0.34149E-03  0.15313E-04  0.95619E+00  0.25141E-02  0.95453E+00
   42.00  0.99402E+00 -0.29563E+00 -0.18579E-04  0.19257E-03  0.99686E+00  0.26983E-03  0.22937E-04  0.95167E+00  0.22892E-02  0.94994E+00
   43.00  0.96427E+00 -0.31051E+00 -0.10489E-04  0.14991E-03  0.99671E+00  0.18464E-03  0.31121E-04  0.94678E+00  0.19156E-02  0.94499E+00
   44.00  0.93780E+00 -0.32574E+00 -0.31730E-06  0.10765E-03  0.99655E+00  0.93531E-04  0.39227E-04  0.94153E+00  0.14754E-02  0.93967E+00
   45.00  0.91117E+00 -0.34125E+00  0.11517E-04  0.68873E-04  0.99640E+00  0.24877E-05  0.46731E-04  0.93590E+00  0.10357E-02  0.93397E+00
   46.00  0.88208E+00 -0.35700E+00  0.24654E-04  0.35518E-04  0.99623E+00 -0.84441E-04  0.53245E-04  0.92986E+00  0.63990E-03  0.92787E+00
   47.00  0.84944E+00 -0.37297E+00  0.38765E-04  0.85802E-05  0.99605E+00 -0.16483E-03  0.58495E-04  0.92341E+00  0.30958E-03  0.92134E+00
   48.00  0.81338E+00 -0.38913E+00  0.53482E-04 -0.11671E-04  0.99585E+00 -0.23727E-03  0.62272E-04  0.91653E+00  0.50863E-04  0.91439E+00
   49.00  0.77493E+00 -0.40544E+00  0.68322E-04 -0.25532E-04  0.99563E+00 -0.30086E-03  0.64407E-04  0.90920E+00 -0.13761E-03  0.90699E+00
   50.00  0.73569E+00 -0.42189E+00  0.82646E-04 -0.33808E-04  0.99541E+00 -0.35489E-03  0.64776E-04  0.90143E+00 -0.25762E-03  0.89917E+00
   51.00  0.69738E+00 -0.43842E+00  0.95681E-04 -0.37826E-04  0.99517E+00 -0.39878E-03  0.63330E-04  0.89323E+00 -0.30686E-03  0.89091E+00
   52.00  0.66148E+00 -0.45501E+00  0.10662E-03 -0.39426E-04  0.99493E+00 -0.43232E-03  0.60154E-04  0.88460E+00 -0.27791E-03  0.88225E+00
   53.00  0.62899E+00 -0.47165E+00  0.11480E-03 -0.40837E-04  0.99471E+00 -0.45594E-03  0.55506E-04  0.87554E+00 -0.16106E-03  0.87317E+00
   54.00  0.60025E+00 -0.48834E+00  0.11991E-03 -0.44377E-04  0.99449E+00 -0.47091E-03  0.49819E-04  0.86605E+00  0.49878E-04  0.86367E+00
   55.00  0.57503E+00 -0.50514E+00  0.12208E-03 -0.52054E-04  0.99428E+00 -0.47938E-03  0.43632E-04  0.85607E+00  0.35099E-03  0.85369E+00
   56.00  0.55261E+00 -0.52210E+00  0.12194E-03 -0.65163E-04  0.99407E+00 -0.48401E-03  0.37471E-04  0.84555E+00  0.72396E-03  0.84318E+00
   57.00  0.53205E+00 -0.53929E+00  0.12042E-03 -0.84038E-04  0.99386E+00 -0.48745E-03  0.31720E-04  0.83439E+00  0.11358E-02  0.83202E+00
   58.00  0.51238E+00 -0.55677E+00  0.11857E-03 -0.10800E-03  0.99363E+00 -0.49187E-03  0.26510E-04  0.82250E+00  0.15426E-02  0.82013E+00
   59.00  0.49283E+00 -0.57456E+00  0.11736E-03 -0.13546E-03  0.99336E+00 -0.49857E-03  0.21669E-04  0.80979E+00  0.18959E-02  0.80741E+00
   60.00  0.47291E+00 -0.59267E+00  0.11747E-03 -0.16413E-03  0.99306E+00 -0.50783E-03  0.16714E-04  0.79619E+00  0.21504E-02  0.79378E+00
   61.00  0.45252E+00 -0.61107E+00  0.11924E-03 -0.19120E-03  0.99271E+00 -0.51896E-03  0.10899E-04  0.78164E+00  0.22710E-02  0.77918E+00
   62.00  0.43186E+00 -0.62972E+00  0.12260E-03 -0.21362E-03  0.99232E+00 -0.53050E-03  0.32963E-05  0.76610E+00  0.22394E-02  0.76357E+00
   63.00  0.41135E+00 -0.64856E+00  0.12714E-03 -0.22830E-03  0.99189E+00 -0.54048E-03 -0.70812E-05  0.74956E+00  0.20600E-02  0.74696E+00
   64.00  0.39155E+00 -0.66748E+00  0.13221E-03 -0.23247E-03  0.99144E+00 -0.54680E-03 -0.21115E-04  0.73203E+00  0.17628E-02  0.72937E+00
   65.00  0.37297E+00 -0.68641E+00  0.13703E-03 -0.22408E-03  0.99098E+00 -0.54770E-03 -0.39394E-04  0.71355E+00  0.14028E-02  0.71082E+00
   66.00  0.35604E+00 -0.70526E+00  0.14089E-03 -0.20213E-03  0.99054E+00 -0.54210E-03 -0.62045E-04  0.69414E+00  0.10534E-02  0.69138E+00
   67.00  0.34102E+00 -0.72396E+00  0.14333E-03 -0.16695E-03  0.99012E+00 -0.52990E-03 -0.88623E-04  0.67386E+00  0.79446E-03  0.67109E+00
   68.00  0.32797E+00 -0.74242E+00  0.14428E-03 -0.12024E-03  0.98974E+00 -0.51201E-03 -0.11812E-03  0.65274E+00  0.69732E-03  0.64998E+00
   69.00  0.31679E+00 -0.76061E+00  0.14404E-03 -0.64821E-04  0.98941E+00 -0.49006E-03 -0.14912E-03  0.63079E+00  0.80977E-03  0.62807E+00
   70.00  0.30724E+00 -0.77847E+00  0.14319E-03 -0.41858E-05  0.98912E+00 -0.46598E-03 -0.18001E-03  0.60800E+00  0.11471E-02  0.60536E+00
   71.00  0.29901E+00 -0.79597E+00  0.14240E-03  0.58024E-04  0.98886E+00 -0.44143E-03 -0.20922E-03  0.58437E+00  0.16908E-02  0.58181E+00
   72.00  0.29176E+00 -0.81304E+00  0.14215E-03  0.11848E-03  0.98863E+00 -0.41738E-03 -0.23549E-03  0.55987E+00  0.23948E-02  0.55741E+00
   73.00  0.28517E+00 -0.82964E+00  0.14259E-03  0.17447E-03  0.98841E+00 -0.39384E-03 -0.25788E-03  0.53448E+00  0.31963E-02  0.53213E+00
   74.00  0.27897E+00 -0.84569E+00  0.14340E-03  0.22399E-03  0.98818E+00 -0.36993E-03 -0.27586E-03  0.50822E+00  0.40286E-02  0.50597E+00
   75.00  0.27296E+00 -0.86113E+00  0.14375E-03  0.26575E-03  0.98795E+00 -0.34403E-03 -0.28924E-03  0.48110E+00  0.48315E-02  0.47894E+00
   76.00  0.26699E+00 -0.87587E+00  0.14248E-03  0.29911E-03  0.98770E+00 -0.31414E-03 -0.29807E-03  0.45317E+00  0.55596E-02  0.45110E+00
   77.00  0.26098E+00 -0.88984E+00  0.13814E-03  0.32394E-03  0.98743E+00 -0.27827E-03 -0.30258E-03  0.42447E+00  0.61862E-02  0.42249E+00
   78.00  0.25489E+00 -0.90297E+00  0.12931E-03  0.34057E-03  0.98715E+00 -0.23482E-03 -0.30311E-03  0.39508E+00  0.67049E-02  0.39318E+00
   79.00  0.24870E+00 -0.91520E+00  0.11473E-03  0.34970E-03  0.98685E+00 -0.18294E-03 -0.30009E-03  0.36506E+00  0.71274E-02  0.36323E+00
   80.00  0.24241E+00 -0.92649E+00  0.93580E-04  0.35235E-03  0.98654E+00 -0.12268E-03 -0.29404E-03  0.33446E+00  0.74798E-02  0.33272E+00
   81.00  0.23604E+00 -0.93680E+00  0.65588E-04  0.34977E-03  0.98622E+00 -0.55092E-04 -0.28559E-03  0.30334E+00  0.77975E-02  0.30168E+00
   82.00  0.22961E+00 -0.94609E+00  0.31119E-04  0.34339E-03  0.98590E+00  0.17826E-04 -0.27551E-03  0.27173E+00  0.81194E-02  0.27016E+00
   83.00  0.22313E+00 -0.95434E+00 -0.88336E-05  0.33471E-03  0.98556E+00  0.93344E-04 -0.26474E-03  0.23966E+00  0.84822E-02  0.23820E+00
   84.00  0.21664E+00 -0.96153E+00 -0.52737E-04  0.32516E-03  0.98523E+00  0.16827E-03 -0.25440E-03  0.20715E+00  0.89159E-02  0.20580E+00
   85.00  0.21015E+00 -0.96762E+00 -0.98674E-04  0.31597E-03  0.98488E+00  0.23925E-03 -0.24575E-03  0.17423E+00  0.94403E-02  0.17301E+00
   86.00  0.20372E+00 -0.97258E+00 -0.14455E-03  0.30809E-03  0.98453E+00  0.30316E-03 -0.24015E-03  0.14091E+00  0.10062E-01  0.13983E+00
   87.00  0.19736E+00 -0.97639E+00 -0.18829E-03  0.30200E-03  0.98416E+00  0.35732E-03 -0.23895E-03  0.10725E+00  0.10776E-01  0.10633E+00
   88.00  0.19114E+00 -0.97903E+00 -0.22808E-03  0.29769E-03  0.98378E+00  0.39978E-03 -0.24338E-03  0.73303E-01  0.11564E-01  0.72546E-01
   89.00  0.18510E+00 -0.98046E+00 -0.26252E-03  0.29463E-03  0.98340E+00  0.42945E-03 -0.25441E-03  0.39131E-01  0.12394E-01  0.38552E-01
   90.00  0.17929E+00 -0.98067E+00 -0.29076E-03  0.29176E-03  0.98300E+00  0.44614E-03 -0.27259E-03  0.48216E-02  0.13229E-01  0.44332E-02
   91.00  0.17376E+00 -0.97965E+00 -0.31255E-03  0.28760E-03  0.98260E+00  0.45056E-03 -0.29794E-03 -0.29529E-01  0.14025E-01 -0.29715E-01
   92.00  0.16855E+00 -0.97742E+00 -0.32827E-03  0.28042E-03  0.98220E+00  0.44421E-03 -0.32989E-03 -0.63818E-01  0.14736E-01 -0.63792E-01
   93.00  0.16370E+00 -0.97399E+00 -0.33882E-03  0.26842E-03  0.98182E+00  0.42918E-03 -0.36720E-03 -0.97941E-01  0.15317E-01 -0.97692E-01
   94.00  0.15925E+00 -0.96939E+00 -0.34556E-03  0.24996E-03  0.98145E+00  0.40796E-03 -0.40808E-03 -0.13180E+00  0.15732E-01 -0.13132E+00
   95.00  0.15523E+00 -0.96367E+00 -0.35008E-03  0.22376E-03  0.98111E+00  0.38323E-03 -0.45026E-03 -0.16530E+00  0.15951E-01 -0.16457E+00
   96.00  0.15164E+00 -0.95687E+00 -0.35413E-03  0.18910E-03  0.98081E+00  0.35764E-03 -0.49121E-03 -0.19836E+00  0.15960E-01 -0.19739E+00
   97.00  0.14850E+00 -0.94905E+00 -0.35940E-03  0.14594E-03  0.98055E+00  0.33362E-03 -0.52833E-03 -0.23092E+00  0.15756E-01 -0.22970E+00
   98.00  0.14580E+00 -0.94026E+00 -0.36747E-03  0.94918E-04  0.98035E+00  0.31324E-03 -0.55919E-03 -0.26293E+00  0.15354E-01 -0.26145E+00
   99.00  0.14354E+00 -0.93055E+00 -0.37965E-03  0.37326E-04  0.98020E+00  0.29817E-03 -0.58175E-03 -0.29435E+00  0.14778E-01 -0.29262E+00
  100.00  0.14171E+00 -0.91997E+00 -0.39705E-03 -0.25011E-04  0.98011E+00  0.28955E-03 -0.59451E-03 -0.32516E+00  0.14067E-01 -0.32319E+00
  101.00  0.14027E+00 -0.90855E+00 -0.42046E-03 -0.89913E-04  0.98008E+00  0.28807E-03 -0.59663E-03 -0.35534E+00  0.13265E-01 -0.35313E+00
  102.00  0.13920E+00 -0.89634E+00 -0.45046E-03 -0.15503E-03  0.98009E+00  0.29393E-03 -0.58788E-03 -0.38489E+00  0.12417E-01 -0.38245E+00
  103.00  0.13847E+00 -0.88337E+00 -0.48732E-03 -0.21803E-03  0.98015E+00  0.30690E-03 -0.56865E-03 -0.41379E+00  0.11569E-01 -0.41113E+00
  104.00  0.13804E+00 -0.86965E+00 -0.53108E-03 -0.27675E-03  0.98025E+00  0.32640E-03 -0.53982E-03 -0.44203E+00  0.10761E-01 -0.43917E+00
  105.00  0.13787E+00 -0.85521E+00 -0.58147E-03 -0.32935E-03  0.98038E+00  0.35149E-03 -0.50262E-03 -0.46960E+00  0.10021E-01 -0.46654E+00
  106.00  0.13792E+00 -0.84010E+00 -0.63792E-03 -0.37436E-03  0.98053E+00  0.38103E-03 -0.45847E-03 -0.49647E+00  0.93709E-02 -0.49323E+00
  107.00  0.13817E+00 -0.82433E+00 -0.69952E-03 -0.41079E-03  0.98070E+00  0.41365E-03 -0.40888E-03 -0.52262E+00  0.88194E-02 -0.51920E+00
  108.00  0.13858E+00 -0.80794E+00 -0.76499E-03 -0.43807E-03  0.98088E+00  0.44788E-03 -0.35532E-03 -0.54802E+00  0.83659E-02 -0.54442E+00
  109.00  0.13912E+00 -0.79099E+00 -0.83274E-03 -0.45614E-03  0.98105E+00  0.48217E-03 -0.29915E-03 -0.57264E+00  0.80016E-02 -0.56887E+00
  110.00  0.13975E+00 -0.77352E+00 -0.90087E-03 -0.46534E-03  0.98122E+00  0.51501E-03 -0.24155E-03 -0.59644E+00  0.77115E-02 -0.59250E+00
  111.00  0.14047E+00 -0.75559E+00 -0.96726E-03 -0.46643E-03  0.98139E+00  0.54493E-03 -0.18351E-03 -0.61941E+00  0.74771E-02 -0.61529E+00
  112.00  0.14125E+00 -0.73725E+00 -0.10297E-02 -0.46045E-03  0.98154E+00  0.57059E-03 -0.12584E-03 -0.64152E+00  0.72783E-02 -0.63721E+00
  113.00  0.14207E+00 -0.71857E+00 -0.10859E-02 -0.44874E-03  0.98168E+00  0.59083E-03 -0.69127E-04 -0.66274E+00  0.70958E-02 -0.65824E+00
  114.00  0.14293E+00 -0.69961E+00 -0.11339E-02 -0.43275E-03  0.98181E+00  0.60469E-03 -0.13795E-04 -0.68307E+00  0.69122E-02 -0.67836E+00
  115.00  0.14381E+00 -0.68044E+00 -0.11716E-02 -0.41403E-03  0.98193E+00  0.61147E-03  0.39906E-04 -0.70249E+00  0.67132E-02 -0.69756E+00
  116.00  0.14471E+00 -0.66111E+00 -0.11977E-02 -0.39411E-03  0.98204E+00  0.61074E-03  0.91878E-04 -0.72101E+00  0.64877E-02 -0.71586E+00
  117.00  0.14561E+00 -0.64169E+00 -0.12110E-02 -0.37441E-03  0.98214E+00  0.60235E-03  0.14215E-03 -0.73864E+00  0.62284E-02 -0.73325E+00
  118.00  0.14651E+00 -0.62223E+00 -0.12108E-02 -0.35621E-03  0.98223E+00  0.58643E-03  0.19088E-03 -0.75537E+00  0.59310E-02 -0.74973E+00
  119.00  0.14741E+00 -0.60279E+00 -0.11970E-02 -0.34059E-03  0.98231E+00  0.56337E-03  0.23830E-03 -0.77123E+00  0.55940E-02 -0.76534E+00
  120.00  0.14830E+00 -0.58341E+00 -0.11697E-02 -0.32839E-03  0.98239E+00  0.53379E-03  0.28472E-03 -0.78624E+00  0.52186E-02 -0.78009E+00
  121.00  0.14917E+00 -0.56415E+00 -0.11295E-02 -0.32019E-03  0.98247E+00  0.49850E-03  0.33048E-03 -0.80041E+00  0.48073E-02 -0.79400E+00
  122.00  0.15001E+00 -0.54503E+00 -0.10775E-02 -0.31635E-03  0.98254E+00  0.45846E-03  0.37593E-03 -0.81378E+00  0.43642E-02 -0.80711E+00
  123.00  0.15083E+00 -0.52610E+00 -0.10149E-02 -0.31695E-03  0.98262E+00  0.41473E-03  0.42140E-03 -0.82636E+00  0.38944E-02 -0.81944E+00
  124.00  0.15162E+00 -0.50738E+00 -0.94308E-03 -0.32186E-03  0.98269E+00  0.36841E-03  0.46716E-03 -0.83821E+00  0.34031E-02 -0.83102E+00
  125.00  0.15237E+00 -0.48890E+00 -0.86362E-03 -0.33072E-03  0.98277E+00  0.32059E-03  0.51337E-03 -0.84933E+00  0.28963E-02 -0.84190E+00
  126.00  0.15309E+00 -0.47068E+00 -0.77815E-03 -0.34300E-03  0.98285E+00  0.27234E-03  0.56008E-03 -0.85977E+00  0.23796E-02 -0.85209E+00
  127.00  0.15377E+00 -0.45274E+00 -0.68831E-03 -0.35797E-03  0.98293E+00  0.22463E-03  0.60721E-03 -0.86955E+00  0.18585E-02 -0.86165E+00
  128.00  0.15442E+00 -0.43510E+00 -0.59571E-03 -0.37481E-03  0.98301E+00  0.17836E-03  0.65448E-03 -0.87872E+00  0.13381E-02 -0.87059E+00
  129.00  0.15503E+00 -0.41776E+00 -0.50189E-03 -0.39257E-03  0.98309E+00  0.13430E-03  0.70149E-03 -0.88730E+00  0.82297E-03 -0.87894E+00
  130.00  0.15562E+00 -0.40075E+00 -0.40830E-03 -0.41029E-03  0.98318E+00  0.93110E-04  0.74766E-03 -0.89531E+00  0.31732E-03 -0.88675E+00
  131.00  0.15619E+00 -0.38408E+00 -0.31631E-03 -0.42694E-03  0.98327E+00  0.55345E-04  0.79226E-03 -0.90279E+00 -0.17531E-03 -0.89404E+00
  132.00  0.15674E+00 -0.36774E+00 -0.22716E-03 -0.44152E-03  0.98337E+00  0.21431E-04  0.83448E-03 -0.90977E+00 -0.65179E-03 -0.90082E+00
  133.00  0.15729E+00 -0.35177E+00 -0.14197E-03 -0.45307E-03  0.98346E+00 -0.83152E-05  0.87338E-03 -0.91627E+00 -0.11094E-02 -0.90714E+00
  134.00  0.15784E+00 -0.33615E+00 -0.61758E-04 -0.46068E-03  0.98356E+00 -0.33687E-04  0.90802E-03 -0.92231E+00 -0.15456E-02 -0.91301E+00
  135.00  0.15840E+00 -0.32091E+00  0.12612E-04 -0.46355E-03  0.98366E+00 -0.54584E-04  0.93744E-03 -0.92792E+00 -0.19580E-02 -0.91846E+00
  136.00  0.15898E+00 -0.30605E+00  0.80400E-04 -0.46096E-03  0.98377E+00 -0.71014E-04  0.96073E-03 -0.93313E+00 -0.23445E-02 -0.92351E+00
  137.00  0.15958E+00 -0.29157E+00  0.14102E-03 -0.45237E-03  0.98387E+00 -0.83085E-04  0.97710E-03 -0.93795E+00 -0.27029E-02 -0.92817E+00
  138.00  0.16021E+00 -0.27748E+00  0.19406E-03 -0.43738E-03  0.98398E+00 -0.91005E-04  0.98588E-03 -0.94240E+00 -0.30311E-02 -0.93248E+00
  139.00  0.16087E+00 -0.26377E+00  0.23926E-03 -0.41577E-03  0.98409E+00 -0.95079E-04  0.98660E-03 -0.94651E+00 -0.33270E-02 -0.93645E+00
  140.00  0.16157E+00 -0.25046E+00  0.27657E-03 -0.38755E-03  0.98419E+00 -0.95697E-04  0.97899E-03 -0.95030E+00 -0.35890E-02 -0.94010E+00
  141.00  0.16231E+00 -0.23753E+00  0.30610E-03 -0.35292E-03  0.98430E+00 -0.93330E-04  0.96300E-03 -0.95378E+00 -0.38156E-02 -0.94345E+00
  142.00  0.16308E+00 -0.22499E+00  0.32813E-03 -0.31229E-03  0.98441E+00 -0.88506E-04  0.93881E-03 -0.95698E+00 -0.40056E-02 -0.94652E+00
  143.00  0.16388E+00 -0.21283E+00  0.34311E-03 -0.26631E-03  0.98452E+00 -0.81799E-04  0.90684E-03 -0.95992E+00 -0.41583E-02 -0.94933E+00
  144.00  0.16472E+00 -0.20105E+00  0.35162E-03 -0.21574E-03  0.98462E+00 -0.73798E-04  0.86772E-03 -0.96261E+00 -0.42738E-02 -0.95190E+00
  145.00  0.16559E+00 -0.18964E+00  0.35434E-03 -0.16153E-03  0.98473E+00 -0.65085E-04  0.82226E-03 -0.96507E+00 -0.43524E-02 -0.95423E+00
  146.00  0.16648E+00 -0.17860E+00  0.35203E-03 -0.10467E-03  0.98483E+00 -0.56203E-04  0.77144E-03 -0.96731E+00 -0.43950E-02 -0.95636E+00
  147.00  0.16740E+00 -0.16791E+00  0.34547E-03 -0.46236E-04  0.98493E+00 -0.47632E-04  0.71637E-03 -0.96936E+00 -0.44030E-02 -0.95828E+00
  148.00  0.16832E+00 -0.15758E+00  0.33545E-03  0.12713E-04  0.98502E+00 -0.39762E-04  0.65823E-03 -0.97122E+00 -0.43785E-02 -0.96002E+00
  149.00  0.16926E+00 -0.14761E+00  0.32275E-03  0.71151E-04  0.98511E+00 -0.32880E-04  0.59826E-03 -0.97291E+00 -0.43235E-02 -0.96159E+00
  150.00  0.17020E+00 -0.13797E+00  0.30808E-03  0.12812E-03  0.98519E+00 -0.27159E-04  0.53770E-03 -0.97444E+00 -0.42407E-02 -0.96301E+00
  151.00  0.17114E+00 -0.12867E+00  0.29207E-03  0.18275E-03  0.98527E+00 -0.22660E-04  0.47777E-03 -0.97583E+00 -0.41328E-02 -0.96427E+00
  152.00  0.17207E+00 -0.11971E+00  0.27527E-03  0.23430E-03  0.98534E+00 -0.19342E-04  0.41961E-03 -0.97708E+00 -0.40028E-02 -0.96539E+00
  153.00  0.17298E+00 -0.11107E+00  0.25817E-03  0.28213E-03  0.98540E+00 -0.17076E-04  0.36427E-03 -0.97820E+00 -0.38537E-02 -0.96638E+00
  154.00  0.17389E+00 -0.10276E+00  0.24111E-03  0.32578E-03  0.98545E+00 -0.15675E-04  0.31266E-03 -0.97920E+00 -0.36885E-02 -0.96725E+00
  155.00  0.17477E+00 -0.94772E-01  0.22439E-03  0.36489E-03  0.98550E+00 -0.14917E-04  0.26552E-03 -0.98009E+00 -0.35105E-02 -0.96800E+00
  156.00  0.17563E+00 -0.87107E-01  0.20818E-03  0.39930E-03  0.98553E+00 -0.14572E-04  0.22340E-03 -0.98088E+00 -0.33226E-02 -0.96865E+00
  157.00  0.17647E+00 -0.79763E-01  0.19260E-03  0.42899E-03  0.98555E+00 -0.14428E-04  0.18665E-03 -0.98157E+00 -0.31278E-02 -0.96919E+00
  158.00  0.17728E+00 -0.72741E-01  0.17768E-03  0.45409E-03  0.98556E+00 -0.14303E-04  0.15539E-03 -0.98216E+00 -0.29292E-02 -0.96964E+00
  159.00  0.17806E+00 -0.66041E-01  0.16343E-03  0.47488E-03  0.98556E+00 -0.14065E-04  0.12951E-03 -0.98268E+00 -0.27293E-02 -0.97000E+00
  160.00  0.17882E+00 -0.59663E-01  0.14977E-03  0.49177E-03  0.98555E+00 -0.13629E-04  0.10873E-03 -0.98312E+00 -0.25306E-02 -0.97029E+00
  161.00  0.17954E+00 -0.53609E-01  0.13665E-03  0.50527E-03  0.98553E+00 -0.12961E-04  0.92548E-04 -0.98349E+00 -0.23351E-02 -0.97050E+00
  162.00  0.18024E+00 -0.47880E-01  0.12398E-03  0.51595E-03  0.98550E+00 -0.12065E-04  0.80355E-04 -0.98380E+00 -0.21446E-02 -0.97064E+00
  163.00  0.18090E+00 -0.42478E-01  0.11169E-03  0.52442E-03  0.98546E+00 -0.10978E-04  0.71426E-04 -0.98405E+00 -0.19601E-02 -0.97072E+00
  164.00  0.18154E+00 -0.37402E-01  0.99749E-04  0.53128E-03  0.98541E+00 -0.97532E-05  0.64992E-04 -0.98425E+00 -0.17823E-02 -0.97074E+00
  165.00  0.18215E+00 -0.32656E-01  0.88141E-04  0.53711E-03  0.98535E+00 -0.84538E-05  0.60293E-04 -0.98441E+00 -0.16115E-02 -0.97071E+00
  166.00  0.18272E+00 -0.28241E-01  0.76904E-04  0.54242E-03  0.98527E+00 -0.71413E-05  0.56622E-04 -0.98452E+00 -0.14474E-02 -0.97064E+00
  167.00  0.18327E+00 -0.24157E-01  0.66112E-04  0.54760E-03  0.98519E+00 -0.58701E-05  0.53373E-04 -0.98459E+00 -0.12897E-02 -0.97052E+00
  168.00  0.18379E+00 -0.20406E-01  0.55867E-04  0.55297E-03  0.98509E+00 -0.46842E-05  0.50067E-04 -0.98463E+00 -0.11377E-02 -0.97035E+00
  169.00  0.18428E+00 -0.16988E-01  0.46290E-04  0.55872E-03  0.98498E+00 -0.36161E-05  0.46376E-04 -0.98463E+00 -0.99122E-03 -0.97015E+00
  170.00  0.18474E+00 -0.13903E-01  0.37503E-04  0.56492E-03  0.98486E+00 -0.26873E-05  0.42122E-04 -0.98461E+00 -0.84997E-03 -0.96992E+00
  171.00  0.18517E+00 -0.11147E-01  0.29612E-04  0.57155E-03  0.98473E+00 -0.19089E-05  0.37271E-04 -0.98456E+00 -0.71428E-03 -0.96966E+00
  172.00  0.18557E+00 -0.87160E-02  0.22694E-04  0.57848E-03  0.98460E+00 -0.12835E-05  0.31914E-04 -0.98448E+00 -0.58497E-03 -0.96938E+00
  173.00  0.18594E+00 -0.66044E-02  0.16786E-04  0.58552E-03  0.98446E+00 -0.80553E-06  0.26241E-04 -0.98439E+00 -0.46337E-03 -0.96909E+00
  174.00  0.18626E+00 -0.48040E-02  0.11887E-04  0.59241E-03  0.98433E+00 -0.46246E-06  0.20507E-04 -0.98429E+00 -0.35127E-03 -0.96880E+00
  175.00  0.18655E+00 -0.33053E-02  0.79526E-05  0.59889E-03  0.98421E+00 -0.23543E-06  0.14999E-04 -0.98419E+00 -0.25083E-03 -0.96853E+00
  176.00  0.18679E+00 -0.20981E-02  0.49125E-05  0.60468E-03  0.98410E+00 -0.10094E-06  0.10012E-04 -0.98410E+00 -0.16439E-03 -0.96828E+00
  177.00  0.18698E+00 -0.11722E-02  0.26787E-05  0.60949E-03  0.98401E+00 -0.33125E-07  0.58178E-05 -0.98401E+00 -0.94245E-04 -0.96807E+00
  178.00  0.18712E+00 -0.51830E-03  0.11619E-05  0.61311E-03  0.98395E+00 -0.67195E-08  0.26459E-05 -0.98395E+00 -0.42473E-04 -0.96791E+00
  179.00  0.18720E+00 -0.12916E-03  0.28599E-06  0.61536E-03  0.98390E+00 -0.42681E-09  0.67062E-06 -0.98390E+00 -0.10709E-04 -0.96781E+00
  180.00  0.18723E+00 -0.31977E-14  0.70501E-17  0.61612E-03  0.98389E+00 -0.26359E-30  0.16697E-16 -0.98389E+00 -0.26615E-15 -0.96778E+00
 scattering matrix expansion coefficients
    w  a11         a22         a33         a23         a32         a44         a12         a34         a13         a24         a14
    0  0.1000E+01  0.0000E+00  0.0000E+00  0.0000E+00  0.0000E+00  0.8208E+00  0.0000E+00  0.0000E+00  0.0000E+00  0.0000E+00 -0.8077E-05
    1  0.2285E+01  0.0000E+00  0.0000E+00  0.0000E+00  0.0000E+00  0.2456E+01  0.0000E+00  0.0000E+00  0.0000E+00  0.0000E+00 -0.1081E-04
    2  0.3217E+01  0.2197E+00  0.4027E+01  0.1545E-06  0.2959E-03  0.3209E+01 -0.3647E+00  0.1762E-02 -0.5832E-04 -0.2834E-04 -0.6232E-04
    3  0.3676E+01  0.5623E-01  0.4150E+01  0.4479E-07  0.4602E-03  0.3689E+01 -0.2450E+00 -0.1169E-02  0.1250E-03 -0.6192E-04 -0.1931E-03
    4  0.3973E+01  0.3300E-01  0.4299E+01 -0.9966E-07  0.5997E-03  0.3974E+01 -0.1807E+00 -0.4171E-02  0.2206E-04  0.1687E-03 -0.1134E-03
    5  0.4134E+01  0.2049E-01  0.4383E+01  0.5173E-07  0.2725E-03  0.4122E+01 -0.1342E+00 -0.3458E-02 -0.1321E-03 -0.5983E-04 -0.2978E-03
    6  0.4161E+01  0.5450E-02  0.4374E+01 -0.1297E-06  0.4777E-04  0.4161E+01 -0.1237E+00 -0.5566E-02  0.4461E-04 -0.2466E-05 -0.3673E-03
    7  0.4096E+01 -0.2841E-03  0.4280E+01 -0.2631E-06  0.3081E-04  0.4111E+01 -0.1219E+00 -0.7303E-02 -0.5727E-04  0.9491E-05 -0.3092E-03
    8  0.3995E+01  0.1021E-01  0.4138E+01  0.6523E-07  0.6445E-04  0.3989E+01 -0.9945E-01 -0.8830E-02 -0.3039E-04 -0.5719E-04 -0.1361E-03
    9  0.3848E+01  0.7261E-02  0.3966E+01  0.1063E-06  0.1779E-03  0.3838E+01 -0.8176E-01 -0.8371E-02  0.4742E-04  0.3091E-04  0.2508E-04
   10  0.3664E+01 -0.3092E-02  0.3772E+01 -0.6485E-08  0.1185E-03  0.3673E+01 -0.8479E-01 -0.6890E-02 -0.5262E-04  0.2968E-04  0.2854E-04
   11  0.3489E+01 -0.2257E-03  0.3577E+01 -0.4622E-07  0.1102E-04  0.3497E+01 -0.7657E-01 -0.5791E-02 -0.2655E-04  0.3349E-04  0.8124E-04
   12  0.3327E+01  0.5251E-02  0.3395E+01 -0.5524E-08 -0.3941E-04  0.3323E+01 -0.4788E-01 -0.3973E-02  0.8045E-05 -0.1034E-04  0.8133E-04
   13  0.3149E+01  0.4484E-02  0.3210E+01  0.5298E-07 -0.1866E-03  0.3143E+01 -0.2649E-01 -0.1602E-02 -0.5712E-04 -0.1229E-04  0.5366E-04
   14  0.2939E+01  0.1025E-02  0.2997E+01  0.4704E-07 -0.3078E-03  0.2936E+01 -0.2488E-01 -0.9960E-05 -0.6288E-04  0.2999E-04  0.6597E-04
   15  0.2702E+01 -0.8747E-03  0.2757E+01  0.1432E-07 -0.2762E-03  0.2703E+01 -0.3179E-01  0.8420E-03 -0.1989E-04 -0.2716E-05  0.1208E-04
   16  0.2458E+01 -0.4089E-04  0.2506E+01  0.3379E-07 -0.1715E-03  0.2458E+01 -0.3525E-01  0.1284E-02  0.6423E-05 -0.1622E-04 -0.5416E-04
   17  0.2218E+01  0.2475E-03  0.2259E+01 -0.1445E-07 -0.6410E-04  0.2217E+01 -0.3614E-01  0.1073E-02  0.1196E-04 -0.1039E-04 -0.6930E-04
   18  0.1990E+01 -0.1281E-03  0.2026E+01 -0.2785E-07  0.1161E-04  0.1990E+01 -0.3711E-01  0.6209E-03  0.1539E-04  0.6713E-05 -0.3355E-04
   19  0.1783E+01 -0.3173E-03  0.1814E+01 -0.2959E-08  0.5689E-04  0.1785E+01 -0.3657E-01  0.1109E-02  0.1970E-04  0.7913E-05 -0.1255E-04
   20  0.1606E+01 -0.3245E-03  0.1630E+01  0.2912E-07  0.5002E-04  0.1608E+01 -0.3167E-01  0.2431E-02  0.1617E-04  0.6950E-06 -0.3042E-04
   21  0.1457E+01  0.2295E-03  0.1476E+01  0.3010E-07 -0.1158E-04  0.1458E+01 -0.2118E-01  0.3505E-02  0.6303E-05 -0.7066E-05 -0.6776E-04
   22  0.1326E+01  0.1304E-02  0.1342E+01  0.3557E-08 -0.9222E-04  0.1324E+01 -0.7689E-02  0.3774E-02 -0.5807E-05 -0.1228E-04 -0.9727E-04
   23  0.1194E+01  0.1716E-02  0.1208E+01 -0.9734E-08 -0.1436E-03  0.1191E+01  0.2025E-02  0.3572E-02 -0.6245E-05 -0.1411E-04 -0.1047E-03
   24  0.1047E+01  0.1010E-02  0.1062E+01 -0.4210E-08 -0.1471E-03  0.1044E+01  0.2618E-02  0.3271E-02  0.5795E-06 -0.1007E-04 -0.8967E-04
   25  0.8814E+00 -0.1618E-03  0.8973E+00  0.1502E-08 -0.1242E-03  0.8808E+00 -0.4909E-02  0.2901E-02  0.1662E-05 -0.2691E-05 -0.6173E-04
   26  0.7110E+00 -0.8895E-03  0.7264E+00  0.5770E-09 -0.9497E-04  0.7121E+00 -0.1438E-01  0.2322E-02 -0.3385E-05  0.1105E-05 -0.3219E-04
   27  0.5523E+00 -0.8561E-03  0.5654E+00 -0.3940E-08 -0.6447E-04  0.5538E+00 -0.1998E-01  0.1558E-02 -0.5518E-05  0.1689E-05 -0.8938E-05
   28  0.4169E+00 -0.3435E-03  0.4270E+00 -0.4055E-08 -0.3312E-04  0.4178E+00 -0.2008E-01  0.8241E-03 -0.3177E-05  0.1714E-05  0.6400E-05
   29  0.3075E+00  0.1107E-03  0.3149E+00 -0.1784E-08 -0.5272E-05  0.3075E+00 -0.1691E-01  0.3545E-03 -0.2706E-07  0.2595E-05  0.1662E-04
   30  0.2207E+00  0.2367E-03  0.2261E+00 -0.5261E-09  0.1292E-04  0.2204E+00 -0.1343E-01  0.1956E-03  0.1138E-05  0.2821E-05  0.2252E-04
   31  0.1522E+00  0.1377E-03  0.1563E+00 -0.3072E-09  0.2017E-04  0.1521E+00 -0.1102E-01  0.2123E-03  0.7878E-06  0.1896E-05  0.2360E-04
   32  0.9944E-01  0.3438E-04  0.1025E+00 -0.2583E-09  0.1928E-04  0.9951E-01 -0.9369E-02  0.2505E-03 -0.5426E-07  0.4605E-06  0.2023E-04
   33  0.6074E-01  0.2147E-04  0.6283E-01 -0.2938E-10  0.1458E-04  0.6083E-01 -0.7725E-02  0.2390E-03 -0.6831E-06 -0.5453E-06  0.1461E-04
   34  0.3440E-01  0.6424E-04  0.3568E-01  0.1778E-09  0.9253E-05  0.3440E-01 -0.5836E-02  0.1824E-03 -0.7830E-06 -0.8486E-06  0.9132E-05
   35  0.1799E-01  0.9901E-04  0.1867E-01  0.1680E-09  0.5098E-05  0.1790E-01 -0.3938E-02  0.1145E-03 -0.5898E-06 -0.7125E-06  0.4873E-05
   36  0.8671E-02  0.9976E-04  0.8983E-02  0.7436E-11  0.2499E-05  0.8548E-02 -0.2359E-02  0.6099E-04 -0.3706E-06 -0.4561E-06  0.2227E-05
   37  0.3854E-02  0.7616E-04  0.3976E-02 -0.1282E-09  0.1107E-05  0.3748E-02 -0.1259E-02  0.2832E-04 -0.2087E-06 -0.2484E-06  0.9229E-06
   38  0.1582E-02  0.4740E-04  0.1622E-02 -0.1590E-09  0.4442E-06  0.1511E-02 -0.6024E-03  0.1168E-04 -0.9715E-07 -0.1232E-06  0.3616E-06
   39  0.6015E-03  0.2509E-04  0.6112E-03 -0.1154E-09  0.1648E-06  0.5624E-03 -0.2603E-03  0.4327E-05 -0.4321E-07 -0.5490E-07  0.1373E-06
   40  0.2124E-03  0.1161E-04  0.2136E-03 -0.5981E-10  0.5350E-07  0.1938E-03 -0.1023E-03  0.1453E-05 -0.1596E-07 -0.2131E-07  0.5157E-07
   41  0.6986E-04  0.4785E-05  0.6945E-04 -0.2182E-10  0.1451E-07  0.6202E-04 -0.3682E-04  0.4433E-06 -0.4718E-08 -0.6740E-08  0.1698E-07
   42  0.2146E-04  0.1778E-05  0.2106E-04 -0.4821E-11  0.2738E-08  0.1849E-04 -0.1221E-04  0.1233E-06 -0.8049E-09 -0.1429E-08  0.4618E-08
   43  0.6167E-05  0.5997E-06  0.5972E-05 -0.2126E-12  0.1882E-09  0.5153E-05 -0.3742E-05  0.3220E-07 -0.9020E-11 -0.7941E-10  0.5081E-09
   44  0.1670E-05  0.1841E-06  0.1596E-05  0.2258E-12 -0.1469E-09  0.1355E-05 -0.1067E-05  0.8994E-08  0.7366E-10  0.1087E-09 -0.1326E-09
   45  0.4301E-06  0.5170E-07  0.4064E-06  0.1029E-12 -0.9556E-10  0.3412E-06 -0.2864E-06  0.2951E-08  0.3587E-10  0.5844E-10 -0.1099E-09
   46  0.1154E-06  0.1377E-07  0.1090E-06  0.2088E-13 -0.2802E-10  0.9160E-07 -0.7660E-07  0.1000E-08  0.1188E-10  0.2012E-10 -0.4926E-10
   47  0.2645E-07  0.3350E-08  0.2463E-07  0.2202E-14 -0.8342E-11  0.2076E-07 -0.1848E-07  0.3513E-09  0.3010E-11  0.3081E-11 -0.8992E-11
   48  0.1113E-07  0.1223E-08  0.1059E-07  0.2215E-14 -0.1310E-11  0.9015E-08 -0.7202E-08  0.9003E-10  0.4798E-12  0.1210E-11 -0.4105E-11
   49  0.1537E-08  0.1973E-09  0.1409E-08  0.9550E-15 -0.2747E-12  0.1216E-08 -0.1102E-08  0.2627E-10  0.7886E-13 -0.1386E-12 -0.4831E-14
   50  0.1315E-08  0.1707E-09  0.1230E-08 -0.5902E-15  0.6969E-13  0.1017E-08 -0.8968E-09  0.3989E-11 -0.3233E-13  0.8538E-13 -0.3070E-12
   51  0.7114E-10  0.1022E-10  0.6310E-10 -0.1710E-15 -0.2746E-13  0.5501E-10 -0.5238E-10  0.1007E-11  0.1457E-13 -0.2650E-13  0.4451E-13
   52  0.1166E-09  0.1836E-10  0.1050E-09  0.5578E-16  0.9038E-14  0.8342E-10 -0.8520E-10 -0.4363E-15 -0.4250E-14  0.6314E-14 -0.1927E-13
   53  0.1495E-11  0.2257E-12  0.1161E-11  0.6211E-16 -0.8849E-15  0.1244E-11 -0.1044E-11  0.1725E-13  0.5502E-15 -0.1127E-14  0.2275E-14
   54  0.7941E-11  0.1544E-11  0.7102E-11  0.1866E-16  0.2149E-16  0.5257E-11 -0.6279E-11 -0.1120E-13  0.2281E-18  0.3844E-15 -0.8318E-15
