 input file is 
mstm22_128_4299_20_00226.inp  
 input file comments follow:
***********************************************************
  This is the default mstm input file for v.3.0.
  The run is for a 7-sphere cluster of identical spheres.   The positions
  are embedded in the input file.

  The run makes use of the new_run and multiple_run options.

  14 April 2013
***********************************************************
 number of processors:
   1
 input parameters for run number 
    1
 number of spheres, volume size parameter:
  128  0.21666E+01
 position file:
position/n128/a22.out                                       
 output file:
output/128/x4299/20/00226/mt_22_128_4299_20_00226.dat       
 length, ref. indx. scale factors:
   0.430   2.000   0.023
 chiral factors:
  0.00000E+00  0.00000E+00
 scattering matrix directions based on incident frame
 automatic scattering angle calculation
 thetamin, thetamax:
      0.0    180.0
 number scattering angles:
      181
 epsmie, epssoln, max number iterations:
  0.1000E-05  0.1000E-07 5000
 medium refractive index:
  1.0000  0.0000
 target euler rotation angles:
    0.0000    0.0000    0.0000
 far field kr, iterations/correction:
 -0.1000E+01   20
 plane wave incidence
 random orientation calculations
 t matrix calculated, stored in file 
tmatrixfiles/2212842992000226                               
 t matrix convergence epsilon:
  0.1000E-06
 all spheres excited (total T matrix) 
 calculation results for run 
    1
 total ext, abs, scat efficiencies, w.r.t. xv, and asym. parm
  0.16693E+01  0.11112E+00  0.15582E+01  0.65078E+00
 scattering matrix elements (normalized w/ S11)
   theta      11           12           13           14           22           23           24           33           34           44      
    0.00  0.20939E+02  0.00000E+00  0.00000E+00 -0.72760E-03  0.99940E+00 -0.40604E-04  0.00000E+00  0.99940E+00  0.00000E+00  0.99886E+00 
    1.00  0.20875E+02 -0.16299E-03 -0.91556E-08 -0.72741E-03  0.99940E+00 -0.40031E-04  0.84865E-08  0.99940E+00  0.44841E-05  0.99886E+00 
    2.00  0.20684E+02 -0.65181E-03 -0.38431E-07 -0.72683E-03  0.99940E+00 -0.38295E-04  0.35411E-07  0.99940E+00  0.17921E-04  0.99885E+00 
    3.00  0.20369E+02 -0.14660E-02 -0.93310E-07 -0.72579E-03  0.99939E+00 -0.35347E-04  0.85158E-07  0.99938E+00  0.40265E-04  0.99883E+00 
    4.00  0.19938E+02 -0.26047E-02 -0.18312E-06 -0.72418E-03  0.99937E+00 -0.31107E-04  0.16500E-06  0.99937E+00  0.71434E-04  0.99880E+00 
    5.00  0.19399E+02 -0.40668E-02 -0.32135E-06 -0.72188E-03  0.99935E+00 -0.25455E-04  0.28502E-06  0.99935E+00  0.11131E-03  0.99877E+00 
    6.00  0.18761E+02 -0.58505E-02 -0.52601E-06 -0.71867E-03  0.99933E+00 -0.18240E-04  0.45804E-06  0.99931E+00  0.15970E-03  0.99872E+00 
    7.00  0.18037E+02 -0.79535E-02 -0.82022E-06 -0.71434E-03  0.99930E+00 -0.92696E-05  0.69943E-06  0.99927E+00  0.21640E-03  0.99865E+00 
    8.00  0.17241E+02 -0.10373E-01 -0.12328E-05 -0.70859E-03  0.99927E+00  0.16905E-05  0.10269E-05  0.99922E+00  0.28106E-03  0.99857E+00 
    9.00  0.16387E+02 -0.13104E-01 -0.17990E-05 -0.70110E-03  0.99923E+00  0.14917E-04  0.14602E-05  0.99915E+00  0.35329E-03  0.99847E+00 
   10.00  0.15488E+02 -0.16143E-01 -0.25613E-05 -0.69149E-03  0.99918E+00  0.30733E-04  0.20205E-05  0.99906E+00  0.43256E-03  0.99835E+00 
   11.00  0.14561E+02 -0.19483E-01 -0.35705E-05 -0.67932E-03  0.99913E+00  0.49507E-04  0.27300E-05  0.99895E+00  0.51818E-03  0.99820E+00 
   12.00  0.13618E+02 -0.23116E-01 -0.48860E-05 -0.66413E-03  0.99907E+00  0.71656E-04  0.36109E-05  0.99882E+00  0.60931E-03  0.99802E+00 
   13.00  0.12674E+02 -0.27032E-01 -0.65771E-05 -0.64542E-03  0.99899E+00  0.97640E-04  0.46845E-05  0.99866E+00  0.70491E-03  0.99780E+00 
   14.00  0.11742E+02 -0.31221E-01 -0.87229E-05 -0.62265E-03  0.99891E+00  0.12796E-03  0.59697E-05  0.99846E+00  0.80367E-03  0.99754E+00 
   15.00  0.10831E+02 -0.35670E-01 -0.11413E-04 -0.59528E-03  0.99882E+00  0.16313E-03  0.74813E-05  0.99823E+00  0.90408E-03  0.99724E+00 
   16.00  0.99531E+01 -0.40363E-01 -0.14744E-04 -0.56279E-03  0.99871E+00  0.20368E-03  0.92284E-05  0.99796E+00  0.10043E-02  0.99689E+00 
   17.00  0.91153E+01 -0.45284E-01 -0.18824E-04 -0.52473E-03  0.99858E+00  0.25014E-03  0.11212E-04  0.99765E+00  0.11023E-02  0.99648E+00 
   18.00  0.83244E+01 -0.50416E-01 -0.23760E-04 -0.48072E-03  0.99845E+00  0.30294E-03  0.13423E-04  0.99728E+00  0.11956E-02  0.99601E+00 
   19.00  0.75850E+01 -0.55742E-01 -0.29662E-04 -0.43054E-03  0.99829E+00  0.36244E-03  0.15839E-04  0.99687E+00  0.12816E-02  0.99549E+00 
   20.00  0.69004E+01 -0.61244E-01 -0.36629E-04 -0.37420E-03  0.99811E+00  0.42882E-03  0.18427E-04  0.99640E+00  0.13578E-02  0.99489E+00 
   21.00  0.62721E+01 -0.66911E-01 -0.44745E-04 -0.31195E-03  0.99792E+00  0.50205E-03  0.21138E-04  0.99587E+00  0.14212E-02  0.99422E+00 
   22.00  0.57003E+01 -0.72733E-01 -0.54065E-04 -0.24439E-03  0.99771E+00  0.58177E-03  0.23912E-04  0.99528E+00  0.14694E-02  0.99348E+00 
   23.00  0.51840E+01 -0.78709E-01 -0.64603E-04 -0.17248E-03  0.99747E+00  0.66730E-03  0.26679E-04  0.99463E+00  0.15000E-02  0.99267E+00 
   24.00  0.47211E+01 -0.84847E-01 -0.76326E-04 -0.97538E-04  0.99722E+00  0.75754E-03  0.29367E-04  0.99390E+00  0.15115E-02  0.99177E+00 
   25.00  0.43086E+01 -0.91165E-01 -0.89138E-04 -0.21234E-04  0.99695E+00  0.85097E-03  0.31911E-04  0.99311E+00  0.15030E-02  0.99079E+00 
   26.00  0.39429E+01 -0.97693E-01 -0.10288E-03  0.54510E-04  0.99666E+00  0.94570E-03  0.34261E-04  0.99223E+00  0.14745E-02  0.98972E+00 
   27.00  0.36202E+01 -0.10447E+00 -0.11733E-03  0.12764E-03  0.99635E+00  0.10395E-02  0.36394E-04  0.99127E+00  0.14272E-02  0.98856E+00 
   28.00  0.33360E+01 -0.11156E+00 -0.13222E-03  0.19615E-03  0.99604E+00  0.11301E-02  0.38325E-04  0.99021E+00  0.13628E-02  0.98730E+00 
   29.00  0.30862E+01 -0.11900E+00 -0.14724E-03  0.25822E-03  0.99572E+00  0.12149E-02  0.40113E-04  0.98903E+00  0.12843E-02  0.98592E+00 
   30.00  0.28664E+01 -0.12686E+00 -0.16204E-03  0.31241E-03  0.99539E+00  0.12917E-02  0.41866E-04  0.98773E+00  0.11944E-02  0.98441E+00 
   31.00  0.26726E+01 -0.13520E+00 -0.17629E-03  0.35774E-03  0.99505E+00  0.13585E-02  0.43739E-04  0.98627E+00  0.10964E-02  0.98276E+00 
   32.00  0.25010E+01 -0.14406E+00 -0.18968E-03  0.39378E-03  0.99471E+00  0.14136E-02  0.45929E-04  0.98465E+00  0.99281E-03  0.98094E+00 
   33.00  0.23483E+01 -0.15349E+00 -0.20192E-03  0.42062E-03  0.99436E+00  0.14556E-02  0.48664E-04  0.98284E+00  0.88527E-03  0.97893E+00 
   34.00  0.22113E+01 -0.16351E+00 -0.21276E-03  0.43877E-03  0.99402E+00  0.14839E-02  0.52198E-04  0.98080E+00  0.77449E-03  0.97671E+00 
   35.00  0.20874E+01 -0.17414E+00 -0.22200E-03  0.44909E-03  0.99366E+00  0.14978E-02  0.56795E-04  0.97853E+00  0.65984E-03  0.97425E+00 
   36.00  0.19745E+01 -0.18538E+00 -0.22946E-03  0.45261E-03  0.99330E+00  0.14974E-02  0.62725E-04  0.97600E+00  0.53942E-03  0.97154E+00 
   37.00  0.18706E+01 -0.19722E+00 -0.23502E-03  0.45040E-03  0.99292E+00  0.14826E-02  0.70252E-04  0.97318E+00  0.41010E-03  0.96854E+00 
   38.00  0.17744E+01 -0.20964E+00 -0.23856E-03  0.44343E-03  0.99254E+00  0.14538E-02  0.79635E-04  0.97005E+00  0.26770E-03  0.96523E+00 
   39.00  0.16846E+01 -0.22260E+00 -0.24000E-03  0.43247E-03  0.99213E+00  0.14115E-02  0.91121E-04  0.96660E+00  0.10725E-03  0.96160E+00 
   40.00  0.16004E+01 -0.23609E+00 -0.23925E-03  0.41801E-03  0.99170E+00  0.13563E-02  0.10494E-03  0.96280E+00 -0.76774E-04  0.95763E+00 
   41.00  0.15211E+01 -0.25006E+00 -0.23626E-03  0.40018E-03  0.99126E+00  0.12887E-02  0.12132E-03  0.95865E+00 -0.29009E-03  0.95329E+00 
   42.00  0.14463E+01 -0.26447E+00 -0.23102E-03  0.37876E-03  0.99078E+00  0.12097E-02  0.14047E-03  0.95412E+00 -0.53829E-03  0.94857E+00 
   43.00  0.13756E+01 -0.27929E+00 -0.22352E-03  0.35318E-03  0.99027E+00  0.11202E-02  0.16257E-03  0.94921E+00 -0.82649E-03  0.94347E+00 
   44.00  0.13087E+01 -0.29447E+00 -0.21381E-03  0.32251E-03  0.98974E+00  0.10213E-02  0.18779E-03  0.94391E+00 -0.11589E-02  0.93796E+00 
   45.00  0.12457E+01 -0.30997E+00 -0.20199E-03  0.28558E-03  0.98917E+00  0.91447E-03  0.21628E-03  0.93819E+00 -0.15386E-02  0.93203E+00 
   46.00  0.11862E+01 -0.32577E+00 -0.18826E-03  0.24101E-03  0.98856E+00  0.80140E-03  0.24815E-03  0.93206E+00 -0.19670E-02  0.92568E+00 
   47.00  0.11303E+01 -0.34183E+00 -0.17288E-03  0.18737E-03  0.98792E+00  0.68400E-03  0.28349E-03  0.92551E+00 -0.24437E-02  0.91889E+00 
   48.00  0.10778E+01 -0.35814E+00 -0.15621E-03  0.12322E-03  0.98724E+00  0.56450E-03  0.32234E-03  0.91852E+00 -0.29660E-02  0.91165E+00 
   49.00  0.10287E+01 -0.37467E+00 -0.13871E-03  0.47336E-04  0.98653E+00  0.44538E-03  0.36466E-03  0.91108E+00 -0.35291E-02  0.90395E+00 
   50.00  0.98271E+00 -0.39141E+00 -0.12097E-03 -0.41251E-04  0.98579E+00  0.32930E-03  0.41040E-03  0.90319E+00 -0.41255E-02  0.89578E+00 
   51.00  0.93983E+00 -0.40836E+00 -0.10363E-03 -0.14308E-03  0.98501E+00  0.21905E-03  0.45938E-03  0.89481E+00 -0.47458E-02  0.88711E+00 
   52.00  0.89986E+00 -0.42550E+00 -0.87470E-04 -0.25816E-03  0.98420E+00  0.11746E-03  0.51137E-03  0.88593E+00 -0.53780E-02  0.87793E+00 
   53.00  0.86264E+00 -0.44285E+00 -0.73290E-04 -0.38594E-03  0.98336E+00  0.27242E-04  0.56605E-03  0.87653E+00 -0.60085E-02  0.86821E+00 
   54.00  0.82799E+00 -0.46039E+00 -0.61946E-04 -0.52522E-03  0.98249E+00 -0.49049E-04  0.62300E-03  0.86657E+00 -0.66220E-02  0.85793E+00 
   55.00  0.79571E+00 -0.47814E+00 -0.54297E-04 -0.67420E-03  0.98160E+00 -0.10918E-03  0.68170E-03  0.85603E+00 -0.72021E-02  0.84705E+00 
   56.00  0.76561E+00 -0.49608E+00 -0.51175E-04 -0.83047E-03  0.98069E+00 -0.15130E-03  0.74152E-03  0.84488E+00 -0.77320E-02  0.83554E+00 
   57.00  0.73750E+00 -0.51421E+00 -0.53348E-04 -0.99112E-03  0.97975E+00 -0.17406E-03  0.80174E-03  0.83307E+00 -0.81947E-02  0.82337E+00 
   58.00  0.71118E+00 -0.53252E+00 -0.61493E-04 -0.11529E-02  0.97880E+00 -0.17660E-03  0.86157E-03  0.82058E+00 -0.85736E-02  0.81050E+00 
   59.00  0.68649E+00 -0.55099E+00 -0.76163E-04 -0.13121E-02  0.97783E+00 -0.15864E-03  0.92011E-03  0.80736E+00 -0.88530E-02  0.79692E+00 
   60.00  0.66325E+00 -0.56959E+00 -0.97760E-04 -0.14650E-02  0.97685E+00 -0.12045E-03  0.97640E-03  0.79340E+00 -0.90186E-02  0.78257E+00 
   61.00  0.64129E+00 -0.58829E+00 -0.12652E-03 -0.16080E-02  0.97584E+00 -0.62852E-04  0.10294E-02  0.77865E+00 -0.90576E-02  0.76745E+00 
   62.00  0.62047E+00 -0.60704E+00 -0.16250E-03 -0.17374E-02  0.97483E+00  0.12859E-04  0.10782E-02  0.76309E+00 -0.89592E-02  0.75152E+00 
   63.00  0.60066E+00 -0.62580E+00 -0.20556E-03 -0.18498E-02  0.97380E+00  0.10494E-03  0.11215E-02  0.74671E+00 -0.87149E-02  0.73477E+00 
   64.00  0.58174E+00 -0.64451E+00 -0.25539E-03 -0.19422E-02  0.97275E+00  0.21128E-03  0.11585E-02  0.72948E+00 -0.83185E-02  0.71718E+00 
   65.00  0.56359E+00 -0.66310E+00 -0.31149E-03 -0.20119E-02  0.97169E+00  0.32949E-03  0.11881E-02  0.71139E+00 -0.77663E-02  0.69876E+00 
   66.00  0.54612E+00 -0.68153E+00 -0.37318E-03 -0.20570E-02  0.97062E+00  0.45699E-03  0.12094E-02  0.69245E+00 -0.70574E-02  0.67949E+00 
   67.00  0.52926E+00 -0.69972E+00 -0.43965E-03 -0.20757E-02  0.96952E+00  0.59106E-03  0.12214E-02  0.67264E+00 -0.61932E-02  0.65939E+00 
   68.00  0.51292E+00 -0.71759E+00 -0.50992E-03 -0.20670E-02  0.96840E+00  0.72896E-03  0.12234E-02  0.65199E+00 -0.51780E-02  0.63846E+00 
   69.00  0.49705E+00 -0.73510E+00 -0.58294E-03 -0.20304E-02  0.96726E+00  0.86800E-03  0.12148E-02  0.63049E+00 -0.40188E-02  0.61672E+00 
   70.00  0.48160E+00 -0.75216E+00 -0.65755E-03 -0.19659E-02  0.96609E+00  0.10056E-02  0.11950E-02  0.60817E+00 -0.27251E-02  0.59418E+00 
   71.00  0.46653E+00 -0.76872E+00 -0.73251E-03 -0.18739E-02  0.96489E+00  0.11393E-02  0.11637E-02  0.58503E+00 -0.13087E-02  0.57087E+00 
   72.00  0.45181E+00 -0.78471E+00 -0.80658E-03 -0.17552E-02  0.96366E+00  0.12669E-02  0.11207E-02  0.56112E+00  0.21576E-03  0.54682E+00 
   73.00  0.43741E+00 -0.80007E+00 -0.87849E-03 -0.16111E-02  0.96239E+00  0.13864E-02  0.10659E-02  0.53643E+00  0.18316E-02  0.52204E+00 
   74.00  0.42333E+00 -0.81476E+00 -0.94696E-03 -0.14430E-02  0.96109E+00  0.14963E-02  0.99948E-03  0.51101E+00  0.35199E-02  0.49657E+00 
   75.00  0.40954E+00 -0.82871E+00 -0.10108E-02 -0.12528E-02  0.95974E+00  0.15949E-02  0.92175E-03  0.48489E+00  0.52598E-02  0.47043E+00 
   76.00  0.39605E+00 -0.84189E+00 -0.10688E-02 -0.10424E-02  0.95834E+00  0.16814E-02  0.83317E-03  0.45808E+00  0.70282E-02  0.44367E+00 
   77.00  0.38287E+00 -0.85424E+00 -0.11198E-02 -0.81385E-03  0.95689E+00  0.17548E-02  0.73439E-03  0.43062E+00  0.88008E-02  0.41631E+00 
   78.00  0.37000E+00 -0.86573E+00 -0.11628E-02 -0.56945E-03  0.95539E+00  0.18147E-02  0.62623E-03  0.40254E+00  0.10551E-01  0.38838E+00 
   79.00  0.35747E+00 -0.87632E+00 -0.11969E-02 -0.31152E-03  0.95383E+00  0.18607E-02  0.50966E-03  0.37387E+00  0.12253E-01  0.35993E+00 
   80.00  0.34528E+00 -0.88597E+00 -0.12212E-02 -0.42417E-04  0.95221E+00  0.18930E-02  0.38581E-03  0.34465E+00  0.13877E-01  0.33098E+00 
   81.00  0.33346E+00 -0.89467E+00 -0.12351E-02  0.23539E-03  0.95054E+00  0.19118E-02  0.25598E-03  0.31490E+00  0.15395E-01  0.30157E+00 
   82.00  0.32203E+00 -0.90237E+00 -0.12379E-02  0.51941E-03  0.94881E+00  0.19174E-02  0.12158E-03  0.28467E+00  0.16779E-01  0.27174E+00 
   83.00  0.31103E+00 -0.90906E+00 -0.12292E-02  0.80706E-03  0.94703E+00  0.19105E-02 -0.15849E-04  0.25398E+00  0.17999E-01  0.24154E+00 
   84.00  0.30046E+00 -0.91471E+00 -0.12087E-02  0.10957E-02  0.94519E+00  0.18918E-02 -0.15464E-03  0.22288E+00  0.19028E-01  0.21099E+00 
   85.00  0.29035E+00 -0.91931E+00 -0.11763E-02  0.13826E-02  0.94332E+00  0.18623E-02 -0.29305E-03  0.19140E+00  0.19841E-01  0.18014E+00 
   86.00  0.28074E+00 -0.92285E+00 -0.11320E-02  0.16649E-02  0.94140E+00  0.18230E-02 -0.42928E-03  0.15959E+00  0.20414E-01  0.14905E+00 
   87.00  0.27164E+00 -0.92531E+00 -0.10759E-02  0.19397E-02  0.93945E+00  0.17748E-02 -0.56150E-03  0.12750E+00  0.20726E-01  0.11775E+00 
   88.00  0.26306E+00 -0.92668E+00 -0.10085E-02  0.22039E-02  0.93749E+00  0.17189E-02 -0.68787E-03  0.95160E-01  0.20761E-01  0.86289E-01 
   89.00  0.25503E+00 -0.92697E+00 -0.93027E-03  0.24544E-02  0.93553E+00  0.16565E-02 -0.80663E-03  0.62635E-01  0.20509E-01  0.54728E-01 
   90.00  0.24756E+00 -0.92617E+00 -0.84197E-03  0.26880E-02  0.93357E+00  0.15885E-02 -0.91609E-03  0.29974E-01  0.19963E-01  0.23114E-01 
   91.00  0.24065E+00 -0.92430E+00 -0.74449E-03  0.29016E-02  0.93164E+00  0.15162E-02 -0.10147E-02 -0.27654E-02  0.19123E-01 -0.84967E-02 
   92.00  0.23431E+00 -0.92136E+00 -0.63885E-03  0.30919E-02  0.92976E+00  0.14406E-02 -0.11012E-02 -0.35525E-01  0.17997E-01 -0.40049E-01 
   93.00  0.22855E+00 -0.91737E+00 -0.52622E-03  0.32559E-02  0.92794E+00  0.13626E-02 -0.11745E-02 -0.68243E-01  0.16597E-01 -0.71486E-01 
   94.00  0.22336E+00 -0.91234E+00 -0.40788E-03  0.33909E-02  0.92621E+00  0.12831E-02 -0.12337E-02 -0.10086E+00  0.14945E-01 -0.10275E+00 
   95.00  0.21873E+00 -0.90630E+00 -0.28519E-03  0.34941E-02  0.92457E+00  0.12030E-02 -0.12784E-02 -0.13330E+00  0.13066E-01 -0.13378E+00 
   96.00  0.21465E+00 -0.89928E+00 -0.15953E-03  0.35636E-02  0.92305E+00  0.11228E-02 -0.13084E-02 -0.16550E+00  0.10992E-01 -0.16453E+00 
   97.00  0.21112E+00 -0.89132E+00 -0.32314E-04  0.35976E-02  0.92166E+00  0.10433E-02 -0.13238E-02 -0.19740E+00  0.87595E-02 -0.19493E+00 
   98.00  0.20811E+00 -0.88243E+00  0.95100E-04  0.35948E-02  0.92041E+00  0.96490E-03 -0.13252E-02 -0.22892E+00  0.64072E-02 -0.22493E+00 
   99.00  0.20561E+00 -0.87267E+00  0.22141E-03  0.35549E-02  0.91932E+00  0.88798E-03 -0.13134E-02 -0.26001E+00  0.39759E-02 -0.25448E+00 
  100.00  0.20360E+00 -0.86206E+00  0.34542E-03  0.34777E-02  0.91839E+00  0.81285E-03 -0.12893E-02 -0.29060E+00  0.15063E-02 -0.28352E+00 
  101.00  0.20205E+00 -0.85067E+00  0.46603E-03  0.33640E-02  0.91763E+00  0.73976E-03 -0.12543E-02 -0.32064E+00 -0.96211E-03 -0.31201E+00 
  102.00  0.20094E+00 -0.83852E+00  0.58232E-03  0.32151E-02  0.91703E+00  0.66887E-03 -0.12096E-02 -0.35005E+00 -0.33923E-02 -0.33990E+00 
  103.00  0.20024E+00 -0.82566E+00  0.69348E-03  0.30327E-02  0.91659E+00  0.60029E-03 -0.11566E-02 -0.37881E+00 -0.57512E-02 -0.36716E+00 
  104.00  0.19993E+00 -0.81215E+00  0.79887E-03  0.28193E-02  0.91632E+00  0.53411E-03 -0.10970E-02 -0.40685E+00 -0.80098E-02 -0.39375E+00 
  105.00  0.19998E+00 -0.79802E+00  0.89799E-03  0.25774E-02  0.91619E+00  0.47038E-03 -0.10320E-02 -0.43413E+00 -0.10144E-01 -0.41962E+00 
  106.00  0.20036E+00 -0.78333E+00  0.99046E-03  0.23103E-02  0.91621E+00  0.40913E-03 -0.96306E-03 -0.46063E+00 -0.12137E-01 -0.44476E+00 
  107.00  0.20105E+00 -0.76813E+00  0.10760E-02  0.20212E-02  0.91636E+00  0.35040E-03 -0.89145E-03 -0.48631E+00 -0.13973E-01 -0.46914E+00 
  108.00  0.20202E+00 -0.75246E+00  0.11546E-02  0.17136E-02  0.91663E+00  0.29421E-03 -0.81828E-03 -0.51115E+00 -0.15644E-01 -0.49273E+00 
  109.00  0.20323E+00 -0.73638E+00  0.12260E-02  0.13910E-02  0.91701E+00  0.24059E-03 -0.74452E-03 -0.53513E+00 -0.17147E-01 -0.51553E+00 
  110.00  0.20468E+00 -0.71992E+00  0.12903E-02  0.10570E-02  0.91749E+00  0.18955E-03 -0.67102E-03 -0.55823E+00 -0.18482E-01 -0.53752E+00 
  111.00  0.20632E+00 -0.70315E+00  0.13476E-02  0.71509E-03  0.91805E+00  0.14113E-03 -0.59845E-03 -0.58045E+00 -0.19651E-01 -0.55869E+00 
  112.00  0.20814E+00 -0.68610E+00  0.13979E-02  0.36860E-03  0.91868E+00  0.95359E-04 -0.52738E-03 -0.60179E+00 -0.20660E-01 -0.57903E+00 
  113.00  0.21012E+00 -0.66882E+00  0.14413E-02  0.20765E-04  0.91937E+00  0.52247E-04 -0.45824E-03 -0.62224E+00 -0.21518E-01 -0.59855E+00 
  114.00  0.21223E+00 -0.65135E+00  0.14779E-02 -0.32537E-03  0.92011E+00  0.11818E-04 -0.39133E-03 -0.64181E+00 -0.22234E-01 -0.61724E+00 
  115.00  0.21445E+00 -0.63374E+00  0.15080E-02 -0.66699E-03  0.92089E+00 -0.25916E-04 -0.32690E-03 -0.66051E+00 -0.22818E-01 -0.63512E+00 
  116.00  0.21677E+00 -0.61603E+00  0.15315E-02 -0.10015E-02  0.92170E+00 -0.60950E-04 -0.26511E-03 -0.67834E+00 -0.23281E-01 -0.65218E+00 
  117.00  0.21916E+00 -0.59826E+00  0.15486E-02 -0.13265E-02  0.92254E+00 -0.93287E-04 -0.20604E-03 -0.69534E+00 -0.23635E-01 -0.66845E+00 
  118.00  0.22161E+00 -0.58046E+00  0.15594E-02 -0.16399E-02  0.92339E+00 -0.12294E-03 -0.14976E-03 -0.71150E+00 -0.23891E-01 -0.68393E+00 
  119.00  0.22411E+00 -0.56268E+00  0.15640E-02 -0.19397E-02  0.92424E+00 -0.14994E-03 -0.96297E-04 -0.72685E+00 -0.24058E-01 -0.69864E+00 
  120.00  0.22664E+00 -0.54494E+00  0.15626E-02 -0.22244E-02  0.92510E+00 -0.17431E-03 -0.45642E-04 -0.74142E+00 -0.24148E-01 -0.71259E+00 
  121.00  0.22919E+00 -0.52727E+00  0.15552E-02 -0.24926E-02  0.92596E+00 -0.19611E-03  0.22125E-05 -0.75522E+00 -0.24168E-01 -0.72581E+00 
  122.00  0.23176E+00 -0.50972E+00  0.15420E-02 -0.27429E-02  0.92681E+00 -0.21538E-03  0.47287E-04 -0.76828E+00 -0.24129E-01 -0.73830E+00 
  123.00  0.23431E+00 -0.49229E+00  0.15231E-02 -0.29745E-02  0.92765E+00 -0.23219E-03  0.89604E-04 -0.78062E+00 -0.24038E-01 -0.75011E+00 
  124.00  0.23687E+00 -0.47503E+00  0.14987E-02 -0.31867E-02  0.92847E+00 -0.24662E-03  0.12919E-03 -0.79227E+00 -0.23901E-01 -0.76123E+00 
  125.00  0.23940E+00 -0.45794E+00  0.14688E-02 -0.33787E-02  0.92928E+00 -0.25874E-03  0.16606E-03 -0.80326E+00 -0.23726E-01 -0.77170E+00 
  126.00  0.24191E+00 -0.44106E+00  0.14336E-02 -0.35504E-02  0.93007E+00 -0.26865E-03  0.20025E-03 -0.81360E+00 -0.23517E-01 -0.78155E+00 
  127.00  0.24439E+00 -0.42440E+00  0.13934E-02 -0.37015E-02  0.93083E+00 -0.27643E-03  0.23178E-03 -0.82333E+00 -0.23279E-01 -0.79078E+00 
  128.00  0.24684E+00 -0.40797E+00  0.13483E-02 -0.38320E-02  0.93157E+00 -0.28219E-03  0.26068E-03 -0.83248E+00 -0.23017E-01 -0.79943E+00 
  129.00  0.24925E+00 -0.39180E+00  0.12987E-02 -0.39421E-02  0.93229E+00 -0.28604E-03  0.28698E-03 -0.84106E+00 -0.22733E-01 -0.80751E+00 
  130.00  0.25162E+00 -0.37590E+00  0.12447E-02 -0.40321E-02  0.93298E+00 -0.28808E-03  0.31071E-03 -0.84910E+00 -0.22431E-01 -0.81505E+00 
  131.00  0.25395E+00 -0.36028E+00  0.11866E-02 -0.41025E-02  0.93364E+00 -0.28843E-03  0.33191E-03 -0.85663E+00 -0.22113E-01 -0.82208E+00 
  132.00  0.25623E+00 -0.34495E+00  0.11249E-02 -0.41539E-02  0.93427E+00 -0.28720E-03  0.35064E-03 -0.86366E+00 -0.21781E-01 -0.82861E+00 
  133.00  0.25847E+00 -0.32992E+00  0.10597E-02 -0.41870E-02  0.93487E+00 -0.28451E-03  0.36695E-03 -0.87024E+00 -0.21437E-01 -0.83467E+00 
  134.00  0.26066E+00 -0.31520E+00  0.99162E-03 -0.42025E-02  0.93544E+00 -0.28049E-03  0.38092E-03 -0.87637E+00 -0.21081E-01 -0.84027E+00 
  135.00  0.26281E+00 -0.30080E+00  0.92095E-03 -0.42013E-02  0.93599E+00 -0.27525E-03  0.39261E-03 -0.88208E+00 -0.20715E-01 -0.84544E+00 
  136.00  0.26490E+00 -0.28672E+00  0.84815E-03 -0.41845E-02  0.93649E+00 -0.26890E-03  0.40211E-03 -0.88739E+00 -0.20338E-01 -0.85019E+00 
  137.00  0.26695E+00 -0.27297E+00  0.77370E-03 -0.41530E-02  0.93697E+00 -0.26158E-03  0.40952E-03 -0.89232E+00 -0.19951E-01 -0.85456E+00 
  138.00  0.26896E+00 -0.25955E+00  0.69806E-03 -0.41078E-02  0.93742E+00 -0.25340E-03  0.41493E-03 -0.89689E+00 -0.19555E-01 -0.85855E+00 
  139.00  0.27092E+00 -0.24647E+00  0.62176E-03 -0.40502E-02  0.93783E+00 -0.24446E-03  0.41846E-03 -0.90112E+00 -0.19149E-01 -0.86218E+00 
  140.00  0.27284E+00 -0.23373E+00  0.54532E-03 -0.39810E-02  0.93821E+00 -0.23488E-03  0.42021E-03 -0.90502E+00 -0.18733E-01 -0.86547E+00 
  141.00  0.27471E+00 -0.22134E+00  0.46924E-03 -0.39016E-02  0.93856E+00 -0.22477E-03  0.42028E-03 -0.90862E+00 -0.18306E-01 -0.86845E+00 
  142.00  0.27655E+00 -0.20929E+00  0.39409E-03 -0.38129E-02  0.93887E+00 -0.21422E-03  0.41880E-03 -0.91194E+00 -0.17869E-01 -0.87111E+00 
  143.00  0.27834E+00 -0.19760E+00  0.32037E-03 -0.37161E-02  0.93915E+00 -0.20332E-03  0.41587E-03 -0.91498E+00 -0.17420E-01 -0.87349E+00 
  144.00  0.28010E+00 -0.18625E+00  0.24863E-03 -0.36123E-02  0.93940E+00 -0.19218E-03  0.41159E-03 -0.91776E+00 -0.16960E-01 -0.87560E+00 
  145.00  0.28182E+00 -0.17526E+00  0.17936E-03 -0.35024E-02  0.93962E+00 -0.18088E-03  0.40606E-03 -0.92029E+00 -0.16488E-01 -0.87745E+00 
  146.00  0.28350E+00 -0.16462E+00  0.11305E-03 -0.33874E-02  0.93981E+00 -0.16949E-03  0.39938E-03 -0.92260E+00 -0.16003E-01 -0.87906E+00 
  147.00  0.28516E+00 -0.15434E+00  0.50177E-04 -0.32683E-02  0.93996E+00 -0.15809E-03  0.39164E-03 -0.92470E+00 -0.15505E-01 -0.88043E+00 
  148.00  0.28678E+00 -0.14441E+00 -0.88445E-05 -0.31461E-02  0.94009E+00 -0.14676E-03  0.38291E-03 -0.92658E+00 -0.14995E-01 -0.88159E+00 
  149.00  0.28837E+00 -0.13483E+00 -0.63624E-04 -0.30215E-02  0.94018E+00 -0.13557E-03  0.37327E-03 -0.92828E+00 -0.14471E-01 -0.88255E+00 
  150.00  0.28993E+00 -0.12561E+00 -0.11382E-03 -0.28954E-02  0.94024E+00 -0.12457E-03  0.36279E-03 -0.92980E+00 -0.13935E-01 -0.88331E+00 
  151.00  0.29146E+00 -0.11675E+00 -0.15914E-03 -0.27685E-02  0.94028E+00 -0.11382E-03  0.35153E-03 -0.93115E+00 -0.13385E-01 -0.88390E+00 
  152.00  0.29296E+00 -0.10823E+00 -0.19936E-03 -0.26416E-02  0.94029E+00 -0.10339E-03  0.33954E-03 -0.93235E+00 -0.12824E-01 -0.88433E+00 
  153.00  0.29444E+00 -0.10007E+00 -0.23429E-03 -0.25152E-02  0.94027E+00 -0.93331E-04  0.32688E-03 -0.93339E+00 -0.12250E-01 -0.88460E+00 
  154.00  0.29589E+00 -0.92261E-01 -0.26384E-03 -0.23900E-02  0.94023E+00 -0.83683E-04  0.31360E-03 -0.93430E+00 -0.11666E-01 -0.88473E+00 
  155.00  0.29731E+00 -0.84799E-01 -0.28794E-03 -0.22664E-02  0.94016E+00 -0.74493E-04  0.29975E-03 -0.93509E+00 -0.11072E-01 -0.88474E+00 
  156.00  0.29870E+00 -0.77685E-01 -0.30662E-03 -0.21452E-02  0.94008E+00 -0.65800E-04  0.28538E-03 -0.93576E+00 -0.10469E-01 -0.88462E+00 
  157.00  0.30006E+00 -0.70915E-01 -0.31997E-03 -0.20265E-02  0.93997E+00 -0.57639E-04  0.27055E-03 -0.93631E+00 -0.98596E-02 -0.88440E+00 
  158.00  0.30140E+00 -0.64487E-01 -0.32813E-03 -0.19110E-02  0.93984E+00 -0.50037E-04  0.25532E-03 -0.93677E+00 -0.92448E-02 -0.88408E+00 
  159.00  0.30270E+00 -0.58397E-01 -0.33131E-03 -0.17990E-02  0.93970E+00 -0.43016E-04  0.23974E-03 -0.93714E+00 -0.86268E-02 -0.88368E+00 
  160.00  0.30397E+00 -0.52641E-01 -0.32978E-03 -0.16907E-02  0.93954E+00 -0.36588E-04  0.22389E-03 -0.93743E+00 -0.80079E-02 -0.88320E+00 
  161.00  0.30521E+00 -0.47216E-01 -0.32387E-03 -0.15865E-02  0.93936E+00 -0.30763E-04  0.20785E-03 -0.93764E+00 -0.73907E-02 -0.88266E+00 
  162.00  0.30641E+00 -0.42117E-01 -0.31395E-03 -0.14867E-02  0.93918E+00 -0.25538E-04  0.19169E-03 -0.93779E+00 -0.67777E-02 -0.88207E+00 
  163.00  0.30757E+00 -0.37340E-01 -0.30044E-03 -0.13915E-02  0.93899E+00 -0.20905E-04  0.17550E-03 -0.93788E+00 -0.61719E-02 -0.88144E+00 
  164.00  0.30869E+00 -0.32879E-01 -0.28380E-03 -0.13011E-02  0.93879E+00 -0.16849E-04  0.15939E-03 -0.93792E+00 -0.55763E-02 -0.88078E+00 
  165.00  0.30977E+00 -0.28728E-01 -0.26451E-03 -0.12156E-02  0.93859E+00 -0.13347E-04  0.14346E-03 -0.93791E+00 -0.49940E-02 -0.88009E+00 
  166.00  0.31079E+00 -0.24883E-01 -0.24310E-03 -0.11353E-02  0.93839E+00 -0.10368E-04  0.12782E-03 -0.93787E+00 -0.44285E-02 -0.87940E+00 
  167.00  0.31177E+00 -0.21337E-01 -0.22009E-03 -0.10602E-02  0.93819E+00 -0.78774E-05  0.11257E-03 -0.93780E+00 -0.38830E-02 -0.87871E+00 
  168.00  0.31269E+00 -0.18084E-01 -0.19603E-03 -0.99041E-03  0.93799E+00 -0.58348E-05  0.97838E-04 -0.93771E+00 -0.33608E-02 -0.87802E+00 
  169.00  0.31356E+00 -0.15120E-01 -0.17145E-03 -0.92608E-03  0.93779E+00 -0.41960E-05  0.83739E-04 -0.93760E+00 -0.28654E-02 -0.87735E+00 
  170.00  0.31436E+00 -0.12436E-01 -0.14689E-03 -0.86723E-03  0.93761E+00 -0.29140E-05  0.70389E-04 -0.93747E+00 -0.24001E-02 -0.87671E+00 
  171.00  0.31510E+00 -0.10029E-01 -0.12287E-03 -0.81392E-03  0.93743E+00 -0.19407E-05  0.57903E-04 -0.93735E+00 -0.19679E-02 -0.87610E+00 
  172.00  0.31577E+00 -0.78923E-02 -0.99876E-04 -0.76619E-03  0.93727E+00 -0.12278E-05  0.46392E-04 -0.93722E+00 -0.15721E-02 -0.87554E+00 
  173.00  0.31637E+00 -0.60205E-02 -0.78389E-04 -0.72405E-03  0.93712E+00 -0.72819E-06  0.35960E-04 -0.93709E+00 -0.12155E-02 -0.87502E+00 
  174.00  0.31690E+00 -0.44089E-02 -0.58833E-04 -0.68752E-03  0.93699E+00 -0.39704E-06  0.26706E-04 -0.93697E+00 -0.90064E-03 -0.87456E+00 
  175.00  0.31735E+00 -0.30533E-02 -0.41594E-04 -0.65661E-03  0.93688E+00 -0.19311E-06  0.18716E-04 -0.93687E+00 -0.62999E-03 -0.87416E+00 
  176.00  0.31772E+00 -0.19496E-02 -0.27010E-04 -0.63132E-03  0.93678E+00 -0.79647E-07  0.12069E-04 -0.93678E+00 -0.40559E-03 -0.87382E+00 
  177.00  0.31801E+00 -0.10946E-02 -0.15366E-04 -0.61165E-03  0.93671E+00 -0.25336E-07  0.68284E-05 -0.93670E+00 -0.22921E-03 -0.87356E+00 
  178.00  0.31822E+00 -0.48587E-03 -0.68841E-05 -0.59761E-03  0.93665E+00 -0.50238E-08  0.30476E-05 -0.93665E+00 -0.10221E-03 -0.87337E+00 
  179.00  0.31834E+00 -0.12137E-03 -0.17293E-05 -0.58918E-03  0.93662E+00 -0.31471E-09  0.76382E-06 -0.93662E+00 -0.25603E-04 -0.87325E+00 
  180.00  0.31838E+00 -0.30072E-14 -0.42927E-16 -0.58638E-03  0.93661E+00 -0.19345E-30  0.18946E-16 -0.93661E+00 -0.63496E-15 -0.87321E+00 
 scattering matrix expansion coefficients
    w  a11         a22         a33         a23         a32         a44         a12         a34         a13         a24         a14
    0  0.1000E+01  0.0000E+00  0.0000E+00  0.0000E+00  0.0000E+00  0.7308E+00  0.0000E+00  0.0000E+00  0.0000E+00  0.0000E+00 -0.4244E-03
    1  0.1952E+01  0.0000E+00  0.0000E+00  0.0000E+00  0.0000E+00  0.2223E+01  0.0000E+00  0.0000E+00  0.0000E+00  0.0000E+00 -0.3355E-03
    2  0.2555E+01  0.3329E+00  0.3597E+01  0.5047E-05  0.1914E-02  0.2509E+01 -0.4914E+00 -0.1970E-02 -0.1206E-03  0.2017E-03 -0.1470E-02
    3  0.2525E+01  0.5241E-01  0.3104E+01 -0.6727E-06  0.8250E-03  0.2566E+01 -0.3052E+00  0.3383E-02 -0.5587E-03  0.4937E-03 -0.9261E-03
    4  0.2432E+01  0.4532E-01  0.2780E+01 -0.3006E-05  0.4853E-03  0.2441E+01 -0.2046E+00 -0.7723E-02  0.7886E-04  0.4263E-03 -0.8886E-03
    5  0.2272E+01  0.3580E-01  0.2497E+01 -0.1521E-05 -0.2528E-04  0.2230E+01 -0.1056E+00  0.2795E-02  0.6135E-04 -0.3615E-03 -0.3166E-02
    6  0.1986E+01 -0.2010E-02  0.2183E+01 -0.4542E-05 -0.1185E-02  0.1983E+01 -0.9437E-01  0.8999E-02 -0.4840E-03 -0.3266E-03 -0.2819E-02
    7  0.1650E+01 -0.8314E-02  0.1817E+01 -0.2194E-05 -0.1541E-02  0.1673E+01 -0.1213E+00  0.6431E-02 -0.2132E-03  0.6727E-04 -0.1653E-02
    8  0.1347E+01  0.7447E-02  0.1459E+01 -0.4454E-06 -0.1125E-02  0.1346E+01 -0.1045E+00  0.1844E-03 -0.7014E-04  0.2445E-03 -0.1155E-02
    9  0.1065E+01  0.6926E-02  0.1144E+01  0.1573E-06 -0.3486E-03  0.1056E+01 -0.7588E-01  0.3889E-03  0.1666E-03  0.1008E-03 -0.9086E-03
   10  0.7963E+00  0.2939E-04  0.8611E+00 -0.3705E-07  0.7440E-04  0.7962E+00 -0.6896E-01  0.2556E-02  0.1086E-03 -0.2846E-04 -0.8120E-03
   11  0.5564E+00 -0.1578E-02  0.6071E+00 -0.4156E-06  0.9071E-04  0.5613E+00 -0.7030E-01  0.3158E-02  0.1769E-04 -0.2930E-04 -0.6310E-03
   12  0.3621E+00  0.6126E-03  0.3964E+00 -0.1216E-06 -0.1211E-04  0.3648E+00 -0.6247E-01  0.2275E-02 -0.1329E-04  0.1187E-04 -0.2964E-03
   13  0.2179E+00  0.1863E-02  0.2389E+00  0.6126E-07 -0.3657E-04  0.2182E+00 -0.4760E-01  0.1444E-02  0.2970E-05  0.8653E-05 -0.2101E-04
   14  0.1200E+00  0.1850E-02  0.1318E+00  0.7418E-07 -0.8235E-05  0.1193E+00 -0.3245E-01  0.9088E-03  0.1494E-04 -0.7549E-05  0.9149E-04
   15  0.5957E-01  0.1443E-02  0.6552E-01  0.3826E-07  0.1494E-04  0.5864E-01 -0.2002E-01  0.5275E-03  0.1211E-04 -0.1456E-04  0.9083E-04
   16  0.2641E-01  0.1009E-02  0.2896E-01  0.2452E-07  0.1701E-04  0.2550E-01 -0.1092E-01  0.2516E-03  0.5141E-05 -0.1274E-04  0.5331E-04
   17  0.1038E-01  0.6051E-03  0.1127E-01  0.1753E-07  0.1035E-04  0.9718E-02 -0.5153E-02  0.9752E-04  0.1077E-05 -0.7458E-05  0.2335E-04
   18  0.3609E-02  0.3017E-03  0.3854E-02  0.1072E-07  0.4498E-05  0.3236E-02 -0.2083E-02  0.3055E-04 -0.1767E-06 -0.3250E-05  0.8130E-05
   19  0.1111E-02  0.1243E-03  0.1160E-02  0.5771E-08  0.1417E-05  0.9438E-03 -0.7229E-03  0.7971E-05 -0.1467E-06 -0.1128E-05  0.2327E-05
   20  0.3030E-03  0.4297E-04  0.3081E-03  0.2727E-08  0.4197E-06  0.2421E-03 -0.2169E-03  0.1633E-05 -0.9188E-07 -0.3343E-06  0.5871E-06
   21  0.7345E-04  0.1259E-04  0.7258E-04  0.1213E-08  0.1080E-06  0.5485E-04 -0.5664E-04  0.2523E-06 -0.3557E-07 -0.8885E-07  0.1461E-06
   22  0.1587E-04  0.3167E-05  0.1522E-04  0.5033E-09  0.2030E-07  0.1104E-04 -0.1296E-04  0.2988E-07 -0.9041E-08 -0.1821E-07  0.3105E-07
   23  0.3072E-05  0.6912E-06  0.2862E-05  0.1907E-09  0.2576E-08  0.1993E-05 -0.2621E-05  0.4379E-08 -0.1821E-08 -0.2730E-08  0.5443E-08
   24  0.5393E-06  0.1331E-06  0.4889E-06  0.6485E-10  0.1526E-09  0.3275E-06 -0.4751E-06  0.4419E-09 -0.2535E-09 -0.5069E-09  0.1100E-08
   25  0.8739E-07  0.2302E-07  0.7730E-07  0.1950E-10 -0.6410E-11  0.5016E-07 -0.7874E-07  0.1141E-09 -0.4677E-10 -0.1470E-09  0.2588E-09
   26  0.1401E-07  0.3624E-08  0.1232E-07  0.5055E-11 -0.1115E-11  0.8088E-08 -0.1251E-07  0.3855E-11 -0.1032E-10 -0.4509E-10  0.6757E-10
   27  0.2240E-08  0.5329E-09  0.1955E-08  0.1151E-11 -0.9815E-14  0.1384E-08 -0.2020E-08  0.2574E-10 -0.2220E-11 -0.9894E-11  0.1277E-10
   28  0.9505E-09  0.1678E-09  0.8949E-09  0.2242E-12  0.5250E-12  0.6847E-09 -0.7628E-09 -0.1590E-11 -0.6858E-12 -0.2398E-11  0.3558E-11
   29  0.7699E-10  0.1282E-10  0.6840E-10  0.3612E-13  0.4657E-13  0.6131E-10 -0.6764E-10  0.2456E-11 -0.9173E-13 -0.3138E-12  0.3399E-12
   30  0.1143E-09  0.2633E-10  0.1022E-09  0.4393E-14  0.4889E-13  0.7138E-10 -0.9853E-10 -0.3566E-12 -0.3662E-13 -0.1132E-12  0.2003E-12
   31  0.1826E-11  0.3130E-12  0.1555E-11  0.4464E-15  0.2511E-14  0.1571E-11 -0.1606E-11  0.6679E-13 -0.2347E-14 -0.5095E-14  0.5249E-14
   32  0.6243E-11  0.1737E-11  0.5220E-11  0.2246E-16  0.1875E-14  0.3291E-11 -0.5679E-11 -0.1948E-13 -0.1224E-14 -0.4919E-14  0.8597E-14
   33  0.1517E-13  0.2612E-14  0.1087E-13  0.1700E-18  0.4042E-16  0.1714E-13 -0.1213E-13  0.6277E-15 -0.2725E-16 -0.2822E-16  0.2129E-16
   34  0.1770E-12  0.5756E-13  0.1448E-12  0.7271E-18  0.4536E-16  0.8123E-13 -0.1694E-12 -0.4379E-15 -0.2997E-16 -0.1383E-15  0.2195E-15
