 input file is 
mstm4_512_4299_20_00226.inp   
 input file comments follow:
***********************************************************
  This is the default mstm input file for v.3.0.
  The run is for a 7-sphere cluster of identical spheres.   The positions
  are embedded in the input file.

  The run makes use of the new_run and multiple_run options.

  14 April 2013
***********************************************************
 number of processors:
   1
 input parameters for run number 
    1
 number of spheres, volume size parameter:
  512  0.34392E+01
 position file:
position/n512/a4.out                                        
 output file:
output/512/x4299/20/00226/mt_4_512_4299_20_00226.dat        
 length, ref. indx. scale factors:
   0.430   2.000   0.023
 chiral factors:
  0.00000E+00  0.00000E+00
 scattering matrix directions based on incident frame
 automatic scattering angle calculation
 thetamin, thetamax:
      0.0    180.0
 number scattering angles:
      181
 epsmie, epssoln, max number iterations:
  0.1000E-05  0.1000E-07 5000
 medium refractive index:
  1.0000  0.0000
 target euler rotation angles:
    0.0000    0.0000    0.0000
 far field kr, iterations/correction:
 -0.1000E+01   20
 plane wave incidence
 random orientation calculations
 t matrix calculated, stored in file 
tmatrixfiles/451242992000226                                
 t matrix convergence epsilon:
  0.1000E-06
 all spheres excited (total T matrix) 
 calculation results for run 
    1
 total ext, abs, scat efficiencies, w.r.t. xv, and asym. parm
  0.29685E+01  0.17522E+00  0.27933E+01  0.72245E+00
 scattering matrix elements (normalized w/ S11)
   theta      11           12           13           14           22           23           24           33           34           44      
    0.00  0.71850E+02  0.00000E+00  0.00000E+00  0.41111E-04  0.99974E+00 -0.39038E-04  0.00000E+00  0.99974E+00  0.00000E+00  0.99950E+00 
    1.00  0.70610E+02 -0.26433E-03 -0.39312E-09  0.47491E-04  0.99974E+00 -0.41045E-04  0.14619E-06  0.99974E+00 -0.75668E-05  0.99949E+00 
    2.00  0.67029E+02 -0.10582E-02 -0.24246E-08  0.66723E-04  0.99973E+00 -0.46917E-04  0.57802E-06  0.99973E+00 -0.31177E-04  0.99947E+00 
    3.00  0.61502E+02 -0.23828E-02 -0.10247E-07  0.99006E-04  0.99971E+00 -0.56161E-04  0.12723E-05  0.99970E+00 -0.73623E-04  0.99943E+00 
    4.00  0.54614E+02 -0.42346E-02 -0.36658E-07  0.14435E-03  0.99968E+00 -0.67779E-04  0.21803E-05  0.99967E+00 -0.13972E-03  0.99937E+00 
    5.00  0.47049E+02 -0.65952E-02 -0.11378E-06  0.20195E-03  0.99963E+00 -0.79999E-04  0.32112E-05  0.99962E+00 -0.23633E-03  0.99927E+00 
    6.00  0.39487E+02 -0.94130E-02 -0.31093E-06  0.26909E-03  0.99957E+00 -0.89899E-04  0.42083E-05  0.99955E+00 -0.37175E-03  0.99914E+00 
    7.00  0.32506E+02 -0.12578E-01 -0.75898E-06  0.33934E-03  0.99949E+00 -0.93085E-04  0.49265E-05  0.99945E+00 -0.55355E-03  0.99897E+00 
    8.00  0.26516E+02 -0.15895E-01 -0.16699E-05  0.40083E-03  0.99939E+00 -0.83883E-04  0.50365E-05  0.99932E+00 -0.78348E-03  0.99875E+00 
    9.00  0.21723E+02 -0.19096E-01 -0.33194E-05  0.43610E-03  0.99926E+00 -0.56881E-04  0.42076E-05  0.99917E+00 -0.10495E-02  0.99848E+00 
   10.00  0.18135E+02 -0.21929E-01 -0.59488E-05  0.42720E-03  0.99913E+00 -0.10252E-04  0.23054E-05  0.99900E+00 -0.13197E-02  0.99820E+00 
   11.00  0.15598E+02 -0.24331E-01 -0.95994E-05  0.36637E-03  0.99901E+00  0.50911E-04 -0.38673E-06  0.99884E+00 -0.15484E-02  0.99792E+00 
   12.00  0.13855E+02 -0.26546E-01 -0.14021E-04  0.26472E-03  0.99890E+00  0.11540E-03 -0.31727E-05  0.99868E+00 -0.16992E-02  0.99767E+00 
   13.00  0.12614E+02 -0.29033E-01 -0.18793E-04  0.14820E-03  0.99881E+00  0.17200E-03 -0.52741E-05  0.99851E+00 -0.17671E-02  0.99743E+00 
   14.00  0.11608E+02 -0.32238E-01 -0.23556E-04  0.43748E-04  0.99873E+00  0.21562E-03 -0.61962E-05  0.99831E+00 -0.17794E-02  0.99717E+00 
   15.00  0.10640E+02 -0.36438E-01 -0.28144E-04 -0.31130E-04  0.99864E+00  0.24852E-03 -0.58196E-05  0.99803E+00 -0.17803E-02  0.99683E+00 
   16.00  0.96019E+01 -0.41743E-01 -0.32561E-04 -0.69568E-04  0.99853E+00  0.27799E-03 -0.42672E-05  0.99766E+00 -0.18180E-02  0.99637E+00 
   17.00  0.84720E+01 -0.48149E-01 -0.36884E-04 -0.72116E-04  0.99837E+00  0.31379E-03 -0.17499E-05  0.99714E+00 -0.19430E-02  0.99573E+00 
   18.00  0.72969E+01 -0.55578E-01 -0.41156E-04 -0.44385E-04  0.99815E+00  0.36644E-03  0.15054E-05  0.99644E+00 -0.22135E-02  0.99487E+00 
   19.00  0.61600E+01 -0.63845E-01 -0.45281E-04  0.23340E-05  0.99785E+00  0.44524E-03  0.52469E-05  0.99553E+00 -0.26993E-02  0.99374E+00 
   20.00  0.51499E+01 -0.72592E-01 -0.48881E-04  0.48061E-04  0.99747E+00  0.55374E-03  0.91411E-05  0.99441E+00 -0.34728E-02  0.99234E+00 
   21.00  0.43343E+01 -0.81225E-01 -0.51185E-04  0.62265E-04  0.99703E+00  0.68169E-03  0.12724E-04  0.99314E+00 -0.45724E-02  0.99075E+00 
   22.00  0.37445E+01 -0.89041E-01 -0.51136E-04  0.10740E-04  0.99659E+00  0.79815E-03  0.15464E-04  0.99184E+00 -0.59383E-02  0.98913E+00 
   23.00  0.33722E+01 -0.95625E-01 -0.47905E-04 -0.12444E-03  0.99621E+00  0.85851E-03  0.17005E-04  0.99068E+00 -0.73794E-02  0.98772E+00 
   24.00  0.31757E+01 -0.10126E+00 -0.41505E-04 -0.32703E-03  0.99594E+00  0.83069E-03  0.17419E-04  0.98975E+00 -0.86526E-02  0.98661E+00 
   25.00  0.30942E+01 -0.10679E+00 -0.32767E-04 -0.55522E-03  0.99576E+00  0.71662E-03  0.17122E-04  0.98897E+00 -0.96090E-02  0.98572E+00 
   26.00  0.30626E+01 -0.11306E+00 -0.22659E-04 -0.76900E-03  0.99561E+00  0.54537E-03  0.16534E-04  0.98818E+00 -0.10251E-01  0.98485E+00 
   27.00  0.30260E+01 -0.12055E+00 -0.11764E-04 -0.94648E-03  0.99543E+00  0.35154E-03  0.15855E-04  0.98721E+00 -0.10665E-01  0.98376E+00 
   28.00  0.29479E+01 -0.12937E+00 -0.26864E-06 -0.10816E-02  0.99516E+00  0.16253E-03  0.15085E-04  0.98594E+00 -0.10943E-01  0.98231E+00 
   29.00  0.28140E+01 -0.13940E+00  0.11787E-04 -0.11755E-02  0.99476E+00 -0.24100E-05  0.14164E-04  0.98431E+00 -0.11137E-01  0.98041E+00 
   30.00  0.26295E+01 -0.15042E+00  0.24249E-04 -0.12303E-02  0.99422E+00 -0.12899E-03  0.13097E-04  0.98229E+00 -0.11258E-01  0.97801E+00 
   31.00  0.24129E+01 -0.16209E+00  0.36663E-04 -0.12464E-02  0.99352E+00 -0.20588E-03  0.12056E-04  0.97989E+00 -0.11279E-01  0.97512E+00 
   32.00  0.21883E+01 -0.17404E+00  0.48191E-04 -0.12231E-02  0.99270E+00 -0.22627E-03  0.11434E-04  0.97715E+00 -0.11156E-01  0.97181E+00 
   33.00  0.19786E+01 -0.18584E+00  0.57755E-04 -0.11611E-02  0.99179E+00 -0.19281E-03  0.11807E-04  0.97417E+00 -0.10853E-01  0.96823E+00 
   34.00  0.18000E+01 -0.19714E+00  0.64495E-04 -0.10660E-02  0.99090E+00 -0.12358E-03  0.13738E-04  0.97111E+00 -0.10374E-01  0.96458E+00 
   35.00  0.16596E+01 -0.20781E+00  0.68448E-04 -0.95100E-03  0.99010E+00 -0.53225E-04  0.17431E-04  0.96807E+00 -0.97916E-02  0.96105E+00 
   36.00  0.15560E+01 -0.21806E+00  0.71036E-04 -0.83486E-03  0.98947E+00 -0.24248E-04  0.22450E-04  0.96512E+00 -0.92420E-02  0.95775E+00 
   37.00  0.14813E+01 -0.22836E+00  0.74874E-04 -0.73646E-03  0.98901E+00 -0.71341E-04  0.27737E-04  0.96218E+00 -0.88801E-02  0.95460E+00 
   38.00  0.14244E+01 -0.23924E+00  0.82957E-04 -0.66867E-03  0.98867E+00 -0.20919E-03  0.31974E-04  0.95910E+00 -0.88219E-02  0.95141E+00 
   39.00  0.13744E+01 -0.25108E+00  0.97805E-04 -0.63599E-03  0.98836E+00 -0.43089E-03  0.34013E-04  0.95567E+00 -0.91123E-02  0.94792E+00 
   40.00  0.13228E+01 -0.26405E+00  0.12099E-03 -0.63603E-03  0.98799E+00 -0.71428E-03  0.33140E-04  0.95174E+00 -0.97268E-02  0.94390E+00 
   41.00  0.12649E+01 -0.27810E+00  0.15303E-03 -0.66216E-03  0.98748E+00 -0.10293E-02  0.29133E-04  0.94720E+00 -0.10587E-01  0.93920E+00 
   42.00  0.11999E+01 -0.29302E+00  0.19333E-03 -0.70535E-03  0.98679E+00 -0.13427E-02  0.22225E-04  0.94201E+00 -0.11577E-01  0.93376E+00 
   43.00  0.11301E+01 -0.30849E+00  0.24012E-03 -0.75502E-03  0.98590E+00 -0.16211E-02  0.13046E-04  0.93619E+00 -0.12549E-01  0.92758E+00 
   44.00  0.10594E+01 -0.32415E+00  0.29041E-03 -0.79952E-03  0.98483E+00 -0.18342E-02  0.25429E-05  0.92986E+00 -0.13338E-01  0.92076E+00 
   45.00  0.99229E+00 -0.33967E+00  0.34014E-03 -0.82715E-03  0.98362E+00 -0.19598E-02 -0.81826E-05  0.92313E+00 -0.13779E-01  0.91348E+00 
   46.00  0.93214E+00 -0.35478E+00  0.38488E-03 -0.82830E-03  0.98235E+00 -0.19905E-02 -0.18134E-04  0.91617E+00 -0.13748E-01  0.90593E+00 
   47.00  0.88091E+00 -0.36941E+00  0.42100E-03 -0.79819E-03  0.98111E+00 -0.19383E-02 -0.26740E-04  0.90911E+00 -0.13200E-01  0.89828E+00 
   48.00  0.83883E+00 -0.38368E+00  0.44694E-03 -0.73897E-03  0.97999E+00 -0.18343E-02 -0.34072E-04  0.90199E+00 -0.12192E-01  0.89062E+00 
   49.00  0.80471E+00 -0.39786E+00  0.46388E-03 -0.65962E-03  0.97903E+00 -0.17203E-02 -0.40832E-04  0.89473E+00 -0.10879E-01  0.88291E+00 
   50.00  0.77647E+00 -0.41229E+00  0.47553E-03 -0.57341E-03  0.97823E+00 -0.16372E-02 -0.48066E-04  0.88720E+00 -0.94686E-02  0.87503E+00 
   51.00  0.75175E+00 -0.42727E+00  0.48702E-03 -0.49407E-03  0.97755E+00 -0.16138E-02 -0.56762E-04  0.87918E+00 -0.81708E-02  0.86675E+00 
   52.00  0.72847E+00 -0.44298E+00  0.50360E-03 -0.43221E-03  0.97693E+00 -0.16621E-02 -0.67503E-04  0.87047E+00 -0.71545E-02  0.85785E+00 
   53.00  0.70517E+00 -0.45945E+00  0.52948E-03 -0.39320E-03  0.97630E+00 -0.17765E-02 -0.80305E-04  0.86094E+00 -0.65262E-02  0.84816E+00 
   54.00  0.68119E+00 -0.47663E+00  0.56711E-03 -0.37624E-03  0.97559E+00 -0.19373E-02 -0.94624E-04  0.85048E+00 -0.63254E-02  0.83756E+00 
   55.00  0.65656E+00 -0.49433E+00  0.61675E-03 -0.37474E-03  0.97478E+00 -0.21157E-02 -0.10950E-03  0.83908E+00 -0.65291E-02  0.82601E+00 
   56.00  0.63183E+00 -0.51236E+00  0.67633E-03 -0.37741E-03  0.97384E+00 -0.22790E-02 -0.12378E-03  0.82679E+00 -0.70589E-02  0.81353E+00 
   57.00  0.60779E+00 -0.53051E+00  0.74170E-03 -0.37033E-03  0.97277E+00 -0.23962E-02 -0.13639E-03  0.81370E+00 -0.77912E-02  0.80022E+00 
   58.00  0.58520E+00 -0.54861E+00  0.80715E-03 -0.33989E-03  0.97161E+00 -0.24441E-02 -0.14656E-03  0.79991E+00 -0.85719E-02  0.78619E+00 
   59.00  0.56458E+00 -0.56654E+00  0.86647E-03 -0.27602E-03  0.97040E+00 -0.24114E-02 -0.15395E-03  0.78555E+00 -0.92377E-02  0.77155E+00 
   60.00  0.54606E+00 -0.58428E+00  0.91423E-03 -0.17506E-03  0.96920E+00 -0.23014E-02 -0.15863E-03  0.77067E+00 -0.96417E-02  0.75639E+00 
   61.00  0.52944E+00 -0.60185E+00  0.94695E-03 -0.41087E-04  0.96805E+00 -0.21306E-02 -0.16093E-03  0.75528E+00 -0.96782E-02  0.74071E+00 
   62.00  0.51419E+00 -0.61933E+00  0.96387E-03  0.11473E-03  0.96698E+00 -0.19246E-02 -0.16109E-03  0.73932E+00 -0.92977E-02  0.72449E+00 
   63.00  0.49961E+00 -0.63678E+00  0.96693E-03  0.27654E-03  0.96598E+00 -0.17118E-02 -0.15902E-03  0.72268E+00 -0.85101E-02  0.70761E+00 
   64.00  0.48497E+00 -0.65425E+00  0.96019E-03  0.42705E-03  0.96502E+00 -0.15178E-02 -0.15416E-03  0.70522E+00 -0.73761E-02  0.68995E+00 
   65.00  0.46966E+00 -0.67174E+00  0.94891E-03  0.55067E-03  0.96408E+00 -0.13613E-02 -0.14546E-03  0.68680E+00 -0.59924E-02  0.67137E+00 
   66.00  0.45329E+00 -0.68920E+00  0.93849E-03  0.63584E-03  0.96308E+00 -0.12521E-02 -0.13158E-03  0.66729E+00 -0.44755E-02  0.65174E+00 
   67.00  0.43573E+00 -0.70655E+00  0.93360E-03  0.67652E-03  0.96196E+00 -0.11908E-02 -0.11127E-03  0.64662E+00 -0.29484E-02  0.63097E+00 
   68.00  0.41715E+00 -0.72366E+00  0.93739E-03  0.67278E-03  0.96068E+00 -0.11703E-02 -0.83784E-04  0.62475E+00 -0.15294E-02  0.60901E+00 
   69.00  0.39793E+00 -0.74041E+00  0.95095E-03  0.63085E-03  0.95920E+00 -0.11770E-02 -0.49370E-04  0.60169E+00 -0.32332E-03  0.58588E+00 
   70.00  0.37865E+00 -0.75665E+00  0.97294E-03  0.56255E-03  0.95748E+00 -0.11930E-02 -0.97462E-05  0.57751E+00  0.58771E-03  0.56163E+00 
   71.00  0.35991E+00 -0.77229E+00  0.99947E-03  0.48406E-03  0.95554E+00 -0.11988E-02  0.31597E-04  0.55231E+00  0.11538E-02  0.53637E+00 
   72.00  0.34232E+00 -0.78725E+00  0.10245E-02  0.41377E-03  0.95343E+00 -0.11758E-02  0.69396E-04  0.52625E+00  0.13666E-02  0.51024E+00 
   73.00  0.32636E+00 -0.80151E+00  0.10408E-02  0.36935E-03  0.95122E+00 -0.11101E-02  0.97096E-04  0.49948E+00  0.12651E-02  0.48342E+00 
   74.00  0.31237E+00 -0.81509E+00  0.10412E-02  0.36430E-03  0.94902E+00 -0.99523E-03  0.10785E-03  0.47216E+00  0.93430E-03  0.45608E+00 
   75.00  0.30049E+00 -0.82802E+00  0.10205E-02  0.40489E-03  0.94693E+00 -0.83388E-03  0.95895E-04  0.44442E+00  0.49375E-03  0.42834E+00 
   76.00  0.29068E+00 -0.84035E+00  0.97682E-03  0.48841E-03  0.94505E+00 -0.63805E-03  0.57986E-04  0.41633E+00  0.76505E-04  0.40030E+00 
   77.00  0.28272E+00 -0.85211E+00  0.91268E-03  0.60362E-03  0.94345E+00 -0.42673E-03 -0.56606E-05  0.38792E+00 -0.19595E-03  0.37200E+00 
   78.00  0.27628E+00 -0.86329E+00  0.83439E-03  0.73304E-03  0.94216E+00 -0.22212E-03 -0.91142E-04  0.35917E+00 -0.23566E-03  0.34343E+00 
   79.00  0.27096E+00 -0.87382E+00  0.75105E-03  0.85655E-03  0.94114E+00 -0.45383E-04 -0.19144E-03  0.33006E+00 -0.66586E-06  0.31455E+00 
   80.00  0.26635E+00 -0.88361E+00  0.67278E-03  0.95491E-03  0.94034E+00  0.86743E-04 -0.29753E-03  0.30054E+00  0.50440E-03  0.28533E+00 
   81.00  0.26206E+00 -0.89254E+00  0.60898E-03  0.10125E-02  0.93967E+00  0.16400E-03 -0.39964E-03  0.27061E+00  0.12371E-02  0.25576E+00 
   82.00  0.25777E+00 -0.90046E+00  0.56693E-03  0.10188E-02  0.93905E+00  0.18319E-03 -0.48839E-03  0.24027E+00  0.21312E-02  0.22584E+00 
   83.00  0.25325E+00 -0.90727E+00  0.55081E-03  0.96837E-03  0.93839E+00  0.14762E-03 -0.55559E-03  0.20959E+00  0.31108E-02  0.19563E+00 
   84.00  0.24837E+00 -0.91287E+00  0.56129E-03  0.86100E-03  0.93762E+00  0.66044E-04 -0.59484E-03  0.17862E+00  0.41030E-02  0.16521E+00 
   85.00  0.24311E+00 -0.91720E+00  0.59542E-03  0.70036E-03  0.93668E+00 -0.48825E-04 -0.60180E-03  0.14746E+00  0.50463E-02  0.13469E+00 
   86.00  0.23751E+00 -0.92023E+00  0.64701E-03  0.49335E-03  0.93555E+00 -0.18177E-03 -0.57445E-03  0.11622E+00  0.58960E-02  0.10416E+00 
   87.00  0.23169E+00 -0.92199E+00  0.70722E-03  0.24918E-03  0.93423E+00 -0.31661E-03 -0.51311E-03  0.84988E-01  0.66266E-02  0.73742E-01 
   88.00  0.22580E+00 -0.92251E+00  0.76552E-03 -0.21433E-04  0.93275E+00 -0.43785E-03 -0.42043E-03  0.53845E-01  0.72311E-02  0.43531E-01 
   89.00  0.22000E+00 -0.92187E+00  0.81103E-03 -0.30697E-03  0.93115E+00 -0.53217E-03 -0.30122E-03  0.22859E-01  0.77185E-02  0.13596E-01 
   90.00  0.21446E+00 -0.92017E+00  0.83391E-03 -0.59586E-03  0.92950E+00 -0.58996E-03 -0.16200E-03 -0.79276E-02  0.81095E-02 -0.16017E-01 
   91.00  0.20930E+00 -0.91749E+00  0.82691E-03 -0.87707E-03  0.92787E+00 -0.60635E-03 -0.10426E-04 -0.38494E-01  0.84308E-02 -0.45295E-01 
   92.00  0.20462E+00 -0.91392E+00  0.78652E-03 -0.11408E-02  0.92634E+00 -0.58180E-03  0.14555E-03 -0.68836E-01  0.87089E-02 -0.74249E-01 
   93.00  0.20046E+00 -0.90954E+00  0.71374E-03 -0.13788E-02  0.92495E+00 -0.52188E-03  0.29849E-03 -0.98960E-01  0.89644E-02 -0.10290E+00 
   94.00  0.19684E+00 -0.90438E+00  0.61398E-03 -0.15850E-02  0.92376E+00 -0.43631E-03  0.44235E-03 -0.12887E+00  0.92081E-02 -0.13129E+00 
   95.00  0.19373E+00 -0.89848E+00  0.49630E-03 -0.17552E-02  0.92279E+00 -0.33733E-03  0.57296E-03 -0.15858E+00  0.94391E-02 -0.15944E+00 
   96.00  0.19108E+00 -0.89183E+00  0.37208E-03 -0.18871E-02  0.92204E+00 -0.23788E-03  0.68832E-03 -0.18806E+00  0.96444E-02 -0.18736E+00 
   97.00  0.18882E+00 -0.88440E+00  0.25329E-03 -0.19802E-02  0.92147E+00 -0.14972E-03  0.78846E-03 -0.21730E+00  0.98021E-02 -0.21505E+00 
   98.00  0.18685E+00 -0.87619E+00  0.15090E-03 -0.20354E-02  0.92106E+00 -0.82021E-04  0.87504E-03 -0.24625E+00  0.98842E-02 -0.24246E+00 
   99.00  0.18511E+00 -0.86715E+00  0.73568E-04 -0.20543E-02  0.92075E+00 -0.40472E-04  0.95077E-03 -0.27485E+00  0.98610E-02 -0.26955E+00 
  100.00  0.18353E+00 -0.85727E+00  0.26679E-04 -0.20395E-02  0.92049E+00 -0.27009E-04  0.10187E-02 -0.30305E+00  0.97046E-02 -0.29625E+00 
  101.00  0.18205E+00 -0.84655E+00  0.12019E-04 -0.19939E-02  0.92024E+00 -0.40042E-04  0.10818E-02 -0.33078E+00  0.93922E-02 -0.32250E+00 
  102.00  0.18064E+00 -0.83500E+00  0.27812E-04 -0.19209E-02  0.91997E+00 -0.75087E-04  0.11423E-02 -0.35797E+00  0.89083E-02 -0.34821E+00 
  103.00  0.17931E+00 -0.82265E+00  0.69143E-04 -0.18239E-02  0.91965E+00 -0.12561E-03  0.12011E-02 -0.38457E+00  0.82463E-02 -0.37332E+00 
  104.00  0.17805E+00 -0.80953E+00  0.12866E-03 -0.17066E-02  0.91929E+00 -0.18399E-03  0.12584E-02 -0.41051E+00  0.74092E-02 -0.39778E+00 
  105.00  0.17689E+00 -0.79572E+00  0.19744E-03 -0.15727E-02  0.91888E+00 -0.24244E-03  0.13128E-02 -0.43576E+00  0.64097E-02 -0.42153E+00 
  106.00  0.17586E+00 -0.78127E+00  0.26599E-03 -0.14256E-02  0.91844E+00 -0.29389E-03  0.13621E-02 -0.46029E+00  0.52698E-02 -0.44454E+00 
  107.00  0.17501E+00 -0.76628E+00  0.32522E-03 -0.12688E-02  0.91801E+00 -0.33268E-03  0.14030E-02 -0.48406E+00  0.40197E-02 -0.46680E+00 
  108.00  0.17437E+00 -0.75081E+00  0.36741E-03 -0.11051E-02  0.91762E+00 -0.35500E-03  0.14321E-02 -0.50707E+00  0.26960E-02 -0.48832E+00 
  109.00  0.17397E+00 -0.73496E+00  0.38696E-03 -0.93695E-03  0.91730E+00 -0.35923E-03  0.14460E-02 -0.52930E+00  0.13396E-02 -0.50909E+00 
  110.00  0.17383E+00 -0.71879E+00  0.38098E-03 -0.76608E-03  0.91708E+00 -0.34585E-03  0.14417E-02 -0.55078E+00 -0.74745E-05 -0.52915E+00 
  111.00  0.17397E+00 -0.70238E+00  0.34946E-03 -0.59377E-03  0.91699E+00 -0.31721E-03  0.14173E-02 -0.57151E+00 -0.13044E-02 -0.54852E+00 
  112.00  0.17437E+00 -0.68578E+00  0.29526E-03 -0.42079E-03  0.91704E+00 -0.27715E-03  0.13718E-02 -0.59150E+00 -0.25149E-02 -0.56722E+00 
  113.00  0.17502E+00 -0.66902E+00  0.22365E-03 -0.24761E-03  0.91722E+00 -0.23038E-03  0.13057E-02 -0.61078E+00 -0.36091E-02 -0.58529E+00 
  114.00  0.17588E+00 -0.65214E+00  0.14178E-03 -0.74621E-04  0.91753E+00 -0.18195E-03  0.12208E-02 -0.62936E+00 -0.45655E-02 -0.60273E+00 
  115.00  0.17693E+00 -0.63514E+00  0.57831E-04  0.97690E-04  0.91795E+00 -0.13670E-03  0.11197E-02 -0.64726E+00 -0.53719E-02 -0.61957E+00 
  116.00  0.17811E+00 -0.61805E+00 -0.19675E-04  0.26854E-03  0.91846E+00 -0.98851E-04  0.10060E-02 -0.66448E+00 -0.60248E-02 -0.63579E+00 
  117.00  0.17938E+00 -0.60086E+00 -0.82657E-04  0.43674E-03  0.91902E+00 -0.71685E-04  0.88361E-03 -0.68104E+00 -0.65293E-02 -0.65138E+00 
  118.00  0.18069E+00 -0.58357E+00 -0.12404E-03  0.60067E-03  0.91960E+00 -0.57390E-04  0.75666E-03 -0.69694E+00 -0.68973E-02 -0.66635E+00 
  119.00  0.18200E+00 -0.56621E+00 -0.13822E-03  0.75830E-03  0.92018E+00 -0.57018E-04  0.62890E-03 -0.71217E+00 -0.71461E-02 -0.68065E+00 
  120.00  0.18326E+00 -0.54876E+00 -0.12133E-03  0.90731E-03  0.92072E+00 -0.70540E-04  0.50358E-03 -0.72671E+00 -0.72966E-02 -0.69428E+00 
  121.00  0.18445E+00 -0.53126E+00 -0.71372E-04  0.10452E-02  0.92120E+00 -0.96969E-04  0.38332E-03 -0.74058E+00 -0.73716E-02 -0.70720E+00 
  122.00  0.18555E+00 -0.51372E+00  0.11793E-04  0.11696E-02  0.92162E+00 -0.13454E-03  0.26993E-03 -0.75375E+00 -0.73944E-02 -0.71940E+00 
  123.00  0.18654E+00 -0.49618E+00  0.12656E-03  0.12782E-02  0.92195E+00 -0.18089E-03  0.16446E-03 -0.76623E+00 -0.73872E-02 -0.73087E+00 
  124.00  0.18741E+00 -0.47867E+00  0.26977E-03  0.13693E-02  0.92220E+00 -0.23331E-03  0.67208E-04 -0.77800E+00 -0.73703E-02 -0.74160E+00 
  125.00  0.18816E+00 -0.46124E+00  0.43705E-03  0.14416E-02  0.92236E+00 -0.28893E-03 -0.22113E-04 -0.78908E+00 -0.73616E-02 -0.75159E+00 
  126.00  0.18881E+00 -0.44392E+00  0.62308E-03  0.14944E-02  0.92245E+00 -0.34492E-03 -0.10426E-03 -0.79948E+00 -0.73752E-02 -0.76086E+00 
  127.00  0.18936E+00 -0.42676E+00  0.82198E-03  0.15281E-02  0.92247E+00 -0.39871E-03 -0.18029E-03 -0.80920E+00 -0.74224E-02 -0.76942E+00 
  128.00  0.18983E+00 -0.40980E+00  0.10277E-02  0.15436E-02  0.92243E+00 -0.44808E-03 -0.25134E-03 -0.81827E+00 -0.75104E-02 -0.77732E+00 
  129.00  0.19023E+00 -0.39307E+00  0.12343E-02  0.15427E-02  0.92235E+00 -0.49131E-03 -0.31851E-03 -0.82672E+00 -0.76433E-02 -0.78458E+00 
  130.00  0.19059E+00 -0.37662E+00  0.14364E-02  0.15277E-02  0.92225E+00 -0.52723E-03 -0.38268E-03 -0.83458E+00 -0.78219E-02 -0.79125E+00 
  131.00  0.19091E+00 -0.36048E+00  0.16293E-02  0.15018E-02  0.92214E+00 -0.55520E-03 -0.44446E-03 -0.84188E+00 -0.80442E-02 -0.79737E+00 
  132.00  0.19123E+00 -0.34466E+00  0.18091E-02  0.14685E-02  0.92203E+00 -0.57511E-03 -0.50406E-03 -0.84866E+00 -0.83057E-02 -0.80299E+00 
  133.00  0.19155E+00 -0.32919E+00  0.19730E-02  0.14314E-02  0.92193E+00 -0.58724E-03 -0.56138E-03 -0.85495E+00 -0.86003E-02 -0.80816E+00 
  134.00  0.19188E+00 -0.31407E+00  0.21192E-02  0.13945E-02  0.92186E+00 -0.59222E-03 -0.61598E-03 -0.86080E+00 -0.89202E-02 -0.81293E+00 
  135.00  0.19224E+00 -0.29931E+00  0.22467E-02  0.13615E-02  0.92183E+00 -0.59087E-03 -0.66721E-03 -0.86623E+00 -0.92570E-02 -0.81733E+00 
  136.00  0.19262E+00 -0.28492E+00  0.23552E-02  0.13361E-02  0.92184E+00 -0.58409E-03 -0.71435E-03 -0.87129E+00 -0.96020E-02 -0.82140E+00 
  137.00  0.19305E+00 -0.27090E+00  0.24452E-02  0.13216E-02  0.92189E+00 -0.57282E-03 -0.75672E-03 -0.87600E+00 -0.99466E-02 -0.82517E+00 
  138.00  0.19352E+00 -0.25724E+00  0.25176E-02  0.13207E-02  0.92198E+00 -0.55796E-03 -0.79381E-03 -0.88039E+00 -0.10283E-01 -0.82867E+00 
  139.00  0.19404E+00 -0.24393E+00  0.25735E-02  0.13359E-02  0.92212E+00 -0.54033E-03 -0.82539E-03 -0.88448E+00 -0.10603E-01 -0.83192E+00 
  140.00  0.19459E+00 -0.23098E+00  0.26141E-02  0.13687E-02  0.92229E+00 -0.52070E-03 -0.85156E-03 -0.88829E+00 -0.10902E-01 -0.83493E+00 
  141.00  0.19520E+00 -0.21838E+00  0.26408E-02  0.14202E-02  0.92251E+00 -0.49979E-03 -0.87279E-03 -0.89183E+00 -0.11173E-01 -0.83773E+00 
  142.00  0.19585E+00 -0.20613E+00  0.26546E-02  0.14906E-02  0.92275E+00 -0.47830E-03 -0.88980E-03 -0.89513E+00 -0.11413E-01 -0.84031E+00 
  143.00  0.19655E+00 -0.19422E+00  0.26565E-02  0.15793E-02  0.92303E+00 -0.45689E-03 -0.90351E-03 -0.89819E+00 -0.11619E-01 -0.84269E+00 
  144.00  0.19729E+00 -0.18266E+00  0.26473E-02  0.16851E-02  0.92333E+00 -0.43618E-03 -0.91488E-03 -0.90102E+00 -0.11787E-01 -0.84487E+00 
  145.00  0.19807E+00 -0.17145E+00  0.26273E-02  0.18058E-02  0.92365E+00 -0.41673E-03 -0.92476E-03 -0.90364E+00 -0.11915E-01 -0.84687E+00 
  146.00  0.19889E+00 -0.16058E+00  0.25967E-02  0.19387E-02  0.92399E+00 -0.39897E-03 -0.93377E-03 -0.90606E+00 -0.12003E-01 -0.84869E+00 
  147.00  0.19976E+00 -0.15007E+00  0.25553E-02  0.20803E-02  0.92433E+00 -0.38316E-03 -0.94217E-03 -0.90828E+00 -0.12050E-01 -0.85035E+00 
  148.00  0.20066E+00 -0.13992E+00  0.25027E-02  0.22270E-02  0.92468E+00 -0.36936E-03 -0.94987E-03 -0.91033E+00 -0.12053E-01 -0.85184E+00 
  149.00  0.20161E+00 -0.13013E+00  0.24381E-02  0.23748E-02  0.92504E+00 -0.35738E-03 -0.95639E-03 -0.91222E+00 -0.12013E-01 -0.85319E+00 
  150.00  0.20259E+00 -0.12071E+00  0.23609E-02  0.25199E-02  0.92540E+00 -0.34681E-03 -0.96097E-03 -0.91395E+00 -0.11930E-01 -0.85441E+00 
  151.00  0.20361E+00 -0.11165E+00  0.22700E-02  0.26588E-02  0.92575E+00 -0.33705E-03 -0.96270E-03 -0.91555E+00 -0.11802E-01 -0.85550E+00 
  152.00  0.20466E+00 -0.10297E+00  0.21650E-02  0.27888E-02  0.92609E+00 -0.32740E-03 -0.96065E-03 -0.91701E+00 -0.11631E-01 -0.85647E+00 
  153.00  0.20575E+00 -0.94672E-01  0.20454E-02  0.29075E-02  0.92642E+00 -0.31711E-03 -0.95400E-03 -0.91836E+00 -0.11415E-01 -0.85733E+00 
  154.00  0.20687E+00 -0.86753E-01  0.19112E-02  0.30135E-02  0.92674E+00 -0.30552E-03 -0.94219E-03 -0.91960E+00 -0.11157E-01 -0.85809E+00 
  155.00  0.20803E+00 -0.79220E-01  0.17633E-02  0.31063E-02  0.92703E+00 -0.29210E-03 -0.92496E-03 -0.92072E+00 -0.10856E-01 -0.85874E+00 
  156.00  0.20921E+00 -0.72075E-01  0.16030E-02  0.31861E-02  0.92730E+00 -0.27655E-03 -0.90234E-03 -0.92175E+00 -0.10514E-01 -0.85928E+00 
  157.00  0.21043E+00 -0.65320E-01  0.14323E-02  0.32535E-02  0.92755E+00 -0.25878E-03 -0.87463E-03 -0.92267E+00 -0.10133E-01 -0.85973E+00 
  158.00  0.21166E+00 -0.58954E-01  0.12541E-02  0.33097E-02  0.92777E+00 -0.23897E-03 -0.84231E-03 -0.92349E+00 -0.97155E-02 -0.86006E+00 
  159.00  0.21291E+00 -0.52970E-01  0.10717E-02  0.33561E-02  0.92795E+00 -0.21749E-03 -0.80591E-03 -0.92422E+00 -0.92651E-02 -0.86029E+00 
  160.00  0.21418E+00 -0.47363E-01  0.88915E-03  0.33941E-02  0.92811E+00 -0.19487E-03 -0.76594E-03 -0.92485E+00 -0.87853E-02 -0.86042E+00 
  161.00  0.21546E+00 -0.42122E-01  0.71044E-03  0.34252E-02  0.92823E+00 -0.17171E-03 -0.72281E-03 -0.92538E+00 -0.82808E-02 -0.86044E+00 
  162.00  0.21674E+00 -0.37231E-01  0.53979E-03  0.34506E-02  0.92832E+00 -0.14866E-03 -0.67680E-03 -0.92583E+00 -0.77562E-02 -0.86037E+00 
  163.00  0.21801E+00 -0.32678E-01  0.38116E-03  0.34713E-02  0.92837E+00 -0.12634E-03 -0.62812E-03 -0.92620E+00 -0.72166E-02 -0.86021E+00 
  164.00  0.21926E+00 -0.28448E-01  0.23810E-03  0.34885E-02  0.92839E+00 -0.10526E-03 -0.57695E-03 -0.92650E+00 -0.66668E-02 -0.85997E+00 
  165.00  0.22050E+00 -0.24528E-01  0.11350E-03  0.35029E-02  0.92837E+00 -0.85854E-04 -0.52355E-03 -0.92674E+00 -0.61113E-02 -0.85965E+00 
  166.00  0.22171E+00 -0.20910E-01  0.94716E-05  0.35154E-02  0.92831E+00 -0.68433E-04 -0.46836E-03 -0.92691E+00 -0.55538E-02 -0.85925E+00 
  167.00  0.22289E+00 -0.17589E-01 -0.72814E-04  0.35270E-02  0.92820E+00 -0.53182E-04 -0.41205E-03 -0.92703E+00 -0.49976E-02 -0.85878E+00 
  168.00  0.22404E+00 -0.14566E-01 -0.13314E-03  0.35385E-02  0.92806E+00 -0.40174E-04 -0.35557E-03 -0.92709E+00 -0.44456E-02 -0.85824E+00 
  169.00  0.22515E+00 -0.11843E-01 -0.17227E-03  0.35506E-02  0.92787E+00 -0.29385E-04 -0.30006E-03 -0.92709E+00 -0.39004E-02 -0.85762E+00 
  170.00  0.22622E+00 -0.94246E-02 -0.19185E-03  0.35642E-02  0.92764E+00 -0.20706E-04 -0.24685E-03 -0.92704E+00 -0.33650E-02 -0.85693E+00 
  171.00  0.22725E+00 -0.73146E-02 -0.19435E-03  0.35796E-02  0.92737E+00 -0.13959E-04 -0.19723E-03 -0.92693E+00 -0.28432E-02 -0.85617E+00 
  172.00  0.22821E+00 -0.55118E-02 -0.18284E-03  0.35971E-02  0.92708E+00 -0.89207E-05 -0.15238E-03 -0.92677E+00 -0.23399E-02 -0.85536E+00 
  173.00  0.22912E+00 -0.40090E-02 -0.16081E-03  0.36163E-02  0.92676E+00 -0.53336E-05 -0.11319E-03 -0.92657E+00 -0.18620E-02 -0.85452E+00 
  174.00  0.22995E+00 -0.27913E-02 -0.13199E-03  0.36367E-02  0.92645E+00 -0.29266E-05 -0.80182E-04 -0.92633E+00 -0.14174E-02 -0.85367E+00 
  175.00  0.23070E+00 -0.18365E-02 -0.10009E-03  0.36573E-02  0.92614E+00 -0.14302E-05 -0.53487E-04 -0.92607E+00 -0.10160E-02 -0.85284E+00 
  176.00  0.23134E+00 -0.11165E-02 -0.68592E-04  0.36769E-02  0.92585E+00 -0.59192E-06 -0.32862E-04 -0.92583E+00 -0.66810E-03 -0.85209E+00 
  177.00  0.23185E+00 -0.60013E-03 -0.40610E-04  0.36940E-02  0.92561E+00 -0.18874E-06 -0.17800E-04 -0.92560E+00 -0.38409E-03 -0.85145E+00 
  178.00  0.23224E+00 -0.25733E-03 -0.18702E-04  0.37073E-02  0.92543E+00 -0.37483E-07 -0.76719E-05 -0.92543E+00 -0.17345E-03 -0.85096E+00 
  179.00  0.23247E+00 -0.62866E-04 -0.47745E-05  0.37158E-02  0.92531E+00 -0.23500E-08 -0.18798E-05 -0.92531E+00 -0.43788E-04 -0.85065E+00 
  180.00  0.23255E+00 -0.15457E-14 -0.11915E-15  0.37187E-02  0.92527E+00 -0.14449E-29 -0.46262E-16 -0.92527E+00 -0.10888E-14 -0.85055E+00 
 scattering matrix expansion coefficients
    w  a11         a22         a33         a23         a32         a44         a12         a34         a13         a24         a14
    0  0.1000E+01  0.0000E+00  0.0000E+00  0.0000E+00  0.0000E+00  0.7823E+00  0.0000E+00  0.0000E+00  0.0000E+00  0.0000E+00 -0.3074E-04
    1  0.2167E+01  0.0000E+00  0.0000E+00  0.0000E+00  0.0000E+00  0.2351E+01  0.0000E+00  0.0000E+00  0.0000E+00  0.0000E+00 -0.4284E-03
    2  0.2996E+01  0.2510E+00  0.3860E+01  0.1982E-06 -0.4864E-03  0.2993E+01 -0.4101E+00 -0.3595E-02  0.4163E-03  0.4467E-04  0.2367E-03
    3  0.3354E+01  0.6757E-01  0.3829E+01 -0.2104E-06  0.7479E-03  0.3368E+01 -0.2650E+00 -0.7576E-02  0.1511E-03 -0.7630E-04  0.7149E-04
    4  0.3587E+01  0.3666E-01  0.3897E+01 -0.8905E-06  0.1224E-02  0.3588E+01 -0.1887E+00 -0.1498E-01  0.3811E-03 -0.1245E-03  0.9703E-03
    5  0.3722E+01  0.2063E-01  0.3946E+01 -0.1564E-06  0.9129E-03  0.3713E+01 -0.1337E+00 -0.1120E-01 -0.4413E-03  0.3085E-03  0.1719E-02
    6  0.3764E+01  0.9388E-02  0.3947E+01  0.3811E-06 -0.1477E-03  0.3756E+01 -0.1071E+00 -0.1086E-01  0.1893E-04 -0.1208E-03  0.1837E-02
    7  0.3711E+01 -0.1751E-02  0.3876E+01 -0.1055E-06 -0.7879E-03  0.3725E+01 -0.1077E+00 -0.8997E-02 -0.2132E-03 -0.2241E-04  0.1338E-02
    8  0.3623E+01  0.8420E-02  0.3752E+01 -0.1539E-06 -0.1154E-02  0.3618E+01 -0.9820E-01 -0.7970E-02 -0.1227E-03  0.1070E-03  0.1406E-02
    9  0.3494E+01  0.3332E-02  0.3603E+01  0.3974E-06 -0.9448E-03  0.3493E+01 -0.8668E-01 -0.4540E-02  0.8406E-04  0.3217E-04  0.1441E-02
   10  0.3349E+01  0.7378E-03  0.3443E+01 -0.1010E-05 -0.8762E-03  0.3354E+01 -0.7472E-01 -0.3711E-02 -0.1634E-03 -0.1431E-03  0.8408E-03
   11  0.3194E+01  0.5549E-02  0.3270E+01  0.1472E-06 -0.8638E-03  0.3188E+01 -0.5715E-01 -0.2371E-02 -0.3714E-04 -0.2649E-04  0.5525E-03
   12  0.3005E+01  0.3795E-02  0.3074E+01  0.2844E-06 -0.8037E-03  0.2998E+01 -0.4934E-01 -0.2386E-03 -0.9312E-04  0.6805E-04  0.3663E-03
   13  0.2783E+01 -0.5838E-03  0.2849E+01  0.6851E-06 -0.6590E-03  0.2784E+01 -0.5861E-01  0.3500E-03 -0.6671E-04  0.5544E-04  0.1694E-03
   14  0.2558E+01 -0.5320E-03  0.2615E+01  0.2745E-06 -0.5136E-03  0.2561E+01 -0.6694E-01 -0.3916E-03 -0.6785E-05 -0.2871E-04  0.3142E-04
   15  0.2353E+01 -0.4938E-03  0.2400E+01  0.1341E-06 -0.3969E-03  0.2357E+01 -0.6369E-01 -0.5962E-03  0.3611E-04 -0.7537E-04 -0.3452E-04
   16  0.2179E+01  0.2123E-02  0.2215E+01  0.7371E-06 -0.3750E-03  0.2178E+01 -0.5069E-01 -0.9727E-03 -0.1182E-03 -0.6961E-05  0.2478E-03
   17  0.2027E+01  0.3876E-02  0.2054E+01  0.2366E-06 -0.1681E-03  0.2020E+01 -0.4162E-01 -0.1614E-02  0.2943E-04  0.6119E-04  0.4483E-03
   18  0.1885E+01 -0.5195E-03  0.1910E+01 -0.5941E-07  0.5739E-04  0.1885E+01 -0.4698E-01 -0.3004E-02  0.7967E-04  0.1530E-04  0.3724E-03
   19  0.1771E+01 -0.3367E-02  0.1794E+01 -0.1991E-06  0.1243E-03  0.1778E+01 -0.5310E-01 -0.5479E-02  0.2515E-05 -0.5783E-04  0.2115E-03
   20  0.1701E+01  0.4479E-04  0.1715E+01 -0.8097E-07  0.2291E-03  0.1702E+01 -0.4368E-01 -0.7534E-02  0.1773E-04 -0.7434E-05  0.9224E-04
   21  0.1660E+01  0.2221E-02  0.1668E+01 -0.6683E-07  0.4012E-03  0.1656E+01 -0.2866E-01 -0.6914E-02  0.8795E-04  0.5680E-04 -0.6444E-04
   22  0.1624E+01  0.3248E-03  0.1633E+01  0.9517E-07  0.3396E-03  0.1622E+01 -0.2253E-01 -0.3916E-02  0.5077E-04  0.4396E-04 -0.3917E-03
   23  0.1584E+01 -0.1333E-02  0.1594E+01  0.9951E-07 -0.4837E-04  0.1585E+01 -0.2208E-01 -0.7191E-03 -0.3907E-04  0.2047E-04 -0.8459E-03
   24  0.1535E+01 -0.3127E-03  0.1545E+01  0.1029E-06 -0.4458E-03  0.1536E+01 -0.1755E-01  0.8906E-03 -0.5650E-04  0.2525E-04 -0.1211E-02
   25  0.1465E+01  0.1080E-02  0.1475E+01 -0.2621E-07 -0.5445E-03  0.1463E+01 -0.1026E-01  0.1022E-02 -0.8248E-05  0.3782E-04 -0.1320E-02
   26  0.1354E+01  0.1065E-02  0.1367E+01 -0.8509E-07 -0.3086E-03  0.1351E+01 -0.8279E-02  0.5849E-03  0.3851E-04  0.4178E-04 -0.1206E-02
   27  0.1192E+01 -0.6044E-04  0.1209E+01 -0.2740E-08  0.7313E-04  0.1192E+01 -0.1560E-01  0.2170E-03  0.4331E-04  0.2534E-04 -0.1025E-02
   28  0.9888E+00 -0.9714E-03  0.1007E+01 -0.3219E-07  0.3942E-03  0.9900E+00 -0.2806E-01 -0.1405E-04  0.2703E-04  0.1653E-04 -0.8515E-03
   29  0.7674E+00 -0.1139E-02  0.7853E+00 -0.7909E-07  0.5512E-03  0.7694E+00 -0.3873E-01 -0.1250E-03  0.1152E-04  0.1655E-04 -0.6929E-03
   30  0.5557E+00 -0.7000E-03  0.5710E+00 -0.6482E-07  0.5421E-03  0.5575E+00 -0.4298E-01 -0.1243E-03  0.2524E-06  0.2431E-04 -0.5277E-03
   31  0.3754E+00 -0.1234E-03  0.3869E+00 -0.1836E-07  0.4340E-03  0.3763E+00 -0.4042E-01 -0.3325E-04 -0.6772E-05  0.2769E-04 -0.3633E-03
   32  0.2365E+00  0.3182E-03  0.2443E+00  0.2733E-07  0.2995E-03  0.2366E+00 -0.3330E-01  0.6146E-04 -0.9962E-05  0.2515E-04 -0.2202E-03
   33  0.1390E+00  0.5240E-03  0.1438E+00  0.3914E-07  0.1843E-03  0.1386E+00 -0.2453E-01  0.1069E-03 -0.9937E-05  0.1828E-04 -0.1154E-03
   34  0.7627E-01  0.5419E-03  0.7889E-01  0.3805E-07  0.1037E-03  0.7566E-01 -0.1635E-01  0.9781E-04 -0.7916E-05  0.1064E-04 -0.5100E-04
   35  0.3906E-01  0.4479E-03  0.4036E-01  0.3305E-07  0.5415E-04  0.3847E-01 -0.9933E-02  0.6536E-04 -0.5536E-05  0.4818E-05 -0.1796E-04
   36  0.1868E-01  0.3179E-03  0.1925E-01  0.2849E-07  0.2638E-04  0.1822E-01 -0.5524E-02  0.3517E-04 -0.3400E-05  0.1498E-05 -0.4119E-05
   37  0.8348E-02  0.1984E-03  0.8570E-02  0.2179E-07  0.1194E-04  0.8047E-02 -0.2821E-02  0.1621E-04 -0.1865E-05  0.7983E-07  0.2428E-06
   38  0.3489E-02  0.1108E-03  0.3562E-02  0.1309E-07  0.5036E-05  0.3315E-02 -0.1327E-02  0.6521E-05 -0.9172E-06 -0.2912E-06  0.9640E-06
   39  0.1365E-02  0.5582E-04  0.1384E-02  0.5749E-08  0.1996E-05  0.1275E-02 -0.5765E-03  0.2299E-05 -0.4219E-06 -0.2609E-06  0.7023E-06
   40  0.5001E-03  0.2557E-04  0.5032E-03  0.1248E-08  0.7334E-06  0.4582E-03 -0.2319E-03  0.6977E-06 -0.1793E-06 -0.1498E-06  0.3650E-06
   41  0.1719E-03  0.1070E-04  0.1713E-03 -0.8537E-09  0.2465E-06  0.1540E-03 -0.8653E-04  0.1692E-06 -0.7134E-07 -0.6591E-07  0.1515E-06
   42  0.5540E-04  0.4112E-05  0.5466E-04 -0.1502E-08  0.7768E-07  0.4847E-04 -0.3002E-04  0.2585E-07 -0.2940E-07 -0.2286E-07  0.5439E-07
   43  0.1675E-04  0.1456E-05  0.1634E-04 -0.1332E-08  0.2332E-07  0.1427E-04 -0.9688E-05  0.4977E-09 -0.1324E-07 -0.5824E-08  0.1798E-07
   44  0.4744E-05  0.4756E-06  0.4570E-05 -0.8531E-09  0.6798E-08  0.3927E-05 -0.2910E-05 -0.1158E-08 -0.6684E-08 -0.4164E-09  0.5581E-08
   45  0.1259E-05  0.1432E-06  0.1197E-05 -0.4049E-09  0.1815E-08  0.1010E-05 -0.8134E-06  0.1027E-09 -0.3451E-08  0.7744E-09  0.1554E-08
   46  0.3144E-06  0.3970E-07  0.2951E-06 -0.1325E-09  0.4365E-09  0.2452E-06 -0.2122E-06  0.5720E-09 -0.1761E-08  0.6537E-09  0.2940E-09
   47  0.7567E-07  0.1013E-07  0.7035E-07 -0.1648E-10  0.1227E-09  0.5794E-07 -0.5250E-07  0.6024E-09 -0.8697E-09  0.3540E-09 -0.6692E-12
   48  0.1908E-07  0.2427E-08  0.1777E-07  0.1411E-10  0.3150E-10  0.1486E-07 -0.1307E-07  0.4862E-09 -0.3905E-09  0.1524E-09 -0.2553E-10
   49  0.5836E-08  0.5709E-09  0.5541E-08  0.1367E-10  0.8790E-11  0.4870E-08 -0.3717E-08  0.3246E-09 -0.1621E-09  0.5257E-10 -0.9563E-11
   50  0.2522E-08  0.1628E-09  0.2457E-08  0.7587E-11  0.1931E-11  0.2264E-08 -0.1441E-08  0.1658E-09 -0.6131E-10  0.1531E-10 -0.1168E-11
   51  0.1260E-08  0.6342E-10  0.1232E-08  0.3300E-11  0.5419E-12  0.1164E-08 -0.7407E-09  0.8837E-10 -0.2126E-10  0.3498E-11  0.1657E-11
   52  0.9389E-09  0.4062E-10  0.9361E-09  0.1224E-11 -0.7640E-12  0.8777E-09 -0.4847E-09  0.2717E-10 -0.6736E-11  0.1154E-11 -0.1255E-11
   53  0.2663E-09  0.1392E-10  0.2568E-09  0.4017E-12  0.1997E-12  0.2465E-09 -0.1699E-09  0.1634E-10 -0.2083E-11  0.1956E-12  0.2678E-12
   54  0.3315E-09  0.2441E-10  0.3233E-09  0.1171E-12 -0.2199E-12  0.2908E-09 -0.1900E-09  0.2154E-11 -0.5283E-12  0.2016E-12 -0.6473E-12
   55  0.3195E-10  0.1971E-11  0.3018E-10  0.2673E-13  0.4766E-13  0.2940E-10 -0.2190E-10  0.2002E-11 -0.1492E-12  0.9220E-14 -0.1736E-14
   56  0.6824E-10  0.7532E-11  0.6422E-10  0.4250E-14 -0.4299E-13  0.5507E-10 -0.4389E-10  0.3604E-13 -0.1865E-13  0.3611E-13 -0.1304E-12
   57  0.2141E-11  0.1569E-12  0.1960E-11  0.3699E-15  0.5627E-14  0.1968E-11 -0.1532E-11  0.1451E-12 -0.7199E-14 -0.1524E-14  0.1978E-14
   58  0.8264E-11  0.1190E-11  0.7545E-11 -0.6940E-16 -0.4656E-14  0.6155E-11 -0.5818E-11 -0.1243E-13  0.2998E-15  0.4960E-14 -0.1464E-13
   59  0.6403E-13  0.4361E-14  0.5640E-13 -0.8102E-16  0.3176E-15  0.6224E-13 -0.4612E-13  0.5656E-14 -0.1686E-15 -0.2166E-15  0.2607E-15
   60  0.6071E-12  0.1017E-12  0.5341E-12 -0.3067E-16 -0.3069E-15  0.4210E-12 -0.4526E-12 -0.1439E-14  0.1007E-15  0.3143E-15 -0.8759E-15
   61 -0.4225E-15 -0.2760E-15 -0.5386E-15 -0.1024E-16  0.1827E-16  0.3803E-15  0.6104E-15  0.1420E-15  0.3017E-17 -0.6124E-17  0.7832E-17
   62  0.3541E-13  0.7087E-14  0.3108E-13 -0.1890E-17 -0.1634E-16  0.2295E-13 -0.2824E-13 -0.8530E-16  0.8257E-17  0.1943E-16 -0.4447E-16
