 input file is 
mstm21_64_9599_168_00226.inp  
 input file comments follow:
***********************************************************
  This is the default mstm input file for v.3.0.
  The run is for a 7-sphere cluster of identical spheres.   The positions
  are embedded in the input file.

  The run makes use of the new_run and multiple_run options.

  14 April 2013
***********************************************************
 number of processors:
   1
 input parameters for run number 
    1
 number of spheres, volume size parameter:
   64  0.38396E+01
 position file:
position/n64/a21.out                                        
 output file:
output/64/x9599/168/00226/mt_21_64_9599_168_00226.dat       
 length, ref. indx. scale factors:
   0.960   1.680   0.023
 chiral factors:
  0.00000E+00  0.00000E+00
 scattering matrix directions based on incident frame
 automatic scattering angle calculation
 thetamin, thetamax:
      0.0    180.0
 number scattering angles:
      181
 epsmie, epssoln, max number iterations:
  0.1000E-05  0.1000E-07 5000
 medium refractive index:
  1.0000  0.0000
 target euler rotation angles:
    0.0000    0.0000    0.0000
 far field kr, iterations/correction:
 -0.1000E+01   20
 plane wave incidence
 random orientation calculations
 t matrix calculated, stored in file 
tmatrixfiles/2164959916800226                               
 t matrix convergence epsilon:
  0.1000E-06
 all spheres excited (total T matrix) 
 calculation results for run 
    1
 total ext, abs, scat efficiencies, w.r.t. xv, and asym. parm
  0.40316E+01  0.28496E+00  0.37467E+01  0.71364E+00
 scattering matrix elements (normalized w/ S11)
   theta      11           12           13           14           22           23           24           33           34           44      
    0.00  0.44901E+02  0.00000E+00  0.00000E+00  0.52016E-04  0.99912E+00  0.13666E-02  0.00000E+00  0.99912E+00  0.00000E+00  0.99834E+00 
    1.00  0.44395E+02 -0.20511E-03 -0.14677E-06  0.60292E-04  0.99912E+00  0.13694E-02  0.12838E-06  0.99912E+00 -0.93853E-04  0.99833E+00 
    2.00  0.42919E+02 -0.82081E-03 -0.60763E-06  0.85466E-04  0.99909E+00  0.13775E-02  0.50708E-06  0.99909E+00 -0.37898E-03  0.99828E+00 
    3.00  0.40603E+02 -0.18477E-02 -0.14457E-05  0.12853E-03  0.99905E+00  0.13894E-02  0.11143E-05  0.99905E+00 -0.86550E-03  0.99821E+00 
    4.00  0.37639E+02 -0.32855E-02 -0.27701E-05  0.19092E-03  0.99899E+00  0.14028E-02  0.19053E-05  0.99899E+00 -0.15680E-02  0.99811E+00 
    5.00  0.34258E+02 -0.51305E-02 -0.47399E-05  0.27415E-03  0.99892E+00  0.14137E-02  0.28001E-05  0.99890E+00 -0.25016E-02  0.99797E+00 
    6.00  0.30696E+02 -0.73725E-02 -0.75630E-05  0.37915E-03  0.99883E+00  0.14171E-02  0.36686E-05  0.99879E+00 -0.36747E-02  0.99780E+00 
    7.00  0.27171E+02 -0.99906E-02 -0.11484E-04  0.50532E-03  0.99872E+00  0.14063E-02  0.43171E-05  0.99865E+00 -0.50793E-02  0.99759E+00 
    8.00  0.23855E+02 -0.12950E-01 -0.16748E-04  0.64929E-03  0.99859E+00  0.13738E-02  0.44857E-05  0.99849E+00 -0.66784E-02  0.99735E+00 
    9.00  0.20867E+02 -0.16199E-01 -0.23538E-04  0.80381E-03  0.99845E+00  0.13121E-02  0.38696E-05  0.99829E+00 -0.83955E-02  0.99708E+00 
   10.00  0.18264E+02 -0.19675E-01 -0.31887E-04  0.95740E-03  0.99829E+00  0.12159E-02  0.21720E-05  0.99807E+00 -0.10112E-01  0.99678E+00 
   11.00  0.16053E+02 -0.23314E-01 -0.41578E-04  0.10954E-02  0.99812E+00  0.10832E-02 -0.81564E-06  0.99781E+00 -0.11682E-01  0.99644E+00 
   12.00  0.14204E+02 -0.27060E-01 -0.52081E-04  0.12022E-02  0.99792E+00  0.91629E-03 -0.51348E-05  0.99753E+00 -0.12959E-01  0.99607E+00 
   13.00  0.12660E+02 -0.30883E-01 -0.62550E-04  0.12651E-02  0.99770E+00  0.72135E-03 -0.10622E-04  0.99721E+00 -0.13834E-01  0.99565E+00 
   14.00  0.11361E+02 -0.34772E-01 -0.71868E-04  0.12761E-02  0.99744E+00  0.50588E-03 -0.16934E-04  0.99685E+00 -0.14262E-01  0.99517E+00 
   15.00  0.10250E+02 -0.38737E-01 -0.78704E-04  0.12326E-02  0.99715E+00  0.27638E-03 -0.23625E-04  0.99644E+00 -0.14267E-01  0.99463E+00 
   16.00  0.92826E+01 -0.42795E-01 -0.81579E-04  0.11370E-02  0.99681E+00  0.36747E-04 -0.30231E-04  0.99598E+00 -0.13928E-01  0.99399E+00 
   17.00  0.84291E+01 -0.46960E-01 -0.78925E-04  0.99440E-03  0.99641E+00 -0.21164E-03 -0.36335E-04  0.99545E+00 -0.13361E-01  0.99327E+00 
   18.00  0.76723E+01 -0.51245E-01 -0.69222E-04  0.81227E-03  0.99596E+00 -0.46851E-03 -0.41606E-04  0.99484E+00 -0.12690E-01  0.99243E+00 
   19.00  0.70033E+01 -0.55666E-01 -0.51250E-04  0.59964E-03  0.99547E+00 -0.73258E-03 -0.45828E-04  0.99414E+00 -0.12035E-01  0.99149E+00 
   20.00  0.64171E+01 -0.60249E-01 -0.24432E-04  0.36738E-03  0.99492E+00 -0.99955E-03 -0.48914E-04  0.99337E+00 -0.11490E-01  0.99045E+00 
   21.00  0.59079E+01 -0.65036E-01  0.10819E-04  0.12802E-03  0.99434E+00 -0.12611E-02 -0.50934E-04  0.99251E+00 -0.11107E-01  0.98931E+00 
   22.00  0.54670E+01 -0.70079E-01  0.52947E-04 -0.10522E-03  0.99372E+00 -0.15052E-02 -0.52123E-04  0.99156E+00 -0.10889E-01  0.98808E+00 
   23.00  0.50826E+01 -0.75431E-01  0.99422E-04 -0.32006E-03  0.99309E+00 -0.17181E-02 -0.52866E-04  0.99053E+00 -0.10785E-01  0.98676E+00 
   24.00  0.47406E+01 -0.81132E-01  0.14721E-03 -0.50684E-03  0.99242E+00 -0.18866E-02 -0.53664E-04  0.98940E+00 -0.10702E-01  0.98534E+00 
   25.00  0.44271E+01 -0.87195E-01  0.19339E-03 -0.65939E-03  0.99173E+00 -0.19993E-02 -0.55089E-04  0.98816E+00 -0.10525E-01  0.98382E+00 
   26.00  0.41301E+01 -0.93602E-01  0.23557E-03 -0.77489E-03  0.99100E+00 -0.20474E-02 -0.57748E-04  0.98678E+00 -0.10142E-01  0.98216E+00 
   27.00  0.38417E+01 -0.10031E+00  0.27224E-03 -0.85289E-03  0.99021E+00 -0.20242E-02 -0.62256E-04  0.98526E+00 -0.94626E-02  0.98035E+00 
   28.00  0.35580E+01 -0.10726E+00  0.30272E-03 -0.89413E-03  0.98936E+00 -0.19239E-02 -0.69215E-04  0.98356E+00 -0.84352E-02  0.97837E+00 
   29.00  0.32793E+01 -0.11440E+00  0.32710E-03 -0.89959E-03  0.98841E+00 -0.17415E-02 -0.79165E-04  0.98167E+00 -0.70564E-02  0.97620E+00 
   30.00  0.30088E+01 -0.12170E+00  0.34616E-03 -0.87012E-03  0.98736E+00 -0.14731E-02 -0.92510E-04  0.97958E+00 -0.53784E-02  0.97383E+00 
   31.00  0.27512E+01 -0.12914E+00  0.36124E-03 -0.80656E-03  0.98619E+00 -0.11179E-02 -0.10940E-03  0.97726E+00 -0.35108E-02  0.97123E+00 
   32.00  0.25110E+01 -0.13676E+00  0.37414E-03 -0.71024E-03  0.98491E+00 -0.68000E-03 -0.12959E-03  0.97470E+00 -0.16127E-02  0.96841E+00 
   33.00  0.22916E+01 -0.14462E+00  0.38698E-03 -0.58363E-03  0.98349E+00 -0.17113E-03 -0.15237E-03  0.97190E+00  0.12799E-03  0.96535E+00 
   34.00  0.20947E+01 -0.15284E+00  0.40203E-03 -0.43082E-03  0.98196E+00  0.38827E-03 -0.17659E-03  0.96885E+00  0.15284E-02  0.96202E+00 
   35.00  0.19203E+01 -0.16149E+00  0.42149E-03 -0.25755E-03  0.98030E+00  0.96992E-03 -0.20081E-03  0.96554E+00  0.24504E-02  0.95840E+00 
   36.00  0.17667E+01 -0.17066E+00  0.44728E-03 -0.70718E-04  0.97851E+00  0.15407E-02 -0.22367E-03  0.96195E+00  0.28324E-02  0.95447E+00 
   37.00  0.16315E+01 -0.18035E+00  0.48093E-03  0.12234E-03  0.97661E+00  0.20674E-02 -0.24420E-03  0.95807E+00  0.27006E-02  0.95021E+00 
   38.00  0.15120E+01 -0.19055E+00  0.52357E-03  0.31469E-03  0.97458E+00  0.25212E-02 -0.26217E-03  0.95390E+00  0.21550E-02  0.94558E+00 
   39.00  0.14059E+01 -0.20116E+00  0.57596E-03  0.50025E-03  0.97242E+00  0.28814E-02 -0.27815E-03  0.94943E+00  0.13345E-02  0.94058E+00 
   40.00  0.13113E+01 -0.21211E+00  0.63843E-03  0.67396E-03  0.97014E+00  0.31375E-02 -0.29340E-03  0.94466E+00  0.37550E-03  0.93521E+00 
   41.00  0.12271E+01 -0.22331E+00  0.71067E-03  0.83182E-03  0.96776E+00  0.32900E-02 -0.30952E-03  0.93962E+00 -0.62189E-03  0.92950E+00 
   42.00  0.11527E+01 -0.23472E+00  0.79148E-03  0.97092E-03  0.96529E+00  0.33502E-02 -0.32797E-03  0.93432E+00 -0.16120E-02  0.92346E+00 
   43.00  0.10880E+01 -0.24635E+00  0.87838E-03  0.10898E-02  0.96278E+00  0.33390E-02 -0.34957E-03  0.92880E+00 -0.26006E-02  0.91716E+00 
   44.00  0.10326E+01 -0.25822E+00  0.96747E-03  0.11892E-02  0.96029E+00  0.32846E-02 -0.37405E-03  0.92308E+00 -0.36232E-02  0.91065E+00 
   45.00  0.98605E+00 -0.27040E+00  0.10536E-02  0.12726E-02  0.95788E+00  0.32188E-02 -0.39995E-03  0.91721E+00 -0.47125E-02  0.90400E+00 
   46.00  0.94757E+00 -0.28294E+00  0.11313E-02  0.13464E-02  0.95562E+00  0.31716E-02 -0.42485E-03  0.91118E+00 -0.58680E-02  0.89724E+00 
   47.00  0.91579E+00 -0.29585E+00  0.11954E-02  0.14197E-02  0.95353E+00  0.31666E-02 -0.44601E-03  0.90500E+00 -0.70393E-02  0.89040E+00 
   48.00  0.88901E+00 -0.30910E+00  0.12425E-02  0.15034E-02  0.95163E+00  0.32176E-02 -0.46111E-03  0.89861E+00 -0.81320E-02  0.88345E+00 
   49.00  0.86526E+00 -0.32261E+00  0.12714E-02  0.16083E-02  0.94990E+00  0.33268E-02 -0.46896E-03  0.89197E+00 -0.90311E-02  0.87636E+00 
   50.00  0.84260E+00 -0.33630E+00  0.12835E-02  0.17445E-02  0.94829E+00  0.34874E-02 -0.46985E-03  0.88500E+00 -0.96330E-02  0.86905E+00 
   51.00  0.81927E+00 -0.35006E+00  0.12821E-02  0.19198E-02  0.94673E+00  0.36857E-02 -0.46559E-03  0.87759E+00 -0.98733E-02  0.86140E+00 
   52.00  0.79395E+00 -0.36384E+00  0.12723E-02  0.21398E-02  0.94515E+00  0.39047E-02 -0.45928E-03  0.86965E+00 -0.97430E-02  0.85332E+00 
   53.00  0.76589E+00 -0.37762E+00  0.12597E-02  0.24074E-02  0.94350E+00  0.41268E-02 -0.45493E-03  0.86108E+00 -0.92917E-02  0.84469E+00 
   54.00  0.73493E+00 -0.39140E+00  0.12500E-02  0.27228E-02  0.94169E+00  0.43346E-02 -0.45708E-03  0.85177E+00 -0.86190E-02  0.83539E+00 
   55.00  0.70149E+00 -0.40525E+00  0.12483E-02  0.30830E-02  0.93971E+00  0.45124E-02 -0.47036E-03  0.84165E+00 -0.78583E-02  0.82533E+00 
   56.00  0.66641E+00 -0.41924E+00  0.12586E-02  0.34820E-02  0.93752E+00  0.46456E-02 -0.49907E-03  0.83064E+00 -0.71543E-02  0.81445E+00 
   57.00  0.63084E+00 -0.43344E+00  0.12830E-02  0.39094E-02  0.93512E+00  0.47220E-02 -0.54672E-03  0.81873E+00 -0.66354E-02  0.80270E+00 
   58.00  0.59597E+00 -0.44791E+00  0.13213E-02  0.43515E-02  0.93255E+00  0.47313E-02 -0.61551E-03  0.80595E+00 -0.63854E-02  0.79014E+00 
   59.00  0.56289E+00 -0.46266E+00  0.13703E-02  0.47912E-02  0.92985E+00  0.46665E-02 -0.70591E-03  0.79240E+00 -0.64186E-02  0.77683E+00 
   60.00  0.53243E+00 -0.47764E+00  0.14243E-02  0.52100E-02  0.92708E+00  0.45251E-02 -0.81640E-03  0.77823E+00 -0.66656E-02  0.76295E+00 
   61.00  0.50506E+00 -0.49274E+00  0.14754E-02  0.55905E-02  0.92432E+00  0.43090E-02 -0.94366E-03  0.76364E+00 -0.69800E-02  0.74868E+00 
   62.00  0.48092E+00 -0.50776E+00  0.15148E-02  0.59195E-02  0.92161E+00  0.40252E-02 -0.10831E-02  0.74887E+00 -0.71655E-02  0.73423E+00 
   63.00  0.45980E+00 -0.52249E+00  0.15344E-02  0.61901E-02  0.91897E+00  0.36843E-02 -0.12298E-02  0.73408E+00 -0.70220E-02  0.71976E+00 
   64.00  0.44126E+00 -0.53672E+00  0.15278E-02  0.64026E-02  0.91640E+00  0.32983E-02 -0.13794E-02  0.71941E+00 -0.63935E-02  0.70538E+00 
   65.00  0.42475E+00 -0.55027E+00  0.14918E-02  0.65639E-02  0.91386E+00  0.28789E-02 -0.15290E-02  0.70489E+00 -0.52050E-02  0.69113E+00 
   66.00  0.40969E+00 -0.56304E+00  0.14258E-02  0.66851E-02  0.91129E+00  0.24352E-02 -0.16772E-02  0.69048E+00 -0.34771E-02  0.67693E+00 
   67.00  0.39558E+00 -0.57498E+00  0.13322E-02  0.67787E-02  0.90861E+00  0.19734E-02 -0.18240E-02  0.67607E+00 -0.13185E-02  0.66267E+00 
   68.00  0.38206E+00 -0.58613E+00  0.12148E-02  0.68564E-02  0.90577E+00  0.14964E-02 -0.19701E-02  0.66150E+00  0.10975E-02  0.64818E+00 
   69.00  0.36890E+00 -0.59658E+00  0.10787E-02  0.69275E-02  0.90273E+00  0.10053E-02 -0.21165E-02  0.64661E+00  0.35631E-02  0.63330E+00 
   70.00  0.35605E+00 -0.60645E+00  0.92930E-03  0.69977E-02  0.89945E+00  0.50009E-03 -0.22637E-02  0.63123E+00  0.58667E-02  0.61786E+00 
   71.00  0.34356E+00 -0.61587E+00  0.77195E-03  0.70689E-02  0.89594E+00 -0.18444E-04 -0.24117E-02  0.61522E+00  0.78175E-02  0.60172E+00 
   72.00  0.33155E+00 -0.62499E+00  0.61146E-03  0.71399E-02  0.89223E+00 -0.54788E-03 -0.25594E-02  0.59849E+00  0.92650E-02  0.58478E+00 
   73.00  0.32016E+00 -0.63393E+00  0.45199E-03  0.72066E-02  0.88836E+00 -0.10833E-02 -0.27050E-02  0.58098E+00  0.10108E-01  0.56697E+00 
   74.00  0.30952E+00 -0.64278E+00  0.29680E-03  0.72634E-02  0.88439E+00 -0.16170E-02 -0.28463E-02  0.56268E+00  0.10297E-01  0.54828E+00 
   75.00  0.29972E+00 -0.65159E+00  0.14830E-03  0.73034E-02  0.88038E+00 -0.21392E-02 -0.29811E-02  0.54359E+00  0.98242E-02  0.52874E+00 
   76.00  0.29078E+00 -0.66038E+00  0.81083E-05  0.73196E-02  0.87639E+00 -0.26386E-02 -0.31073E-02  0.52379E+00  0.87149E-02  0.50838E+00 
   77.00  0.28270E+00 -0.66911E+00 -0.12269E-03  0.73057E-02  0.87245E+00 -0.31041E-02 -0.32233E-02  0.50333E+00  0.70077E-02  0.48730E+00 
   78.00  0.27540E+00 -0.67775E+00 -0.24319E-03  0.72560E-02  0.86863E+00 -0.35255E-02 -0.33281E-02  0.48228E+00  0.47438E-02  0.46558E+00 
   79.00  0.26879E+00 -0.68622E+00 -0.35231E-03  0.71662E-02  0.86494E+00 -0.38954E-02 -0.34211E-02  0.46070E+00  0.19597E-02  0.44329E+00 
   80.00  0.26278E+00 -0.69449E+00 -0.44841E-03  0.70333E-02  0.86142E+00 -0.42088E-02 -0.35017E-02  0.43862E+00 -0.13128E-02  0.42051E+00 
   81.00  0.25728E+00 -0.70252E+00 -0.52907E-03  0.68559E-02  0.85811E+00 -0.44646E-02 -0.35693E-02  0.41606E+00 -0.50391E-02  0.39729E+00 
   82.00  0.25219E+00 -0.71030E+00 -0.59104E-03  0.66345E-02  0.85503E+00 -0.46644E-02 -0.36234E-02  0.39300E+00 -0.91719E-02  0.37365E+00 
   83.00  0.24747E+00 -0.71784E+00 -0.63033E-03  0.63717E-02  0.85221E+00 -0.48126E-02 -0.36630E-02  0.36941E+00 -0.13641E-01  0.34959E+00 
   84.00  0.24306E+00 -0.72514E+00 -0.64252E-03  0.60724E-02  0.84968E+00 -0.49159E-02 -0.36877E-02  0.34522E+00 -0.18346E-01  0.32509E+00 
   85.00  0.23892E+00 -0.73222E+00 -0.62313E-03  0.57437E-02  0.84746E+00 -0.49820E-02 -0.36975E-02  0.32038E+00 -0.23161E-01  0.30013E+00 
   86.00  0.23503E+00 -0.73906E+00 -0.56806E-03  0.53952E-02  0.84556E+00 -0.50195E-02 -0.36932E-02  0.29481E+00 -0.27935E-01  0.27465E+00 
   87.00  0.23136E+00 -0.74563E+00 -0.47400E-03  0.50377E-02  0.84399E+00 -0.50372E-02 -0.36771E-02  0.26848E+00 -0.32512E-01  0.24861E+00 
   88.00  0.22789E+00 -0.75185E+00 -0.33875E-03  0.46829E-02  0.84270E+00 -0.50429E-02 -0.36528E-02  0.24135E+00 -0.36743E-01  0.22197E+00 
   89.00  0.22459E+00 -0.75763E+00 -0.16143E-03  0.43417E-02  0.84168E+00 -0.50439E-02 -0.36253E-02  0.21342E+00 -0.40506E-01  0.19473E+00 
   90.00  0.22145E+00 -0.76284E+00  0.57497E-04  0.40237E-02  0.84087E+00 -0.50462E-02 -0.36004E-02  0.18473E+00 -0.43718E-01  0.16688E+00 
   91.00  0.21844E+00 -0.76734E+00  0.31620E-03  0.37356E-02  0.84021E+00 -0.50546E-02 -0.35845E-02  0.15534E+00 -0.46342E-01  0.13847E+00 
   92.00  0.21556E+00 -0.77100E+00  0.61165E-03  0.34808E-02  0.83965E+00 -0.50729E-02 -0.35836E-02  0.12534E+00 -0.48390E-01  0.10955E+00 
   93.00  0.21278E+00 -0.77370E+00  0.93973E-03  0.32588E-02  0.83914E+00 -0.51037E-02 -0.36024E-02  0.94867E-01 -0.49919E-01  0.80225E-01 
   94.00  0.21012E+00 -0.77532E+00  0.12954E-02  0.30655E-02  0.83864E+00 -0.51489E-02 -0.36437E-02  0.64045E-01 -0.51018E-01  0.50608E-01 
   95.00  0.20758E+00 -0.77580E+00  0.16727E-02  0.28934E-02  0.83810E+00 -0.52096E-02 -0.37077E-02  0.33027E-01 -0.51796E-01  0.20838E-01 
   96.00  0.20517E+00 -0.77510E+00  0.20652E-02  0.27330E-02  0.83752E+00 -0.52862E-02 -0.37915E-02  0.19627E-02 -0.52371E-01 -0.89367E-02 
   97.00  0.20290E+00 -0.77323E+00  0.24656E-02  0.25739E-02  0.83690E+00 -0.53782E-02 -0.38893E-02 -0.29004E-01 -0.52850E-01 -0.38567E-01 
   98.00  0.20078E+00 -0.77022E+00  0.28664E-02  0.24060E-02  0.83623E+00 -0.54840E-02 -0.39924E-02 -0.59744E-01 -0.53325E-01 -0.67908E-01 
   99.00  0.19883E+00 -0.76613E+00  0.32600E-02  0.22214E-02  0.83555E+00 -0.56013E-02 -0.40902E-02 -0.90144E-01 -0.53861E-01 -0.96831E-01 
  100.00  0.19705E+00 -0.76103E+00  0.36386E-02  0.20150E-02  0.83487E+00 -0.57266E-02 -0.41709E-02 -0.12011E+00 -0.54496E-01 -0.12523E+00 
  101.00  0.19544E+00 -0.75501E+00  0.39949E-02  0.17860E-02  0.83423E+00 -0.58552E-02 -0.42229E-02 -0.14959E+00 -0.55240E-01 -0.15301E+00 
  102.00  0.19400E+00 -0.74814E+00  0.43225E-02  0.15375E-02  0.83365E+00 -0.59818E-02 -0.42358E-02 -0.17851E+00 -0.56083E-01 -0.18011E+00 
  103.00  0.19271E+00 -0.74051E+00  0.46160E-02  0.12768E-02  0.83314E+00 -0.61002E-02 -0.42014E-02 -0.20686E+00 -0.56996E-01 -0.20650E+00 
  104.00  0.19158E+00 -0.73217E+00  0.48712E-02  0.10145E-02  0.83274E+00 -0.62041E-02 -0.41149E-02 -0.23461E+00 -0.57946E-01 -0.23216E+00 
  105.00  0.19057E+00 -0.72319E+00  0.50857E-02  0.76367E-03  0.83244E+00 -0.62872E-02 -0.39751E-02 -0.26176E+00 -0.58899E-01 -0.25708E+00 
  106.00  0.18967E+00 -0.71359E+00  0.52587E-02  0.53816E-03  0.83227E+00 -0.63438E-02 -0.37848E-02 -0.28830E+00 -0.59825E-01 -0.28129E+00 
  107.00  0.18886E+00 -0.70340E+00  0.53911E-02  0.35165E-03  0.83220E+00 -0.63687E-02 -0.35501E-02 -0.31422E+00 -0.60705E-01 -0.30480E+00 
  108.00  0.18814E+00 -0.69265E+00  0.54852E-02  0.21617E-03  0.83225E+00 -0.63579E-02 -0.32807E-02 -0.33953E+00 -0.61532E-01 -0.32763E+00 
  109.00  0.18749E+00 -0.68135E+00  0.55445E-02  0.14116E-03  0.83241E+00 -0.63088E-02 -0.29882E-02 -0.36420E+00 -0.62310E-01 -0.34981E+00 
  110.00  0.18691E+00 -0.66952E+00  0.55737E-02  0.13270E-03  0.83265E+00 -0.62197E-02 -0.26859E-02 -0.38824E+00 -0.63053E-01 -0.37136E+00 
  111.00  0.18638E+00 -0.65718E+00  0.55779E-02  0.19321E-03  0.83298E+00 -0.60904E-02 -0.23876E-02 -0.41162E+00 -0.63781E-01 -0.39229E+00 
  112.00  0.18591E+00 -0.64435E+00  0.55624E-02  0.32139E-03  0.83339E+00 -0.59216E-02 -0.21065E-02 -0.43432E+00 -0.64517E-01 -0.41262E+00 
  113.00  0.18551E+00 -0.63108E+00  0.55321E-02  0.51263E-03  0.83386E+00 -0.57154E-02 -0.18550E-02 -0.45633E+00 -0.65285E-01 -0.43235E+00 
  114.00  0.18517E+00 -0.61740E+00  0.54917E-02  0.75953E-03  0.83438E+00 -0.54744E-02 -0.16432E-02 -0.47763E+00 -0.66105E-01 -0.45148E+00 
  115.00  0.18490E+00 -0.60335E+00  0.54445E-02  0.10527E-02  0.83495E+00 -0.52021E-02 -0.14792E-02 -0.49819E+00 -0.66989E-01 -0.47003E+00 
  116.00  0.18471E+00 -0.58898E+00  0.53933E-02  0.13818E-02  0.83558E+00 -0.49028E-02 -0.13684E-02 -0.51802E+00 -0.67943E-01 -0.48797E+00 
  117.00  0.18460E+00 -0.57434E+00  0.53391E-02  0.17360E-02  0.83624E+00 -0.45810E-02 -0.13136E-02 -0.53710E+00 -0.68965E-01 -0.50531E+00 
  118.00  0.18458E+00 -0.55950E+00  0.52822E-02  0.21050E-02  0.83696E+00 -0.42419E-02 -0.13150E-02 -0.55542E+00 -0.70041E-01 -0.52204E+00 
  119.00  0.18464E+00 -0.54449E+00  0.52215E-02  0.24797E-02  0.83771E+00 -0.38909E-02 -0.13706E-02 -0.57300E+00 -0.71154E-01 -0.53815E+00 
  120.00  0.18479E+00 -0.52936E+00  0.51551E-02  0.28521E-02  0.83852E+00 -0.35339E-02 -0.14764E-02 -0.58983E+00 -0.72276E-01 -0.55363E+00 
  121.00  0.18502E+00 -0.51418E+00  0.50801E-02  0.32160E-02  0.83938E+00 -0.31766E-02 -0.16269E-02 -0.60594E+00 -0.73375E-01 -0.56848E+00 
  122.00  0.18535E+00 -0.49896E+00  0.49933E-02  0.35665E-02  0.84030E+00 -0.28249E-02 -0.18152E-02 -0.62134E+00 -0.74416E-01 -0.58269E+00 
  123.00  0.18575E+00 -0.48376E+00  0.48914E-02  0.39001E-02  0.84128E+00 -0.24844E-02 -0.20336E-02 -0.63605E+00 -0.75364E-01 -0.59626E+00 
  124.00  0.18622E+00 -0.46860E+00  0.47709E-02  0.42143E-02  0.84233E+00 -0.21601E-02 -0.22738E-02 -0.65010E+00 -0.76182E-01 -0.60920E+00 
  125.00  0.18677E+00 -0.45350E+00  0.46286E-02  0.45072E-02  0.84343E+00 -0.18566E-02 -0.25272E-02 -0.66352E+00 -0.76837E-01 -0.62151E+00 
  126.00  0.18738E+00 -0.43848E+00  0.44620E-02  0.47775E-02  0.84461E+00 -0.15769E-02 -0.27851E-02 -0.67634E+00 -0.77300E-01 -0.63321E+00 
  127.00  0.18803E+00 -0.42355E+00  0.42690E-02  0.50241E-02  0.84584E+00 -0.13234E-02 -0.30389E-02 -0.68859E+00 -0.77548E-01 -0.64431E+00 
  128.00  0.18873E+00 -0.40872E+00  0.40481E-02  0.52459E-02  0.84712E+00 -0.10969E-02 -0.32804E-02 -0.70031E+00 -0.77561E-01 -0.65482E+00 
  129.00  0.18946E+00 -0.39399E+00  0.37991E-02  0.54422E-02  0.84846E+00 -0.89685E-03 -0.35017E-02 -0.71152E+00 -0.77330E-01 -0.66476E+00 
  130.00  0.19021E+00 -0.37936E+00  0.35222E-02  0.56119E-02  0.84982E+00 -0.72170E-03 -0.36955E-02 -0.72226E+00 -0.76847E-01 -0.67417E+00 
  131.00  0.19096E+00 -0.36482E+00  0.32188E-02  0.57542E-02  0.85121E+00 -0.56884E-03 -0.38552E-02 -0.73256E+00 -0.76115E-01 -0.68305E+00 
  132.00  0.19172E+00 -0.35036E+00  0.28912E-02  0.58681E-02  0.85260E+00 -0.43506E-03 -0.39750E-02 -0.74244E+00 -0.75140E-01 -0.69142E+00 
  133.00  0.19247E+00 -0.33599E+00  0.25426E-02  0.59527E-02  0.85398E+00 -0.31685E-03 -0.40499E-02 -0.75191E+00 -0.73935E-01 -0.69929E+00 
  134.00  0.19320E+00 -0.32170E+00  0.21772E-02  0.60067E-02  0.85533E+00 -0.21085E-03 -0.40762E-02 -0.76098E+00 -0.72515E-01 -0.70668E+00 
  135.00  0.19391E+00 -0.30748E+00  0.18000E-02  0.60287E-02  0.85664E+00 -0.11409E-03 -0.40507E-02 -0.76966E+00 -0.70899E-01 -0.71358E+00 
  136.00  0.19460E+00 -0.29334E+00  0.14170E-02  0.60170E-02  0.85790E+00 -0.24356E-04 -0.39715E-02 -0.77795E+00 -0.69109E-01 -0.72000E+00 
  137.00  0.19526E+00 -0.27929E+00  0.10347E-02  0.59696E-02  0.85908E+00  0.59739E-04 -0.38379E-02 -0.78584E+00 -0.67168E-01 -0.72592E+00 
  138.00  0.19589E+00 -0.26534E+00  0.65996E-03  0.58842E-02  0.86019E+00  0.13865E-03 -0.36503E-02 -0.79330E+00 -0.65099E-01 -0.73136E+00 
  139.00  0.19651E+00 -0.25151E+00  0.29980E-03  0.57589E-02  0.86120E+00  0.21199E-03 -0.34104E-02 -0.80034E+00 -0.62927E-01 -0.73628E+00 
  140.00  0.19710E+00 -0.23783E+00 -0.38967E-04  0.55923E-02  0.86212E+00  0.27869E-03 -0.31215E-02 -0.80693E+00 -0.60674E-01 -0.74070E+00 
  141.00  0.19769E+00 -0.22432E+00 -0.35019E-03  0.53836E-02  0.86293E+00  0.33719E-03 -0.27882E-02 -0.81307E+00 -0.58366E-01 -0.74460E+00 
  142.00  0.19827E+00 -0.21101E+00 -0.62870E-03  0.51338E-02  0.86363E+00  0.38572E-03 -0.24168E-02 -0.81873E+00 -0.56025E-01 -0.74799E+00 
  143.00  0.19887E+00 -0.19795E+00 -0.87068E-03  0.48453E-02  0.86423E+00  0.42251E-03 -0.20153E-02 -0.82392E+00 -0.53672E-01 -0.75089E+00 
  144.00  0.19947E+00 -0.18516E+00 -0.10739E-02  0.45225E-02  0.86473E+00  0.44604E-03 -0.15928E-02 -0.82863E+00 -0.51330E-01 -0.75329E+00 
  145.00  0.20009E+00 -0.17267E+00 -0.12380E-02  0.41716E-02  0.86513E+00  0.45514E-03 -0.11598E-02 -0.83288E+00 -0.49016E-01 -0.75523E+00 
  146.00  0.20075E+00 -0.16052E+00 -0.13643E-02  0.38001E-02  0.86543E+00  0.44920E-03 -0.72743E-03 -0.83669E+00 -0.46750E-01 -0.75674E+00 
  147.00  0.20144E+00 -0.14874E+00 -0.14559E-02  0.34168E-02  0.86564E+00  0.42815E-03 -0.30690E-03 -0.84008E+00 -0.44545E-01 -0.75785E+00 
  148.00  0.20218E+00 -0.13734E+00 -0.15171E-02  0.30304E-02  0.86577E+00  0.39253E-03  0.90924E-04 -0.84308E+00 -0.42414E-01 -0.75859E+00 
  149.00  0.20297E+00 -0.12636E+00 -0.15536E-02  0.26493E-02  0.86582E+00  0.34346E-03  0.45628E-03 -0.84571E+00 -0.40365E-01 -0.75901E+00 
  150.00  0.20381E+00 -0.11582E+00 -0.15714E-02  0.22806E-02  0.86581E+00  0.28264E-03  0.78105E-03 -0.84802E+00 -0.38401E-01 -0.75913E+00 
  151.00  0.20471E+00 -0.10574E+00 -0.15768E-02  0.19297E-02  0.86575E+00  0.21227E-03  0.10592E-02 -0.85003E+00 -0.36523E-01 -0.75899E+00 
  152.00  0.20567E+00 -0.96125E-01 -0.15755E-02  0.15999E-02  0.86563E+00  0.13497E-03  0.12871E-02 -0.85178E+00 -0.34726E-01 -0.75862E+00 
  153.00  0.20671E+00 -0.87009E-01 -0.15726E-02  0.12925E-02  0.86546E+00  0.53703E-04  0.14635E-02 -0.85329E+00 -0.33000E-01 -0.75802E+00 
  154.00  0.20782E+00 -0.78404E-01 -0.15719E-02  0.10067E-02  0.86526E+00 -0.28389E-04  0.15895E-02 -0.85458E+00 -0.31335E-01 -0.75722E+00 
  155.00  0.20901E+00 -0.70326E-01 -0.15758E-02  0.74060E-03  0.86502E+00 -0.10812E-03  0.16683E-02 -0.85566E+00 -0.29716E-01 -0.75623E+00 
  156.00  0.21029E+00 -0.62785E-01 -0.15855E-02  0.49132E-03  0.86476E+00 -0.18242E-03  0.17046E-02 -0.85654E+00 -0.28130E-01 -0.75505E+00 
  157.00  0.21164E+00 -0.55785E-01 -0.16003E-02  0.25578E-03  0.86446E+00 -0.24855E-03  0.17042E-02 -0.85725E+00 -0.26562E-01 -0.75368E+00 
  158.00  0.21307E+00 -0.49320E-01 -0.16189E-02  0.31176E-04  0.86415E+00 -0.30423E-03  0.16732E-02 -0.85779E+00 -0.25003E-01 -0.75215E+00 
  159.00  0.21458E+00 -0.43376E-01 -0.16388E-02 -0.18462E-03  0.86381E+00 -0.34774E-03  0.16177E-02 -0.85817E+00 -0.23444E-01 -0.75046E+00 
  160.00  0.21616E+00 -0.37930E-01 -0.16569E-02 -0.39285E-03  0.86346E+00 -0.37805E-03  0.15436E-02 -0.85841E+00 -0.21883E-01 -0.74862E+00 
  161.00  0.21780E+00 -0.32947E-01 -0.16700E-02 -0.59386E-03  0.86310E+00 -0.39479E-03  0.14557E-02 -0.85853E+00 -0.20320E-01 -0.74666E+00 
  162.00  0.21950E+00 -0.28390E-01 -0.16751E-02 -0.78723E-03  0.86273E+00 -0.39826E-03  0.13583E-02 -0.85856E+00 -0.18760E-01 -0.74461E+00 
  163.00  0.22123E+00 -0.24219E-01 -0.16692E-02 -0.97194E-03  0.86234E+00 -0.38933E-03  0.12545E-02 -0.85852E+00 -0.17211E-01 -0.74248E+00 
  164.00  0.22298E+00 -0.20398E-01 -0.16499E-02 -0.11467E-02  0.86193E+00 -0.36940E-03  0.11469E-02 -0.85842E+00 -0.15680E-01 -0.74029E+00 
  165.00  0.22476E+00 -0.16899E-01 -0.16152E-02 -0.13102E-02  0.86150E+00 -0.34030E-03  0.10372E-02 -0.85829E+00 -0.14179E-01 -0.73806E+00 
  166.00  0.22654E+00 -0.13707E-01 -0.15637E-02 -0.14612E-02  0.86103E+00 -0.30414E-03  0.92701E-03 -0.85813E+00 -0.12714E-01 -0.73578E+00 
  167.00  0.22833E+00 -0.10817E-01 -0.14943E-02 -0.15990E-02  0.86052E+00 -0.26327E-03  0.81758E-03 -0.85796E+00 -0.11292E-01 -0.73346E+00 
  168.00  0.23011E+00 -0.82384E-02 -0.14065E-02 -0.17231E-02  0.85996E+00 -0.22011E-03  0.71017E-03 -0.85775E+00 -0.99199E-02 -0.73108E+00 
  169.00  0.23188E+00 -0.59890E-02 -0.13005E-02 -0.18335E-02  0.85934E+00 -0.17706E-03  0.60610E-03 -0.85751E+00 -0.86003E-02 -0.72862E+00 
  170.00  0.23364E+00 -0.40874E-02 -0.11773E-02 -0.19308E-02  0.85867E+00 -0.13632E-03  0.50676E-03 -0.85722E+00 -0.73376E-02 -0.72609E+00 
  171.00  0.23537E+00 -0.25480E-02 -0.10389E-02 -0.20154E-02  0.85796E+00 -0.99739E-04  0.41360E-03 -0.85686E+00 -0.61363E-02 -0.72347E+00 
  172.00  0.23706E+00 -0.13727E-02 -0.88878E-03 -0.20883E-02  0.85722E+00 -0.68683E-04  0.32798E-03 -0.85644E+00 -0.50034E-02 -0.72080E+00 
  173.00  0.23868E+00 -0.54634E-03 -0.73158E-03 -0.21505E-02  0.85646E+00 -0.43919E-04  0.25111E-03 -0.85595E+00 -0.39485E-02 -0.71812E+00 
  174.00  0.24021E+00 -0.33852E-04 -0.57332E-03 -0.22027E-02  0.85572E+00 -0.25571E-04  0.18394E-03 -0.85542E+00 -0.29842E-02 -0.71550E+00 
  175.00  0.24160E+00  0.21873E-03 -0.42104E-03 -0.22457E-02  0.85503E+00 -0.13150E-04  0.12708E-03 -0.85487E+00 -0.21259E-02 -0.71303E+00 
  176.00  0.24281E+00  0.27949E-03 -0.28233E-03 -0.22802E-02  0.85441E+00 -0.56775E-05  0.80819E-04 -0.85434E+00 -0.13909E-02 -0.71081E+00 
  177.00  0.24381E+00  0.22303E-03 -0.16476E-03 -0.23067E-02  0.85389E+00 -0.18716E-05  0.45170E-04 -0.85386E+00 -0.79646E-03 -0.70894E+00 
  178.00  0.24455E+00  0.12123E-03 -0.75202E-04 -0.23254E-02  0.85350E+00 -0.38071E-06  0.19966E-04 -0.85349E+00 -0.35866E-03 -0.70753E+00 
  179.00  0.24501E+00  0.33750E-04 -0.19105E-04 -0.23366E-02  0.85325E+00 -0.24217E-07  0.49732E-05 -0.85325E+00 -0.90389E-04 -0.70664E+00 
  180.00  0.24517E+00  0.86543E-15 -0.47604E-15 -0.23403E-02  0.85317E+00 -0.14962E-28  0.12310E-15 -0.85317E+00 -0.22463E-14 -0.70634E+00 
 scattering matrix expansion coefficients
    w  a11         a22         a33         a23         a32         a44         a12         a34         a13         a24         a14
    0  0.1000E+01  0.0000E+00  0.0000E+00  0.0000E+00  0.0000E+00  0.7959E+00  0.0000E+00  0.0000E+00  0.0000E+00  0.0000E+00  0.1235E-02
    1  0.2141E+01  0.0000E+00  0.0000E+00  0.0000E+00  0.0000E+00  0.2308E+01  0.0000E+00  0.0000E+00  0.0000E+00  0.0000E+00  0.1200E-02
    2  0.2905E+01  0.2237E+00  0.3810E+01 -0.1482E-05  0.2014E-02  0.2877E+01 -0.3501E+00 -0.1591E-01  0.1044E-02 -0.1277E-02  0.3803E-03
    3  0.3144E+01  0.3812E-01  0.3655E+01  0.1587E-05  0.2260E-02  0.3144E+01 -0.2031E+00  0.7470E-02  0.3267E-04 -0.7572E-04  0.3576E-03
    4  0.3185E+01  0.1744E-01  0.3566E+01 -0.2609E-05 -0.8155E-03  0.3196E+01 -0.1766E+00 -0.1605E-01  0.8015E-03  0.4692E-04  0.1284E-02
    5  0.3084E+01  0.1340E-01  0.3368E+01 -0.7583E-06  0.1615E-02  0.3092E+01 -0.1540E+00 -0.1688E-01  0.1088E-02  0.7063E-04  0.4086E-02
    6  0.2919E+01  0.1448E-01  0.3125E+01 -0.5769E-06  0.4985E-02  0.2909E+01 -0.1183E+00 -0.2127E-01 -0.7315E-03 -0.1456E-03  0.3387E-02
    7  0.2695E+01  0.2753E-02  0.2859E+01  0.5032E-06  0.6854E-02  0.2690E+01 -0.1077E+00 -0.2289E-01 -0.1621E-03 -0.4308E-03  0.2828E-02
    8  0.2460E+01  0.9282E-03  0.2587E+01  0.1028E-05  0.8048E-02  0.2456E+01 -0.1079E+00 -0.2913E-01 -0.2812E-05  0.3525E-03  0.2630E-02
    9  0.2228E+01 -0.2341E-02  0.2330E+01  0.1085E-05  0.7422E-02  0.2238E+01 -0.1126E+00 -0.4093E-01  0.6047E-04 -0.3423E-03  0.1551E-02
   10  0.2053E+01  0.5507E-02  0.2121E+01  0.1587E-06  0.6569E-02  0.2053E+01 -0.9436E-01 -0.4601E-01 -0.2714E-03  0.2502E-03  0.9291E-03
   11  0.1923E+01  0.3771E-02  0.1972E+01 -0.1110E-06  0.6069E-02  0.1922E+01 -0.6889E-01 -0.4044E-01 -0.3894E-03  0.1257E-03  0.1668E-03
   12  0.1825E+01  0.2804E-02  0.1862E+01  0.1140E-05  0.4737E-02  0.1821E+01 -0.4744E-01 -0.3640E-01 -0.2412E-03 -0.3574E-03 -0.9230E-03
   13  0.1722E+01  0.7810E-03  0.1755E+01  0.3633E-06  0.2967E-02  0.1716E+01 -0.3490E-01 -0.3332E-01 -0.2293E-03  0.5085E-04 -0.1760E-02
   14  0.1591E+01 -0.1468E-03  0.1624E+01  0.1168E-07  0.1431E-02  0.1587E+01 -0.3125E-01 -0.3112E-01 -0.4710E-03  0.3241E-04 -0.2294E-02
   15  0.1429E+01  0.8900E-05  0.1463E+01  0.1397E-06  0.6159E-03  0.1426E+01 -0.3333E-01 -0.2689E-01 -0.2263E-03 -0.4093E-04 -0.2497E-02
   16  0.1251E+01  0.5773E-04  0.1281E+01 -0.2127E-06  0.2009E-03  0.1249E+01 -0.3917E-01 -0.2277E-01 -0.2704E-03  0.2088E-04 -0.2403E-02
   17  0.1076E+01 -0.3847E-03  0.1103E+01  0.4660E-07  0.5246E-03  0.1077E+01 -0.4486E-01 -0.2225E-01 -0.1143E-03  0.8617E-04 -0.1836E-02
   18  0.9296E+00  0.3677E-03  0.9500E+00  0.3315E-06  0.9753E-03  0.9308E+00 -0.4218E-01 -0.2355E-01  0.2753E-04  0.3704E-04 -0.1318E-02
   19  0.8139E+00  0.7550E-03  0.8292E+00  0.2863E-06  0.1411E-02  0.8147E+00 -0.3265E-01 -0.2318E-01  0.1606E-03 -0.4076E-04 -0.1178E-02
   20  0.7183E+00  0.9796E-03  0.7302E+00  0.3068E-06  0.1468E-02  0.7176E+00 -0.2270E-01 -0.2093E-01  0.1755E-03  0.5818E-04 -0.9999E-03
   21  0.6287E+00  0.7657E-03  0.6391E+00  0.2601E-06  0.1178E-02  0.6276E+00 -0.1782E-01 -0.1784E-01  0.1177E-03  0.9141E-04 -0.7787E-03
   22  0.5427E+00  0.5988E-03  0.5520E+00  0.1309E-07  0.7063E-03  0.5421E+00 -0.1730E-01 -0.1424E-01  0.5238E-04  0.7009E-04 -0.5782E-03
   23  0.4661E+00  0.2762E-04  0.4742E+00 -0.1474E-07  0.3061E-03  0.4670E+00 -0.1823E-01 -0.1060E-01  0.2946E-04  0.5222E-04 -0.4220E-03
   24  0.4061E+00 -0.5651E-04  0.4124E+00  0.6427E-07  0.7764E-04  0.4074E+00 -0.1590E-01 -0.7725E-02  0.3210E-04  0.2794E-04 -0.2764E-03
   25  0.3610E+00  0.3139E-03  0.3655E+00  0.1057E-06  0.1994E-04  0.3614E+00 -0.9989E-02 -0.5073E-02  0.4570E-04  0.4135E-05 -0.1579E-03
   26  0.3225E+00  0.8513E-03  0.3258E+00  0.6148E-07  0.9462E-05  0.3213E+00 -0.3506E-02 -0.2144E-02  0.1554E-04 -0.1681E-04 -0.1208E-03
   27  0.2803E+00  0.6756E-03  0.2837E+00  0.2812E-07  0.5738E-05  0.2791E+00 -0.1099E-02  0.6307E-03 -0.1155E-04 -0.2721E-05 -0.9179E-04
   28  0.2320E+00  0.2006E-03  0.2358E+00  0.2428E-07 -0.1251E-04  0.2315E+00 -0.2816E-02  0.2037E-02 -0.3337E-04  0.1198E-04 -0.6597E-04
   29  0.1813E+00 -0.1634E-03  0.1853E+00  0.3075E-07 -0.4066E-04  0.1817E+00 -0.5977E-02  0.1850E-02 -0.3066E-04  0.1840E-04 -0.3820E-04
   30  0.1344E+00 -0.1498E-03  0.1379E+00  0.2798E-07 -0.6502E-04  0.1351E+00 -0.7757E-02  0.8140E-03 -0.2132E-04  0.1417E-04 -0.1170E-04
   31  0.9502E-01 -0.1579E-04  0.9775E-01  0.2364E-07 -0.6790E-04  0.9557E-01 -0.7711E-02 -0.1087E-03 -0.7063E-05  0.5677E-05  0.3120E-05
   32  0.6413E-01  0.9342E-04  0.6609E-01  0.2111E-07 -0.5488E-04  0.6446E-01 -0.6545E-02 -0.5240E-03  0.9719E-06 -0.3028E-06  0.1155E-04
   33  0.4105E-01  0.1162E-03  0.4239E-01  0.1546E-07 -0.3346E-04  0.4122E-01 -0.5102E-02 -0.5179E-03  0.5216E-05 -0.2839E-05  0.1298E-04
   34  0.2470E-01  0.1071E-03  0.2556E-01  0.8901E-08 -0.1656E-04  0.2477E-01 -0.3728E-02 -0.3463E-03  0.4470E-05 -0.3121E-05  0.1047E-04
   35  0.1385E-01  0.8692E-04  0.1435E-01  0.4512E-08 -0.6078E-05  0.1385E-01 -0.2547E-02 -0.1809E-03  0.3118E-05 -0.2154E-05  0.7112E-05
   36  0.7190E-02  0.6816E-04  0.7454E-02  0.1977E-08 -0.1558E-05  0.7151E-02 -0.1600E-02 -0.7792E-04  0.1462E-05 -0.1310E-05  0.3873E-05
   37  0.3445E-02  0.4856E-04  0.3567E-02  0.9822E-09 -0.2633E-07  0.3399E-02 -0.9140E-03 -0.2818E-04  0.6307E-06 -0.6222E-06  0.1906E-05
   38  0.1522E-02  0.3112E-04  0.1571E-02  0.5018E-09  0.2152E-06  0.1485E-02 -0.4724E-03 -0.8604E-05  0.1864E-06 -0.2802E-06  0.7712E-06
   39  0.6205E-03  0.1752E-04  0.6374E-03  0.2567E-09  0.1479E-06  0.5966E-03 -0.2210E-03 -0.2214E-05  0.5388E-07 -0.9861E-07  0.2829E-06
   40  0.2337E-03  0.8764E-05  0.2385E-03  0.1187E-09  0.6589E-07  0.2208E-03 -0.9381E-04 -0.4714E-06  0.6841E-08 -0.3471E-07  0.8676E-07
   41  0.8150E-04  0.3892E-05  0.8249E-04  0.4974E-10  0.2160E-07  0.7545E-04 -0.3627E-04 -0.8624E-07  0.7367E-09 -0.9673E-08  0.2623E-07
   42  0.2637E-04  0.1555E-05  0.2644E-04  0.1888E-10  0.6180E-08  0.2387E-04 -0.1283E-04 -0.1927E-07 -0.6589E-09 -0.3226E-08  0.7499E-08
   43  0.7926E-05  0.5610E-06  0.7865E-05  0.6628E-11  0.1208E-08  0.7001E-05 -0.4167E-05 -0.7897E-08 -0.1739E-09 -0.9770E-09  0.2466E-08
   44  0.2218E-05  0.1842E-06  0.2176E-05  0.2142E-11  0.1824E-09  0.1908E-05 -0.1246E-05 -0.4137E-08 -0.5357E-10 -0.3221E-09  0.7252E-09
   45  0.5768E-06  0.5517E-07  0.5592E-06  0.6683E-12 -0.1238E-10  0.4825E-06 -0.3437E-06 -0.1826E-08  0.3262E-11 -0.9940E-10  0.2214E-09
   46  0.1396E-06  0.1511E-07  0.1337E-06  0.1955E-12 -0.1252E-10  0.1134E-06 -0.8748E-07 -0.6726E-09  0.3107E-11 -0.2083E-10  0.4187E-10
   47  0.3105E-07  0.3757E-08  0.2936E-07  0.4937E-13 -0.5380E-11  0.2447E-07 -0.2037E-07 -0.1987E-09  0.2028E-11 -0.4943E-11  0.8655E-11
   48  0.6412E-08  0.8539E-09  0.5989E-08  0.1314E-13 -0.1027E-11  0.4901E-08 -0.4372E-08 -0.5180E-10  0.3400E-12 -0.1235E-12 -0.2695E-12
   49  0.1169E-08  0.1701E-09  0.1078E-08  0.3200E-14 -0.2468E-12  0.8649E-09 -0.8265E-09 -0.1056E-10  0.1076E-12 -0.1893E-14 -0.1552E-12
   50  0.1992E-09  0.3127E-10  0.1816E-09  0.7421E-15 -0.1501E-13  0.1429E-09 -0.1453E-09 -0.2035E-11  0.3371E-14  0.5007E-13 -0.1284E-12
   51  0.2669E-10  0.4504E-11  0.2403E-10  0.1463E-15 -0.4004E-14  0.1851E-10 -0.2006E-10 -0.2727E-12  0.1799E-14  0.6991E-14 -0.1874E-13
   52  0.3573E-11  0.6395E-12  0.3179E-11  0.2708E-16  0.3125E-15  0.2402E-11 -0.2751E-11 -0.3944E-13 -0.2411E-15  0.1955E-14 -0.4344E-14
   53  0.2516E-12  0.4786E-13  0.2216E-12  0.6646E-17 -0.2440E-16  0.1634E-12 -0.1988E-12 -0.2568E-14  0.6449E-18  0.1647E-15 -0.3605E-15
   54  0.3455E-13  0.7110E-14  0.3034E-13  0.8942E-18  0.1028E-16  0.2185E-13 -0.2804E-13 -0.4267E-15 -0.6808E-17  0.1889E-16 -0.3676E-16
