 input file is 
mstm11_512_8320_13_00226.inp  
 input file comments follow:
***********************************************************
  This is the default mstm input file for v.3.0.
  The run is for a 7-sphere cluster of identical spheres.   The positions
  are embedded in the input file.

  The run makes use of the new_run and multiple_run options.

  14 April 2013
***********************************************************
 number of processors:
   1
 input parameters for run number 
    1
 number of spheres, volume size parameter:
  512  0.66560E+01
 position file:
position/n512/a11.out                                       
 output file:
output/512/x8320/13/00226/mt_11_512_8320_13_00226.dat       
 length, ref. indx. scale factors:
   0.832   1.300   0.023
 chiral factors:
  0.00000E+00  0.00000E+00
 scattering matrix directions based on incident frame
 automatic scattering angle calculation
 thetamin, thetamax:
      0.0    180.0
 number scattering angles:
      181
 epsmie, epssoln, max number iterations:
  0.1000E-05  0.1000E-07 5000
 medium refractive index:
  1.0000  0.0000
 target euler rotation angles:
    0.0000    0.0000    0.0000
 far field kr, iterations/correction:
 -0.1000E+01   20
 plane wave incidence
 random orientation calculations
 t matrix calculated, stored in file 
tmatrixfiles/1151283201300226                               
 t matrix convergence epsilon:
  0.1000E-06
 all spheres excited (total T matrix) 
 calculation results for run 
    1
 total ext, abs, scat efficiencies, w.r.t. xv, and asym. parm
  0.19738E+01  0.42313E+00  0.15507E+01  0.80489E+00
 scattering matrix elements (normalized w/ S11)
   theta      11           12           13           14           22           23           24           33           34           44      
    0.00  0.20167E+03  0.00000E+00  0.00000E+00 -0.80652E-05  0.99998E+00  0.21144E-04  0.00000E+00  0.99998E+00  0.00000E+00  0.99996E+00 
    1.00  0.19278E+03 -0.13659E-03 -0.14991E-07 -0.70958E-05  0.99998E+00  0.21798E-04  0.13074E-07  0.99998E+00 -0.31751E-04  0.99996E+00 
    2.00  0.16866E+03 -0.55075E-03 -0.50739E-07 -0.44571E-05  0.99997E+00  0.23635E-04  0.50090E-07  0.99997E+00 -0.13007E-03  0.99995E+00 
    3.00  0.13586E+03 -0.12570E-02 -0.72697E-07 -0.11300E-05  0.99997E+00  0.26155E-04  0.98510E-07  0.99996E+00 -0.30109E-03  0.99993E+00 
    4.00  0.10212E+03 -0.22823E-02 -0.72526E-09  0.71899E-06  0.99995E+00  0.28087E-04  0.11504E-06  0.99995E+00 -0.54219E-03  0.99990E+00 
    5.00  0.73466E+02 -0.36641E-02  0.31141E-06 -0.25973E-05  0.99993E+00  0.26810E-04 -0.89554E-08  0.99992E+00 -0.81717E-03  0.99985E+00 
    6.00  0.52604E+02 -0.54292E-02  0.10349E-05 -0.14895E-04  0.99990E+00  0.18439E-04 -0.45606E-06  0.99988E+00 -0.10344E-02  0.99978E+00 
    7.00  0.39067E+02 -0.75590E-02  0.21787E-05 -0.35541E-04  0.99986E+00  0.22728E-06 -0.13616E-05  0.99982E+00 -0.10956E-02  0.99969E+00 
    8.00  0.30646E+02 -0.10003E-01  0.34086E-05 -0.56749E-04  0.99981E+00 -0.26117E-04 -0.25942E-05  0.99976E+00 -0.10342E-02  0.99958E+00 
    9.00  0.25004E+02 -0.12770E-01  0.42178E-05 -0.70216E-04  0.99976E+00 -0.55802E-04 -0.37718E-05  0.99968E+00 -0.10454E-02  0.99946E+00 
   10.00  0.20634E+02 -0.15969E-01  0.42287E-05 -0.74721E-04  0.99970E+00 -0.84914E-04 -0.45230E-05  0.99959E+00 -0.13198E-02  0.99931E+00 
   11.00  0.16945E+02 -0.19743E-01  0.32516E-05 -0.74989E-04  0.99963E+00 -0.10991E-03 -0.46337E-05  0.99946E+00 -0.19065E-02  0.99912E+00 
   12.00  0.13851E+02 -0.24156E-01  0.12936E-05 -0.76587E-04  0.99955E+00 -0.12488E-03 -0.40938E-05  0.99930E+00 -0.26958E-02  0.99888E+00 
   13.00  0.11342E+02 -0.29120E-01 -0.13537E-05 -0.81501E-04  0.99945E+00 -0.12261E-03 -0.31555E-05  0.99908E+00 -0.35011E-02  0.99858E+00 
   14.00  0.93208E+01 -0.34423E-01 -0.41608E-05 -0.86315E-04  0.99935E+00 -0.10049E-03 -0.22687E-05  0.99881E+00 -0.42193E-02  0.99823E+00 
   15.00  0.76592E+01 -0.39860E-01 -0.65947E-05 -0.84888E-04  0.99923E+00 -0.65506E-04 -0.18432E-05  0.99849E+00 -0.49227E-02  0.99781E+00 
   16.00  0.62969E+01 -0.45302E-01 -0.82399E-05 -0.73764E-04  0.99909E+00 -0.33611E-04 -0.20731E-05  0.99812E+00 -0.57389E-02  0.99733E+00 
   17.00  0.52471E+01 -0.50673E-01 -0.87157E-05 -0.56506E-04  0.99892E+00 -0.23224E-04 -0.29443E-05  0.99772E+00 -0.65966E-02  0.99679E+00 
   18.00  0.45263E+01 -0.55951E-01 -0.77605E-05 -0.43254E-04  0.99876E+00 -0.42337E-04 -0.43016E-05  0.99732E+00 -0.71058E-02  0.99626E+00 
   19.00  0.40912E+01 -0.61259E-01 -0.56498E-05 -0.42116E-04  0.99864E+00 -0.77078E-04 -0.58926E-05  0.99693E+00 -0.68587E-02  0.99579E+00 
   20.00  0.38381E+01 -0.66856E-01 -0.33095E-05 -0.49692E-04  0.99857E+00 -0.10186E-03 -0.74059E-05  0.99652E+00 -0.59055E-02  0.99533E+00 
   21.00  0.36531E+01 -0.72965E-01 -0.17109E-05 -0.54010E-04  0.99853E+00 -0.10336E-03 -0.84939E-05  0.99605E+00 -0.47246E-02  0.99484E+00 
   22.00  0.34609E+01 -0.79646E-01 -0.12320E-05 -0.44847E-04  0.99847E+00 -0.87899E-04 -0.87896E-05  0.99546E+00 -0.38019E-02  0.99422E+00 
   23.00  0.32391E+01 -0.86798E-01 -0.14325E-05 -0.19633E-04  0.99837E+00 -0.70953E-04 -0.80136E-05  0.99475E+00 -0.33778E-02  0.99345E+00 
   24.00  0.30000E+01 -0.94235E-01 -0.11504E-05  0.15973E-04  0.99821E+00 -0.63657E-04 -0.62085E-05  0.99392E+00 -0.34413E-02  0.99253E+00 
   25.00  0.27644E+01 -0.10177E+00  0.10226E-05  0.50871E-04  0.99800E+00 -0.63855E-04 -0.39454E-05  0.99300E+00 -0.38293E-02  0.99146E+00 
   26.00  0.25472E+01 -0.10932E+00  0.59222E-05  0.73986E-04  0.99776E+00 -0.56630E-04 -0.22554E-05  0.99200E+00 -0.43478E-02  0.99029E+00 
   27.00  0.23537E+01 -0.11697E+00  0.13166E-04  0.79995E-04  0.99750E+00 -0.25340E-04 -0.22038E-05  0.99092E+00 -0.48528E-02  0.98903E+00 
   28.00  0.21827E+01 -0.12494E+00  0.21270E-04  0.71796E-04  0.99725E+00  0.34763E-04 -0.43431E-05  0.98972E+00 -0.52605E-02  0.98767E+00 
   29.00  0.20285E+01 -0.13352E+00  0.28495E-04  0.58243E-04  0.99702E+00  0.11197E-03 -0.84174E-05  0.98836E+00 -0.55264E-02  0.98617E+00 
   30.00  0.18852E+01 -0.14292E+00  0.33685E-04  0.48979E-04  0.99681E+00  0.18628E-03 -0.13516E-04  0.98679E+00 -0.56451E-02  0.98449E+00 
   31.00  0.17508E+01 -0.15316E+00  0.36397E-04  0.49782E-04  0.99661E+00  0.24225E-03 -0.18530E-04  0.98496E+00 -0.56650E-02  0.98258E+00 
   32.00  0.16290E+01 -0.16406E+00  0.36421E-04  0.60664E-04  0.99641E+00  0.27594E-03 -0.22576E-04  0.98291E+00 -0.56754E-02  0.98046E+00 
   33.00  0.15267E+01 -0.17529E+00  0.33491E-04  0.76796E-04  0.99624E+00  0.29240E-03 -0.25219E-04  0.98069E+00 -0.57526E-02  0.97820E+00 
   34.00  0.14470E+01 -0.18649E+00  0.27747E-04  0.91469E-04  0.99610E+00  0.29765E-03 -0.26447E-04  0.97839E+00 -0.59006E-02  0.97588E+00 
   35.00  0.13844E+01 -0.19751E+00  0.20511E-04  0.99664E-04  0.99598E+00  0.29236E-03 -0.26459E-04  0.97602E+00 -0.60544E-02  0.97352E+00 
   36.00  0.13262E+01 -0.20850E+00  0.14280E-04  0.99906E-04  0.99585E+00  0.27232E-03 -0.25411E-04  0.97354E+00 -0.61480E-02  0.97102E+00 
   37.00  0.12595E+01 -0.21976E+00  0.11680E-04  0.93649E-04  0.99566E+00  0.23377E-03 -0.23395E-04  0.97083E+00 -0.61727E-02  0.96825E+00 
   38.00  0.11786E+01 -0.23155E+00  0.14150E-04  0.84164E-04  0.99538E+00  0.17811E-03 -0.20713E-04  0.96777E+00 -0.61698E-02  0.96507E+00 
   39.00  0.10877E+01 -0.24405E+00  0.20882E-04  0.76729E-04  0.99500E+00  0.11348E-03 -0.18261E-04  0.96428E+00 -0.61839E-02  0.96141E+00 
   40.00  0.99782E+00 -0.25728E+00  0.28307E-04  0.79156E-04  0.99456E+00  0.53395E-04 -0.17605E-04  0.96035E+00 -0.62251E-02  0.95729E+00 
   41.00  0.91975E+00 -0.27121E+00  0.30935E-04  0.99803E-04  0.99412E+00  0.11706E-04 -0.20308E-04  0.95599E+00 -0.62707E-02  0.95276E+00 
   42.00  0.85925E+00 -0.28579E+00  0.24253E-04  0.14183E-03  0.99374E+00 -0.50742E-05 -0.26600E-04  0.95123E+00 -0.62980E-02  0.94788E+00 
   43.00  0.81572E+00 -0.30094E+00  0.81708E-05  0.19785E-03  0.99340E+00 -0.22502E-05 -0.34598E-04  0.94609E+00 -0.63083E-02  0.94265E+00 
   44.00  0.78419E+00 -0.31655E+00 -0.12166E-04  0.25142E-03  0.99310E+00  0.67126E-05 -0.41242E-04  0.94057E+00 -0.63063E-02  0.93705E+00 
   45.00  0.75842E+00 -0.33240E+00 -0.29060E-04  0.28574E-03  0.99278E+00  0.84391E-05 -0.44344E-04  0.93468E+00 -0.62633E-02  0.93106E+00 
   46.00  0.73326E+00 -0.34830E+00 -0.35999E-04  0.29261E-03  0.99242E+00 -0.51734E-05 -0.43988E-04  0.92844E+00 -0.61185E-02  0.92471E+00 
   47.00  0.70565E+00 -0.36410E+00 -0.30042E-04  0.27628E-03  0.99202E+00 -0.37272E-04 -0.42347E-04  0.92191E+00 -0.58234E-02  0.91804E+00 
   48.00  0.67478E+00 -0.37980E+00 -0.12380E-04  0.25117E-03  0.99157E+00 -0.88760E-04 -0.42299E-04  0.91506E+00 -0.53874E-02  0.91106E+00 
   49.00  0.64164E+00 -0.39560E+00  0.12320E-04  0.23546E-03  0.99110E+00 -0.15946E-03 -0.45750E-04  0.90784E+00 -0.48803E-02  0.90371E+00 
   50.00  0.60828E+00 -0.41173E+00  0.37101E-04  0.24361E-03  0.99062E+00 -0.24585E-03 -0.52618E-04  0.90012E+00 -0.43872E-02  0.89589E+00 
   51.00  0.57697E+00 -0.42838E+00  0.54056E-04  0.28058E-03  0.99015E+00 -0.33653E-03 -0.60986E-04  0.89181E+00 -0.39525E-02  0.88748E+00 
   52.00  0.54943E+00 -0.44553E+00  0.55735E-04  0.34031E-03  0.98971E+00 -0.40957E-03 -0.68329E-04  0.88288E+00 -0.35600E-02  0.87844E+00 
   53.00  0.52628E+00 -0.46295E+00  0.36566E-04  0.40885E-03  0.98930E+00 -0.43630E-03 -0.72902E-04  0.87337E+00 -0.31721E-02  0.86882E+00 
   54.00  0.50711E+00 -0.48032E+00 -0.58871E-05  0.47014E-03  0.98890E+00 -0.39222E-03 -0.74184E-04  0.86338E+00 -0.27910E-02  0.85872E+00 
   55.00  0.49069E+00 -0.49746E+00 -0.70050E-04  0.51090E-03  0.98851E+00 -0.26945E-03 -0.72049E-04  0.85299E+00 -0.24839E-02  0.84821E+00 
   56.00  0.47550E+00 -0.51440E+00 -0.15006E-03  0.52238E-03  0.98812E+00 -0.83187E-04 -0.65571E-04  0.84218E+00 -0.23461E-02  0.83730E+00 
   57.00  0.46014E+00 -0.53137E+00 -0.23630E-03  0.49985E-03  0.98772E+00  0.13182E-03 -0.52667E-04  0.83082E+00 -0.24348E-02  0.82586E+00 
   58.00  0.44371E+00 -0.54869E+00 -0.31677E-03  0.44174E-03  0.98731E+00  0.33223E-03 -0.31057E-04  0.81868E+00 -0.27227E-02  0.81369E+00 
   59.00  0.42599E+00 -0.56659E+00 -0.37930E-03  0.34995E-03  0.98687E+00  0.47938E-03  0.21037E-07  0.80559E+00 -0.30903E-02  0.80058E+00 
   60.00  0.40740E+00 -0.58511E+00 -0.41425E-03  0.23115E-03  0.98640E+00  0.55029E-03  0.38371E-04  0.79141E+00 -0.33486E-02  0.78640E+00 
   61.00  0.38870E+00 -0.60410E+00 -0.41725E-03  0.97687E-04  0.98587E+00  0.54358E-03  0.78664E-04  0.77616E+00 -0.32778E-02  0.77116E+00 
   62.00  0.37055E+00 -0.62325E+00 -0.39097E-03 -0.33355E-04  0.98526E+00  0.47886E-03  0.11401E-03  0.75998E+00 -0.26799E-02  0.75496E+00 
   63.00  0.35313E+00 -0.64221E+00 -0.34460E-03 -0.14392E-03  0.98457E+00  0.38869E-03  0.13867E-03  0.74304E+00 -0.14427E-02  0.73795E+00 
   64.00  0.33615E+00 -0.66075E+00 -0.29081E-03 -0.21999E-03  0.98377E+00  0.30607E-03  0.15033E-03  0.72547E+00  0.40516E-03  0.72025E+00 
   65.00  0.31911E+00 -0.67875E+00 -0.24157E-03 -0.25502E-03  0.98285E+00  0.25301E-03  0.15025E-03  0.70728E+00  0.26794E-02  0.70189E+00 
   66.00  0.30181E+00 -0.69624E+00 -0.20517E-03 -0.25010E-03  0.98181E+00  0.23548E-03  0.14109E-03  0.68844E+00  0.50806E-02  0.68283E+00 
   67.00  0.28459E+00 -0.71328E+00 -0.18541E-03 -0.21154E-03  0.98069E+00  0.24529E-03  0.12402E-03  0.66888E+00  0.72809E-02  0.66307E+00 
   68.00  0.26828E+00 -0.72994E+00 -0.18244E-03 -0.14777E-03  0.97955E+00  0.26630E-03  0.96960E-04  0.64858E+00  0.90335E-02  0.64263E+00 
   69.00  0.25384E+00 -0.74629E+00 -0.19411E-03 -0.67161E-04  0.97846E+00  0.28206E-03  0.55551E-04  0.62760E+00  0.10268E-01  0.62159E+00 
   70.00  0.24189E+00 -0.76234E+00 -0.21704E-03  0.22874E-04  0.97751E+00  0.28253E-03 -0.31715E-05  0.60596E+00  0.11110E-01  0.60000E+00 
   71.00  0.23249E+00 -0.77815E+00 -0.24748E-03  0.11539E-03  0.97670E+00  0.26715E-03 -0.76383E-04  0.58366E+00  0.11790E-01  0.57784E+00 
   72.00  0.22517E+00 -0.79374E+00 -0.28192E-03  0.20260E-03  0.97604E+00  0.24298E-03 -0.15375E-03  0.56057E+00  0.12478E-01  0.55493E+00 
   73.00  0.21925E+00 -0.80911E+00 -0.31745E-03  0.27497E-03  0.97546E+00  0.21938E-03 -0.22010E-03  0.53652E+00  0.13171E-01  0.53107E+00 
   74.00  0.21414E+00 -0.82424E+00 -0.35188E-03  0.32208E-03  0.97493E+00  0.20349E-03 -0.26098E-03  0.51138E+00  0.13709E-01  0.50609E+00 
   75.00  0.20946E+00 -0.83906E+00 -0.38371E-03  0.33568E-03  0.97443E+00  0.19861E-03 -0.26835E-03  0.48511E+00  0.13902E-01  0.47996E+00 
   76.00  0.20506E+00 -0.85348E+00 -0.41203E-03  0.31385E-03  0.97395E+00  0.20513E-03 -0.24382E-03  0.45775E+00  0.13673E-01  0.45273E+00 
   77.00  0.20086E+00 -0.86737E+00 -0.43637E-03  0.26374E-03  0.97350E+00  0.22219E-03 -0.19822E-03  0.42940E+00  0.13127E-01  0.42453E+00 
   78.00  0.19670E+00 -0.88056E+00 -0.45654E-03  0.20063E-03  0.97305E+00  0.24849E-03 -0.14739E-03  0.40019E+00  0.12510E-01  0.39547E+00 
   79.00  0.19234E+00 -0.89289E+00 -0.47252E-03  0.14295E-03  0.97255E+00  0.28215E-03 -0.10615E-03  0.37023E+00  0.12084E-01  0.36567E+00 
   80.00  0.18756E+00 -0.90419E+00 -0.48448E-03  0.10585E-03  0.97196E+00  0.31994E-03 -0.83398E-04  0.33962E+00  0.12007E-01  0.33522E+00 
   81.00  0.18221E+00 -0.91434E+00 -0.49302E-03  0.96323E-04  0.97125E+00  0.35726E-03 -0.80315E-04  0.30848E+00  0.12271E-01  0.30423E+00 
   82.00  0.17637E+00 -0.92326E+00 -0.49956E-03  0.11168E-03  0.97042E+00  0.38893E-03 -0.91840E-04  0.27695E+00  0.12727E-01  0.27285E+00 
   83.00  0.17026E+00 -0.93098E+00 -0.50632E-03  0.14128E-03  0.96949E+00  0.41080E-03 -0.10982E-03  0.24518E+00  0.13162E-01  0.24123E+00 
   84.00  0.16422E+00 -0.93754E+00 -0.51565E-03  0.17042E-03  0.96853E+00  0.42107E-03 -0.12633E-03  0.21330E+00  0.13386E-01  0.20951E+00 
   85.00  0.15861E+00 -0.94307E+00 -0.52850E-03  0.18509E-03  0.96761E+00  0.42026E-03 -0.13603E-03  0.18139E+00  0.13305E-01  0.17780E+00 
   86.00  0.15368E+00 -0.94767E+00 -0.54258E-03  0.17614E-03  0.96680E+00  0.40962E-03 -0.13715E-03  0.14945E+00  0.12954E-01  0.14607E+00 
   87.00  0.14960E+00 -0.95140E+00 -0.55146E-03  0.14186E-03  0.96615E+00  0.38867E-03 -0.13122E-03  0.11740E+00  0.12475E-01  0.11426E+00 
   88.00  0.14635E+00 -0.95427E+00 -0.54551E-03  0.88133E-04  0.96565E+00  0.35383E-03 -0.12231E-03  0.85166E-01  0.12062E-01  0.82263E-01 
   89.00  0.14382E+00 -0.95621E+00 -0.51504E-03  0.26492E-04  0.96529E+00  0.29963E-03 -0.11625E-03  0.52681E-01  0.11892E-01  0.50017E-01 
   90.00  0.14180E+00 -0.95713E+00 -0.45450E-03 -0.29069E-04  0.96504E+00  0.22212E-03 -0.11988E-03  0.19932E-01  0.12071E-01  0.17506E-01 
   91.00  0.14006E+00 -0.95691E+00 -0.36566E-03 -0.65417E-04  0.96484E+00  0.12269E-03 -0.14009E-03 -0.13046E-01  0.12597E-01 -0.15226E-01 
   92.00  0.13838E+00 -0.95549E+00 -0.25848E-03 -0.72963E-04  0.96464E+00  0.10074E-04 -0.18234E-03 -0.46187E-01  0.13371E-01 -0.48093E-01 
   93.00  0.13664E+00 -0.95282E+00 -0.14917E-03 -0.47370E-04  0.96442E+00 -0.10063E-03 -0.24889E-03 -0.79402E-01  0.14216E-01 -0.80989E-01 
   94.00  0.13480E+00 -0.94892E+00 -0.56122E-04  0.96892E-05  0.96417E+00 -0.19158E-03 -0.33721E-03 -0.11259E+00  0.14923E-01 -0.11380E+00 
   95.00  0.13294E+00 -0.94385E+00  0.50962E-05  0.90685E-04  0.96391E+00 -0.24714E-03 -0.43946E-03 -0.14562E+00  0.15295E-01 -0.14638E+00 
   96.00  0.13121E+00 -0.93770E+00  0.26369E-04  0.18336E-03  0.96367E+00 -0.25872E-03 -0.54350E-03 -0.17837E+00  0.15196E-01 -0.17861E+00 
   97.00  0.12979E+00 -0.93058E+00  0.96865E-05  0.27293E-03  0.96350E+00 -0.22761E-03 -0.63570E-03 -0.21070E+00  0.14591E-01 -0.21035E+00 
   98.00  0.12875E+00 -0.92260E+00 -0.33402E-04  0.34524E-03  0.96342E+00 -0.16474E-03 -0.70458E-03 -0.24249E+00  0.13553E-01 -0.24151E+00 
   99.00  0.12812E+00 -0.91382E+00 -0.85740E-04  0.38989E-03  0.96345E+00 -0.87116E-04 -0.74400E-03 -0.27367E+00  0.12240E-01 -0.27203E+00 
  100.00  0.12777E+00 -0.90425E+00 -0.13038E-03  0.40239E-03  0.96355E+00 -0.12319E-04 -0.75409E-03 -0.30422E+00  0.10839E-01 -0.30193E+00 
  101.00  0.12754E+00 -0.89384E+00 -0.15563E-03  0.38440E-03  0.96368E+00  0.46536E-04 -0.73977E-03 -0.33415E+00  0.95149E-02 -0.33121E+00 
  102.00  0.12721E+00 -0.88254E+00 -0.15736E-03  0.34241E-03  0.96380E+00  0.83356E-04 -0.70767E-03 -0.36348E+00  0.83656E-02 -0.35993E+00 
  103.00  0.12663E+00 -0.87030E+00 -0.13810E-03  0.28553E-03  0.96385E+00  0.98777E-04 -0.66337E-03 -0.39220E+00  0.74155E-02 -0.38809E+00 
  104.00  0.12572E+00 -0.85712E+00 -0.10430E-03  0.22341E-03  0.96382E+00  0.97931E-04 -0.60987E-03 -0.42029E+00  0.66306E-02 -0.41567E+00 
  105.00  0.12450E+00 -0.84306E+00 -0.63204E-04  0.16467E-03  0.96371E+00  0.87600E-04 -0.54798E-03 -0.44769E+00  0.59468E-02 -0.44260E+00 
  106.00  0.12308E+00 -0.82819E+00 -0.20542E-04  0.11593E-03  0.96355E+00  0.73823E-04 -0.47780E-03 -0.47431E+00  0.52970E-02 -0.46883E+00 
  107.00  0.12161E+00 -0.81267E+00  0.20261E-04  0.81319E-04  0.96338E+00  0.60522E-04 -0.40071E-03 -0.50011E+00  0.46318E-02 -0.49428E+00 
  108.00  0.12024E+00 -0.79663E+00  0.57518E-04  0.62264E-04  0.96324E+00  0.49273E-04 -0.32071E-03 -0.52503E+00  0.39293E-02 -0.51891E+00 
  109.00  0.11910E+00 -0.78020E+00  0.89864E-04  0.57572E-04  0.96318E+00  0.39993E-04 -0.24440E-03 -0.54908E+00  0.31940E-02 -0.54268E+00 
  110.00  0.11823E+00 -0.76345E+00  0.11488E-03  0.63747E-04  0.96322E+00  0.31999E-04 -0.17950E-03 -0.57228E+00  0.24485E-02 -0.56562E+00 
  111.00  0.11767E+00 -0.74644E+00  0.12858E-03  0.75560E-04  0.96334E+00  0.24842E-04 -0.13234E-03 -0.59467E+00  0.17230E-02 -0.58773E+00 
  112.00  0.11737E+00 -0.72917E+00  0.12618E-03  0.86854E-04  0.96354E+00  0.18538E-04 -0.10561E-03 -0.61629E+00  0.10457E-02 -0.60905E+00 
  113.00  0.11728E+00 -0.71165E+00  0.10372E-03  0.91546E-04  0.96378E+00  0.13241E-04 -0.97224E-04 -0.63716E+00  0.43835E-03 -0.62957E+00 
  114.00  0.11736E+00 -0.69389E+00  0.59889E-04  0.84754E-04  0.96405E+00  0.87561E-05 -0.10095E-03 -0.65727E+00 -0.84215E-04 -0.64928E+00 
  115.00  0.11756E+00 -0.67590E+00 -0.28334E-05  0.63893E-04  0.96432E+00  0.43185E-05 -0.10844E-03 -0.67661E+00 -0.51215E-03 -0.66818E+00 
  116.00  0.11785E+00 -0.65774E+00 -0.78314E-04  0.29516E-04  0.96459E+00 -0.11569E-05 -0.11215E-03 -0.69513E+00 -0.83842E-03 -0.68622E+00 
  117.00  0.11821E+00 -0.63945E+00 -0.15809E-03 -0.14399E-04  0.96484E+00 -0.84553E-05 -0.10796E-03 -0.71282E+00 -0.10580E-02 -0.70341E+00 
  118.00  0.11865E+00 -0.62109E+00 -0.23352E-03 -0.60922E-04  0.96509E+00 -0.17409E-04 -0.96753E-04 -0.72965E+00 -0.11688E-02 -0.71973E+00 
  119.00  0.11913E+00 -0.60271E+00 -0.29790E-03 -0.10144E-03  0.96535E+00 -0.26563E-04 -0.84447E-04 -0.74563E+00 -0.11740E-02 -0.73521E+00 
  120.00  0.11965E+00 -0.58435E+00 -0.34788E-03 -0.12741E-03  0.96562E+00 -0.33359E-04 -0.80361E-04 -0.76078E+00 -0.10848E-02 -0.74988E+00 
  121.00  0.12018E+00 -0.56603E+00 -0.38369E-03 -0.13223E-03  0.96590E+00 -0.34783E-04 -0.94577E-04 -0.77514E+00 -0.92232E-03 -0.76379E+00 
  122.00  0.12068E+00 -0.54775E+00 -0.40817E-03 -0.11252E-03  0.96618E+00 -0.28240E-04 -0.13507E-03 -0.78876E+00 -0.71822E-03 -0.77698E+00 
  123.00  0.12112E+00 -0.52951E+00 -0.42511E-03 -0.68769E-04  0.96648E+00 -0.12327E-04 -0.20546E-03 -0.80168E+00 -0.51316E-03 -0.78949E+00 
  124.00  0.12150E+00 -0.51133E+00 -0.43749E-03 -0.49516E-05  0.96677E+00  0.12717E-04 -0.30393E-03 -0.81393E+00 -0.35316E-03 -0.80137E+00 
  125.00  0.12179E+00 -0.49322E+00 -0.44623E-03  0.72386E-04  0.96706E+00  0.44996E-04 -0.42343E-03 -0.82556E+00 -0.28454E-03 -0.81263E+00 
  126.00  0.12201E+00 -0.47521E+00 -0.44973E-03  0.15547E-03  0.96735E+00  0.81313E-04 -0.55296E-03 -0.83658E+00 -0.34788E-03 -0.82329E+00 
  127.00  0.12219E+00 -0.45735E+00 -0.44425E-03  0.23662E-03  0.96763E+00  0.11776E-03 -0.67958E-03 -0.84698E+00 -0.57204E-03 -0.83336E+00 
  128.00  0.12236E+00 -0.43971E+00 -0.42501E-03  0.30936E-03  0.96791E+00  0.15040E-03 -0.79062E-03 -0.85677E+00 -0.96910E-03 -0.84284E+00 
  129.00  0.12257E+00 -0.42236E+00 -0.38756E-03  0.36914E-03  0.96819E+00  0.17583E-03 -0.87559E-03 -0.86596E+00 -0.15315E-02 -0.85172E+00 
  130.00  0.12285E+00 -0.40536E+00 -0.32913E-03  0.41363E-03  0.96849E+00  0.19165E-03 -0.92773E-03 -0.87454E+00 -0.22322E-02 -0.86002E+00 
  131.00  0.12324E+00 -0.38875E+00 -0.24963E-03  0.44269E-03  0.96880E+00  0.19674E-03 -0.94462E-03 -0.88255E+00 -0.30285E-02 -0.86776E+00 
  132.00  0.12376E+00 -0.37256E+00 -0.15206E-03  0.45798E-03  0.96914E+00  0.19127E-03 -0.92812E-03 -0.89002E+00 -0.38683E-02 -0.87499E+00 
  133.00  0.12441E+00 -0.35679E+00 -0.42250E-04  0.46237E-03  0.96949E+00  0.17657E-03 -0.88359E-03 -0.89698E+00 -0.46986E-02 -0.88173E+00 
  134.00  0.12520E+00 -0.34141E+00  0.71972E-04  0.45925E-03  0.96986E+00  0.15481E-03 -0.81863E-03 -0.90348E+00 -0.54731E-02 -0.88803E+00 
  135.00  0.12612E+00 -0.32639E+00  0.18204E-03  0.45184E-03  0.97024E+00  0.12852E-03 -0.74164E-03 -0.90956E+00 -0.61572E-02 -0.89393E+00 
  136.00  0.12713E+00 -0.31170E+00  0.27998E-03  0.44270E-03  0.97063E+00  0.10019E-03 -0.66049E-03 -0.91525E+00 -0.67308E-02 -0.89944E+00 
  137.00  0.12821E+00 -0.29732E+00  0.35962E-03  0.43339E-03  0.97102E+00  0.71809E-04 -0.58156E-03 -0.92058E+00 -0.71871E-02 -0.90459E+00 
  138.00  0.12934E+00 -0.28321E+00  0.41737E-03  0.42445E-03  0.97140E+00  0.44735E-04 -0.50914E-03 -0.92556E+00 -0.75301E-02 -0.90939E+00 
  139.00  0.13048E+00 -0.26938E+00  0.45250E-03  0.41555E-03  0.97176E+00  0.19627E-04 -0.44537E-03 -0.93020E+00 -0.77707E-02 -0.91385E+00 
  140.00  0.13162E+00 -0.25583E+00  0.46692E-03  0.40572E-03  0.97210E+00 -0.33894E-05 -0.39047E-03 -0.93451E+00 -0.79236E-02 -0.91797E+00 
  141.00  0.13272E+00 -0.24255E+00  0.46446E-03  0.39369E-03  0.97242E+00 -0.24501E-04 -0.34325E-03 -0.93850E+00 -0.80049E-02 -0.92175E+00 
  142.00  0.13378E+00 -0.22957E+00  0.44996E-03  0.37815E-03  0.97272E+00 -0.43990E-04 -0.30182E-03 -0.94217E+00 -0.80300E-02 -0.92521E+00 
  143.00  0.13477E+00 -0.21690E+00  0.42827E-03  0.35812E-03  0.97298E+00 -0.62072E-04 -0.26421E-03 -0.94555E+00 -0.80130E-02 -0.92835E+00 
  144.00  0.13569E+00 -0.20456E+00  0.40351E-03  0.33317E-03  0.97321E+00 -0.78846E-04 -0.22908E-03 -0.94863E+00 -0.79660E-02 -0.93118E+00 
  145.00  0.13652E+00 -0.19256E+00  0.37854E-03  0.30368E-03  0.97341E+00 -0.94304E-04 -0.19610E-03 -0.95143E+00 -0.78989E-02 -0.93370E+00 
  146.00  0.13728E+00 -0.18093E+00  0.35491E-03  0.27078E-03  0.97358E+00 -0.10841E-03 -0.16609E-03 -0.95396E+00 -0.78186E-02 -0.93594E+00 
  147.00  0.13795E+00 -0.16967E+00  0.33299E-03  0.23623E-03  0.97372E+00 -0.12114E-03 -0.14082E-03 -0.95623E+00 -0.77297E-02 -0.93789E+00 
  148.00  0.13854E+00 -0.15881E+00  0.31245E-03  0.20205E-03  0.97382E+00 -0.13259E-03 -0.12254E-03 -0.95826E+00 -0.76339E-02 -0.93959E+00 
  149.00  0.13905E+00 -0.14835E+00  0.29263E-03  0.17013E-03  0.97389E+00 -0.14288E-03 -0.11325E-03 -0.96006E+00 -0.75311E-02 -0.94104E+00 
  150.00  0.13948E+00 -0.13827E+00  0.27295E-03  0.14190E-03  0.97393E+00 -0.15212E-03 -0.11415E-03 -0.96165E+00 -0.74193E-02 -0.94227E+00 
  151.00  0.13984E+00 -0.12857E+00  0.25304E-03  0.11808E-03  0.97393E+00 -0.16035E-03 -0.12515E-03 -0.96306E+00 -0.72957E-02 -0.94329E+00 
  152.00  0.14014E+00 -0.11925E+00  0.23277E-03  0.98596E-04  0.97391E+00 -0.16736E-03 -0.14469E-03 -0.96429E+00 -0.71570E-02 -0.94412E+00 
  153.00  0.14038E+00 -0.11028E+00  0.21219E-03  0.82609E-04  0.97385E+00 -0.17271E-03 -0.16990E-03 -0.96536E+00 -0.70002E-02 -0.94478E+00 
  154.00  0.14057E+00 -0.10166E+00  0.19140E-03  0.68694E-04  0.97376E+00 -0.17579E-03 -0.19690E-03 -0.96629E+00 -0.68222E-02 -0.94528E+00 
  155.00  0.14072E+00 -0.93384E-01  0.17047E-03  0.55119E-04  0.97365E+00 -0.17593E-03 -0.22130E-03 -0.96709E+00 -0.66199E-02 -0.94562E+00 
  156.00  0.14084E+00 -0.85437E-01  0.14939E-03  0.40220E-04  0.97351E+00 -0.17265E-03 -0.23873E-03 -0.96775E+00 -0.63904E-02 -0.94583E+00 
  157.00  0.14095E+00 -0.77822E-01  0.12804E-03  0.22806E-04  0.97335E+00 -0.16580E-03 -0.24538E-03 -0.96830E+00 -0.61306E-02 -0.94592E+00 
  158.00  0.14105E+00 -0.70541E-01  0.10617E-03  0.24868E-05  0.97317E+00 -0.15566E-03 -0.23854E-03 -0.96875E+00 -0.58376E-02 -0.94589E+00 
  159.00  0.14115E+00 -0.63598E-01  0.83382E-04 -0.20156E-04  0.97298E+00 -0.14293E-03 -0.21699E-03 -0.96910E+00 -0.55098E-02 -0.94576E+00 
  160.00  0.14127E+00 -0.57000E-01  0.59107E-04 -0.43587E-04  0.97277E+00 -0.12860E-03 -0.18130E-03 -0.96937E+00 -0.51479E-02 -0.94555E+00 
  161.00  0.14141E+00 -0.50755E-01  0.32674E-04 -0.65523E-04  0.97256E+00 -0.11377E-03 -0.13396E-03 -0.96956E+00 -0.47561E-02 -0.94526E+00 
  162.00  0.14158E+00 -0.44870E-01  0.34637E-05 -0.83277E-04  0.97234E+00 -0.99461E-04 -0.79194E-04 -0.96969E+00 -0.43425E-02 -0.94491E+00 
  163.00  0.14179E+00 -0.39349E-01 -0.28857E-04 -0.94221E-04  0.97212E+00 -0.86463E-04 -0.22450E-04 -0.96976E+00 -0.39189E-02 -0.94451E+00 
  164.00  0.14204E+00 -0.34196E-01 -0.64070E-04 -0.96298E-04  0.97189E+00 -0.75217E-04  0.30365E-04 -0.96979E+00 -0.35000E-02 -0.94407E+00 
  165.00  0.14233E+00 -0.29411E-01 -0.10118E-03 -0.88502E-04  0.97165E+00 -0.65777E-04  0.73853E-04 -0.96977E+00 -0.31013E-02 -0.94358E+00 
  166.00  0.14267E+00 -0.24993E-01 -0.13831E-03 -0.71208E-04  0.97140E+00 -0.57848E-04  0.10405E-03 -0.96973E+00 -0.27361E-02 -0.94307E+00 
  167.00  0.14304E+00 -0.20937E-01 -0.17284E-03 -0.46234E-04  0.97113E+00 -0.50899E-04  0.11908E-03 -0.96965E+00 -0.24133E-02 -0.94251E+00 
  168.00  0.14346E+00 -0.17243E-01 -0.20167E-03 -0.16600E-04  0.97085E+00 -0.44343E-04  0.11940E-03 -0.96954E+00 -0.21358E-02 -0.94192E+00 
  169.00  0.14391E+00 -0.13908E-01 -0.22174E-03  0.13972E-04  0.97054E+00 -0.37727E-04  0.10758E-03 -0.96941E+00 -0.18995E-02 -0.94128E+00 
  170.00  0.14439E+00 -0.10931E-01 -0.23058E-03  0.41713E-04  0.97020E+00 -0.30878E-04  0.87652E-04 -0.96923E+00 -0.16948E-02 -0.94058E+00 
  171.00  0.14490E+00 -0.83132E-02 -0.22688E-03  0.63498E-04  0.96982E+00 -0.23948E-04  0.64276E-04 -0.96902E+00 -0.15087E-02 -0.93982E+00 
  172.00  0.14542E+00 -0.60586E-02 -0.21083E-03  0.77432E-04  0.96940E+00 -0.17333E-04  0.41756E-04 -0.96877E+00 -0.13274E-02 -0.93899E+00 
  173.00  0.14596E+00 -0.41759E-02 -0.18424E-03  0.83211E-04  0.96894E+00 -0.11514E-04  0.23244E-04 -0.96847E+00 -0.11396E-02 -0.93808E+00 
  174.00  0.14650E+00 -0.26743E-02 -0.15029E-03  0.82112E-04  0.96844E+00 -0.68751E-05  0.10270E-04 -0.96813E+00 -0.93912E-03 -0.93708E+00 
  175.00  0.14702E+00 -0.15538E-02 -0.11304E-03  0.76551E-04  0.96792E+00 -0.35829E-05  0.27613E-05 -0.96773E+00 -0.72711E-03 -0.93603E+00 
  176.00  0.14751E+00 -0.79253E-03 -0.76658E-04  0.69290E-04  0.96739E+00 -0.15524E-05 -0.50324E-06 -0.96730E+00 -0.51276E-03 -0.93496E+00 
  177.00  0.14794E+00 -0.33789E-03 -0.44862E-04  0.62601E-04  0.96692E+00 -0.51018E-06 -0.11889E-05 -0.96688E+00 -0.31260E-03 -0.93395E+00 
  178.00  0.14828E+00 -0.11021E-03 -0.20441E-04  0.57746E-04  0.96653E+00 -0.10317E-06 -0.77419E-06 -0.96652E+00 -0.14755E-03 -0.93312E+00 
  179.00  0.14850E+00 -0.20898E-04 -0.51789E-05  0.55000E-04  0.96627E+00 -0.65282E-08 -0.22435E-06 -0.96627E+00 -0.38285E-04 -0.93256E+00 
  180.00  0.14858E+00 -0.45999E-15 -0.12889E-15  0.54138E-04  0.96618E+00 -0.40252E-29 -0.57843E-17 -0.96618E+00 -0.96086E-15 -0.93236E+00 
 scattering matrix expansion coefficients
    w  a11         a22         a33         a23         a32         a44         a12         a34         a13         a24         a14
    0  0.1000E+01  0.0000E+00  0.0000E+00  0.0000E+00  0.0000E+00  0.8544E+00  0.0000E+00  0.0000E+00  0.0000E+00  0.0000E+00  0.2302E-04
    1  0.2415E+01  0.0000E+00  0.0000E+00  0.0000E+00  0.0000E+00  0.2548E+01  0.0000E+00  0.0000E+00  0.0000E+00  0.0000E+00 -0.1617E-04
    2  0.3533E+01  0.1750E+00  0.4199E+01 -0.2337E-06  0.1055E-04  0.3528E+01 -0.2935E+00  0.3850E-03 -0.7472E-04 -0.6720E-04 -0.7788E-04
    3  0.4267E+01  0.4642E-01  0.4656E+01 -0.7355E-07 -0.1040E-03  0.4273E+01 -0.1950E+00 -0.2651E-02 -0.4903E-04  0.4219E-04 -0.1682E-03
    4  0.4862E+01  0.2412E-01  0.5132E+01  0.3526E-06 -0.1093E-03  0.4865E+01 -0.1486E+00 -0.8052E-02  0.4107E-04 -0.3142E-04 -0.2505E-03
    5  0.5356E+01  0.1486E-01  0.5558E+01 -0.2083E-07 -0.8368E-04  0.5354E+01 -0.1105E+00 -0.7572E-02  0.4833E-04 -0.1448E-04 -0.2291E-03
    6  0.5761E+01  0.7231E-02  0.5929E+01 -0.3055E-06 -0.9674E-04  0.5761E+01 -0.8352E-01 -0.7359E-02  0.6504E-04 -0.3927E-04 -0.2216E-03
    7  0.6082E+01  0.6142E-02  0.6227E+01 -0.1599E-06 -0.1468E-03  0.6077E+01 -0.7067E-01 -0.6364E-02 -0.4160E-04 -0.5007E-05 -0.1237E-03
    8  0.6314E+01  0.4982E-03  0.6447E+01 -0.1713E-06 -0.1115E-03  0.6316E+01 -0.6882E-01 -0.7377E-02 -0.1013E-04  0.4548E-04 -0.6968E-04
    9  0.6480E+01  0.7329E-03  0.6598E+01  0.2931E-06  0.5057E-04  0.6482E+01 -0.6895E-01 -0.7890E-02  0.1168E-04 -0.2920E-04 -0.1164E-03
   10  0.6591E+01  0.1912E-02  0.6696E+01  0.1783E-06  0.1942E-03  0.6591E+01 -0.6195E-01 -0.8313E-02 -0.7622E-04 -0.3180E-05 -0.8595E-04
   11  0.6648E+01  0.6332E-03  0.6745E+01 -0.2895E-06  0.3609E-03  0.6650E+01 -0.5294E-01 -0.8594E-02  0.1676E-04  0.2296E-04 -0.1010E-03
   12  0.6653E+01  0.2556E-02  0.6742E+01 -0.2862E-06  0.3908E-03  0.6650E+01 -0.4370E-01 -0.7723E-02  0.1899E-04 -0.7935E-04 -0.5175E-04
   13  0.6593E+01  0.5993E-03  0.6679E+01  0.2665E-07  0.3787E-03  0.6593E+01 -0.3964E-01 -0.7529E-02  0.5027E-05 -0.1630E-04  0.9503E-04
   14  0.6479E+01  0.1965E-02  0.6559E+01  0.1415E-06  0.2442E-03  0.6475E+01 -0.4270E-01 -0.8567E-02  0.1297E-05  0.6809E-04  0.1729E-03
   15  0.6315E+01 -0.1788E-02  0.6393E+01 -0.5893E-07  0.1360E-03  0.6319E+01 -0.5153E-01 -0.8366E-02 -0.4961E-04 -0.1404E-04  0.1216E-03
   16  0.6134E+01 -0.2268E-02  0.6206E+01 -0.1337E-07  0.1930E-03  0.6141E+01 -0.5256E-01 -0.6968E-02 -0.3093E-04 -0.2600E-04  0.5893E-04
   17  0.5953E+01  0.2989E-02  0.6012E+01 -0.6353E-07  0.3151E-03  0.5950E+01 -0.4055E-01 -0.5486E-02  0.7729E-04 -0.5197E-04  0.4258E-04
   18  0.5755E+01  0.2527E-02  0.5809E+01 -0.1082E-06  0.3495E-03  0.5751E+01 -0.3278E-01 -0.4337E-02  0.5926E-04 -0.1314E-04  0.1067E-03
   19  0.5539E+01 -0.1220E-02  0.5593E+01 -0.1189E-06  0.3354E-03  0.5542E+01 -0.3687E-01 -0.3989E-02  0.3824E-04  0.1565E-04  0.1663E-03
   20  0.5323E+01 -0.8446E-03  0.5371E+01  0.1756E-06  0.3237E-03  0.5326E+01 -0.3978E-01 -0.3525E-02  0.1172E-05  0.3460E-05  0.1451E-03
   21  0.5116E+01  0.2987E-04  0.5158E+01  0.1547E-06  0.3451E-03  0.5117E+01 -0.3578E-01 -0.2603E-02 -0.1431E-04 -0.1278E-05  0.1055E-03
   22  0.4923E+01  0.9336E-03  0.4959E+01 -0.1942E-06  0.3872E-03  0.4922E+01 -0.2785E-01 -0.1779E-02 -0.1893E-04 -0.7202E-05  0.6557E-04
   23  0.4739E+01  0.1581E-02  0.4770E+01 -0.1111E-06  0.4331E-03  0.4736E+01 -0.2230E-01 -0.8110E-03  0.1684E-04 -0.3435E-04  0.4674E-04
   24  0.4560E+01  0.1952E-03  0.4589E+01 -0.8438E-07  0.4665E-03  0.4559E+01 -0.2394E-01 -0.4499E-03  0.6752E-04 -0.9030E-05  0.1133E-03
   25  0.4391E+01 -0.1458E-02  0.4418E+01 -0.1595E-06  0.3962E-03  0.4394E+01 -0.2787E-01 -0.1225E-02  0.5141E-04  0.3024E-04  0.1928E-03
   26  0.4243E+01 -0.8202E-03  0.4267E+01 -0.1204E-06  0.2182E-03  0.4246E+01 -0.2495E-01 -0.2292E-02 -0.2123E-04 -0.1788E-04  0.1337E-03
   27  0.4116E+01  0.8988E-03  0.4135E+01 -0.5876E-07  0.7400E-04  0.4115E+01 -0.1589E-01 -0.2726E-02 -0.2784E-04 -0.2235E-04  0.5465E-04
   28  0.3995E+01  0.9516E-03  0.4013E+01 -0.3801E-07  0.2477E-04  0.3994E+01 -0.8482E-02 -0.2924E-02 -0.7957E-05 -0.1610E-04  0.2916E-04
   29  0.3870E+01 -0.3561E-03  0.3888E+01  0.8271E-08  0.4061E-04  0.3871E+01 -0.5166E-02 -0.3390E-02  0.1269E-04 -0.5779E-05  0.3427E-04
   30  0.3735E+01  0.1879E-03  0.3753E+01 -0.1241E-08  0.7351E-04  0.3735E+01 -0.1740E-02 -0.4148E-02  0.3209E-04  0.6706E-05  0.4008E-04
   31  0.3585E+01  0.1277E-02  0.3601E+01 -0.2194E-07  0.7691E-04  0.3583E+01  0.4867E-03 -0.4757E-02  0.3168E-04  0.8121E-06  0.3953E-04
   32  0.3414E+01  0.3137E-03  0.3431E+01 -0.2234E-07  0.1428E-04  0.3413E+01 -0.3014E-02 -0.5264E-02  0.2008E-04 -0.8650E-06  0.2979E-04
   33  0.3230E+01 -0.7986E-03  0.3247E+01  0.6123E-08 -0.7821E-04  0.3231E+01 -0.9481E-02 -0.5657E-02 -0.8984E-05  0.1934E-04  0.5834E-06
   34  0.3044E+01 -0.2859E-03  0.3060E+01  0.2320E-07 -0.1333E-03  0.3044E+01 -0.1324E-01 -0.5585E-02 -0.3462E-04  0.2195E-04 -0.5026E-04
   35  0.2861E+01 -0.8839E-04  0.2875E+01 -0.1173E-07 -0.1181E-03  0.2861E+01 -0.1451E-01 -0.5042E-02 -0.2547E-04  0.4198E-05 -0.1002E-03
   36  0.2683E+01 -0.5749E-03  0.2697E+01 -0.4402E-07 -0.8051E-04  0.2684E+01 -0.1443E-01 -0.4616E-02 -0.7244E-05  0.1564E-06 -0.1133E-03
   37  0.2510E+01 -0.2543E-03  0.2523E+01 -0.3866E-07 -0.7223E-04  0.2511E+01 -0.1192E-01 -0.4479E-02 -0.9842E-05  0.6916E-05 -0.9339E-04
   38  0.2339E+01  0.5663E-03  0.2351E+01 -0.4620E-07 -0.8726E-04  0.2338E+01 -0.8387E-02 -0.4249E-02 -0.1238E-04  0.9998E-05 -0.6506E-04
   39  0.2164E+01  0.5718E-03  0.2175E+01 -0.2756E-07 -0.9911E-04  0.2163E+01 -0.7686E-02 -0.3728E-02 -0.5310E-05  0.9699E-05 -0.4423E-04
   40  0.1986E+01  0.4249E-05  0.1997E+01 -0.1916E-07 -0.9615E-04  0.1986E+01 -0.1040E-01 -0.3245E-02 -0.2073E-05  0.6838E-05 -0.3258E-04
   41  0.1812E+01 -0.3288E-03  0.1823E+01 -0.9515E-08 -0.7504E-04  0.1813E+01 -0.1358E-01 -0.3164E-02 -0.6009E-05  0.1103E-05 -0.2960E-04
   42  0.1650E+01 -0.2584E-03  0.1660E+01  0.1522E-08 -0.4004E-04  0.1651E+01 -0.1457E-01 -0.3430E-02 -0.5985E-05  0.2579E-05 -0.3353E-04
   43  0.1504E+01 -0.2397E-04  0.1512E+01  0.2040E-07 -0.1053E-04  0.1504E+01 -0.1315E-01 -0.3695E-02 -0.5093E-05  0.7701E-05 -0.4783E-04
   44  0.1373E+01  0.2034E-03  0.1379E+01  0.2412E-07  0.1940E-05  0.1372E+01 -0.1056E-01 -0.3718E-02 -0.7076E-05  0.7327E-05 -0.6901E-04
   45  0.1254E+01  0.2427E-03  0.1260E+01  0.9076E-08  0.9065E-05  0.1254E+01 -0.8149E-02 -0.3542E-02 -0.7859E-05  0.9481E-06 -0.8684E-04
   46  0.1146E+01  0.1294E-03  0.1152E+01 -0.6527E-09  0.2515E-04  0.1146E+01 -0.6282E-02 -0.3357E-02 -0.4493E-05 -0.2034E-05 -0.9461E-04
   47  0.1046E+01  0.8326E-04  0.1051E+01  0.1135E-08  0.4751E-04  0.1046E+01 -0.4533E-02 -0.3230E-02  0.9462E-07  0.1585E-05 -0.9736E-04
   48  0.9502E+00  0.1780E-03  0.9548E+00  0.5651E-08  0.6297E-04  0.9500E+00 -0.2850E-02 -0.3060E-02  0.2145E-05  0.6421E-05 -0.1021E-03
   49  0.8564E+00  0.2120E-03  0.8608E+00  0.7841E-08  0.6175E-04  0.8561E+00 -0.1997E-02 -0.2761E-02  0.5632E-06  0.6901E-05 -0.1102E-03
   50  0.7629E+00  0.8353E-04  0.7671E+00  0.6301E-08  0.4434E-04  0.7628E+00 -0.2435E-02 -0.2378E-02 -0.2515E-05  0.3585E-05 -0.1165E-03
   51  0.6705E+00 -0.7630E-04  0.6747E+00  0.4672E-09  0.1771E-04  0.6707E+00 -0.3581E-02 -0.1994E-02 -0.4777E-05 -0.2911E-08 -0.1161E-03
   52  0.5821E+00 -0.1060E-03  0.5859E+00 -0.4246E-08 -0.1016E-04  0.5823E+00 -0.4408E-02 -0.1623E-02 -0.5021E-05 -0.1787E-05 -0.1078E-03
   53  0.4997E+00 -0.3400E-04  0.5030E+00 -0.3512E-08 -0.3313E-04  0.4997E+00 -0.4520E-02 -0.1233E-02 -0.3692E-05 -0.2216E-05 -0.9434E-04
   54  0.4243E+00  0.2375E-04  0.4272E+00  0.8517E-09 -0.4714E-04  0.4243E+00 -0.4234E-02 -0.8267E-03 -0.1756E-05 -0.1815E-05 -0.7846E-04
   55  0.3561E+00  0.1674E-04  0.3587E+00  0.3476E-08 -0.5147E-04  0.3561E+00 -0.3963E-02 -0.4540E-03 -0.2032E-06 -0.1202E-05 -0.6263E-04
   56  0.2949E+00 -0.9546E-05  0.2971E+00  0.1573E-08 -0.4819E-04  0.2949E+00 -0.3781E-02 -0.1569E-03  0.7225E-06 -0.6476E-06 -0.4881E-04
   57  0.2403E+00 -0.1131E-04  0.2423E+00 -0.8339E-09 -0.4044E-04  0.2403E+00 -0.3576E-02  0.6844E-04  0.1132E-05 -0.4374E-06 -0.3808E-04
   58  0.1921E+00  0.8702E-05  0.1938E+00 -0.2448E-08 -0.3078E-04  0.1921E+00 -0.3319E-02  0.2493E-03  0.1214E-05 -0.4984E-06 -0.3006E-04
   59  0.1500E+00  0.1995E-04  0.1514E+00 -0.2000E-08 -0.2102E-04  0.1499E+00 -0.3112E-02  0.3982E-03  0.1053E-05 -0.6824E-06 -0.2361E-04
   60  0.1135E+00  0.1051E-04  0.1147E+00 -0.8559E-09 -0.1246E-04  0.1135E+00 -0.3025E-02  0.5002E-03  0.7381E-06 -0.7518E-06 -0.1776E-04
   61  0.8270E-01 -0.8994E-05  0.8367E-01 -0.1089E-10 -0.5889E-05  0.8272E-01 -0.3003E-02  0.5356E-03  0.3495E-06 -0.6932E-06 -0.1246E-04
   62  0.5764E-01 -0.2062E-04  0.5840E-01  0.4024E-09 -0.1558E-05  0.5768E-01 -0.2909E-02  0.5013E-03 -0.4939E-08 -0.5063E-06 -0.7943E-05
   63  0.3823E-01 -0.1801E-04  0.3879E-01  0.7284E-09  0.7609E-06  0.3827E-01 -0.2648E-02  0.4166E-03 -0.2507E-06 -0.3179E-06 -0.4552E-05
   64  0.2405E-01 -0.5639E-05  0.2444E-01  0.1020E-08  0.1601E-05  0.2407E-01 -0.2218E-02  0.3108E-03 -0.3568E-06 -0.1586E-06 -0.2274E-05
   65  0.1432E-01  0.7516E-05  0.1456E-01  0.1128E-08  0.1581E-05  0.1432E-01 -0.1699E-02  0.2102E-03 -0.3514E-06 -0.7120E-07 -0.9440E-06
   66  0.8066E-02  0.1566E-04  0.8205E-02  0.9835E-09  0.1206E-05  0.8047E-02 -0.1192E-02  0.1298E-03 -0.2803E-06 -0.3128E-07 -0.2645E-06
   67  0.4299E-02  0.1755E-04  0.4370E-02  0.7013E-09  0.7850E-06  0.4273E-02 -0.7681E-03  0.7373E-04 -0.1935E-06 -0.1935E-07  0.1697E-07
   68  0.2169E-02  0.1512E-04  0.2202E-02  0.4420E-09  0.4552E-06  0.2145E-02 -0.4571E-03  0.3875E-04 -0.1183E-06 -0.1354E-07  0.9074E-07
   69  0.1037E-02  0.1098E-04  0.1050E-02  0.2657E-09  0.2395E-06  0.1019E-02 -0.2524E-03  0.1894E-04 -0.6603E-07 -0.9186E-08  0.7723E-07
   70  0.4705E-03  0.7000E-05  0.4752E-03  0.1607E-09  0.1154E-06  0.4587E-03 -0.1299E-03  0.8657E-05 -0.3409E-07 -0.4587E-08  0.4675E-07
   71  0.2029E-03  0.4015E-05  0.2042E-03  0.9840E-10  0.5133E-07  0.1960E-03 -0.6259E-04  0.3713E-05 -0.1642E-07 -0.1727E-08  0.2306E-07
   72  0.8332E-04  0.2104E-05  0.8349E-04  0.5968E-10  0.2098E-07  0.7965E-04 -0.2833E-04  0.1500E-05 -0.7513E-08 -0.4970E-09  0.9873E-08
   73  0.3261E-04  0.1018E-05  0.3251E-04  0.3437E-10  0.7861E-08  0.3081E-04 -0.1209E-04  0.5732E-06 -0.3167E-08 -0.1378E-09  0.3830E-08
   74  0.1217E-04  0.4583E-06  0.1207E-04  0.1856E-10  0.2670E-08  0.1136E-04 -0.4875E-05  0.2072E-06 -0.1308E-08 -0.8436E-10  0.1571E-08
   75  0.4340E-05  0.1928E-06  0.4279E-05  0.9360E-11  0.7694E-09  0.3996E-05 -0.1862E-05  0.7153E-07 -0.4933E-09 -0.7799E-10  0.7547E-09
   76  0.1479E-05  0.7607E-07  0.1449E-05  0.4493E-11  0.1788E-09  0.1343E-05 -0.6747E-06  0.2356E-07 -0.1597E-09 -0.6337E-10  0.3578E-09
   77  0.4832E-06  0.2816E-07  0.4702E-06  0.2036E-11  0.2171E-10  0.4322E-06 -0.2326E-06  0.7634E-08 -0.5036E-10 -0.3778E-10  0.1689E-09
   78  0.1528E-06  0.9820E-08  0.1479E-06  0.8846E-12 -0.6295E-11  0.1350E-06 -0.7678E-07  0.2425E-08 -0.1327E-10 -0.1763E-10  0.6685E-10
   79  0.4643E-07  0.3231E-08  0.4466E-07  0.3913E-12 -0.9449E-11  0.4056E-07 -0.2436E-07  0.8172E-09 -0.2497E-11 -0.8202E-11  0.3106E-10
   80  0.1525E-07  0.1047E-08  0.1469E-07  0.1775E-12 -0.2225E-11  0.1334E-07 -0.7944E-08  0.2817E-09 -0.7781E-12 -0.2279E-11  0.7966E-11
   81  0.4156E-08  0.3077E-09  0.3962E-08  0.7141E-13 -0.2478E-11  0.3601E-08 -0.2300E-08  0.9648E-10  0.2279E-12 -0.1326E-11  0.4295E-11
   82  0.1969E-08  0.1273E-09  0.1905E-08  0.2497E-13 -0.5146E-13  0.1738E-08 -0.1008E-08  0.3650E-10 -0.1311E-12 -0.1490E-12  0.6037E-12
   83  0.3507E-09  0.2642E-10  0.3309E-09  0.9232E-14 -0.4085E-12  0.3045E-09 -0.2016E-09  0.1024E-10  0.8954E-13 -0.1805E-12  0.5405E-12
   84  0.3151E-09  0.2256E-10  0.3030E-09  0.3713E-14  0.3066E-13  0.2739E-09 -0.1669E-09  0.4303E-11 -0.2816E-13 -0.7836E-14  0.4289E-13
   85  0.2508E-10  0.2004E-11  0.2314E-10  0.1189E-14 -0.4191E-13  0.2174E-10 -0.1489E-10  0.7782E-12  0.1073E-13 -0.2073E-13  0.5458E-13
   86  0.4486E-10  0.3970E-11  0.4256E-10  0.3490E-15  0.8670E-15  0.3758E-10 -0.2564E-10  0.3900E-12 -0.2047E-14 -0.2089E-14  0.7791E-14
   87  0.1140E-11  0.9885E-13  0.1010E-11  0.9380E-16 -0.2386E-14  0.9883E-12 -0.6912E-12  0.3399E-13  0.6134E-15 -0.1416E-14  0.3491E-14
   88  0.4635E-11  0.4816E-12  0.4295E-11  0.2449E-16 -0.1414E-15  0.3730E-11 -0.2828E-11  0.2690E-13 -0.6087E-16 -0.3782E-15  0.1107E-14
   89  0.3242E-13  0.2627E-14  0.2290E-13  0.5056E-17 -0.6115E-16  0.3085E-13 -0.1690E-13  0.8008E-15  0.1554E-16 -0.9384E-16  0.1961E-15
   90  0.4353E-12  0.5476E-13  0.4032E-12  0.5924E-18 -0.1113E-15  0.3363E-12 -0.2866E-12  0.1847E-14  0.3855E-16 -0.6208E-16  0.1551E-15
