 input file is 
mstm22_256_6398_145_0045.inp  
 input file comments follow:
***********************************************************
  This is the default mstm input file for v.3.0.
  The run is for a 7-sphere cluster of identical spheres.   The positions
  are embedded in the input file.

  The run makes use of the new_run and multiple_run options.

  14 April 2013
***********************************************************
 number of processors:
   1
 input parameters for run number 
    1
 number of spheres, volume size parameter:
  256  0.40625E+01
 position file:
position/n256/a22.out                                       
 output file:
output/256/x6398/145/0045/mt_22_256_6398_145_0045.dat       
 length, ref. indx. scale factors:
   0.640   1.450   0.045
 chiral factors:
  0.00000E+00  0.00000E+00
 scattering matrix directions based on incident frame
 automatic scattering angle calculation
 thetamin, thetamax:
      0.0    180.0
 number scattering angles:
      181
 epsmie, epssoln, max number iterations:
  0.1000E-05  0.1000E-07 5000
 medium refractive index:
  1.0000  0.0000
 target euler rotation angles:
    0.0000    0.0000    0.0000
 far field kr, iterations/correction:
 -0.1000E+01   20
 plane wave incidence
 random orientation calculations
 t matrix calculated, stored in file 
tmatrixfiles/2225663981450045                               
 t matrix convergence epsilon:
  0.1000E-06
 all spheres excited (total T matrix) 
 calculation results for run 
    1
 total ext, abs, scat efficiencies, w.r.t. xv, and asym. parm
  0.16835E+01  0.49020E+00  0.11933E+01  0.72871E+00
 scattering matrix elements (normalized w/ S11)
   theta      11           12           13           14           22           23           24           33           34           44      
    0.00  0.80713E+02  0.00000E+00  0.00000E+00 -0.44692E-04  0.99986E+00  0.60289E-04  0.00000E+00  0.99986E+00  0.00000E+00  0.99972E+00 
    1.00  0.79015E+02 -0.18945E-03  0.39915E-08 -0.42827E-04  0.99986E+00  0.62604E-04  0.15960E-07  0.99986E+00 -0.55852E-04  0.99972E+00 
    2.00  0.74178E+02 -0.76137E-03  0.10361E-07 -0.37315E-04  0.99985E+00  0.69318E-04  0.60833E-07  0.99985E+00 -0.22265E-03  0.99971E+00 
    3.00  0.66913E+02 -0.17253E-02  0.26812E-08 -0.28419E-04  0.99985E+00  0.79723E-04  0.12549E-06  0.99984E+00 -0.49644E-03  0.99969E+00 
    4.00  0.58209E+02 -0.30930E-02 -0.44596E-07 -0.16648E-04  0.99983E+00  0.92617E-04  0.19462E-06  0.99983E+00 -0.86483E-03  0.99967E+00 
    5.00  0.49110E+02 -0.48701E-02 -0.16160E-06 -0.28039E-05  0.99982E+00  0.10635E-03  0.24744E-06  0.99980E+00 -0.12986E-02  0.99962E+00 
    6.00  0.40502E+02 -0.70432E-02 -0.37353E-06  0.12044E-04  0.99979E+00  0.11911E-03  0.26014E-06  0.99977E+00 -0.17424E-02  0.99956E+00 
    7.00  0.32978E+02 -0.95651E-02 -0.68560E-06  0.26812E-04  0.99976E+00  0.12952E-03  0.21022E-06  0.99971E+00 -0.21130E-02  0.99948E+00 
    8.00  0.26794E+02 -0.12348E-01 -0.10671E-05  0.40923E-04  0.99972E+00  0.13747E-03  0.79342E-07  0.99964E+00 -0.23170E-02  0.99937E+00 
    9.00  0.21925E+02 -0.15285E-01 -0.14458E-05  0.54836E-04  0.99967E+00  0.14450E-03 -0.15305E-06  0.99954E+00 -0.22936E-02  0.99923E+00 
   10.00  0.18166E+02 -0.18295E-01 -0.17204E-05  0.69966E-04  0.99960E+00  0.15293E-03 -0.53111E-06  0.99943E+00 -0.20618E-02  0.99905E+00 
   11.00  0.15256E+02 -0.21365E-01 -0.17779E-05  0.87576E-04  0.99951E+00  0.16388E-03 -0.11497E-05  0.99929E+00 -0.17296E-02  0.99882E+00 
   12.00  0.12960E+02 -0.24559E-01 -0.14914E-05  0.10717E-03  0.99940E+00  0.17562E-03 -0.21608E-05  0.99912E+00 -0.14477E-02  0.99856E+00 
   13.00  0.11111E+02 -0.27978E-01 -0.69864E-06  0.12553E-03  0.99927E+00  0.18420E-03 -0.37315E-05  0.99891E+00 -0.13375E-02  0.99823E+00 
   14.00  0.96092E+01 -0.31720E-01  0.79950E-06  0.13735E-03  0.99911E+00  0.18636E-03 -0.59432E-05  0.99867E+00 -0.14382E-02  0.99784E+00 
   15.00  0.83982E+01 -0.35855E-01  0.31702E-05  0.13752E-03  0.99893E+00  0.18330E-03 -0.86530E-05  0.99837E+00 -0.16979E-02  0.99738E+00 
   16.00  0.74325E+01 -0.40429E-01  0.64081E-05  0.12442E-03  0.99873E+00  0.18280E-03 -0.11391E-04  0.99802E+00 -0.20148E-02  0.99685E+00 
   17.00  0.66630E+01 -0.45494E-01  0.10205E-04  0.10201E-03  0.99853E+00  0.19672E-03 -0.13395E-04  0.99762E+00 -0.23147E-02  0.99626E+00 
   18.00  0.60362E+01 -0.51127E-01  0.13946E-04  0.78671E-04  0.99834E+00  0.23439E-03 -0.13805E-04  0.99714E+00 -0.26186E-02  0.99562E+00 
   19.00  0.55040E+01 -0.57432E-01  0.16856E-04  0.63204E-04  0.99816E+00  0.29564E-03 -0.11916E-04  0.99660E+00 -0.30494E-02  0.99492E+00 
   20.00  0.50340E+01 -0.64500E-01  0.18211E-04  0.60500E-04  0.99799E+00  0.36798E-03 -0.73683E-05  0.99596E+00 -0.37710E-02  0.99414E+00 
   21.00  0.46133E+01 -0.72348E-01  0.17526E-04  0.69364E-04  0.99783E+00  0.42915E-03 -0.27811E-06  0.99524E+00 -0.48916E-02  0.99330E+00 
   22.00  0.42429E+01 -0.80849E-01  0.14722E-04  0.83049E-04  0.99769E+00  0.45450E-03  0.86526E-05  0.99443E+00 -0.63773E-02  0.99238E+00 
   23.00  0.39280E+01 -0.89718E-01  0.10210E-04  0.92403E-04  0.99756E+00  0.42759E-03  0.18135E-04  0.99356E+00 -0.80195E-02  0.99142E+00 
   24.00  0.36678E+01 -0.98584E-01  0.48136E-05  0.90732E-04  0.99745E+00  0.34989E-03  0.26560E-04  0.99263E+00 -0.94972E-02  0.99043E+00 
   25.00  0.34514E+01 -0.10714E+00 -0.53600E-06  0.77895E-04  0.99735E+00  0.24244E-03  0.32537E-04  0.99168E+00 -0.10525E-01  0.98942E+00 
   26.00  0.32604E+01 -0.11530E+00 -0.51773E-05  0.60781E-04  0.99724E+00  0.13670E-03  0.35412E-04  0.99067E+00 -0.10991E-01  0.98836E+00 
   27.00  0.30752E+01 -0.12319E+00 -0.89237E-05  0.49838E-04  0.99711E+00  0.60688E-04  0.35426E-04  0.98958E+00 -0.11001E-01  0.98719E+00 
   28.00  0.28823E+01 -0.13111E+00 -0.12014E-04  0.54215E-04  0.99693E+00  0.29362E-04  0.33517E-04  0.98836E+00 -0.10806E-01  0.98585E+00 
   29.00  0.26782E+01 -0.13940E+00 -0.14929E-04  0.77980E-04  0.99671E+00  0.42565E-04  0.30986E-04  0.98694E+00 -0.10694E-01  0.98429E+00 
   30.00  0.24685E+01 -0.14834E+00 -0.18228E-04  0.11824E-03  0.99644E+00  0.88175E-04  0.29201E-04  0.98529E+00 -0.10898E-01  0.98244E+00 
   31.00  0.22645E+01 -0.15814E+00 -0.22444E-04  0.16530E-03  0.99611E+00  0.14770E-03  0.29316E-04  0.98337E+00 -0.11529E-01  0.98030E+00 
   32.00  0.20781E+01 -0.16885E+00 -0.27998E-04  0.20548E-03  0.99576E+00  0.20290E-03  0.31918E-04  0.98118E+00 -0.12550E-01  0.97787E+00 
   33.00  0.19178E+01 -0.18041E+00 -0.35066E-04  0.22664E-03  0.99541E+00  0.24195E-03  0.36663E-04  0.97873E+00 -0.13809E-01  0.97519E+00 
   34.00  0.17880E+01 -0.19270E+00 -0.43375E-04  0.22490E-03  0.99509E+00  0.26257E-03  0.42083E-04  0.97605E+00 -0.15104E-01  0.97231E+00 
   35.00  0.16887E+01 -0.20553E+00 -0.52005E-04  0.20821E-03  0.99483E+00  0.26977E-03  0.45791E-04  0.97316E+00 -0.16279E-01  0.96928E+00 
   36.00  0.16174E+01 -0.21877E+00 -0.59399E-04  0.19384E-03  0.99466E+00  0.26952E-03  0.45116E-04  0.97006E+00 -0.17269E-01  0.96612E+00 
   37.00  0.15699E+01 -0.23230E+00 -0.63723E-04  0.20037E-03  0.99457E+00  0.26313E-03  0.37949E-04  0.96678E+00 -0.18073E-01  0.96284E+00 
   38.00  0.15408E+01 -0.24601E+00 -0.63561E-04  0.23890E-03  0.99456E+00  0.24648E-03  0.23430E-04  0.96330E+00 -0.18698E-01  0.95941E+00 
   39.00  0.15230E+01 -0.25978E+00 -0.58628E-04  0.30848E-03  0.99458E+00  0.21428E-03  0.21718E-05  0.95964E+00 -0.19109E-01  0.95583E+00 
   40.00  0.15084E+01 -0.27353E+00 -0.50084E-04  0.39793E-03  0.99459E+00  0.16535E-03 -0.24028E-04  0.95578E+00 -0.19240E-01  0.95204E+00 
   41.00  0.14884E+01 -0.28724E+00 -0.40283E-04  0.49169E-03  0.99454E+00  0.10499E-03 -0.52763E-04  0.95170E+00 -0.19027E-01  0.94799E+00 
   42.00  0.14556E+01 -0.30096E+00 -0.32136E-04  0.57559E-03  0.99441E+00  0.43697E-04 -0.81509E-04  0.94736E+00 -0.18450E-01  0.94361E+00 
   43.00  0.14060E+01 -0.31479E+00 -0.28410E-04  0.63995E-03  0.99417E+00 -0.63364E-05 -0.10782E-03  0.94268E+00 -0.17547E-01  0.93883E+00 
   44.00  0.13400E+01 -0.32885E+00 -0.31114E-04  0.67985E-03  0.99382E+00 -0.34681E-04 -0.12929E-03  0.93760E+00 -0.16414E-01  0.93359E+00 
   45.00  0.12622E+01 -0.34329E+00 -0.40953E-04  0.69407E-03  0.99339E+00 -0.35363E-04 -0.14353E-03  0.93205E+00 -0.15179E-01  0.92785E+00 
   46.00  0.11800E+01 -0.35818E+00 -0.56856E-04  0.68387E-03  0.99290E+00 -0.85387E-05 -0.14850E-03  0.92599E+00 -0.13982E-01  0.92158E+00 
   47.00  0.11014E+01 -0.37352E+00 -0.75789E-04  0.65251E-03  0.99241E+00  0.39255E-04 -0.14326E-03  0.91943E+00 -0.12932E-01  0.91482E+00 
   48.00  0.10323E+01 -0.38924E+00 -0.93354E-04  0.60516E-03  0.99196E+00  0.97198E-04 -0.12904E-03  0.91240E+00 -0.12070E-01  0.90766E+00 
   49.00  0.97530E+00 -0.40522E+00 -0.10540E-03  0.54884E-03  0.99158E+00  0.15490E-03 -0.10973E-03  0.90498E+00 -0.11348E-01  0.90017E+00 
   50.00  0.92940E+00 -0.42132E+00 -0.11001E-03  0.49164E-03  0.99126E+00  0.20771E-03 -0.91143E-04  0.89721E+00 -0.10657E-01  0.89237E+00 
   51.00  0.89077E+00 -0.43751E+00 -0.10859E-03  0.44149E-03  0.99096E+00  0.25910E-03 -0.79188E-04  0.88908E+00 -0.98784E-02  0.88422E+00 
   52.00  0.85456E+00 -0.45382E+00 -0.10534E-03  0.40504E-03  0.99063E+00  0.31859E-03 -0.78040E-04  0.88049E+00 -0.89435E-02  0.87559E+00 
   53.00  0.81661E+00 -0.47036E+00 -0.10571E-03  0.38712E-03  0.99021E+00  0.39697E-03 -0.89324E-04  0.87132E+00 -0.78596E-02  0.86631E+00 
   54.00  0.77463E+00 -0.48723E+00 -0.11476E-03  0.39037E-03  0.98967E+00  0.50175E-03 -0.11221E-03  0.86141E+00 -0.66972E-02  0.85624E+00 
   55.00  0.72861E+00 -0.50453E+00 -0.13604E-03  0.41457E-03  0.98899E+00  0.63429E-03 -0.14385E-03  0.85066E+00 -0.55629E-02  0.84524E+00 
   56.00  0.68036E+00 -0.52224E+00 -0.17085E-03  0.45546E-03  0.98819E+00  0.78850E-03 -0.17974E-03  0.83899E+00 -0.45662E-02  0.83329E+00 
   57.00  0.63267E+00 -0.54031E+00 -0.21774E-03  0.50363E-03  0.98731E+00  0.95116E-03 -0.21402E-03  0.82641E+00 -0.37888E-02  0.82041E+00 
   58.00  0.58831E+00 -0.55858E+00 -0.27246E-03  0.54467E-03  0.98638E+00  0.11040E-02 -0.24015E-03  0.81301E+00 -0.32565E-02  0.80673E+00 
   59.00  0.54923E+00 -0.57687E+00 -0.32861E-03  0.56174E-03  0.98548E+00  0.12282E-02 -0.25199E-03  0.79893E+00 -0.29255E-02  0.79242E+00 
   60.00  0.51627E+00 -0.59502E+00 -0.37913E-03  0.54054E-03  0.98465E+00  0.13089E-02 -0.24523E-03  0.78431E+00 -0.26923E-02  0.77766E+00 
   61.00  0.48921E+00 -0.61295E+00 -0.41820E-03  0.47484E-03  0.98392E+00  0.13398E-02 -0.21859E-03  0.76926E+00 -0.24277E-02  0.76253E+00 
   62.00  0.46706E+00 -0.63065E+00 -0.44258E-03  0.36929E-03  0.98328E+00  0.13230E-02 -0.17407E-03  0.75376E+00 -0.20219E-02  0.74702E+00 
   63.00  0.44855E+00 -0.64823E+00 -0.45187E-03  0.23817E-03  0.98272E+00  0.12664E-02 -0.11632E-03  0.73771E+00 -0.14172E-02  0.73101E+00 
   64.00  0.43246E+00 -0.66578E+00 -0.44778E-03  0.10093E-03  0.98221E+00  0.11800E-02 -0.51631E-04  0.72096E+00 -0.61626E-03  0.71432E+00 
   65.00  0.41782E+00 -0.68340E+00 -0.43320E-03 -0.23160E-04  0.98171E+00  0.10738E-02  0.13030E-04  0.70333E+00  0.32896E-03  0.69676E+00 
   66.00  0.40403E+00 -0.70110E+00 -0.41158E-03 -0.11928E-03  0.98121E+00  0.95656E-03  0.70688E-04  0.68471E+00  0.13371E-02  0.67821E+00 
   67.00  0.39076E+00 -0.71886E+00 -0.38661E-03 -0.17931E-03  0.98069E+00  0.83746E-03  0.11497E-03  0.66501E+00  0.23163E-02  0.65858E+00 
   68.00  0.37790E+00 -0.73658E+00 -0.36222E-03 -0.20205E-03  0.98015E+00  0.72623E-03  0.14073E-03  0.64425E+00  0.31791E-02  0.63786E+00 
   69.00  0.36541E+00 -0.75411E+00 -0.34258E-03 -0.19176E-03  0.97957E+00  0.63333E-03  0.14471E-03  0.62245E+00  0.38532E-02  0.61609E+00 
   70.00  0.35335E+00 -0.77134E+00 -0.33178E-03 -0.15572E-03  0.97897E+00  0.56875E-03  0.12612E-03  0.59969E+00  0.42895E-02  0.59336E+00 
   71.00  0.34175E+00 -0.78814E+00 -0.33345E-03 -0.10167E-03  0.97836E+00  0.54018E-03  0.86754E-04  0.57605E+00  0.44679E-02  0.56975E+00 
   72.00  0.33072E+00 -0.80442E+00 -0.35025E-03 -0.36168E-04  0.97775E+00  0.55114E-03  0.30812E-04  0.55160E+00  0.44013E-02  0.54533E+00 
   73.00  0.32039E+00 -0.82014E+00 -0.38338E-03  0.35947E-04  0.97715E+00  0.59989E-03 -0.35779E-04  0.52638E+00  0.41365E-02  0.52017E+00 
   74.00  0.31093E+00 -0.83526E+00 -0.43243E-03  0.11075E-03  0.97660E+00  0.67935E-03 -0.10628E-03  0.50042E+00  0.37509E-02  0.49432E+00 
   75.00  0.30250E+00 -0.84979E+00 -0.49538E-03  0.18394E-03  0.97610E+00  0.77826E-03 -0.17415E-03  0.47372E+00  0.33438E-02  0.46779E+00 
   76.00  0.29525E+00 -0.86370E+00 -0.56906E-03  0.24979E-03  0.97567E+00  0.88340E-03 -0.23400E-03  0.44630E+00  0.30234E-02  0.44061E+00 
   77.00  0.28921E+00 -0.87700E+00 -0.64966E-03  0.30113E-03  0.97532E+00  0.98213E-03 -0.28229E-03  0.41818E+00  0.28891E-02  0.41279E+00 
   78.00  0.28434E+00 -0.88963E+00 -0.73342E-03  0.33056E-03  0.97503E+00  0.10647E-02 -0.31760E-03  0.38938E+00  0.30162E-02  0.38436E+00 
   79.00  0.28041E+00 -0.90154E+00 -0.81715E-03  0.33252E-03  0.97479E+00  0.11258E-02 -0.34051E-03  0.35995E+00  0.34446E-02  0.35533E+00 
   80.00  0.27711E+00 -0.91264E+00 -0.89845E-03  0.30525E-03  0.97456E+00  0.11643E-02 -0.35310E-03  0.32993E+00  0.41765E-02  0.32573E+00 
   81.00  0.27403E+00 -0.92285E+00 -0.97559E-03  0.25178E-03  0.97432E+00  0.11823E-02 -0.35825E-03  0.29937E+00  0.51821E-02  0.29558E+00 
   82.00  0.27075E+00 -0.93207E+00 -0.10472E-02  0.17950E-03  0.97403E+00  0.11834E-02 -0.35900E-03  0.26831E+00  0.64095E-02  0.26491E+00 
   83.00  0.26687E+00 -0.94022E+00 -0.11118E-02  0.98555E-04  0.97366E+00  0.11713E-02 -0.35798E-03  0.23679E+00  0.77948E-02  0.23372E+00 
   84.00  0.26212E+00 -0.94724E+00 -0.11675E-02  0.19644E-04  0.97319E+00  0.11480E-02 -0.35710E-03  0.20482E+00  0.92694E-02  0.20204E+00 
   85.00  0.25634E+00 -0.95306E+00 -0.12120E-02 -0.48302E-04  0.97259E+00  0.11138E-02 -0.35729E-03  0.17242E+00  0.10763E-01  0.16986E+00 
   86.00  0.24957E+00 -0.95762E+00 -0.12420E-02 -0.99925E-04  0.97186E+00  0.10676E-02 -0.35837E-03  0.13959E+00  0.12204E-01  0.13718E+00 
   87.00  0.24196E+00 -0.96091E+00 -0.12545E-02 -0.13458E-03  0.97100E+00  0.10068E-02 -0.35898E-03  0.10634E+00  0.13521E-01  0.10403E+00 
   88.00  0.23379E+00 -0.96290E+00 -0.12462E-02 -0.15655E-03  0.97002E+00  0.92903E-03 -0.35654E-03  0.72683E-01  0.14640E-01  0.70434E-01 
   89.00  0.22542E+00 -0.96357E+00 -0.12149E-02 -0.17430E-03  0.96894E+00  0.83271E-03 -0.34753E-03  0.38660E-01  0.15495E-01  0.36437E-01 
   90.00  0.21721E+00 -0.96296E+00 -0.11600E-02 -0.19865E-03  0.96779E+00  0.71838E-03 -0.32790E-03  0.43337E-02  0.16030E-01  0.21307E-02 
   91.00  0.20949E+00 -0.96110E+00 -0.10833E-02 -0.24019E-03  0.96665E+00  0.58936E-03 -0.29389E-03 -0.30197E-01  0.16212E-01 -0.32360E-01 
   92.00  0.20251E+00 -0.95805E+00 -0.98903E-03 -0.30642E-03  0.96555E+00  0.45199E-03 -0.24298E-03 -0.64800E-01  0.16043E-01 -0.66877E-01 
   93.00  0.19644E+00 -0.95389E+00 -0.88414E-03 -0.39942E-03  0.96457E+00  0.31498E-03 -0.17480E-03 -0.99315E-01  0.15559E-01 -0.10124E+00 
   94.00  0.19134E+00 -0.94870E+00 -0.77703E-03 -0.51491E-03  0.96374E+00  0.18818E-03 -0.91608E-04 -0.13357E+00  0.14834E-01 -0.13525E+00 
   95.00  0.18719E+00 -0.94255E+00 -0.67643E-03 -0.64311E-03  0.96311E+00  0.80760E-04  0.18159E-05 -0.16739E+00  0.13967E-01 -0.16873E+00 
   96.00  0.18391E+00 -0.93553E+00 -0.58998E-03 -0.77114E-03  0.96267E+00 -0.35057E-06  0.98984E-04 -0.20064E+00  0.13065E-01 -0.20156E+00 
   97.00  0.18136E+00 -0.92767E+00 -0.52305E-03 -0.88616E-03  0.96241E+00 -0.51636E-04  0.19294E-03 -0.23319E+00  0.12230E-01 -0.23362E+00 
   98.00  0.17940E+00 -0.91901E+00 -0.47805E-03 -0.97829E-03  0.96230E+00 -0.73302E-04  0.27755E-03 -0.26496E+00  0.11541E-01 -0.26485E+00 
   99.00  0.17789E+00 -0.90958E+00 -0.45444E-03 -0.10424E-02  0.96230E+00 -0.68862E-04  0.34856E-03 -0.29592E+00  0.11051E-01 -0.29523E+00 
  100.00  0.17671E+00 -0.89939E+00 -0.44915E-03 -0.10786E-02  0.96235E+00 -0.44186E-04  0.40406E-03 -0.32604E+00  0.10779E-01 -0.32476E+00 
  101.00  0.17575E+00 -0.88844E+00 -0.45740E-03 -0.10911E-02  0.96244E+00 -0.63112E-05  0.44445E-03 -0.35532E+00  0.10719E-01 -0.35345E+00 
  102.00  0.17495E+00 -0.87674E+00 -0.47362E-03 -0.10871E-02  0.96252E+00  0.37745E-04  0.47192E-03 -0.38378E+00  0.10840E-01 -0.38134E+00 
  103.00  0.17428E+00 -0.86430E+00 -0.49242E-03 -0.10743E-02  0.96258E+00  0.81967E-04  0.48962E-03 -0.41144E+00  0.11098E-01 -0.40843E+00 
  104.00  0.17370E+00 -0.85115E+00 -0.50932E-03 -0.10591E-02  0.96261E+00  0.12203E-03  0.50073E-03 -0.43833E+00  0.11442E-01 -0.43475E+00 
  105.00  0.17322E+00 -0.83732E+00 -0.52132E-03 -0.10458E-02  0.96263E+00  0.15560E-03  0.50771E-03 -0.46446E+00  0.11820E-01 -0.46033E+00 
  106.00  0.17285E+00 -0.82284E+00 -0.52721E-03 -0.10352E-02  0.96264E+00  0.18233E-03  0.51170E-03 -0.48985E+00  0.12184E-01 -0.48517E+00 
  107.00  0.17260E+00 -0.80775E+00 -0.52749E-03 -0.10255E-02  0.96265E+00  0.20352E-03  0.51242E-03 -0.51452E+00  0.12495E-01 -0.50928E+00 
  108.00  0.17248E+00 -0.79210E+00 -0.52406E-03 -0.10126E-02  0.96269E+00  0.22152E-03  0.50829E-03 -0.53848E+00  0.12726E-01 -0.53269E+00 
  109.00  0.17252E+00 -0.77593E+00 -0.51970E-03 -0.99149E-03  0.96277E+00  0.23909E-03  0.49696E-03 -0.56173E+00  0.12859E-01 -0.55539E+00 
  110.00  0.17270E+00 -0.75929E+00 -0.51743E-03 -0.95767E-03  0.96289E+00  0.25875E-03  0.47593E-03 -0.58427E+00  0.12890E-01 -0.57740E+00 
  111.00  0.17304E+00 -0.74223E+00 -0.51983E-03 -0.90808E-03  0.96306E+00  0.28220E-03  0.44318E-03 -0.60610E+00  0.12822E-01 -0.59872E+00 
  112.00  0.17351E+00 -0.72477E+00 -0.52854E-03 -0.84198E-03  0.96327E+00  0.31007E-03  0.39770E-03 -0.62721E+00  0.12668E-01 -0.61933E+00 
  113.00  0.17408E+00 -0.70697E+00 -0.54394E-03 -0.76107E-03  0.96350E+00  0.34178E-03  0.33973E-03 -0.64757E+00  0.12442E-01 -0.63923E+00 
  114.00  0.17471E+00 -0.68887E+00 -0.56511E-03 -0.66930E-03  0.96375E+00  0.37573E-03  0.27073E-03 -0.66718E+00  0.12162E-01 -0.65839E+00 
  115.00  0.17536E+00 -0.67050E+00 -0.58995E-03 -0.57222E-03  0.96400E+00  0.40961E-03  0.19317E-03 -0.68600E+00  0.11845E-01 -0.67680E+00 
  116.00  0.17596E+00 -0.65191E+00 -0.61561E-03 -0.47609E-03  0.96422E+00  0.44078E-03  0.11005E-03 -0.70403E+00  0.11502E-01 -0.69442E+00 
  117.00  0.17646E+00 -0.63315E+00 -0.63889E-03 -0.38707E-03  0.96440E+00  0.46668E-03  0.24489E-04 -0.72124E+00  0.11142E-01 -0.71124E+00 
  118.00  0.17680E+00 -0.61426E+00 -0.65679E-03 -0.31054E-03  0.96453E+00  0.48515E-03 -0.60710E-04 -0.73762E+00  0.10771E-01 -0.72722E+00 
  119.00  0.17694E+00 -0.59530E+00 -0.66682E-03 -0.25052E-03  0.96461E+00  0.49466E-03 -0.14334E-03 -0.75317E+00  0.10386E-01 -0.74235E+00 
  120.00  0.17684E+00 -0.57632E+00 -0.66740E-03 -0.20954E-03  0.96462E+00  0.49445E-03 -0.22196E-03 -0.76788E+00  0.99843E-02 -0.75663E+00 
  121.00  0.17649E+00 -0.55737E+00 -0.65790E-03 -0.18852E-03  0.96459E+00  0.48448E-03 -0.29585E-03 -0.78176E+00  0.95602E-02 -0.77005E+00 
  122.00  0.17589E+00 -0.53851E+00 -0.63873E-03 -0.18694E-03  0.96450E+00  0.46542E-03 -0.36497E-03 -0.79482E+00  0.91066E-02 -0.78263E+00 
  123.00  0.17505E+00 -0.51979E+00 -0.61122E-03 -0.20306E-03  0.96437E+00  0.43850E-03 -0.42976E-03 -0.80710E+00  0.86176E-02 -0.79439E+00 
  124.00  0.17402E+00 -0.50124E+00 -0.57739E-03 -0.23419E-03  0.96421E+00  0.40539E-03 -0.49095E-03 -0.81862E+00  0.80888E-02 -0.80536E+00 
  125.00  0.17285E+00 -0.48293E+00 -0.53971E-03 -0.27694E-03  0.96403E+00  0.36807E-03 -0.54938E-03 -0.82941E+00  0.75183E-02 -0.81557E+00 
  126.00  0.17159E+00 -0.46486E+00 -0.50080E-03 -0.32749E-03  0.96385E+00  0.32861E-03 -0.60588E-03 -0.83952E+00  0.69071E-02 -0.82508E+00 
  127.00  0.17031E+00 -0.44709E+00 -0.46311E-03 -0.38189E-03  0.96368E+00  0.28911E-03 -0.66116E-03 -0.84898E+00  0.62591E-02 -0.83392E+00 
  128.00  0.16907E+00 -0.42962E+00 -0.42868E-03 -0.43627E-03  0.96353E+00  0.25147E-03 -0.71577E-03 -0.85784E+00  0.55807E-02 -0.84215E+00 
  129.00  0.16793E+00 -0.41247E+00 -0.39890E-03 -0.48714E-03  0.96340E+00  0.21733E-03 -0.77004E-03 -0.86613E+00  0.48801E-02 -0.84980E+00 
  130.00  0.16694E+00 -0.39565E+00 -0.37438E-03 -0.53163E-03  0.96331E+00  0.18792E-03 -0.82411E-03 -0.87390E+00  0.41668E-02 -0.85693E+00 
  131.00  0.16613E+00 -0.37917E+00 -0.35491E-03 -0.56770E-03  0.96325E+00  0.16404E-03 -0.87786E-03 -0.88118E+00  0.34504E-02 -0.86357E+00 
  132.00  0.16555E+00 -0.36301E+00 -0.33957E-03 -0.59425E-03  0.96322E+00  0.14596E-03 -0.93092E-03 -0.88799E+00  0.27403E-02 -0.86975E+00 
  133.00  0.16519E+00 -0.34719E+00 -0.32685E-03 -0.61120E-03  0.96322E+00  0.13349E-03 -0.98263E-03 -0.89438E+00  0.20447E-02 -0.87550E+00 
  134.00  0.16508E+00 -0.33169E+00 -0.31493E-03 -0.61942E-03  0.96325E+00  0.12603E-03 -0.10320E-02 -0.90035E+00  0.13704E-02 -0.88085E+00 
  135.00  0.16519E+00 -0.31651E+00 -0.30195E-03 -0.62052E-03  0.96330E+00  0.12263E-03 -0.10780E-02 -0.90593E+00  0.72264E-03 -0.88581E+00 
  136.00  0.16552E+00 -0.30166E+00 -0.28624E-03 -0.61662E-03  0.96336E+00  0.12214E-03 -0.11190E-02 -0.91114E+00  0.10511E-03 -0.89041E+00 
  137.00  0.16605E+00 -0.28713E+00 -0.26663E-03 -0.61003E-03  0.96343E+00  0.12331E-03 -0.11537E-02 -0.91598E+00 -0.47982E-03 -0.89464E+00 
  138.00  0.16676E+00 -0.27293E+00 -0.24252E-03 -0.60294E-03  0.96350E+00  0.12491E-03 -0.11807E-02 -0.92048E+00 -0.10307E-02 -0.89854E+00 
  139.00  0.16761E+00 -0.25907E+00 -0.21402E-03 -0.59715E-03  0.96356E+00  0.12585E-03 -0.11987E-02 -0.92465E+00 -0.15466E-02 -0.90211E+00 
  140.00  0.16859E+00 -0.24557E+00 -0.18188E-03 -0.59393E-03  0.96363E+00  0.12525E-03 -0.12068E-02 -0.92850E+00 -0.20265E-02 -0.90536E+00 
  141.00  0.16966E+00 -0.23242E+00 -0.14743E-03 -0.59389E-03  0.96368E+00  0.12247E-03 -0.12045E-02 -0.93205E+00 -0.24694E-02 -0.90831E+00 
  142.00  0.17080E+00 -0.21965E+00 -0.11239E-03 -0.59700E-03  0.96373E+00  0.11722E-03 -0.11915E-02 -0.93530E+00 -0.28736E-02 -0.91097E+00 
  143.00  0.17200E+00 -0.20726E+00 -0.78721E-04 -0.60269E-03  0.96377E+00  0.10950E-03 -0.11680E-02 -0.93827E+00 -0.32372E-02 -0.91337E+00 
  144.00  0.17324E+00 -0.19527E+00 -0.48365E-04 -0.60992E-03  0.96381E+00  0.99588E-04 -0.11345E-02 -0.94099E+00 -0.35579E-02 -0.91552E+00 
  145.00  0.17449E+00 -0.18366E+00 -0.23085E-04 -0.61740E-03  0.96385E+00  0.87993E-04 -0.10918E-02 -0.94346E+00 -0.38340E-02 -0.91743E+00 
  146.00  0.17576E+00 -0.17246E+00 -0.42859E-05 -0.62371E-03  0.96388E+00  0.75371E-04 -0.10409E-02 -0.94570E+00 -0.40637E-02 -0.91914E+00 
  147.00  0.17702E+00 -0.16165E+00  0.71011E-05 -0.62746E-03  0.96391E+00  0.62428E-04 -0.98287E-03 -0.94773E+00 -0.42466E-02 -0.92065E+00 
  148.00  0.17828E+00 -0.15123E+00  0.10685E-04 -0.62743E-03  0.96394E+00  0.49833E-04 -0.91889E-03 -0.94957E+00 -0.43830E-02 -0.92199E+00 
  149.00  0.17952E+00 -0.14120E+00  0.66228E-05 -0.62259E-03  0.96397E+00  0.38144E-04 -0.85022E-03 -0.95123E+00 -0.44748E-02 -0.92317E+00 
  150.00  0.18074E+00 -0.13154E+00 -0.44261E-05 -0.61220E-03  0.96401E+00  0.27759E-04 -0.77818E-03 -0.95273E+00 -0.45248E-02 -0.92421E+00 
  151.00  0.18193E+00 -0.12226E+00 -0.21386E-04 -0.59577E-03  0.96404E+00  0.18900E-04 -0.70409E-03 -0.95409E+00 -0.45372E-02 -0.92513E+00 
  152.00  0.18310E+00 -0.11333E+00 -0.42879E-04 -0.57302E-03  0.96408E+00  0.11633E-04 -0.62936E-03 -0.95531E+00 -0.45173E-02 -0.92593E+00 
  153.00  0.18424E+00 -0.10476E+00 -0.67359E-04 -0.54382E-03  0.96411E+00  0.58910E-05 -0.55544E-03 -0.95642E+00 -0.44705E-02 -0.92663E+00 
  154.00  0.18534E+00 -0.96547E-01 -0.93233E-04 -0.50816E-03  0.96415E+00  0.15276E-05 -0.48383E-03 -0.95741E+00 -0.44028E-02 -0.92724E+00 
  155.00  0.18641E+00 -0.88677E-01 -0.11898E-03 -0.46613E-03  0.96417E+00 -0.16478E-05 -0.41602E-03 -0.95831E+00 -0.43197E-02 -0.92775E+00 
  156.00  0.18745E+00 -0.81154E-01 -0.14323E-03 -0.41790E-03  0.96419E+00 -0.38337E-05 -0.35337E-03 -0.95910E+00 -0.42257E-02 -0.92818E+00 
  157.00  0.18846E+00 -0.73976E-01 -0.16486E-03 -0.36381E-03  0.96420E+00 -0.52149E-05 -0.29704E-03 -0.95980E+00 -0.41247E-02 -0.92852E+00 
  158.00  0.18943E+00 -0.67145E-01 -0.18297E-03 -0.30441E-03  0.96420E+00 -0.59504E-05 -0.24780E-03 -0.96041E+00 -0.40188E-02 -0.92878E+00 
  159.00  0.19037E+00 -0.60659E-01 -0.19697E-03 -0.24051E-03  0.96418E+00 -0.61706E-05 -0.20594E-03 -0.96094E+00 -0.39093E-02 -0.92895E+00 
  160.00  0.19128E+00 -0.54520E-01 -0.20650E-03 -0.17316E-03  0.96415E+00 -0.59789E-05 -0.17127E-03 -0.96138E+00 -0.37959E-02 -0.92904E+00 
  161.00  0.19216E+00 -0.48727E-01 -0.21148E-03 -0.10365E-03  0.96410E+00 -0.54574E-05 -0.14307E-03 -0.96175E+00 -0.36776E-02 -0.92905E+00 
  162.00  0.19301E+00 -0.43277E-01 -0.21201E-03 -0.33383E-04  0.96404E+00 -0.46742E-05 -0.12028E-03 -0.96205E+00 -0.35525E-02 -0.92898E+00 
  163.00  0.19382E+00 -0.38168E-01 -0.20834E-03  0.36265E-04  0.96395E+00 -0.36925E-05 -0.10161E-03 -0.96227E+00 -0.34181E-02 -0.92884E+00 
  164.00  0.19460E+00 -0.33397E-01 -0.20086E-03  0.10403E-03  0.96385E+00 -0.25793E-05 -0.85778E-04 -0.96244E+00 -0.32716E-02 -0.92864E+00 
  165.00  0.19535E+00 -0.28963E-01 -0.19003E-03  0.16886E-03  0.96372E+00 -0.14118E-05 -0.71621E-04 -0.96255E+00 -0.31102E-02 -0.92837E+00 
  166.00  0.19607E+00 -0.24862E-01 -0.17637E-03  0.23002E-03  0.96357E+00 -0.27838E-06 -0.58274E-04 -0.96261E+00 -0.29314E-02 -0.92804E+00 
  167.00  0.19675E+00 -0.21094E-01 -0.16042E-03  0.28703E-03  0.96340E+00  0.72684E-06 -0.45228E-04 -0.96262E+00 -0.27334E-02 -0.92765E+00 
  168.00  0.19741E+00 -0.17657E-01 -0.14276E-03  0.33973E-03  0.96321E+00  0.15164E-05 -0.32353E-04 -0.96259E+00 -0.25154E-02 -0.92721E+00 
  169.00  0.19804E+00 -0.14548E-01 -0.12402E-03  0.38821E-03  0.96300E+00  0.20259E-05 -0.19866E-04 -0.96251E+00 -0.22779E-02 -0.92672E+00 
  170.00  0.19864E+00 -0.11765E-01 -0.10484E-03  0.43274E-03  0.96277E+00  0.22288E-05 -0.82660E-05 -0.96240E+00 -0.20229E-02 -0.92619E+00 
  171.00  0.19920E+00 -0.93049E-02 -0.85912E-04  0.47376E-03  0.96253E+00  0.21452E-05  0.17823E-05 -0.96225E+00 -0.17542E-02 -0.92563E+00 
  172.00  0.19974E+00 -0.71639E-02 -0.67911E-04  0.51171E-03  0.96228E+00  0.18395E-05  0.95910E-05 -0.96208E+00 -0.14773E-02 -0.92504E+00 
  173.00  0.20023E+00 -0.53350E-02 -0.51457E-04  0.54697E-03  0.96202E+00  0.14060E-05  0.14615E-04 -0.96189E+00 -0.11993E-02 -0.92444E+00 
  174.00  0.20069E+00 -0.38081E-02 -0.37051E-04  0.57968E-03  0.96176E+00  0.94684E-06  0.16615E-04 -0.96169E+00 -0.92883E-03 -0.92385E+00 
  175.00  0.20110E+00 -0.25690E-02 -0.25023E-04  0.60962E-03  0.96152E+00  0.54768E-06  0.15770E-04 -0.96148E+00 -0.67547E-03 -0.92328E+00 
  176.00  0.20145E+00 -0.15994E-02 -0.15504E-04  0.63624E-03  0.96130E+00  0.25949E-06  0.12717E-04 -0.96128E+00 -0.44944E-03 -0.92276E+00 
  177.00  0.20173E+00 -0.87798E-03 -0.84394E-05  0.65861E-03  0.96111E+00  0.91788E-07  0.84671E-05 -0.96110E+00 -0.26076E-03 -0.92232E+00 
  178.00  0.20195E+00 -0.38276E-03 -0.36459E-05  0.67567E-03  0.96097E+00  0.19616E-07  0.42245E-05 -0.96097E+00 -0.11854E-03 -0.92198E+00 
  179.00  0.20208E+00 -0.94509E-04 -0.89402E-06  0.68640E-03  0.96088E+00  0.12849E-08  0.11301E-05 -0.96088E+00 -0.30043E-04 -0.92177E+00 
  180.00  0.20212E+00 -0.23323E-14 -0.22006E-16  0.69006E-03  0.96085E+00  0.80161E-30  0.28642E-16 -0.96085E+00 -0.74801E-15 -0.92170E+00 
 scattering matrix expansion coefficients
    w  a11         a22         a33         a23         a32         a44         a12         a34         a13         a24         a14
    0  0.1000E+01  0.0000E+00  0.0000E+00  0.0000E+00  0.0000E+00  0.7934E+00  0.0000E+00  0.0000E+00  0.0000E+00  0.0000E+00  0.7730E-04
    1  0.2186E+01  0.0000E+00  0.0000E+00  0.0000E+00  0.0000E+00  0.2361E+01  0.0000E+00  0.0000E+00  0.0000E+00  0.0000E+00  0.3472E-03
    2  0.2962E+01  0.2406E+00  0.3881E+01 -0.1029E-06  0.8676E-03  0.2975E+01 -0.4272E+00 -0.1814E-02 -0.2763E-03 -0.7485E-04  0.2765E-03
    3  0.3282E+01  0.7938E-01  0.3775E+01  0.4139E-06  0.3496E-03  0.3284E+01 -0.2887E+00 -0.1177E-01 -0.6220E-04  0.2036E-05 -0.3300E-04
    4  0.3474E+01  0.3631E-01  0.3783E+01  0.2346E-06  0.4591E-03  0.3473E+01 -0.2087E+00 -0.1827E-01  0.4729E-04 -0.1407E-03 -0.1008E-03
    5  0.3604E+01  0.1503E-01  0.3821E+01  0.1012E-06  0.6304E-03  0.3616E+01 -0.1577E+00 -0.1728E-01  0.5037E-04  0.1691E-03 -0.8431E-04
    6  0.3725E+01  0.1724E-01  0.3875E+01 -0.8370E-07  0.7124E-03  0.3718E+01 -0.1100E+00 -0.1555E-01 -0.1309E-04 -0.3453E-04  0.4766E-04
    7  0.3800E+01  0.4345E-02  0.3926E+01 -0.4753E-06  0.4538E-03  0.3807E+01 -0.7209E-01 -0.9349E-02 -0.4224E-04  0.2059E-05  0.3930E-04
    8  0.3835E+01  0.8364E-02  0.3942E+01  0.6341E-07  0.2473E-03  0.3829E+01 -0.3935E-01 -0.4689E-02  0.5055E-04  0.1703E-03  0.2852E-03
    9  0.3789E+01  0.9869E-02  0.3884E+01  0.2936E-06  0.1853E-03  0.3766E+01 -0.3187E-01 -0.1107E-02  0.8612E-04  0.1329E-04  0.2274E-03
   10  0.3640E+01 -0.9065E-02  0.3745E+01 -0.3528E-06  0.6137E-04  0.3652E+01 -0.6566E-01  0.9612E-04 -0.6162E-04 -0.9444E-04 -0.5792E-04
   11  0.3482E+01 -0.5898E-02  0.3571E+01  0.5179E-07  0.7222E-04  0.3498E+01 -0.8589E-01 -0.1769E-02 -0.8626E-05 -0.1237E-03 -0.2298E-03
   12  0.3360E+01  0.6020E-02  0.3420E+01 -0.3524E-07  0.3141E-03  0.3354E+01 -0.6402E-01 -0.4367E-02  0.8875E-04 -0.2109E-04 -0.2231E-03
   13  0.3244E+01  0.2344E-02  0.3295E+01 -0.1320E-06  0.3859E-03  0.3242E+01 -0.4142E-01 -0.4570E-02  0.8568E-04 -0.7819E-05 -0.2459E-03
   14  0.3126E+01  0.6572E-03  0.3173E+01  0.1126E-06  0.1476E-03  0.3126E+01 -0.3315E-01 -0.3925E-02 -0.5911E-04 -0.3175E-04 -0.2481E-03
   15  0.2994E+01  0.3322E-03  0.3037E+01  0.1260E-06 -0.5531E-04  0.2994E+01 -0.2643E-01 -0.3959E-02 -0.9151E-04 -0.2556E-04 -0.2240E-03
   16  0.2840E+01  0.7838E-03  0.2881E+01  0.3059E-08 -0.1084E-04  0.2839E+01 -0.1762E-01 -0.4110E-02 -0.1832E-04 -0.2569E-04 -0.2490E-03
   17  0.2658E+01  0.3416E-02  0.2694E+01 -0.1272E-06  0.2313E-03  0.2650E+01 -0.1651E-01 -0.3227E-02  0.2979E-04  0.3476E-04 -0.1718E-03
   18  0.2440E+01 -0.5131E-03  0.2478E+01 -0.1624E-06  0.4014E-03  0.2438E+01 -0.3015E-01 -0.3358E-02  0.5876E-05  0.6312E-04 -0.1215E-03
   19  0.2214E+01 -0.3965E-02  0.2252E+01  0.3067E-07  0.3812E-03  0.2221E+01 -0.4414E-01 -0.5806E-02 -0.6132E-04  0.3556E-04 -0.2036E-03
   20  0.2011E+01  0.5513E-03  0.2040E+01  0.1292E-06  0.3143E-03  0.2010E+01 -0.4318E-01 -0.9043E-02 -0.3228E-04 -0.1257E-04 -0.3130E-03
   21  0.1826E+01  0.2249E-02  0.1848E+01  0.7392E-07  0.2271E-03  0.1821E+01 -0.4004E-01 -0.1072E-01  0.2250E-05 -0.5671E-04 -0.3848E-03
   22  0.1656E+01 -0.1440E-02  0.1677E+01  0.1082E-06  0.1139E-03  0.1658E+01 -0.4566E-01 -0.1110E-01 -0.8890E-05 -0.3085E-04 -0.3120E-03
   23  0.1518E+01 -0.2650E-02  0.1537E+01  0.1035E-06  0.1864E-04  0.1524E+01 -0.4647E-01 -0.1106E-01  0.8158E-05  0.5021E-04 -0.1102E-03
   24  0.1418E+01  0.1422E-03  0.1431E+01  0.5212E-07 -0.8968E-04  0.1419E+01 -0.3156E-01 -0.1049E-01  0.1411E-04  0.9374E-04  0.1399E-04
   25  0.1335E+01  0.2564E-02  0.1344E+01 -0.4648E-08 -0.2259E-03  0.1331E+01 -0.1117E-01 -0.9117E-02 -0.1688E-04  0.5502E-04 -0.1566E-04
   26  0.1240E+01  0.2276E-02  0.1250E+01 -0.2273E-07 -0.3096E-03  0.1236E+01 -0.5135E-03 -0.7278E-02 -0.2947E-04  0.8021E-05 -0.7992E-04
   27  0.1118E+01  0.5660E-03  0.1131E+01 -0.1133E-07 -0.2866E-03  0.1117E+01 -0.3086E-02 -0.5603E-02 -0.7261E-05 -0.2106E-04 -0.1284E-03
   28  0.9778E+00 -0.3472E-03  0.9908E+00  0.6089E-07 -0.1994E-03  0.9784E+00 -0.1198E-01 -0.4665E-02  0.2127E-04 -0.3476E-04 -0.1691E-03
   29  0.8369E+00 -0.5176E-03  0.8486E+00  0.8243E-07 -0.1072E-03  0.8380E+00 -0.2017E-01 -0.4593E-02  0.3366E-04 -0.3820E-04 -0.1717E-03
   30  0.7144E+00 -0.7129E-03  0.7239E+00  0.4555E-07 -0.2356E-04  0.7159E+00 -0.2380E-01 -0.5036E-02  0.3038E-04 -0.2157E-04 -0.1055E-03
   31  0.6213E+00 -0.5778E-03  0.6283E+00  0.1822E-07  0.4522E-04  0.6229E+00 -0.2104E-01 -0.5412E-02  0.1524E-04 -0.5623E-05 -0.2939E-04
   32  0.5563E+00  0.2578E-03  0.5608E+00 -0.8234E-08  0.8938E-04  0.5564E+00 -0.1302E-01 -0.5368E-02 -0.2565E-05  0.1394E-05  0.3791E-05
   33  0.5066E+00  0.1008E-02  0.5095E+00 -0.3029E-07  0.1079E-03  0.5050E+00 -0.4795E-02 -0.4971E-02 -0.1469E-04  0.4358E-05  0.8494E-05
   34  0.4580E+00  0.9311E-03  0.4608E+00 -0.2889E-07  0.1135E-03  0.4562E+00 -0.1397E-02 -0.4558E-02 -0.1612E-04  0.4815E-05  0.9026E-05
   35  0.4045E+00  0.2606E-03  0.4080E+00 -0.1508E-07  0.1143E-03  0.4039E+00 -0.3362E-02 -0.4387E-02 -0.8451E-05  0.1978E-05 -0.5768E-05
   36  0.3495E+00 -0.3126E-03  0.3533E+00 -0.5627E-08  0.1025E-03  0.3501E+00 -0.7094E-02 -0.4444E-02  0.2174E-05  0.3588E-06 -0.5041E-04
   37  0.2997E+00 -0.4453E-03  0.3030E+00  0.1967E-08  0.6220E-04  0.3006E+00 -0.8831E-02 -0.4484E-02  0.7638E-05  0.2355E-05 -0.1113E-03
   38  0.2586E+00 -0.2264E-03  0.2611E+00  0.7873E-08 -0.9853E-05  0.2591E+00 -0.7423E-02 -0.4211E-02  0.5664E-05  0.5708E-05 -0.1571E-03
   39  0.2246E+00  0.7244E-04  0.2264E+00  0.5440E-08 -0.9507E-04  0.2244E+00 -0.4256E-02 -0.3475E-02 -0.3043E-06  0.6406E-05 -0.1686E-03
   40  0.1932E+00  0.2415E-03  0.1947E+00 -0.1742E-08 -0.1635E-03  0.1927E+00 -0.1471E-02 -0.2373E-02 -0.4650E-05  0.4335E-05 -0.1483E-03
   41  0.1609E+00  0.2211E-03  0.1625E+00 -0.7749E-08 -0.1942E-03  0.1604E+00 -0.3693E-03 -0.1190E-02 -0.4931E-05  0.1483E-05 -0.1122E-03
   42  0.1271E+00  0.9214E-04  0.1287E+00 -0.8489E-08 -0.1848E-03  0.1269E+00 -0.8753E-03 -0.2216E-03 -0.2137E-05  0.5168E-08 -0.7516E-04
   43  0.9387E-01 -0.3009E-04  0.9547E-01 -0.5636E-08 -0.1489E-03  0.9392E-01 -0.2063E-02  0.3669E-03  0.1050E-05 -0.3082E-06 -0.4603E-04
   44  0.6438E-01 -0.7838E-04  0.6575E-01 -0.2320E-08 -0.1046E-03  0.6455E-01 -0.2980E-02  0.5855E-03  0.2966E-05  0.1182E-06 -0.2629E-04
   45  0.4087E-01 -0.6120E-04  0.4188E-01 -0.4528E-09 -0.6520E-04  0.4102E-01 -0.3189E-02  0.5554E-03  0.3315E-05  0.4265E-06 -0.1438E-04
   46  0.2401E-01 -0.1837E-04  0.2467E-01  0.2345E-09 -0.3654E-04  0.2409E-01 -0.2766E-02  0.4157E-03  0.2707E-05  0.5371E-06 -0.7571E-05
   47  0.1307E-01  0.1546E-04  0.1344E-01  0.1274E-09 -0.1858E-04  0.1308E-01 -0.2041E-02  0.2651E-03  0.1806E-05  0.4289E-06 -0.3872E-05
   48  0.6609E-02  0.2961E-04  0.6792E-02 -0.1658E-10 -0.8632E-05  0.6576E-02 -0.1317E-02  0.1489E-03  0.1037E-05  0.2816E-06 -0.1902E-05
   49  0.3110E-02  0.2833E-04  0.3189E-02 -0.1005E-09 -0.3687E-05  0.3070E-02 -0.7571E-03  0.7510E-04  0.5241E-06  0.1556E-06 -0.8987E-06
   50  0.1365E-02  0.2053E-04  0.1395E-02 -0.9109E-10 -0.1455E-05  0.1334E-02 -0.3929E-03  0.3441E-04  0.2378E-06  0.7772E-07 -0.4068E-06
   51  0.5604E-03  0.1241E-04  0.5700E-03 -0.5802E-10 -0.5333E-06  0.5406E-03 -0.1858E-03  0.1444E-04  0.9760E-07  0.3578E-07 -0.1729E-06
   52  0.2155E-03  0.6533E-05  0.2179E-03 -0.2966E-10 -0.1824E-06  0.2048E-03 -0.8063E-04  0.5582E-05  0.3700E-07  0.1500E-07 -0.6759E-07
   53  0.7779E-04  0.3064E-05  0.7807E-04 -0.1310E-10 -0.5839E-07  0.7263E-04 -0.3229E-04  0.1997E-05  0.1289E-07  0.5683E-08 -0.2388E-07
   54  0.2637E-04  0.1299E-05  0.2624E-04 -0.5481E-11 -0.1755E-07  0.2415E-04 -0.1198E-04  0.6621E-06  0.4185E-08  0.1890E-08 -0.7236E-08
   55  0.8398E-05  0.5021E-06  0.8282E-05 -0.2246E-11 -0.4977E-08  0.7528E-05 -0.4129E-05  0.2044E-06  0.1301E-08  0.5040E-09 -0.1825E-08
   56  0.2513E-05  0.1778E-06  0.2453E-05 -0.9151E-12 -0.1317E-08  0.2201E-05 -0.1324E-05  0.5868E-07  0.3612E-09  0.1010E-09 -0.3521E-09
   57  0.7053E-06  0.5789E-07  0.6814E-06 -0.3804E-12 -0.3344E-09  0.6030E-06 -0.3951E-06  0.1579E-07  0.1021E-09  0.3320E-11 -0.1221E-10
   58  0.1862E-06  0.1735E-07  0.1780E-06 -0.1494E-12 -0.7887E-10  0.1552E-06 -0.1099E-06  0.3969E-08  0.2529E-10 -0.8130E-11  0.1498E-10
   59  0.4566E-07  0.4782E-08  0.4315E-07 -0.5064E-13 -0.1754E-10  0.3708E-07 -0.2833E-07  0.9380E-09  0.5968E-11 -0.4641E-11  0.1204E-10
   60  0.1081E-07  0.1235E-08  0.1012E-07 -0.1685E-13 -0.4061E-11  0.8581E-08 -0.6950E-08  0.2127E-09  0.1565E-11 -0.1864E-11  0.3584E-11
   61  0.2231E-08  0.2820E-09  0.2061E-08 -0.5405E-14 -0.6864E-12  0.1720E-08 -0.1500E-08  0.4310E-10  0.2413E-12 -0.5647E-12  0.1295E-11
   62  0.5190E-09  0.6829E-10  0.4775E-09 -0.1445E-14 -0.1948E-12  0.3947E-09 -0.3538E-09  0.9588E-11  0.8733E-13 -0.1365E-12  0.2352E-12
   63  0.7829E-10  0.1147E-10  0.7068E-10 -0.3892E-15 -0.1820E-13  0.5742E-10 -0.5607E-10  0.1462E-11  0.5925E-14 -0.3292E-13  0.6825E-13
   64  0.2319E-10  0.3381E-11  0.2105E-10 -0.9102E-16 -0.8039E-14  0.1702E-10 -0.1645E-10  0.3946E-12  0.3832E-14 -0.3721E-14  0.5020E-14
   65  0.1755E-11  0.2890E-12  0.1546E-11 -0.1690E-16 -0.2535E-15  0.1231E-11 -0.1319E-11  0.3205E-13  0.5410E-16 -0.9903E-15  0.1881E-14
   66  0.1021E-11  0.1627E-12  0.9076E-12 -0.2295E-17 -0.2341E-15  0.7201E-12 -0.7486E-12  0.1538E-13  0.1059E-15  0.8121E-16 -0.2193E-15
   67  0.1812E-13  0.3171E-14  0.1507E-13 -0.1533E-18 -0.1187E-18  0.1282E-13 -0.1372E-13  0.3272E-15 -0.1638E-17 -0.9925E-17  0.1786E-16
   68  0.4828E-13  0.8875E-14  0.4277E-13  0.7538E-20 -0.2654E-17  0.3242E-13 -0.3733E-13  0.6619E-15  0.5200E-18  0.1277E-16 -0.2386E-16
