 input file is 
mstm17_512_08200_154_00460.inp
 input file comments follow:
***********************************************************
  This is the default mstm input file for v.3.0.
  The run is for a 7-sphere cluster of identical spheres.   The positions
  are embedded in the input file.

  The run makes use of the new_run and multiple_run options.

  14 April 2013
***********************************************************
 number of processors:
   1
 input parameters for run number 
    1
 number of spheres, volume size parameter:
  512  0.65600E+01
 position file:
position/n512/a17.out                                       
 output file:
output/512/x08200/154/00460/mt_17_512_08200_154_00460.dat   
 length, ref. indx. scale factors:
   0.820   1.540   0.046
 chiral factors:
  0.00000E+00  0.00000E+00
 scattering matrix directions based on incident frame
 automatic scattering angle calculation
 thetamin, thetamax:
      0.0    180.0
 number scattering angles:
      181
 epsmie, epssoln, max number iterations:
  0.1000E-05  0.1000E-07 5000
 medium refractive index:
  1.0000  0.0000
 target euler rotation angles:
    0.0000    0.0000    0.0000
 far field kr, iterations/correction:
 -0.1000E+01   20
 plane wave incidence
 random orientation calculations
 t matrix calculated, stored in file 
tmatrixfiles/175120820015400460                             
 t matrix convergence epsilon:
  0.1000E-06
 all spheres excited (total T matrix) 
 calculation results for run 
    1
 total ext, abs, scat efficiencies, w.r.t. xv, and asym. parm
  0.47910E+01  0.85378E+00  0.39372E+01  0.76905E+00
 scattering matrix elements (normalized w/ S11)
   theta      11           12           13           14           22           23           24           33           34           44      
    0.00  0.22034E+03  0.00000E+00  0.00000E+00 -0.30254E-03  0.99992E+00 -0.93133E-04  0.00000E+00  0.99992E+00  0.00000E+00  0.99984E+00 
    1.00  0.20361E+03 -0.24253E-03 -0.42330E-07 -0.29539E-03  0.99992E+00 -0.10111E-03  0.11695E-06  0.99992E+00 -0.19149E-03  0.99984E+00 
    2.00  0.16159E+03 -0.96318E-03 -0.10900E-06 -0.27548E-03  0.99990E+00 -0.12556E-03  0.49567E-06  0.99990E+00 -0.81340E-03  0.99981E+00 
    3.00  0.11308E+03 -0.21115E-02  0.36866E-07 -0.25057E-03  0.99986E+00 -0.16312E-03  0.11935E-05  0.99987E+00 -0.19617E-02  0.99974E+00 
    4.00  0.74966E+02 -0.35039E-02  0.84328E-06 -0.24209E-03  0.99979E+00 -0.18867E-03  0.21291E-05  0.99980E+00 -0.35051E-02  0.99961E+00 
    5.00  0.53254E+02 -0.48633E-02  0.23481E-05 -0.27147E-03  0.99970E+00 -0.14999E-03  0.27504E-05  0.99971E+00 -0.45796E-02  0.99943E+00 
    6.00  0.43439E+02 -0.63192E-02  0.33266E-05 -0.30531E-03  0.99963E+00 -0.53350E-04  0.25007E-05  0.99962E+00 -0.43778E-02  0.99929E+00 
    7.00  0.37649E+02 -0.83494E-02  0.30712E-05 -0.28573E-03  0.99959E+00  0.10401E-04  0.18033E-05  0.99955E+00 -0.36147E-02  0.99918E+00 
    8.00  0.31252E+02 -0.11063E-01  0.26887E-05 -0.20480E-03  0.99952E+00 -0.92204E-05  0.12909E-05  0.99945E+00 -0.32082E-02  0.99902E+00 
    9.00  0.24255E+02 -0.14216E-01  0.42101E-05 -0.90368E-04  0.99939E+00 -0.95975E-04  0.10730E-05  0.99928E+00 -0.32981E-02  0.99873E+00 
   10.00  0.18550E+02 -0.17401E-01  0.94406E-05  0.37620E-05  0.99919E+00 -0.17347E-03  0.51102E-06  0.99903E+00 -0.34633E-02  0.99832E+00 
   11.00  0.15009E+02 -0.20396E-01  0.17199E-04  0.30725E-04  0.99900E+00 -0.14829E-03 -0.17202E-05  0.99875E+00 -0.32271E-02  0.99789E+00 
   12.00  0.12909E+02 -0.23568E-01  0.23403E-04  0.26975E-04  0.99884E+00 -0.44078E-04 -0.61382E-05  0.99848E+00 -0.28943E-02  0.99748E+00 
   13.00  0.11135E+02 -0.27402E-01  0.26198E-04  0.70502E-04  0.99863E+00  0.30016E-04 -0.11667E-04  0.99814E+00 -0.33167E-02  0.99698E+00 
   14.00  0.92546E+01 -0.32038E-01  0.25912E-04  0.18155E-03  0.99831E+00  0.34012E-04 -0.16707E-04  0.99767E+00 -0.49540E-02  0.99624E+00 
   15.00  0.75377E+01 -0.37384E-01  0.21653E-04  0.29935E-03  0.99789E+00  0.22635E-04 -0.19669E-04  0.99704E+00 -0.74216E-02  0.99529E+00 
   16.00  0.63306E+01 -0.43220E-01  0.12098E-04  0.31608E-03  0.99748E+00  0.75800E-04 -0.19669E-04  0.99637E+00 -0.93980E-02  0.99431E+00 
   17.00  0.56348E+01 -0.49280E-01  0.11226E-06  0.19907E-03  0.99715E+00  0.19431E-03 -0.17498E-04  0.99577E+00 -0.98300E-02  0.99348E+00 
   18.00  0.51889E+01 -0.55398E-01 -0.81921E-05  0.49202E-04  0.99684E+00  0.31628E-03 -0.14658E-04  0.99517E+00 -0.93486E-02  0.99265E+00 
   19.00  0.47712E+01 -0.61452E-01 -0.10119E-04 -0.25457E-04  0.99646E+00  0.43542E-03 -0.12667E-04  0.99447E+00 -0.92534E-02  0.99166E+00 
   20.00  0.43522E+01 -0.67232E-01 -0.83338E-05 -0.46848E-05  0.99605E+00  0.60057E-03 -0.14522E-04  0.99365E+00 -0.99998E-02  0.99054E+00 
   21.00  0.40141E+01 -0.72616E-01 -0.80087E-05  0.46387E-04  0.99572E+00  0.81794E-03 -0.23597E-04  0.99283E+00 -0.10981E-01  0.98952E+00 
   22.00  0.38019E+01 -0.77901E-01 -0.11913E-04  0.38649E-04  0.99551E+00  0.10001E-02 -0.37854E-04  0.99211E+00 -0.11344E-01  0.98873E+00 
   23.00  0.36736E+01 -0.83680E-01 -0.17820E-04 -0.48286E-04  0.99536E+00  0.10449E-02 -0.48263E-04  0.99144E+00 -0.11021E-01  0.98804E+00 
   24.00  0.35547E+01 -0.90309E-01 -0.21553E-04 -0.14655E-03  0.99517E+00  0.93545E-03 -0.47397E-04  0.99069E+00 -0.10631E-01  0.98723E+00 
   25.00  0.34016E+01 -0.97679E-01 -0.20736E-04 -0.16768E-03  0.99492E+00  0.74383E-03 -0.37722E-04  0.98979E+00 -0.10596E-01  0.98621E+00 
   26.00  0.32071E+01 -0.10537E+00 -0.15901E-04 -0.74621E-04  0.99461E+00  0.58151E-03 -0.30354E-04  0.98872E+00 -0.10720E-01  0.98498E+00 
   27.00  0.29747E+01 -0.11293E+00 -0.99297E-05  0.89781E-04  0.99419E+00  0.53675E-03 -0.34813E-04  0.98748E+00 -0.10454E-01  0.98351E+00 
   28.00  0.27099E+01 -0.12020E+00 -0.58789E-05  0.23448E-03  0.99359E+00  0.60830E-03 -0.48422E-04  0.98600E+00 -0.94423E-02  0.98171E+00 
   29.00  0.24328E+01 -0.12743E+00 -0.34846E-05  0.28783E-03  0.99282E+00  0.68198E-03 -0.56388E-04  0.98424E+00 -0.78183E-02  0.97955E+00 
   30.00  0.21779E+01 -0.13524E+00  0.25074E-05  0.25075E-03  0.99197E+00  0.60079E-03 -0.44878E-04  0.98217E+00 -0.61438E-02  0.97707E+00 
   31.00  0.19710E+01 -0.14431E+00  0.17442E-04  0.19712E-03  0.99114E+00  0.32649E-03 -0.17602E-04  0.97986E+00 -0.50998E-02  0.97436E+00 
   32.00  0.18097E+01 -0.15476E+00  0.37010E-04  0.20569E-03  0.99031E+00  0.38581E-04  0.37970E-05  0.97735E+00 -0.50469E-02  0.97143E+00 
   33.00  0.16725E+01 -0.16601E+00  0.45866E-04  0.28647E-03  0.98935E+00 -0.12928E-04  0.21319E-05  0.97463E+00 -0.57978E-02  0.96821E+00 
   34.00  0.15430E+01 -0.17730E+00  0.30543E-04  0.38749E-03  0.98819E+00  0.24018E-03 -0.16514E-04  0.97170E+00 -0.68013E-02  0.96467E+00 
   35.00  0.14209E+01 -0.18835E+00 -0.51179E-05  0.45532E-03  0.98695E+00  0.60424E-03 -0.27725E-04  0.96857E+00 -0.75209E-02  0.96094E+00 
   36.00  0.13128E+01 -0.19951E+00 -0.36982E-04  0.47510E-03  0.98580E+00  0.77965E-03 -0.96697E-05  0.96524E+00 -0.78334E-02  0.95713E+00 
   37.00  0.12209E+01 -0.21142E+00 -0.37718E-04  0.46239E-03  0.98480E+00  0.62397E-03  0.38380E-04  0.96163E+00 -0.82028E-02  0.95318E+00 
   38.00  0.11432E+01 -0.22435E+00 -0.11388E-05  0.42889E-03  0.98391E+00  0.26758E-03  0.96562E-04  0.95763E+00 -0.92600E-02  0.94894E+00 
   39.00  0.10795E+01 -0.23792E+00  0.51161E-04  0.36563E-03  0.98311E+00 -0.31580E-04  0.14161E-03  0.95327E+00 -0.11041E-01  0.94444E+00 
   40.00  0.10311E+01 -0.25137E+00  0.87732E-04  0.25595E-03  0.98243E+00 -0.11771E-03  0.16361E-03  0.94878E+00 -0.12757E-01  0.93993E+00 
   41.00  0.99499E+00 -0.26422E+00  0.94201E-04  0.92490E-04  0.98190E+00 -0.30211E-04  0.17065E-03  0.94435E+00 -0.13573E-01  0.93561E+00 
   42.00  0.96301E+00 -0.27679E+00  0.83341E-04 -0.11903E-03  0.98138E+00  0.94982E-04  0.17876E-03  0.93987E+00 -0.13567E-01  0.93123E+00 
   43.00  0.92827E+00 -0.29000E+00  0.78243E-04 -0.35677E-03  0.98072E+00  0.17166E-03  0.19639E-03  0.93498E+00 -0.13623E-01  0.92632E+00 
   44.00  0.89112E+00 -0.30455E+00  0.87512E-04 -0.57214E-03  0.97988E+00  0.20649E-03  0.21640E-03  0.92942E+00 -0.14389E-01  0.92056E+00 
   45.00  0.85669E+00 -0.32031E+00  0.94702E-04 -0.69822E-03  0.97896E+00  0.24932E-03  0.22167E-03  0.92324E+00 -0.15456E-01  0.91409E+00 
   46.00  0.82729E+00 -0.33617E+00  0.72063E-04 -0.69826E-03  0.97810E+00  0.33135E-03  0.20196E-03  0.91678E+00 -0.15690E-01  0.90738E+00 
   47.00  0.79928E+00 -0.35095E+00  0.86753E-05 -0.61029E-03  0.97725E+00  0.44437E-03  0.16779E-03  0.91040E+00 -0.14436E-01  0.90080E+00 
   48.00  0.76733E+00 -0.36440E+00 -0.75481E-04 -0.52599E-03  0.97630E+00  0.56049E-03  0.14522E-03  0.90408E+00 -0.12217E-01  0.89429E+00 
   49.00  0.73030E+00 -0.37734E+00 -0.14264E-03 -0.52220E-03  0.97513E+00  0.65469E-03  0.15614E-03  0.89744E+00 -0.10239E-01  0.88742E+00 
   50.00  0.69176E+00 -0.39106E+00 -0.16519E-03 -0.60681E-03  0.97377E+00  0.71162E-03  0.20001E-03  0.88999E+00 -0.93865E-02  0.87968E+00 
   51.00  0.65534E+00 -0.40621E+00 -0.14897E-03 -0.71572E-03  0.97229E+00  0.72701E-03  0.25041E-03  0.88140E+00 -0.96356E-02  0.87078E+00 
   52.00  0.62083E+00 -0.42238E+00 -0.13094E-03 -0.76389E-03  0.97067E+00  0.70817E-03  0.27255E-03  0.87173E+00 -0.10335E-01  0.86076E+00 
   53.00  0.58545E+00 -0.43853E+00 -0.14860E-03 -0.70651E-03  0.96878E+00  0.66471E-03  0.24806E-03  0.86127E+00 -0.11000E-01  0.84982E+00 
   54.00  0.54820E+00 -0.45398E+00 -0.20942E-03 -0.55848E-03  0.96651E+00  0.59190E-03  0.18405E-03  0.85030E+00 -0.11688E-01  0.83813E+00 
   55.00  0.51228E+00 -0.46893E+00 -0.28527E-03 -0.37711E-03  0.96395E+00  0.46740E-03  0.10433E-03  0.83890E+00 -0.12615E-01  0.82582E+00 
   56.00  0.48300E+00 -0.48419E+00 -0.33441E-03 -0.23499E-03  0.96153E+00  0.28060E-03  0.34863E-04  0.82713E+00 -0.13558E-01  0.81314E+00 
   57.00  0.46337E+00 -0.50045E+00 -0.33897E-03 -0.18479E-03  0.95970E+00  0.78702E-04 -0.91661E-05  0.81504E+00 -0.13810E-01  0.80044E+00 
   58.00  0.45164E+00 -0.51762E+00 -0.32456E-03 -0.22389E-03  0.95861E+00 -0.32866E-04 -0.28872E-04  0.80269E+00 -0.12865E-01  0.78792E+00 
   59.00  0.44268E+00 -0.53510E+00 -0.33523E-03 -0.29313E-03  0.95790E+00  0.36862E-04 -0.36911E-04  0.79006E+00 -0.10995E-01  0.77541E+00 
   60.00  0.43155E+00 -0.55231E+00 -0.38948E-03 -0.31600E-03  0.95708E+00  0.28540E-03 -0.48559E-04  0.77693E+00 -0.90192E-02  0.76244E+00 
   61.00  0.41640E+00 -0.56907E+00 -0.45893E-03 -0.24652E-03  0.95579E+00  0.59692E-03 -0.74637E-04  0.76299E+00 -0.76607E-02  0.74852E+00 
   62.00  0.39850E+00 -0.58550E+00 -0.48147E-03 -0.10169E-03  0.95401E+00  0.78957E-03 -0.11435E-03  0.74797E+00 -0.71276E-02  0.73336E+00 
   63.00  0.38055E+00 -0.60183E+00 -0.40234E-03  0.36400E-04  0.95194E+00  0.71567E-03 -0.14830E-03  0.73178E+00 -0.71280E-02  0.71692E+00 
   64.00  0.36465E+00 -0.61821E+00 -0.22169E-03  0.63150E-04  0.94988E+00  0.36668E-03 -0.14138E-03  0.71460E+00 -0.72331E-02  0.69949E+00 
   65.00  0.35152E+00 -0.63471E+00 -0.83289E-05 -0.77619E-04  0.94809E+00 -0.10599E-03 -0.62801E-04  0.69678E+00 -0.72798E-02  0.68145E+00 
   66.00  0.34080E+00 -0.65133E+00  0.14209E-03 -0.34864E-03  0.94664E+00 -0.49061E-03  0.87173E-04  0.67863E+00 -0.74484E-02  0.66314E+00 
   67.00  0.33176E+00 -0.66802E+00  0.17423E-03 -0.63821E-03  0.94546E+00 -0.65633E-03  0.26714E-03  0.66019E+00 -0.79803E-02  0.64459E+00 
   68.00  0.32365E+00 -0.68464E+00  0.11065E-03 -0.82666E-03  0.94441E+00 -0.62309E-03  0.41328E-03  0.64122E+00 -0.88685E-02  0.62558E+00 
   69.00  0.31587E+00 -0.70097E+00  0.32475E-04 -0.85278E-03  0.94329E+00 -0.52147E-03  0.47574E-03  0.62134E+00 -0.98203E-02  0.60575E+00 
   70.00  0.30795E+00 -0.71678E+00  0.21455E-04 -0.74122E-03  0.94197E+00 -0.48962E-03  0.44747E-03  0.60031E+00 -0.10474E-01  0.58481E+00 
   71.00  0.29964E+00 -0.73198E+00  0.10735E-03 -0.58067E-03  0.94047E+00 -0.58733E-03  0.36533E-03  0.57811E+00 -0.10630E-01  0.56276E+00 
   72.00  0.29088E+00 -0.74661E+00  0.25580E-03 -0.47055E-03  0.93889E+00 -0.77921E-03  0.28418E-03  0.55497E+00 -0.10312E-01  0.53987E+00 
   73.00  0.28176E+00 -0.76075E+00  0.39964E-03 -0.46778E-03  0.93737E+00 -0.98368E-03  0.24294E-03  0.53124E+00 -0.96634E-02  0.51654E+00 
   74.00  0.27240E+00 -0.77432E+00  0.48743E-03 -0.56271E-03  0.93592E+00 -0.11424E-02  0.24546E-03  0.50721E+00 -0.88342E-02  0.49303E+00 
   75.00  0.26289E+00 -0.78707E+00  0.51360E-03 -0.69681E-03  0.93443E+00 -0.12575E-02  0.26706E-03  0.48294E+00 -0.79505E-02  0.46935E+00 
   76.00  0.25337E+00 -0.79875E+00  0.51100E-03 -0.80885E-03  0.93269E+00 -0.13724E-02  0.27956E-03  0.45829E+00 -0.71479E-02  0.44521E+00 
   77.00  0.24414E+00 -0.80934E+00  0.51568E-03 -0.87716E-03  0.93060E+00 -0.15169E-02  0.27403E-03  0.43291E+00 -0.65691E-02  0.42017E+00 
   78.00  0.23562E+00 -0.81912E+00  0.53405E-03 -0.92880E-03  0.92828E+00 -0.16645E-02  0.26444E-03  0.40639E+00 -0.62812E-02  0.39388E+00 
   79.00  0.22808E+00 -0.82859E+00  0.53881E-03 -0.10106E-02  0.92598E+00 -0.17411E-02  0.27019E-03  0.37851E+00 -0.61865E-02  0.36622E+00 
   80.00  0.22152E+00 -0.83803E+00  0.49674E-03 -0.11454E-02  0.92395E+00 -0.16813E-02  0.29315E-03  0.34938E+00 -0.60473E-02  0.33739E+00 
   81.00  0.21558E+00 -0.84732E+00  0.40391E-03 -0.13094E-02  0.92220E+00 -0.14849E-02  0.31049E-03  0.31944E+00 -0.56509E-02  0.30784E+00 
   82.00  0.20983E+00 -0.85596E+00  0.29680E-03 -0.14481E-02  0.92055E+00 -0.12246E-02  0.29131E-03  0.28925E+00 -0.49878E-02  0.27805E+00 
   83.00  0.20401E+00 -0.86341E+00  0.23043E-03 -0.15133E-02  0.91877E+00 -0.99811E-03  0.22375E-03  0.25917E+00 -0.42857E-02  0.24828E+00 
   84.00  0.19823E+00 -0.86940E+00  0.24136E-03 -0.14905E-02  0.91675E+00 -0.86477E-03  0.13045E-03  0.22926E+00 -0.38639E-02  0.21857E+00 
   85.00  0.19289E+00 -0.87403E+00  0.32282E-03 -0.13990E-02  0.91462E+00 -0.81181E-03  0.58248E-04  0.19931E+00 -0.39123E-02  0.18880E+00 
   86.00  0.18839E+00 -0.87764E+00  0.42939E-03 -0.12693E-02  0.91262E+00 -0.77108E-03  0.45424E-04  0.16906E+00 -0.43592E-02  0.15887E+00 
   87.00  0.18486E+00 -0.88057E+00  0.50857E-03 -0.11168E-02  0.91098E+00 -0.67289E-03  0.88432E-04  0.13845E+00 -0.49394E-02  0.12885E+00 
   88.00  0.18213E+00 -0.88294E+00  0.53506E-03 -0.93340E-03  0.90978E+00 -0.49484E-03  0.13579E-03  0.10766E+00 -0.54201E-02  0.98964E-01 
   89.00  0.17981E+00 -0.88465E+00  0.52100E-03 -0.70310E-03  0.90890E+00 -0.26865E-03  0.11718E-03  0.76988E-01 -0.57978E-02  0.69454E-01 
   90.00  0.17758E+00 -0.88549E+00  0.49725E-03 -0.42520E-03  0.90818E+00 -0.46768E-04 -0.13223E-04  0.46632E-01 -0.63093E-02  0.40400E-01 
   91.00  0.17531E+00 -0.88538E+00  0.48488E-03 -0.12678E-03  0.90750E+00  0.13837E-03 -0.24869E-03  0.16570E-01 -0.72600E-02  0.11674E-01 
   92.00  0.17310E+00 -0.88436E+00  0.47895E-03  0.14477E-03  0.90688E+00  0.29173E-03 -0.53243E-03 -0.13403E-01 -0.87985E-02 -0.16993E-01 
   93.00  0.17116E+00 -0.88257E+00  0.45361E-03  0.34371E-03  0.90638E+00  0.44230E-03 -0.78655E-03 -0.43527E-01 -0.10786E-01 -0.45863E-01 
   94.00  0.16961E+00 -0.88011E+00  0.38207E-03  0.44835E-03  0.90606E+00  0.61310E-03 -0.94912E-03 -0.73918E-01 -0.12840E-01 -0.75043E-01 
   95.00  0.16843E+00 -0.87697E+00  0.25620E-03  0.46939E-03  0.90588E+00  0.79822E-03 -0.99695E-03 -0.10449E+00 -0.14525E-01 -0.10443E+00 
   96.00  0.16746E+00 -0.87303E+00  0.92549E-04  0.43881E-03  0.90575E+00  0.96258E-03 -0.94251E-03 -0.13502E+00 -0.15557E-01 -0.13377E+00 
   97.00  0.16649E+00 -0.86812E+00 -0.76148E-04  0.38817E-03  0.90555E+00  0.10614E-02 -0.81331E-03 -0.16522E+00 -0.15901E-01 -0.16278E+00 
   98.00  0.16540E+00 -0.86213E+00 -0.21551E-03  0.33126E-03  0.90523E+00  0.10642E-02 -0.63327E-03 -0.19492E+00 -0.15730E-01 -0.19126E+00 
   99.00  0.16417E+00 -0.85505E+00 -0.30071E-03  0.26082E-03  0.90483E+00  0.96816E-03 -0.41935E-03 -0.22407E+00 -0.15298E-01 -0.21915E+00 
  100.00  0.16289E+00 -0.84697E+00 -0.32112E-03  0.15935E-03  0.90445E+00  0.79743E-03 -0.19135E-03 -0.25271E+00 -0.14820E-01 -0.24652E+00 
  101.00  0.16172E+00 -0.83799E+00 -0.27982E-03  0.15938E-04  0.90423E+00  0.59068E-03  0.17596E-04 -0.28098E+00 -0.14411E-01 -0.27354E+00 
  102.00  0.16075E+00 -0.82820E+00 -0.19055E-03 -0.16169E-03  0.90424E+00  0.38545E-03  0.16296E-03 -0.30895E+00 -0.14091E-01 -0.30032E+00 
  103.00  0.15998E+00 -0.81761E+00 -0.73376E-04 -0.34758E-03  0.90446E+00  0.20656E-03  0.20568E-03 -0.33660E+00 -0.13837E-01 -0.32688E+00 
  104.00  0.15934E+00 -0.80621E+00  0.50189E-04 -0.51017E-03  0.90478E+00  0.63330E-04  0.13453E-03 -0.36379E+00 -0.13625E-01 -0.35308E+00 
  105.00  0.15871E+00 -0.79402E+00  0.16176E-03 -0.62895E-03  0.90508E+00 -0.45150E-04 -0.21063E-04 -0.39030E+00 -0.13450E-01 -0.37866E+00 
  106.00  0.15796E+00 -0.78110E+00  0.24866E-03 -0.70523E-03  0.90523E+00 -0.12148E-03 -0.19698E-03 -0.41590E+00 -0.13323E-01 -0.40333E+00 
  107.00  0.15702E+00 -0.76759E+00  0.30348E-03 -0.76099E-03  0.90518E+00 -0.16350E-03 -0.31693E-03 -0.44042E+00 -0.13260E-01 -0.42685E+00 
  108.00  0.15591E+00 -0.75359E+00  0.32100E-03 -0.82736E-03  0.90496E+00 -0.16304E-03 -0.32086E-03 -0.46384E+00 -0.13280E-01 -0.44914E+00 
  109.00  0.15467E+00 -0.73918E+00  0.29484E-03 -0.92886E-03  0.90462E+00 -0.11024E-03 -0.18645E-03 -0.48624E+00 -0.13421E-01 -0.47027E+00 
  110.00  0.15338E+00 -0.72437E+00  0.21662E-03 -0.10712E-02  0.90427E+00 -0.71305E-06  0.65155E-04 -0.50783E+00 -0.13748E-01 -0.49046E+00 
  111.00  0.15213E+00 -0.70907E+00  0.79398E-04 -0.12382E-02  0.90398E+00  0.15762E-03  0.38078E-03 -0.52880E+00 -0.14346E-01 -0.50996E+00 
  112.00  0.15096E+00 -0.69320E+00 -0.11566E-03 -0.13985E-02  0.90380E+00  0.34192E-03  0.69766E-03 -0.54931E+00 -0.15287E-01 -0.52896E+00 
  113.00  0.14992E+00 -0.67676E+00 -0.35300E-03 -0.15179E-02  0.90375E+00  0.51773E-03  0.96594E-03 -0.56941E+00 -0.16581E-01 -0.54757E+00 
  114.00  0.14900E+00 -0.65980E+00 -0.60089E-03 -0.15712E-02  0.90380E+00  0.64768E-03  0.11619E-02 -0.58903E+00 -0.18139E-01 -0.56576E+00 
  115.00  0.14822E+00 -0.64247E+00 -0.81669E-03 -0.15495E-02  0.90395E+00  0.70250E-03  0.12880E-02 -0.60806E+00 -0.19772E-01 -0.58344E+00 
  116.00  0.14757E+00 -0.62497E+00 -0.95787E-03 -0.14597E-02  0.90417E+00  0.67011E-03  0.13636E-02 -0.62642E+00 -0.21235E-01 -0.60051E+00 
  117.00  0.14708E+00 -0.60745E+00 -0.99485E-03 -0.13204E-02  0.90448E+00  0.55938E-03  0.14118E-02 -0.64405E+00 -0.22297E-01 -0.61692E+00 
  118.00  0.14678E+00 -0.59001E+00 -0.92027E-03 -0.11538E-02  0.90488E+00  0.39719E-03  0.14500E-02 -0.66096E+00 -0.22820E-01 -0.63271E+00 
  119.00  0.14669E+00 -0.57265E+00 -0.75108E-03 -0.97930E-03  0.90540E+00  0.21998E-03  0.14859E-02 -0.67724E+00 -0.22807E-01 -0.64792E+00 
  120.00  0.14684E+00 -0.55535E+00 -0.52249E-03 -0.80956E-03  0.90606E+00  0.62846E-04  0.15187E-02 -0.69293E+00 -0.22400E-01 -0.66264E+00 
  121.00  0.14724E+00 -0.53806E+00 -0.27675E-03 -0.64931E-03  0.90685E+00 -0.49707E-04  0.15433E-02 -0.70808E+00 -0.21833E-01 -0.67688E+00 
  122.00  0.14788E+00 -0.52076E+00 -0.51337E-04 -0.49744E-03  0.90776E+00 -0.10845E-03  0.15530E-02 -0.72267E+00 -0.21355E-01 -0.69063E+00 
  123.00  0.14873E+00 -0.50349E+00  0.12929E-03 -0.35050E-03  0.90875E+00 -0.11832E-03  0.15416E-02 -0.73663E+00 -0.21155E-01 -0.70380E+00 
  124.00  0.14973E+00 -0.48631E+00  0.25623E-03 -0.20626E-03  0.90979E+00 -0.93062E-04  0.15037E-02 -0.74990E+00 -0.21310E-01 -0.71632E+00 
  125.00  0.15081E+00 -0.46931E+00  0.33362E-03 -0.65936E-04  0.91081E+00 -0.48402E-04  0.14349E-02 -0.76242E+00 -0.21781E-01 -0.72808E+00 
  126.00  0.15188E+00 -0.45255E+00  0.37334E-03  0.65430E-04  0.91177E+00  0.30007E-05  0.13326E-02 -0.77416E+00 -0.22437E-01 -0.73903E+00 
  127.00  0.15286E+00 -0.43602E+00  0.38937E-03  0.18034E-03  0.91261E+00  0.53478E-04  0.11975E-02 -0.78511E+00 -0.23105E-01 -0.74916E+00 
  128.00  0.15368E+00 -0.41969E+00  0.39352E-03  0.27119E-03  0.91330E+00  0.99483E-04  0.10353E-02 -0.79532E+00 -0.23625E-01 -0.75846E+00 
  129.00  0.15427E+00 -0.40348E+00  0.39293E-03  0.33242E-03  0.91380E+00  0.13958E-03  0.85773E-03 -0.80483E+00 -0.23886E-01 -0.76697E+00 
  130.00  0.15462E+00 -0.38733E+00  0.38946E-03  0.36185E-03  0.91413E+00  0.17283E-03  0.68195E-03 -0.81368E+00 -0.23846E-01 -0.77472E+00 
  131.00  0.15471E+00 -0.37118E+00  0.38028E-03  0.36088E-03  0.91428E+00  0.19826E-03  0.52757E-03 -0.82190E+00 -0.23531E-01 -0.78175E+00 
  132.00  0.15460E+00 -0.35503E+00  0.35965E-03  0.33409E-03  0.91431E+00  0.21492E-03  0.41241E-03 -0.82955E+00 -0.23022E-01 -0.78812E+00 
  133.00  0.15434E+00 -0.33891E+00  0.32137E-03  0.28839E-03  0.91425E+00  0.22228E-03  0.34732E-03 -0.83666E+00 -0.22430E-01 -0.79390E+00 
  134.00  0.15402E+00 -0.32290E+00  0.26134E-03  0.23214E-03  0.91417E+00  0.22048E-03  0.33216E-03 -0.84328E+00 -0.21868E-01 -0.79918E+00 
  135.00  0.15373E+00 -0.30713E+00  0.17966E-03  0.17396E-03  0.91413E+00  0.21081E-03  0.35442E-03 -0.84945E+00 -0.21429E-01 -0.80404E+00 
  136.00  0.15357E+00 -0.29171E+00  0.81486E-04  0.12128E-03  0.91418E+00  0.19621E-03  0.39142E-03 -0.85523E+00 -0.21169E-01 -0.80858E+00 
  137.00  0.15361E+00 -0.27676E+00 -0.23238E-04  0.78968E-04  0.91436E+00  0.18122E-03  0.41540E-03 -0.86067E+00 -0.21097E-01 -0.81287E+00 
  138.00  0.15391E+00 -0.26238E+00 -0.12119E-03  0.48303E-04  0.91469E+00  0.17098E-03  0.40034E-03 -0.86581E+00 -0.21179E-01 -0.81698E+00 
  139.00  0.15450E+00 -0.24861E+00 -0.19768E-03  0.26687E-04  0.91516E+00  0.16948E-03  0.32813E-03 -0.87067E+00 -0.21348E-01 -0.82094E+00 
  140.00  0.15537E+00 -0.23546E+00 -0.23906E-03  0.82700E-05  0.91576E+00  0.17810E-03  0.19280E-03 -0.87527E+00 -0.21527E-01 -0.82474E+00 
  141.00  0.15648E+00 -0.22290E+00 -0.23500E-03 -0.14660E-04  0.91644E+00  0.19531E-03  0.14122E-05 -0.87960E+00 -0.21645E-01 -0.82835E+00 
  142.00  0.15778E+00 -0.21087E+00 -0.18018E-03 -0.49982E-04  0.91716E+00  0.21770E-03 -0.22796E-03 -0.88366E+00 -0.21654E-01 -0.83175E+00 
  143.00  0.15921E+00 -0.19929E+00 -0.74768E-04 -0.10431E-03  0.91787E+00  0.24123E-03 -0.47046E-03 -0.88743E+00 -0.21535E-01 -0.83487E+00 
  144.00  0.16067E+00 -0.18810E+00  0.76348E-04 -0.18203E-03  0.91853E+00  0.26220E-03 -0.69960E-03 -0.89089E+00 -0.21294E-01 -0.83767E+00 
  145.00  0.16211E+00 -0.17723E+00  0.26487E-03 -0.28465E-03  0.91912E+00  0.27753E-03 -0.89217E-03 -0.89402E+00 -0.20958E-01 -0.84013E+00 
  146.00  0.16346E+00 -0.16664E+00  0.48024E-03 -0.41022E-03  0.91961E+00  0.28502E-03 -0.10320E-02 -0.89684E+00 -0.20560E-01 -0.84222E+00 
  147.00  0.16467E+00 -0.15628E+00  0.71026E-03 -0.55336E-03  0.92001E+00  0.28359E-03 -0.11114E-02 -0.89935E+00 -0.20133E-01 -0.84396E+00 
  148.00  0.16573E+00 -0.14614E+00  0.94161E-03 -0.70625E-03  0.92031E+00  0.27344E-03 -0.11308E-02 -0.90157E+00 -0.19703E-01 -0.84536E+00 
  149.00  0.16662E+00 -0.13622E+00  0.11608E-02 -0.86099E-03  0.92052E+00  0.25566E-03 -0.10957E-02 -0.90353E+00 -0.19286E-01 -0.84646E+00 
  150.00  0.16735E+00 -0.12652E+00  0.13552E-02 -0.10121E-02  0.92065E+00  0.23151E-03 -0.10136E-02 -0.90525E+00 -0.18887E-01 -0.84726E+00 
  151.00  0.16795E+00 -0.11707E+00  0.15142E-02 -0.11577E-02  0.92071E+00  0.20191E-03 -0.89201E-03 -0.90673E+00 -0.18503E-01 -0.84780E+00 
  152.00  0.16844E+00 -0.10788E+00  0.16294E-02 -0.12990E-02  0.92070E+00  0.16762E-03 -0.73801E-03 -0.90801E+00 -0.18129E-01 -0.84809E+00 
  153.00  0.16886E+00 -0.98984E-01  0.16947E-02 -0.14377E-02  0.92064E+00  0.12981E-03 -0.55919E-03 -0.90908E+00 -0.17761E-01 -0.84815E+00 
  154.00  0.16923E+00 -0.90369E-01  0.17065E-02 -0.15745E-02  0.92054E+00  0.90364E-04 -0.36473E-03 -0.90999E+00 -0.17398E-01 -0.84804E+00 
  155.00  0.16957E+00 -0.82035E-01  0.16644E-02 -0.17083E-02  0.92040E+00  0.51562E-04 -0.16546E-03 -0.91076E+00 -0.17038E-01 -0.84777E+00 
  156.00  0.16993E+00 -0.73987E-01  0.15716E-02 -0.18362E-02  0.92024E+00  0.15455E-04  0.27031E-04 -0.91143E+00 -0.16672E-01 -0.84741E+00 
  157.00  0.17031E+00 -0.66243E-01  0.14343E-02 -0.19550E-02  0.92005E+00 -0.16505E-04  0.20187E-03 -0.91202E+00 -0.16285E-01 -0.84696E+00 
  158.00  0.17074E+00 -0.58840E-01  0.12612E-02 -0.20616E-02  0.91985E+00 -0.43320E-04  0.35048E-03 -0.91254E+00 -0.15854E-01 -0.84646E+00 
  159.00  0.17123E+00 -0.51818E-01  0.10622E-02 -0.21541E-02  0.91963E+00 -0.64210E-04  0.46770E-03 -0.91301E+00 -0.15358E-01 -0.84591E+00 
  160.00  0.17181E+00 -0.45221E-01  0.84757E-03 -0.22316E-02  0.91939E+00 -0.78730E-04  0.55198E-03 -0.91342E+00 -0.14779E-01 -0.84529E+00 
  161.00  0.17249E+00 -0.39078E-01  0.62785E-03 -0.22942E-02  0.91914E+00 -0.87215E-04  0.60461E-03 -0.91377E+00 -0.14112E-01 -0.84462E+00 
  162.00  0.17325E+00 -0.33400E-01  0.41350E-03 -0.23432E-02  0.91887E+00 -0.91059E-04  0.62849E-03 -0.91406E+00 -0.13367E-01 -0.84389E+00 
  163.00  0.17411E+00 -0.28179E-01  0.21399E-03 -0.23808E-02  0.91857E+00 -0.92386E-04  0.62709E-03 -0.91429E+00 -0.12562E-01 -0.84307E+00 
  164.00  0.17504E+00 -0.23394E-01  0.36664E-04 -0.24099E-02  0.91824E+00 -0.93246E-04  0.60398E-03 -0.91445E+00 -0.11723E-01 -0.84216E+00 
  165.00  0.17605E+00 -0.19021E-01 -0.11418E-03 -0.24340E-02  0.91788E+00 -0.94841E-04  0.56267E-03 -0.91454E+00 -0.10875E-01 -0.84115E+00 
  166.00  0.17713E+00 -0.15039E-01 -0.23728E-03 -0.24560E-02  0.91746E+00 -0.97236E-04  0.50656E-03 -0.91455E+00 -0.10036E-01 -0.84001E+00 
  167.00  0.17827E+00 -0.11436E-01 -0.33354E-03 -0.24783E-02  0.91699E+00 -0.99545E-04  0.43885E-03 -0.91447E+00 -0.92145E-02 -0.83873E+00 
  168.00  0.17947E+00 -0.82137E-02 -0.40482E-03 -0.25022E-02  0.91645E+00 -0.10028E-03  0.36291E-03 -0.91431E+00 -0.84053E-02 -0.83732E+00 
  169.00  0.18074E+00 -0.53932E-02 -0.45288E-03 -0.25280E-02  0.91586E+00 -0.97717E-04  0.28306E-03 -0.91406E+00 -0.75958E-02 -0.83577E+00 
  170.00  0.18208E+00 -0.30090E-02 -0.47869E-03 -0.25553E-02  0.91522E+00 -0.90382E-04  0.20492E-03 -0.91372E+00 -0.67690E-02 -0.83409E+00 
  171.00  0.18348E+00 -0.10896E-02 -0.48218E-03 -0.25829E-02  0.91454E+00 -0.77746E-04  0.13475E-03 -0.91330E+00 -0.59125E-02 -0.83230E+00 
  172.00  0.18495E+00  0.36733E-03 -0.46258E-03 -0.26083E-02  0.91385E+00 -0.60867E-04  0.77671E-04 -0.91281E+00 -0.50248E-02 -0.83045E+00 
  173.00  0.18646E+00  0.13965E-02 -0.41967E-03 -0.26285E-02  0.91316E+00 -0.42377E-04  0.35977E-04 -0.91229E+00 -0.41199E-02 -0.82859E+00 
  174.00  0.18798E+00  0.20331E-02 -0.35561E-03 -0.26406E-02  0.91246E+00 -0.25553E-04  0.88659E-05 -0.91177E+00 -0.32246E-02 -0.82677E+00 
  175.00  0.18948E+00  0.22793E-02 -0.27650E-03 -0.26442E-02  0.91176E+00 -0.12904E-04 -0.62670E-05 -0.91128E+00 -0.23729E-02 -0.82497E+00 
  176.00  0.19092E+00  0.21190E-02 -0.19221E-03 -0.26411E-02  0.91104E+00 -0.51959E-05 -0.12238E-04 -0.91077E+00 -0.16001E-02 -0.82318E+00 
  177.00  0.19224E+00  0.15929E-02 -0.11418E-03 -0.26350E-02  0.91034E+00 -0.15322E-05 -0.11557E-04 -0.91022E+00 -0.94170E-03 -0.82141E+00 
  178.00  0.19333E+00  0.87266E-03 -0.52371E-04 -0.26292E-02  0.90972E+00 -0.27366E-06 -0.70220E-05 -0.90970E+00 -0.43374E-03 -0.81982E+00 
  179.00  0.19406E+00  0.24761E-03 -0.13291E-04 -0.26255E-02  0.90929E+00 -0.15604E-07 -0.20934E-05 -0.90929E+00 -0.11097E-03 -0.81869E+00 
  180.00  0.19432E+00  0.64025E-14 -0.33082E-15 -0.26243E-02  0.90914E+00 -0.92293E-29 -0.54949E-16 -0.90914E+00 -0.27723E-14 -0.81827E+00 
 scattering matrix expansion coefficients
    w  a11         a22         a33         a23         a32         a44         a12         a34         a13         a24         a14
    0  0.1000E+01  0.0000E+00  0.0000E+00  0.0000E+00  0.0000E+00  0.8241E+00  0.0000E+00  0.0000E+00  0.0000E+00  0.0000E+00 -0.1749E-03
    1  0.2307E+01  0.0000E+00  0.0000E+00  0.0000E+00  0.0000E+00  0.2455E+01  0.0000E+00  0.0000E+00  0.0000E+00  0.0000E+00 -0.1608E-03
    2  0.3315E+01  0.2008E+00  0.4048E+01 -0.1954E-06  0.4158E-03  0.3311E+01 -0.3276E+00 -0.7493E-02  0.2791E-04  0.8520E-04 -0.3110E-03
    3  0.3923E+01  0.5239E-01  0.4328E+01  0.4350E-07  0.3587E-03  0.3925E+01 -0.1980E+00 -0.5769E-02 -0.3239E-04 -0.1278E-04 -0.2745E-03
    4  0.4386E+01  0.2391E-01  0.4670E+01  0.1311E-06 -0.2026E-04  0.4384E+01 -0.1463E+00 -0.1382E-01 -0.2616E-04  0.1041E-03 -0.7428E-03
    5  0.4729E+01  0.1064E-01  0.4949E+01 -0.5633E-06 -0.6340E-03  0.4733E+01 -0.1196E+00 -0.1208E-01 -0.9792E-04  0.2318E-04 -0.8198E-03
    6  0.4997E+01  0.9594E-02  0.5170E+01  0.3369E-07 -0.8040E-03  0.4993E+01 -0.9481E-01 -0.1391E-01  0.1929E-03 -0.2047E-03 -0.1287E-02
    7  0.5188E+01  0.4328E-02  0.5334E+01  0.5722E-07 -0.7981E-03  0.5188E+01 -0.8456E-01 -0.1323E-01  0.3233E-04  0.7510E-04 -0.1313E-02
    8  0.5329E+01  0.2119E-02  0.5453E+01  0.8975E-07 -0.1022E-02  0.5332E+01 -0.7979E-01 -0.1516E-01  0.2129E-04 -0.5715E-04 -0.1423E-02
    9  0.5435E+01  0.1563E-02  0.5541E+01 -0.5730E-07 -0.1519E-02  0.5439E+01 -0.7121E-01 -0.1562E-01 -0.1346E-03 -0.2711E-03 -0.1740E-02
   10  0.5519E+01  0.4535E-02  0.5606E+01 -0.3153E-06 -0.1606E-02  0.5515E+01 -0.5787E-01 -0.1682E-01 -0.3529E-04  0.2286E-04 -0.1489E-02
   11  0.5565E+01  0.9062E-03  0.5644E+01 -0.2530E-06 -0.1304E-02  0.5564E+01 -0.5575E-01 -0.1618E-01  0.1252E-04  0.8366E-07 -0.1268E-02
   12  0.5584E+01 -0.1330E-02  0.5657E+01 -0.2789E-06 -0.9734E-03  0.5589E+01 -0.5531E-01 -0.1641E-01  0.9480E-04  0.1231E-03 -0.1538E-02
   13  0.5582E+01 -0.2041E-04  0.5649E+01 -0.1886E-06 -0.8192E-03  0.5587E+01 -0.4313E-01 -0.1495E-01  0.1850E-03  0.1267E-04 -0.1903E-02
   14  0.5554E+01  0.6319E-02  0.5611E+01 -0.1386E-06 -0.6556E-03  0.5545E+01 -0.2354E-01 -0.1165E-01 -0.6769E-04  0.3918E-04 -0.2035E-02
   15  0.5459E+01 -0.5710E-03  0.5521E+01 -0.3734E-06 -0.3071E-03  0.5461E+01 -0.1958E-01 -0.8760E-02  0.1613E-03 -0.4937E-04 -0.2190E-02
   16  0.5312E+01  0.1367E-02  0.5371E+01 -0.1956E-06 -0.1952E-03  0.5309E+01 -0.2379E-01 -0.8576E-02 -0.6790E-04 -0.2458E-04 -0.2316E-02
   17  0.5116E+01  0.1088E-02  0.5173E+01 -0.4266E-07 -0.2826E-03  0.5113E+01 -0.3340E-01 -0.8727E-02  0.2113E-04  0.3063E-04 -0.2169E-02
   18  0.4895E+01 -0.2776E-02  0.4950E+01 -0.3989E-06 -0.3246E-03  0.4900E+01 -0.4422E-01 -0.9138E-02  0.1461E-03 -0.5164E-04 -0.1931E-02
   19  0.4685E+01  0.7816E-03  0.4731E+01 -0.2420E-06 -0.3390E-03  0.4684E+01 -0.4721E-01 -0.1066E-01  0.3260E-04  0.1156E-03 -0.1638E-02
   20  0.4493E+01  0.1823E-03  0.4532E+01 -0.1144E-06 -0.5303E-03  0.4492E+01 -0.4645E-01 -0.1366E-01 -0.2150E-04 -0.2870E-04 -0.1517E-02
   21  0.4329E+01 -0.1184E-02  0.4363E+01  0.1319E-07 -0.5644E-03  0.4331E+01 -0.4368E-01 -0.1610E-01  0.6896E-04 -0.9464E-04 -0.1507E-02
   22  0.4198E+01  0.1362E-02  0.4225E+01  0.3402E-07 -0.5620E-03  0.4197E+01 -0.3571E-01 -0.1758E-01  0.7730E-04  0.3401E-04 -0.1342E-02
   23  0.4087E+01  0.3352E-03  0.4111E+01  0.1460E-06 -0.8138E-03  0.4087E+01 -0.2908E-01 -0.1851E-01 -0.6111E-04  0.8923E-04 -0.1150E-02
   24  0.3991E+01  0.9624E-03  0.4011E+01 -0.1165E-06 -0.1029E-02  0.3990E+01 -0.2462E-01 -0.1786E-01 -0.3732E-04  0.5791E-04 -0.1074E-02
   25  0.3902E+01  0.6020E-03  0.3921E+01 -0.1813E-07 -0.1091E-02  0.3901E+01 -0.2327E-01 -0.1665E-01  0.3233E-04 -0.4435E-04 -0.1038E-02
   26  0.3821E+01 -0.3132E-03  0.3838E+01 -0.7561E-07 -0.1170E-02  0.3822E+01 -0.2356E-01 -0.1693E-01 -0.6737E-04  0.6993E-05 -0.9434E-03
   27  0.3749E+01 -0.2517E-03  0.3764E+01 -0.1245E-06 -0.1098E-02  0.3750E+01 -0.2186E-01 -0.1767E-01 -0.6242E-04  0.4794E-04 -0.7989E-03
   28  0.3683E+01 -0.1225E-03  0.3697E+01  0.1252E-06 -0.8249E-03  0.3684E+01 -0.1667E-01 -0.1899E-01 -0.9405E-05 -0.5607E-04 -0.7065E-03
   29  0.3616E+01  0.4309E-03  0.3629E+01 -0.6502E-07 -0.5530E-03  0.3616E+01 -0.1049E-01 -0.1976E-01  0.1085E-04  0.5060E-04 -0.6655E-03
   30  0.3540E+01  0.1305E-02  0.3552E+01 -0.9786E-07 -0.4501E-03  0.3538E+01 -0.7757E-02 -0.1925E-01  0.5238E-04  0.1362E-03 -0.6853E-03
   31  0.3451E+01  0.1030E-03  0.3463E+01  0.1074E-06 -0.4972E-03  0.3450E+01 -0.1168E-01 -0.1930E-01  0.3592E-04  0.8275E-05 -0.7966E-03
   32  0.3356E+01 -0.8157E-03  0.3369E+01 -0.1350E-07 -0.6083E-03  0.3357E+01 -0.1727E-01 -0.2020E-01 -0.6072E-04 -0.2641E-04 -0.8347E-03
   33  0.3266E+01 -0.4662E-03  0.3278E+01 -0.6613E-07 -0.6043E-03  0.3268E+01 -0.1920E-01 -0.2089E-01 -0.7468E-04  0.4995E-04 -0.8040E-03
   34  0.3187E+01  0.2703E-03  0.3197E+01  0.2568E-07 -0.5067E-03  0.3187E+01 -0.1648E-01 -0.2190E-01 -0.4570E-04  0.4162E-04 -0.7737E-03
   35  0.3115E+01  0.4148E-03  0.3124E+01  0.3259E-07 -0.4872E-03  0.3115E+01 -0.1262E-01 -0.2259E-01 -0.8975E-05 -0.2946E-04 -0.7186E-03
   36  0.3046E+01  0.3933E-03  0.3054E+01  0.6859E-07 -0.5751E-03  0.3046E+01 -0.1108E-01 -0.2199E-01  0.2460E-04 -0.5307E-04 -0.6615E-03
   37  0.2979E+01 -0.1697E-03  0.2987E+01 -0.5189E-07 -0.6381E-03  0.2979E+01 -0.1223E-01 -0.2067E-01  0.9587E-05 -0.9060E-05 -0.6159E-03
   38  0.2919E+01 -0.7614E-03  0.2926E+01 -0.3770E-08 -0.6176E-03  0.2920E+01 -0.1268E-01 -0.1911E-01 -0.1960E-04  0.1727E-04 -0.5445E-03
   39  0.2869E+01 -0.3185E-03  0.2875E+01  0.7443E-07 -0.4792E-03  0.2870E+01 -0.9661E-02 -0.1738E-01  0.1650E-04  0.3221E-04 -0.4985E-03
   40  0.2827E+01  0.5137E-03  0.2832E+01  0.4038E-07 -0.3208E-03  0.2826E+01 -0.4472E-02 -0.1578E-01  0.5762E-04  0.2293E-04 -0.5810E-03
   41  0.2783E+01  0.3200E-03  0.2788E+01 -0.7961E-07 -0.3122E-03  0.2782E+01 -0.9083E-03 -0.1468E-01  0.4857E-04 -0.2564E-04 -0.7318E-03
   42  0.2732E+01 -0.3200E-04  0.2738E+01 -0.9393E-07 -0.4428E-03  0.2732E+01 -0.2633E-03 -0.1400E-01  0.2840E-04 -0.3228E-04 -0.8054E-03
   43  0.2672E+01  0.2606E-03  0.2677E+01 -0.6868E-07 -0.5676E-03  0.2671E+01 -0.1750E-02 -0.1335E-01  0.1446E-04 -0.6131E-05 -0.7773E-03
   44  0.2603E+01  0.2739E-03  0.2609E+01 -0.7482E-08 -0.6035E-03  0.2603E+01 -0.4870E-02 -0.1245E-01 -0.3373E-05  0.6450E-05 -0.6875E-03
   45  0.2531E+01 -0.4122E-03  0.2537E+01 -0.9645E-08 -0.5100E-03  0.2532E+01 -0.8448E-02 -0.1159E-01  0.2468E-05  0.2148E-04 -0.6059E-03
   46  0.2462E+01 -0.4449E-03  0.2467E+01 -0.4961E-07 -0.2865E-03  0.2463E+01 -0.9600E-02 -0.1124E-01  0.3475E-04  0.3038E-04 -0.6160E-03
   47  0.2397E+01  0.3132E-03  0.2402E+01 -0.2611E-07 -0.2921E-04  0.2397E+01 -0.8329E-02 -0.1119E-01  0.3780E-04 -0.6983E-05 -0.7012E-03
   48  0.2335E+01  0.5849E-03  0.2339E+01 -0.1239E-07  0.1641E-03  0.2334E+01 -0.7977E-02 -0.1092E-01 -0.1967E-05 -0.3748E-04 -0.7279E-03
   49  0.2272E+01 -0.1393E-03  0.2277E+01 -0.1935E-07  0.3169E-03  0.2272E+01 -0.1008E-01 -0.1047E-01 -0.3214E-04  0.6453E-05 -0.6236E-03
   50  0.2212E+01 -0.7189E-03  0.2217E+01 -0.4578E-07  0.4989E-03  0.2213E+01 -0.1163E-01 -0.1006E-01 -0.3911E-05  0.6678E-04 -0.4887E-03
   51  0.2156E+01 -0.4727E-03  0.2160E+01 -0.3106E-07  0.6596E-03  0.2157E+01 -0.9886E-02 -0.9619E-02  0.5168E-04  0.6768E-04 -0.4457E-03
   52  0.2102E+01  0.1487E-03  0.2106E+01 -0.2616E-07  0.6641E-03  0.2102E+01 -0.5711E-02 -0.9032E-02  0.5892E-04  0.3215E-04 -0.5061E-03
   53  0.2044E+01  0.4328E-03  0.2047E+01 -0.5108E-07  0.4793E-03  0.2043E+01 -0.2026E-02 -0.8484E-02 -0.4302E-05  0.1265E-04 -0.6130E-03
   54  0.1977E+01  0.3865E-03  0.1981E+01 -0.6015E-07  0.2451E-03  0.1976E+01 -0.5044E-03 -0.8220E-02 -0.6968E-04  0.6366E-05 -0.7336E-03
   55  0.1900E+01  0.2086E-03  0.1904E+01 -0.5302E-07  0.1215E-03  0.1899E+01 -0.1235E-02 -0.8301E-02 -0.7601E-04 -0.1218E-04 -0.8643E-03
   56  0.1812E+01 -0.2601E-04  0.1817E+01 -0.4218E-07  0.1465E-03  0.1812E+01 -0.3376E-02 -0.8692E-02 -0.3548E-04 -0.3374E-04 -0.9882E-03
   57  0.1717E+01 -0.2992E-03  0.1722E+01 -0.1590E-07  0.2605E-03  0.1718E+01 -0.5683E-02 -0.9288E-02  0.3469E-05 -0.3592E-04 -0.1076E-02
   58  0.1617E+01 -0.3583E-03  0.1622E+01  0.1043E-07  0.4033E-03  0.1618E+01 -0.6767E-02 -0.9791E-02  0.1935E-04 -0.1662E-04 -0.1108E-02
   59  0.1512E+01 -0.1329E-03  0.1517E+01  0.9592E-08  0.5432E-03  0.1513E+01 -0.6319E-02 -0.9750E-02  0.1850E-04  0.9007E-05 -0.1089E-02
   60  0.1402E+01  0.1672E-03  0.1406E+01 -0.7443E-09  0.6557E-03  0.1402E+01 -0.5389E-02 -0.8907E-02  0.1082E-04  0.2509E-04 -0.1037E-02
   61  0.1285E+01  0.2149E-03  0.1289E+01 -0.6810E-09  0.7118E-03  0.1284E+01 -0.5490E-02 -0.7453E-02  0.3185E-06  0.2873E-04 -0.9610E-03
   62  0.1163E+01  0.1614E-04  0.1167E+01  0.1584E-08  0.6926E-03  0.1162E+01 -0.6967E-02 -0.5901E-02 -0.9710E-05  0.2336E-04 -0.8679E-03
   63  0.1039E+01 -0.2049E-03  0.1043E+01 -0.2431E-08  0.6026E-03  0.1039E+01 -0.8888E-02 -0.4678E-02 -0.1600E-04  0.1532E-04 -0.7637E-03
   64  0.9177E+00 -0.2376E-03  0.9220E+00 -0.6960E-08  0.4663E-03  0.9180E+00 -0.1001E-01 -0.3872E-02 -0.1716E-04  0.8393E-05 -0.6571E-03
   65  0.8018E+00 -0.1123E-03  0.8058E+00 -0.4260E-08  0.3166E-03  0.8020E+00 -0.9976E-02 -0.3290E-02 -0.1543E-04  0.3481E-05 -0.5554E-03
   66  0.6921E+00  0.3759E-04  0.6957E+00 -0.2914E-08  0.1872E-03  0.6921E+00 -0.9291E-02 -0.2693E-02 -0.1191E-04 -0.1438E-05 -0.4644E-03
   67  0.5885E+00  0.9219E-04  0.5917E+00 -0.4573E-08  0.9658E-04  0.5883E+00 -0.8778E-02 -0.1983E-02 -0.8851E-05 -0.6809E-05 -0.3899E-03
   68  0.4913E+00  0.4895E-04  0.4941E+00 -0.4182E-08  0.4567E-04  0.4911E+00 -0.8828E-02 -0.1230E-02 -0.6841E-05 -0.1171E-04 -0.3342E-03
   69  0.4018E+00 -0.4599E-04  0.4043E+00  0.4528E-09  0.1971E-04  0.4016E+00 -0.9290E-02 -0.5754E-03 -0.6274E-05 -0.1364E-04 -0.2934E-03
   70  0.3221E+00 -0.1267E-03  0.3243E+00  0.3103E-08  0.8021E-06  0.3220E+00 -0.9668E-02 -0.1361E-03 -0.6244E-05 -0.1211E-04 -0.2591E-03
   71  0.2539E+00 -0.1647E-03  0.2558E+00  0.2519E-08 -0.2231E-04  0.2539E+00 -0.9530E-02  0.6083E-04 -0.5887E-05 -0.7759E-05 -0.2228E-03
   72  0.1981E+00 -0.1514E-03  0.1995E+00 -0.2259E-08 -0.5202E-04  0.1981E+00 -0.8702E-02  0.6962E-04 -0.5122E-05 -0.2814E-05 -0.1822E-03
   73  0.1540E+00 -0.1074E-03  0.1551E+00 -0.7331E-08 -0.8437E-04  0.1539E+00 -0.7325E-02 -0.1241E-04 -0.4331E-05  0.1318E-05 -0.1400E-03
   74  0.1201E+00 -0.5527E-04  0.1208E+00 -0.1062E-07 -0.1134E-03  0.1198E+00 -0.5716E-02 -0.9736E-04 -0.3848E-05  0.3702E-05 -0.1017E-03
   75  0.9392E-01 -0.1693E-04  0.9442E-01 -0.1210E-07 -0.1343E-03  0.9364E-01 -0.4215E-02 -0.1359E-03 -0.3587E-05  0.4424E-05 -0.7140E-04
   76  0.7351E-01  0.7395E-06  0.7388E-01 -0.1210E-07 -0.1442E-03  0.7325E-01 -0.3043E-02 -0.1222E-03 -0.3045E-05  0.3991E-05 -0.5012E-04
   77  0.5713E-01  0.6999E-06  0.5743E-01 -0.1061E-07 -0.1425E-03  0.5693E-01 -0.2265E-02 -0.7673E-04 -0.1996E-05  0.2988E-05 -0.3645E-04
   78  0.4368E-01 -0.6800E-05  0.4394E-01 -0.8106E-08 -0.1306E-03  0.4355E-01 -0.1812E-02 -0.2613E-04 -0.5189E-06  0.1933E-05 -0.2775E-04
   79  0.3256E-01 -0.1324E-04  0.3279E-01 -0.5364E-08 -0.1116E-03  0.3249E-01 -0.1557E-02  0.1155E-04  0.9847E-06  0.1102E-05 -0.2174E-04
   80  0.2348E-01 -0.1410E-04  0.2368E-01 -0.3117E-08 -0.8917E-04  0.2346E-01 -0.1377E-02  0.3050E-04  0.2119E-05  0.5716E-06 -0.1702E-04
   81  0.1631E-01 -0.9998E-05  0.1646E-01 -0.1557E-08 -0.6674E-04  0.1630E-01 -0.1198E-02  0.3396E-04  0.2684E-05  0.3147E-06 -0.1295E-04
   82  0.1087E-01 -0.3582E-05  0.1098E-01 -0.5167E-09 -0.4689E-04  0.1086E-01 -0.9944E-03  0.2852E-04  0.2690E-05  0.2050E-06 -0.9443E-05
   83  0.6933E-02  0.2202E-05  0.7007E-02  0.9898E-10 -0.3100E-04  0.6922E-02 -0.7773E-03  0.2014E-04  0.2323E-05  0.1747E-06 -0.6526E-05
   84  0.4231E-02  0.5868E-05  0.4276E-02  0.3662E-09 -0.1933E-04  0.4217E-02 -0.5695E-03  0.1240E-04  0.1786E-05  0.1528E-06 -0.4263E-05
   85  0.2469E-02  0.7142E-05  0.2494E-02  0.3625E-09 -0.1140E-04  0.2455E-02 -0.3911E-03  0.6768E-05  0.1252E-05  0.1310E-06 -0.2625E-05
   86  0.1378E-02  0.6682E-05  0.1391E-02  0.1967E-09 -0.6373E-05  0.1365E-02 -0.2523E-03  0.3276E-05  0.8092E-06  0.9958E-07 -0.1528E-05
   87  0.7360E-03  0.5324E-05  0.7419E-03  0.7460E-12 -0.3381E-05  0.7261E-03 -0.1533E-03  0.1396E-05  0.4870E-06  0.7016E-07 -0.8382E-06
   88  0.3764E-03  0.3777E-05  0.3787E-03 -0.1439E-09 -0.1704E-05  0.3694E-03 -0.8790E-04  0.5080E-06  0.2740E-06  0.4436E-07 -0.4367E-06
   89  0.1845E-03  0.2437E-05  0.1852E-03 -0.2019E-09 -0.8168E-06  0.1800E-03 -0.4774E-04  0.1424E-06  0.1449E-06  0.2634E-07 -0.2157E-06
   90  0.8679E-04  0.1453E-05  0.8689E-04 -0.1909E-09 -0.3723E-06  0.8410E-04 -0.2461E-04  0.1503E-07  0.7215E-07  0.1463E-07 -0.1023E-06
   91  0.3920E-04  0.8074E-06  0.3912E-04 -0.1449E-09 -0.1617E-06  0.3770E-04 -0.1208E-04 -0.1815E-07  0.3398E-07  0.7859E-08 -0.4698E-07
   92  0.1702E-04  0.4214E-06  0.1692E-04 -0.9362E-10 -0.6685E-07  0.1623E-04 -0.5649E-05 -0.1969E-07  0.1512E-07  0.4111E-08 -0.2119E-07
   93  0.7102E-05  0.2075E-06  0.7037E-05 -0.5208E-10 -0.2635E-07  0.6716E-05 -0.2524E-05 -0.1382E-07  0.6360E-08  0.2110E-08 -0.9491E-08
   94  0.2851E-05  0.9672E-07  0.2813E-05 -0.2492E-10 -0.9873E-08  0.2670E-05 -0.1078E-05 -0.8012E-08  0.2522E-08  0.1056E-08 -0.4217E-08
   95  0.1101E-05  0.4275E-07  0.1081E-05 -0.1014E-10 -0.3509E-08  0.1021E-05 -0.4403E-06 -0.4066E-08  0.9358E-09  0.5090E-09 -0.1839E-08
   96  0.4087E-06  0.1795E-07  0.3996E-06 -0.3314E-11 -0.1174E-08  0.3750E-06 -0.1722E-06 -0.1837E-08  0.3226E-09  0.2340E-09 -0.7763E-09
   97  0.1461E-06  0.7144E-08  0.1423E-06 -0.6383E-12 -0.3697E-09  0.1327E-06 -0.6455E-07 -0.7208E-09  0.1028E-09  0.1020E-09 -0.3116E-09
   98  0.5068E-07  0.2709E-08  0.4911E-07  0.1457E-12 -0.1109E-09  0.4558E-07 -0.2327E-07 -0.2576E-09  0.2981E-10  0.4234E-10 -0.1189E-09
   99  0.1692E-07  0.9750E-09  0.1632E-07  0.2178E-12 -0.2925E-10  0.1508E-07 -0.8091E-08 -0.5821E-10  0.7920E-11  0.1651E-10 -0.4240E-10
  100  0.6006E-08  0.3469E-09  0.5795E-08  0.1393E-12 -0.1086E-10  0.5355E-08 -0.2865E-08 -0.2790E-10  0.2400E-11  0.6649E-11 -0.1576E-10
  101  0.1786E-08  0.1112E-09  0.1711E-08  0.7092E-13 -0.1600E-11  0.1576E-08 -0.9083E-09  0.7022E-11  0.4639E-12  0.2316E-11 -0.4663E-11
  102  0.9168E-09  0.4866E-10  0.8882E-09  0.2793E-13 -0.2205E-11  0.8268E-09 -0.4246E-09 -0.8268E-11  0.4686E-12  0.1104E-11 -0.2402E-11
  103  0.1785E-09  0.1103E-10  0.1698E-09  0.1030E-13 -0.6154E-13  0.1579E-09 -0.9530E-10  0.3048E-11  0.5067E-13  0.2940E-12 -0.4459E-12
  104  0.1937E-09  0.1053E-10  0.1877E-09  0.3808E-14 -0.5832E-12  0.1745E-09 -0.9026E-10 -0.3258E-11  0.1420E-12  0.1973E-12 -0.4587E-12
  105  0.1604E-10  0.9544E-12  0.1512E-10  0.8483E-15 -0.3111E-14  0.1432E-10 -0.8947E-11  0.4852E-12  0.8756E-14  0.3556E-13 -0.3868E-13
  106  0.3929E-10  0.2506E-11  0.3766E-10 -0.2279E-15 -0.1156E-12  0.3467E-10 -0.1942E-10 -0.8116E-12  0.3245E-13  0.3280E-13 -0.7998E-13
  107  0.1142E-11  0.6586E-13  0.1053E-11 -0.2559E-15 -0.1190E-15  0.1033E-11 -0.6599E-12  0.4567E-13  0.1831E-14  0.3760E-14 -0.3602E-14
  108  0.6418E-11  0.4949E-12  0.6103E-11 -0.1176E-15 -0.1700E-13  0.5510E-11 -0.3414E-11 -0.1373E-12  0.5263E-14  0.4334E-14 -0.1118E-13
  109  0.5230E-13  0.2854E-14  0.4722E-13 -0.4344E-16 -0.1288E-16  0.4824E-13 -0.3095E-13  0.2480E-14  0.1974E-15  0.2744E-15 -0.2430E-15
  110  0.7444E-12  0.6409E-13  0.6926E-12 -0.1710E-16 -0.1751E-14  0.6224E-12 -0.4162E-12 -0.1530E-13  0.5792E-15  0.4418E-15 -0.1123E-14
  111  0.1209E-14  0.1345E-16  0.7454E-15 -0.5123E-17  0.2774E-17  0.1375E-14 -0.5390E-15  0.6590E-16  0.1542E-16  0.2477E-16 -0.1861E-16
  112  0.9238E-13  0.9605E-14  0.8674E-13 -0.5909E-18 -0.1924E-15  0.7506E-13 -0.5573E-13 -0.1774E-14  0.6272E-16  0.4729E-16 -0.1209E-15
