 input file is 
mstm7_64_9599_168_00226.inp   
 input file comments follow:
***********************************************************
  This is the default mstm input file for v.3.0.
  The run is for a 7-sphere cluster of identical spheres.   The positions
  are embedded in the input file.

  The run makes use of the new_run and multiple_run options.

  14 April 2013
***********************************************************
 number of processors:
   1
 input parameters for run number 
    1
 number of spheres, volume size parameter:
   64  0.38396E+01
 position file:
position/n64/a7.out                                         
 output file:
output/64/x9599/168/00226/mt_7_64_9599_168_00226.dat        
 length, ref. indx. scale factors:
   0.960   1.680   0.023
 chiral factors:
  0.00000E+00  0.00000E+00
 scattering matrix directions based on incident frame
 automatic scattering angle calculation
 thetamin, thetamax:
      0.0    180.0
 number scattering angles:
      181
 epsmie, epssoln, max number iterations:
  0.1000E-05  0.1000E-07 5000
 medium refractive index:
  1.0000  0.0000
 target euler rotation angles:
    0.0000    0.0000    0.0000
 far field kr, iterations/correction:
 -0.1000E+01   20
 plane wave incidence
 random orientation calculations
 t matrix calculated, stored in file 
tmatrixfiles/764959916800226                                
 t matrix convergence epsilon:
  0.1000E-06
 all spheres excited (total T matrix) 
 calculation results for run 
    1
 total ext, abs, scat efficiencies, w.r.t. xv, and asym. parm
  0.40574E+01  0.28587E+00  0.37715E+01  0.71686E+00
 scattering matrix elements (normalized w/ S11)
   theta      11           12           13           14           22           23           24           33           34           44      
    0.00  0.44771E+02  0.00000E+00  0.00000E+00 -0.85264E-03  0.99837E+00  0.21677E-03  0.00000E+00  0.99837E+00  0.00000E+00  0.99684E+00 
    1.00  0.44343E+02 -0.13884E-03 -0.46163E-06 -0.85393E-03  0.99836E+00  0.20865E-03 -0.20428E-06  0.99836E+00 -0.87563E-04  0.99683E+00 
    2.00  0.43084E+02 -0.55668E-03 -0.18364E-05 -0.85786E-03  0.99833E+00  0.18408E-03 -0.82636E-06  0.99833E+00 -0.35480E-03  0.99678E+00 
    3.00  0.41070E+02 -0.12576E-02 -0.40914E-05 -0.86460E-03  0.99828E+00  0.14252E-03 -0.18941E-05  0.99828E+00 -0.81542E-03  0.99669E+00 
    4.00  0.38420E+02 -0.22484E-02 -0.71616E-05 -0.87438E-03  0.99821E+00  0.83150E-04 -0.34549E-05  0.99821E+00 -0.14924E-02  0.99656E+00 
    5.00  0.35286E+02 -0.35389E-02 -0.10935E-04 -0.88752E-03  0.99812E+00  0.50993E-05 -0.55758E-05  0.99811E+00 -0.24175E-02  0.99638E+00 
    6.00  0.31839E+02 -0.51422E-02 -0.15230E-04 -0.90437E-03  0.99799E+00 -0.92175E-04 -0.83431E-05  0.99798E+00 -0.36309E-02  0.99614E+00 
    7.00  0.28253E+02 -0.70737E-02 -0.19762E-04 -0.92516E-03  0.99783E+00 -0.20824E-03 -0.11859E-04  0.99780E+00 -0.51771E-02  0.99584E+00 
    8.00  0.24697E+02 -0.93512E-02 -0.24105E-04 -0.94988E-03  0.99762E+00 -0.34064E-03 -0.16232E-04  0.99758E+00 -0.70993E-02  0.99545E+00 
    9.00  0.21315E+02 -0.11991E-01 -0.27661E-04 -0.97795E-03  0.99737E+00 -0.48331E-03 -0.21553E-04  0.99730E+00 -0.94257E-02  0.99497E+00 
   10.00  0.18225E+02 -0.15006E-01 -0.29646E-04 -0.10078E-02  0.99705E+00 -0.62451E-03 -0.27864E-04  0.99695E+00 -0.12148E-01  0.99438E+00 
   11.00  0.15506E+02 -0.18393E-01 -0.29150E-04 -0.10362E-02  0.99667E+00 -0.74469E-03 -0.35094E-04  0.99652E+00 -0.15190E-01  0.99367E+00 
   12.00  0.13202E+02 -0.22130E-01 -0.25322E-04 -0.10581E-02  0.99624E+00 -0.81562E-03 -0.42992E-04  0.99602E+00 -0.18374E-01  0.99284E+00 
   13.00  0.11319E+02 -0.26164E-01 -0.17706E-04 -0.10666E-02  0.99575E+00 -0.80269E-03 -0.51085E-04  0.99545E+00 -0.21401E-01  0.99191E+00 
   14.00  0.98340E+01 -0.30411E-01 -0.66858E-05 -0.10536E-02  0.99523E+00 -0.67254E-03 -0.58708E-04  0.99484E+00 -0.23878E-01  0.99093E+00 
   15.00  0.87007E+01 -0.34777E-01  0.62253E-05 -0.10125E-02  0.99470E+00 -0.40510E-03 -0.65169E-04  0.99421E+00 -0.25415E-01  0.98994E+00 
   16.00  0.78571E+01 -0.39189E-01  0.18516E-04 -0.94076E-03  0.99421E+00 -0.42984E-05 -0.70004E-04  0.99358E+00 -0.25757E-01  0.98899E+00 
   17.00  0.72349E+01 -0.43625E-01  0.27327E-04 -0.84035E-03  0.99375E+00  0.50016E-03 -0.73200E-04  0.99298E+00 -0.24893E-01  0.98809E+00 
   18.00  0.67673E+01 -0.48120E-01  0.30280E-04 -0.71747E-03  0.99333E+00  0.10623E-02 -0.75236E-04  0.99239E+00 -0.23047E-01  0.98725E+00 
   19.00  0.63944E+01 -0.52758E-01  0.26008E-04 -0.57974E-03  0.99293E+00  0.16342E-02 -0.76943E-04  0.99180E+00 -0.20590E-01  0.98642E+00 
   20.00  0.60681E+01 -0.57638E-01  0.14202E-04 -0.43400E-03  0.99252E+00  0.21767E-02 -0.79294E-04  0.99116E+00 -0.17914E-01  0.98554E+00 
   21.00  0.57539E+01 -0.62855E-01 -0.46497E-05 -0.28518E-03  0.99208E+00  0.26627E-02 -0.83248E-04  0.99044E+00 -0.15352E-01  0.98456E+00 
   22.00  0.54313E+01 -0.68491E-01 -0.29565E-04 -0.13637E-03  0.99157E+00  0.30752E-02 -0.89691E-04  0.98960E+00 -0.13154E-01  0.98342E+00 
   23.00  0.50920E+01 -0.74608E-01 -0.59248E-04  0.10544E-04  0.99098E+00  0.34028E-02 -0.99419E-04  0.98861E+00 -0.11485E-01  0.98207E+00 
   24.00  0.47375E+01 -0.81249E-01 -0.92136E-04  0.15413E-03  0.99029E+00  0.36367E-02 -0.11313E-03  0.98744E+00 -0.10450E-01  0.98049E+00 
   25.00  0.43759E+01 -0.88435E-01 -0.12636E-03  0.29279E-03  0.98949E+00  0.37686E-02 -0.13140E-03  0.98606E+00 -0.10103E-01  0.97865E+00 
   26.00  0.40190E+01 -0.96163E-01 -0.15968E-03  0.42440E-03  0.98860E+00  0.37912E-02 -0.15454E-03  0.98446E+00 -0.10451E-01  0.97654E+00 
   27.00  0.36785E+01 -0.10440E+00 -0.18959E-03  0.54628E-03  0.98761E+00  0.37005E-02 -0.18249E-03  0.98264E+00 -0.11448E-01  0.97419E+00 
   28.00  0.33650E+01 -0.11307E+00 -0.21344E-03  0.65553E-03  0.98656E+00  0.34984E-02 -0.21460E-03  0.98061E+00 -0.12988E-01  0.97163E+00 
   29.00  0.30854E+01 -0.12206E+00 -0.22888E-03  0.74971E-03  0.98548E+00  0.31971E-02 -0.24956E-03  0.97840E+00 -0.14899E-01  0.96892E+00 
   30.00  0.28434E+01 -0.13126E+00 -0.23439E-03  0.82771E-03  0.98442E+00  0.28198E-02 -0.28536E-03  0.97605E+00 -0.16962E-01  0.96613E+00 
   31.00  0.26385E+01 -0.14052E+00 -0.22968E-03  0.89046E-03  0.98341E+00  0.24000E-02 -0.31960E-03  0.97360E+00 -0.18933E-01  0.96334E+00 
   32.00  0.24675E+01 -0.14974E+00 -0.21587E-03  0.94112E-03  0.98248E+00  0.19753E-02 -0.34988E-03  0.97110E+00 -0.20597E-01  0.96058E+00 
   33.00  0.23252E+01 -0.15886E+00 -0.19521E-03  0.98456E-03  0.98163E+00  0.15801E-02 -0.37429E-03  0.96855E+00 -0.21805E-01  0.95789E+00 
   34.00  0.22050E+01 -0.16791E+00 -0.17040E-03  0.10262E-02  0.98086E+00  0.12382E-02 -0.39180E-03  0.96596E+00 -0.22500E-01  0.95522E+00 
   35.00  0.21007E+01 -0.17692E+00 -0.14387E-03  0.10709E-02  0.98012E+00  0.95911E-03 -0.40230E-03  0.96329E+00 -0.22706E-01  0.95252E+00 
   36.00  0.20065E+01 -0.18599E+00 -0.11714E-03  0.11218E-02  0.97937E+00  0.73811E-03 -0.40659E-03  0.96049E+00 -0.22509E-01  0.94971E+00 
   37.00  0.19178E+01 -0.19521E+00 -0.90564E-04  0.11801E-02  0.97858E+00  0.55941E-03 -0.40603E-03  0.95752E+00 -0.22018E-01  0.94671E+00 
   38.00  0.18317E+01 -0.20469E+00 -0.63247E-04  0.12448E-02  0.97770E+00  0.40060E-03 -0.40239E-03  0.95432E+00 -0.21337E-01  0.94342E+00 
   39.00  0.17465E+01 -0.21448E+00 -0.33333E-04  0.13133E-02  0.97671E+00  0.23726E-03 -0.39757E-03  0.95083E+00 -0.20542E-01  0.93978E+00 
   40.00  0.16617E+01 -0.22465E+00  0.16510E-05  0.13818E-02  0.97558E+00  0.46912E-04 -0.39346E-03  0.94701E+00 -0.19674E-01  0.93575E+00 
   41.00  0.15776E+01 -0.23522E+00  0.44327E-04  0.14459E-02  0.97430E+00 -0.18766E-03 -0.39183E-03  0.94284E+00 -0.18732E-01  0.93129E+00 
   42.00  0.14952E+01 -0.24618E+00  0.96941E-04  0.15010E-02  0.97288E+00 -0.47583E-03 -0.39414E-03  0.93830E+00 -0.17683E-01  0.92638E+00 
   43.00  0.14154E+01 -0.25752E+00  0.16083E-03  0.15437E-02  0.97133E+00 -0.81734E-03 -0.40139E-03  0.93337E+00 -0.16470E-01  0.92102E+00 
   44.00  0.13393E+01 -0.26919E+00  0.23598E-03  0.15713E-02  0.96967E+00 -0.12016E-02 -0.41398E-03  0.92805E+00 -0.15030E-01  0.91524E+00 
   45.00  0.12675E+01 -0.28114E+00  0.32068E-03  0.15834E-02  0.96791E+00 -0.16082E-02 -0.43153E-03  0.92236E+00 -0.13305E-01  0.90906E+00 
   46.00  0.12004E+01 -0.29332E+00  0.41154E-03  0.15812E-02  0.96608E+00 -0.20097E-02 -0.45277E-03  0.91631E+00 -0.11259E-01  0.90252E+00 
   47.00  0.11380E+01 -0.30566E+00  0.50372E-03  0.15681E-02  0.96421E+00 -0.23746E-02 -0.47563E-03  0.90989E+00 -0.88896E-02  0.89563E+00 
   48.00  0.10801E+01 -0.31811E+00  0.59153E-03  0.15488E-02  0.96229E+00 -0.26721E-02 -0.49730E-03  0.90313E+00 -0.62300E-02  0.88842E+00 
   49.00  0.10263E+01 -0.33065E+00  0.66918E-03  0.15291E-02  0.96034E+00 -0.28768E-02 -0.51459E-03  0.89602E+00 -0.33441E-02  0.88089E+00 
   50.00  0.97604E+00 -0.34323E+00  0.73162E-03  0.15149E-02  0.95835E+00 -0.29721E-02 -0.52417E-03  0.88855E+00 -0.31749E-03  0.87306E+00 
   51.00  0.92869E+00 -0.35586E+00  0.77530E-03  0.15119E-02  0.95631E+00 -0.29526E-02 -0.52306E-03  0.88072E+00  0.27569E-02  0.86489E+00 
   52.00  0.88375E+00 -0.36853E+00  0.79871E-03  0.15250E-02  0.95420E+00 -0.28249E-02 -0.50895E-03  0.87249E+00  0.57926E-02  0.85637E+00 
   53.00  0.84076E+00 -0.38123E+00  0.80271E-03  0.15582E-02  0.95199E+00 -0.26068E-02 -0.48060E-03  0.86385E+00  0.87208E-02  0.84744E+00 
   54.00  0.79937E+00 -0.39398E+00  0.79054E-03  0.16145E-02  0.94967E+00 -0.23258E-02 -0.43806E-03  0.85475E+00  0.11497E-01  0.83805E+00 
   55.00  0.75932E+00 -0.40678E+00  0.76757E-03  0.16960E-02  0.94719E+00 -0.20156E-02 -0.38295E-03  0.84515E+00  0.14102E-01  0.82815E+00 
   56.00  0.72044E+00 -0.41962E+00  0.74080E-03  0.18044E-02  0.94452E+00 -0.17137E-02 -0.31850E-03  0.83501E+00  0.16538E-01  0.81766E+00 
   57.00  0.68265E+00 -0.43251E+00  0.71819E-03  0.19407E-02  0.94165E+00 -0.14574E-02 -0.24957E-03  0.82426E+00  0.18816E-01  0.80652E+00 
   58.00  0.64595E+00 -0.44542E+00  0.70785E-03  0.21060E-02  0.93853E+00 -0.12808E-02 -0.18255E-03  0.81284E+00  0.20948E-01  0.79465E+00 
   59.00  0.61040E+00 -0.45835E+00  0.71714E-03  0.23006E-02  0.93516E+00 -0.12117E-02 -0.12507E-03  0.80067E+00  0.22929E-01  0.78196E+00 
   60.00  0.57612E+00 -0.47126E+00  0.75182E-03  0.25250E-02  0.93152E+00 -0.12691E-02 -0.85701E-04  0.78770E+00  0.24724E-01  0.76840E+00 
   61.00  0.54329E+00 -0.48416E+00  0.81524E-03  0.27784E-02  0.92762E+00 -0.14619E-02 -0.73422E-04  0.77385E+00  0.26261E-01  0.75390E+00 
   62.00  0.51209E+00 -0.49701E+00  0.90769E-03  0.30594E-02  0.92348E+00 -0.17871E-02 -0.96971E-04  0.75906E+00  0.27428E-01  0.73842E+00 
   63.00  0.48277E+00 -0.50981E+00  0.10260E-02  0.33646E-02  0.91913E+00 -0.22302E-02 -0.16404E-03  0.74331E+00  0.28073E-01  0.72198E+00 
   64.00  0.45555E+00 -0.52256E+00  0.11636E-02  0.36884E-02  0.91464E+00 -0.27654E-02 -0.28035E-03  0.72661E+00  0.28026E-01  0.70461E+00 
   65.00  0.43066E+00 -0.53528E+00  0.13106E-02  0.40229E-02  0.91011E+00 -0.33579E-02 -0.44860E-03  0.70901E+00  0.27118E-01  0.68643E+00 
   66.00  0.40826E+00 -0.54799E+00  0.14554E-02  0.43571E-02  0.90565E+00 -0.39669E-02 -0.66751E-03  0.69060E+00  0.25220E-01  0.66758E+00 
   67.00  0.38846E+00 -0.56074E+00  0.15856E-02  0.46778E-02  0.90138E+00 -0.45501E-02 -0.93120E-03  0.67153E+00  0.22278E-01  0.64827E+00 
   68.00  0.37129E+00 -0.57355E+00  0.16903E-02  0.49704E-02  0.89745E+00 -0.50690E-02 -0.12291E-02  0.65200E+00  0.18343E-01  0.62873E+00 
   69.00  0.35669E+00 -0.58647E+00  0.17621E-02  0.52202E-02  0.89395E+00 -0.54943E-02 -0.15464E-02  0.63219E+00  0.13594E-01  0.60920E+00 
   70.00  0.34449E+00 -0.59951E+00  0.17986E-02  0.54143E-02  0.89096E+00 -0.58102E-02 -0.18660E-02  0.61231E+00  0.83252E-02  0.58989E+00 
   71.00  0.33443E+00 -0.61267E+00  0.18035E-02  0.55426E-02  0.88850E+00 -0.60165E-02 -0.21701E-02  0.59248E+00  0.29172E-02  0.57091E+00 
   72.00  0.32618E+00 -0.62587E+00  0.17860E-02  0.55990E-02  0.88655E+00 -0.61278E-02 -0.24423E-02  0.57279E+00 -0.22127E-02  0.55233E+00 
   73.00  0.31936E+00 -0.63906E+00  0.17592E-02  0.55815E-02  0.88502E+00 -0.61701E-02 -0.26699E-02  0.55326E+00 -0.66696E-02  0.53409E+00 
   74.00  0.31354E+00 -0.65209E+00  0.17390E-02  0.54912E-02  0.88378E+00 -0.61758E-02 -0.28440E-02  0.53380E+00 -0.10130E-01  0.51607E+00 
   75.00  0.30831E+00 -0.66484E+00  0.17411E-02  0.53315E-02  0.88270E+00 -0.61787E-02 -0.29604E-02  0.51431E+00 -0.12377E-01  0.49810E+00 
   76.00  0.30328E+00 -0.67714E+00  0.17794E-02  0.51063E-02  0.88163E+00 -0.62092E-02 -0.30186E-02  0.49464E+00 -0.13313E-01  0.47996E+00 
   77.00  0.29813E+00 -0.68884E+00  0.18650E-02  0.48192E-02  0.88041E+00 -0.62917E-02 -0.30208E-02  0.47463E+00 -0.12953E-01  0.46144E+00 
   78.00  0.29259E+00 -0.69978E+00  0.20048E-02  0.44726E-02  0.87894E+00 -0.64426E-02 -0.29710E-02  0.45412E+00 -0.11418E-01  0.44235E+00 
   79.00  0.28649E+00 -0.70981E+00  0.22017E-02  0.40672E-02  0.87710E+00 -0.66697E-02 -0.28742E-02  0.43296E+00 -0.89073E-02  0.42253E+00 
   80.00  0.27974E+00 -0.71879E+00  0.24540E-02  0.36022E-02  0.87483E+00 -0.69729E-02 -0.27354E-02  0.41107E+00 -0.56837E-02  0.40186E+00 
   81.00  0.27236E+00 -0.72662E+00  0.27554E-02  0.30757E-02  0.87207E+00 -0.73445E-02 -0.25593E-02  0.38835E+00 -0.20534E-02  0.38024E+00 
   82.00  0.26441E+00 -0.73321E+00  0.30954E-02  0.24856E-02  0.86879E+00 -0.77700E-02 -0.23504E-02  0.36477E+00  0.16500E-02  0.35764E+00 
   83.00  0.25602E+00 -0.73851E+00  0.34588E-02  0.18299E-02  0.86502E+00 -0.82292E-02 -0.21127E-02  0.34033E+00  0.50812E-02  0.33405E+00 
   84.00  0.24739E+00 -0.74250E+00  0.38267E-02  0.11085E-02  0.86078E+00 -0.86969E-02 -0.18505E-02  0.31504E+00  0.78989E-02  0.30951E+00 
   85.00  0.23870E+00 -0.74522E+00  0.41765E-02  0.32393E-03  0.85615E+00 -0.91443E-02 -0.15677E-02  0.28897E+00  0.97847E-02  0.28411E+00 
   86.00  0.23017E+00 -0.74674E+00  0.44833E-02 -0.51750E-03  0.85120E+00 -0.95406E-02 -0.12692E-02  0.26221E+00  0.10463E-01  0.25794E+00 
   87.00  0.22198E+00 -0.74719E+00  0.47212E-02 -0.14051E-02  0.84608E+00 -0.98551E-02 -0.96037E-03  0.23487E+00  0.97232E-02  0.23114E+00 
   88.00  0.21432E+00 -0.74675E+00  0.48654E-02 -0.23233E-02  0.84091E+00 -0.10059E-01 -0.64738E-03  0.20708E+00  0.74413E-02  0.20387E+00 
   89.00  0.20732E+00 -0.74561E+00  0.48946E-02 -0.32523E-02  0.83586E+00 -0.10130E-01 -0.33725E-03  0.17899E+00  0.35955E-02  0.17628E+00 
   90.00  0.20106E+00 -0.74398E+00  0.47933E-02 -0.41689E-02  0.83108E+00 -0.10051E-01 -0.37460E-04  0.15073E+00 -0.17259E-02  0.14854E+00 
   91.00  0.19562E+00 -0.74209E+00  0.45538E-02 -0.50483E-02  0.82671E+00 -0.98163E-02  0.24440E-03  0.12244E+00 -0.83287E-02  0.12079E+00 
   92.00  0.19101E+00 -0.74011E+00  0.41775E-02 -0.58665E-02  0.82288E+00 -0.94292E-02  0.50119E-03  0.94228E-01 -0.15931E-01  0.93153E-01 
   93.00  0.18721E+00 -0.73818E+00  0.36750E-02 -0.66021E-02  0.81968E+00 -0.89034E-02  0.72676E-03  0.66187E-01 -0.24191E-01  0.65732E-01 
   94.00  0.18416E+00 -0.73637E+00  0.30648E-02 -0.72385E-02  0.81715E+00 -0.82603E-02  0.91635E-03  0.38379E-01 -0.32746E-01  0.38584E-01 
   95.00  0.18181E+00 -0.73470E+00  0.23719E-02 -0.77652E-02  0.81530E+00 -0.75272E-02  0.10669E-02  0.10843E-01 -0.41245E-01  0.11741E-01 
   96.00  0.18007E+00 -0.73313E+00  0.16243E-02 -0.81777E-02  0.81409E+00 -0.67344E-02  0.11770E-02 -0.16403E-01 -0.49378E-01 -0.14787E-01 
   97.00  0.17883E+00 -0.73159E+00  0.85166E-03 -0.84779E-02  0.81348E+00 -0.59120E-02  0.12469E-02 -0.43356E-01 -0.56901E-01 -0.41009E-01 
   98.00  0.17801E+00 -0.72994E+00  0.81857E-04 -0.86723E-02  0.81339E+00 -0.50878E-02  0.12780E-02 -0.70019E-01 -0.63641E-01 -0.66942E-01 
   99.00  0.17750E+00 -0.72808E+00 -0.66001E-03 -0.87712E-02  0.81372E+00 -0.42860E-02  0.12724E-02 -0.96403E-01 -0.69499E-01 -0.92602E-01 
  100.00  0.17722E+00 -0.72587E+00 -0.13529E-02 -0.87873E-02  0.81439E+00 -0.35259E-02  0.12328E-02 -0.12251E+00 -0.74435E-01 -0.11801E+00 
  101.00  0.17709E+00 -0.72320E+00 -0.19804E-02 -0.87342E-02  0.81531E+00 -0.28221E-02  0.11617E-02 -0.14835E+00 -0.78462E-01 -0.14316E+00 
  102.00  0.17704E+00 -0.71996E+00 -0.25303E-02 -0.86256E-02  0.81641E+00 -0.21845E-02  0.10617E-02 -0.17392E+00 -0.81628E-01 -0.16806E+00 
  103.00  0.17701E+00 -0.71607E+00 -0.29948E-02 -0.84744E-02  0.81762E+00 -0.16190E-02  0.93458E-03 -0.19922E+00 -0.84002E-01 -0.19270E+00 
  104.00  0.17695E+00 -0.71148E+00 -0.33696E-02 -0.82924E-02  0.81887E+00 -0.11280E-02  0.78180E-03 -0.22423E+00 -0.85664E-01 -0.21706E+00 
  105.00  0.17684E+00 -0.70614E+00 -0.36537E-02 -0.80899E-02  0.82013E+00 -0.71119E-03  0.60416E-03 -0.24895E+00 -0.86697E-01 -0.24112E+00 
  106.00  0.17664E+00 -0.70003E+00 -0.38485E-02 -0.78757E-02  0.82135E+00 -0.36607E-03  0.40192E-03 -0.27336E+00 -0.87179E-01 -0.26484E+00 
  107.00  0.17635E+00 -0.69312E+00 -0.39576E-02 -0.76571E-02  0.82250E+00 -0.88505E-04  0.17491E-03 -0.29744E+00 -0.87183E-01 -0.28819E+00 
  108.00  0.17594E+00 -0.68542E+00 -0.39863E-02 -0.74400E-02  0.82355E+00  0.12681E-03 -0.77345E-04 -0.32119E+00 -0.86768E-01 -0.31114E+00 
  109.00  0.17543E+00 -0.67693E+00 -0.39413E-02 -0.72295E-02  0.82449E+00  0.28603E-03 -0.35543E-03 -0.34457E+00 -0.85989E-01 -0.33364E+00 
  110.00  0.17481E+00 -0.66765E+00 -0.38303E-02 -0.70293E-02  0.82530E+00  0.39582E-03 -0.65984E-03 -0.36756E+00 -0.84891E-01 -0.35564E+00 
  111.00  0.17410E+00 -0.65759E+00 -0.36618E-02 -0.68429E-02  0.82598E+00  0.46314E-03 -0.99079E-03 -0.39015E+00 -0.83512E-01 -0.37711E+00 
  112.00  0.17330E+00 -0.64678E+00 -0.34450E-02 -0.66730E-02  0.82652E+00  0.49497E-03 -0.13480E-02 -0.41231E+00 -0.81887E-01 -0.39800E+00 
  113.00  0.17244E+00 -0.63524E+00 -0.31893E-02 -0.65221E-02  0.82692E+00  0.49819E-03 -0.17304E-02 -0.43400E+00 -0.80047E-01 -0.41827E+00 
  114.00  0.17152E+00 -0.62298E+00 -0.29045E-02 -0.63925E-02  0.82718E+00  0.47934E-03 -0.21362E-02 -0.45519E+00 -0.78023E-01 -0.43787E+00 
  115.00  0.17058E+00 -0.61004E+00 -0.26001E-02 -0.62864E-02  0.82732E+00  0.44450E-03 -0.25627E-02 -0.47587E+00 -0.75847E-01 -0.45677E+00 
  116.00  0.16962E+00 -0.59644E+00 -0.22855E-02 -0.62059E-02  0.82735E+00  0.39916E-03 -0.30060E-02 -0.49598E+00 -0.73552E-01 -0.47494E+00 
  117.00  0.16866E+00 -0.58224E+00 -0.19696E-02 -0.61527E-02  0.82728E+00  0.34810E-03 -0.34613E-02 -0.51551E+00 -0.71173E-01 -0.49234E+00 
  118.00  0.16774E+00 -0.56746E+00 -0.16609E-02 -0.61285E-02  0.82713E+00  0.29532E-03 -0.39230E-02 -0.53442E+00 -0.68745E-01 -0.50897E+00 
  119.00  0.16685E+00 -0.55217E+00 -0.13670E-02 -0.61345E-02  0.82693E+00  0.24400E-03 -0.43848E-02 -0.55269E+00 -0.66309E-01 -0.52480E+00 
  120.00  0.16603E+00 -0.53643E+00 -0.10947E-02 -0.61711E-02  0.82670E+00  0.19647E-03 -0.48398E-02 -0.57029E+00 -0.63903E-01 -0.53984E+00 
  121.00  0.16529E+00 -0.52029E+00 -0.84972E-03 -0.62382E-02  0.82645E+00  0.15428E-03 -0.52809E-02 -0.58721E+00 -0.61566E-01 -0.55409E+00 
  122.00  0.16464E+00 -0.50382E+00 -0.63706E-03 -0.63345E-02  0.82623E+00  0.11823E-03 -0.57012E-02 -0.60344E+00 -0.59335E-01 -0.56756E+00 
  123.00  0.16410E+00 -0.48710E+00 -0.46050E-03 -0.64579E-02  0.82604E+00  0.88471E-04 -0.60943E-02 -0.61897E+00 -0.57245E-01 -0.58028E+00 
  124.00  0.16368E+00 -0.47018E+00 -0.32284E-03 -0.66050E-02  0.82592E+00  0.64645E-04 -0.64543E-02 -0.63380E+00 -0.55325E-01 -0.59228E+00 
  125.00  0.16339E+00 -0.45315E+00 -0.22592E-03 -0.67716E-02  0.82588E+00  0.46008E-04 -0.67764E-02 -0.64793E+00 -0.53602E-01 -0.60359E+00 
  126.00  0.16323E+00 -0.43607E+00 -0.17061E-03 -0.69525E-02  0.82595E+00  0.31588E-04 -0.70570E-02 -0.66139E+00 -0.52091E-01 -0.61425E+00 
  127.00  0.16322E+00 -0.41900E+00 -0.15689E-03 -0.71418E-02  0.82613E+00  0.20335E-04 -0.72937E-02 -0.67418E+00 -0.50805E-01 -0.62429E+00 
  128.00  0.16335E+00 -0.40201E+00 -0.18390E-03 -0.73332E-02  0.82644E+00  0.11262E-04 -0.74853E-02 -0.68632E+00 -0.49747E-01 -0.63375E+00 
  129.00  0.16363E+00 -0.38514E+00 -0.25000E-03 -0.75203E-02  0.82688E+00  0.35549E-05 -0.76318E-02 -0.69784E+00 -0.48913E-01 -0.64268E+00 
  130.00  0.16405E+00 -0.36845E+00 -0.35281E-03 -0.76968E-02  0.82745E+00 -0.33318E-05 -0.77344E-02 -0.70876E+00 -0.48291E-01 -0.65109E+00 
  131.00  0.16462E+00 -0.35197E+00 -0.48926E-03 -0.78568E-02  0.82816E+00 -0.96288E-05 -0.77950E-02 -0.71910E+00 -0.47865E-01 -0.65904E+00 
  132.00  0.16532E+00 -0.33575E+00 -0.65565E-03 -0.79953E-02  0.82901E+00 -0.15236E-04 -0.78163E-02 -0.72889E+00 -0.47614E-01 -0.66654E+00 
  133.00  0.16617E+00 -0.31980E+00 -0.84769E-03 -0.81079E-02  0.82997E+00 -0.19745E-04 -0.78015E-02 -0.73815E+00 -0.47511E-01 -0.67362E+00 
  134.00  0.16715E+00 -0.30416E+00 -0.10606E-02 -0.81913E-02  0.83105E+00 -0.22500E-04 -0.77537E-02 -0.74692E+00 -0.47528E-01 -0.68030E+00 
  135.00  0.16825E+00 -0.28883E+00 -0.12892E-02 -0.82432E-02  0.83224E+00 -0.22677E-04 -0.76764E-02 -0.75521E+00 -0.47636E-01 -0.68661E+00 
  136.00  0.16948E+00 -0.27384E+00 -0.15278E-02 -0.82623E-02  0.83351E+00 -0.19389E-04 -0.75727E-02 -0.76306E+00 -0.47806E-01 -0.69256E+00 
  137.00  0.17082E+00 -0.25919E+00 -0.17708E-02 -0.82481E-02  0.83486E+00 -0.11790E-04 -0.74454E-02 -0.77048E+00 -0.48008E-01 -0.69816E+00 
  138.00  0.17226E+00 -0.24490E+00 -0.20122E-02 -0.82010E-02  0.83626E+00  0.81657E-06 -0.72970E-02 -0.77750E+00 -0.48217E-01 -0.70344E+00 
  139.00  0.17381E+00 -0.23097E+00 -0.22462E-02 -0.81222E-02  0.83771E+00  0.18889E-04 -0.71297E-02 -0.78413E+00 -0.48408E-01 -0.70840E+00 
  140.00  0.17546E+00 -0.21740E+00 -0.24672E-02 -0.80134E-02  0.83920E+00  0.42576E-04 -0.69451E-02 -0.79040E+00 -0.48558E-01 -0.71305E+00 
  141.00  0.17720E+00 -0.20421E+00 -0.26697E-02 -0.78768E-02  0.84070E+00  0.71675E-04 -0.67444E-02 -0.79632E+00 -0.48647E-01 -0.71740E+00 
  142.00  0.17903E+00 -0.19139E+00 -0.28488E-02 -0.77151E-02  0.84222E+00  0.10562E-03 -0.65283E-02 -0.80192E+00 -0.48660E-01 -0.72147E+00 
  143.00  0.18095E+00 -0.17896E+00 -0.30003E-02 -0.75311E-02  0.84373E+00  0.14349E-03 -0.62973E-02 -0.80719E+00 -0.48580E-01 -0.72526E+00 
  144.00  0.18294E+00 -0.16693E+00 -0.31203E-02 -0.73282E-02  0.84524E+00  0.18406E-03 -0.60516E-02 -0.81217E+00 -0.48397E-01 -0.72878E+00 
  145.00  0.18502E+00 -0.15529E+00 -0.32059E-02 -0.71096E-02  0.84673E+00  0.22588E-03 -0.57914E-02 -0.81685E+00 -0.48098E-01 -0.73203E+00 
  146.00  0.18718E+00 -0.14407E+00 -0.32551E-02 -0.68791E-02  0.84821E+00  0.26732E-03 -0.55166E-02 -0.82126E+00 -0.47677E-01 -0.73503E+00 
  147.00  0.18942E+00 -0.13326E+00 -0.32667E-02 -0.66400E-02  0.84967E+00  0.30673E-03 -0.52275E-02 -0.82539E+00 -0.47125E-01 -0.73779E+00 
  148.00  0.19174E+00 -0.12288E+00 -0.32403E-02 -0.63960E-02  0.85110E+00  0.34246E-03 -0.49244E-02 -0.82927E+00 -0.46439E-01 -0.74030E+00 
  149.00  0.19413E+00 -0.11293E+00 -0.31767E-02 -0.61501E-02  0.85251E+00  0.37303E-03 -0.46081E-02 -0.83289E+00 -0.45614E-01 -0.74257E+00 
  150.00  0.19660E+00 -0.10342E+00 -0.30774E-02 -0.59055E-02  0.85389E+00  0.39716E-03 -0.42800E-02 -0.83628E+00 -0.44650E-01 -0.74462E+00 
  151.00  0.19915E+00 -0.94351E-01 -0.29449E-02 -0.56646E-02  0.85525E+00  0.41387E-03 -0.39419E-02 -0.83944E+00 -0.43546E-01 -0.74646E+00 
  152.00  0.20176E+00 -0.85721E-01 -0.27826E-02 -0.54294E-02  0.85658E+00  0.42254E-03 -0.35963E-02 -0.84238E+00 -0.42307E-01 -0.74810E+00 
  153.00  0.20445E+00 -0.77530E-01 -0.25944E-02 -0.52014E-02  0.85789E+00  0.42290E-03 -0.32463E-02 -0.84512E+00 -0.40936E-01 -0.74954E+00 
  154.00  0.20719E+00 -0.69772E-01 -0.23851E-02 -0.49813E-02  0.85916E+00  0.41510E-03 -0.28957E-02 -0.84767E+00 -0.39440E-01 -0.75081E+00 
  155.00  0.20999E+00 -0.62441E-01 -0.21599E-02 -0.47695E-02  0.86040E+00  0.39964E-03 -0.25485E-02 -0.85005E+00 -0.37830E-01 -0.75191E+00 
  156.00  0.21285E+00 -0.55530E-01 -0.19243E-02 -0.45654E-02  0.86160E+00  0.37737E-03 -0.22092E-02 -0.85226E+00 -0.36115E-01 -0.75287E+00 
  157.00  0.21575E+00 -0.49031E-01 -0.16839E-02 -0.43684E-02  0.86276E+00  0.34940E-03 -0.18823E-02 -0.85432E+00 -0.34309E-01 -0.75369E+00 
  158.00  0.21869E+00 -0.42937E-01 -0.14442E-02 -0.41772E-02  0.86386E+00  0.31706E-03 -0.15722E-02 -0.85625E+00 -0.32425E-01 -0.75438E+00 
  159.00  0.22166E+00 -0.37243E-01 -0.12106E-02 -0.39907E-02  0.86492E+00  0.28180E-03 -0.12830E-02 -0.85806E+00 -0.30479E-01 -0.75494E+00 
  160.00  0.22466E+00 -0.31947E-01 -0.98800E-03 -0.38075E-02  0.86591E+00  0.24509E-03 -0.10182E-02 -0.85974E+00 -0.28487E-01 -0.75538E+00 
  161.00  0.22768E+00 -0.27048E-01 -0.78061E-03 -0.36264E-02  0.86683E+00  0.20839E-03 -0.78052E-03 -0.86132E+00 -0.26462E-01 -0.75571E+00 
  162.00  0.23072E+00 -0.22550E-01 -0.59198E-03 -0.34465E-02  0.86768E+00  0.17297E-03 -0.57198E-03 -0.86279E+00 -0.24421E-01 -0.75590E+00 
  163.00  0.23376E+00 -0.18459E-01 -0.42476E-03 -0.32672E-02  0.86844E+00  0.13993E-03 -0.39352E-03 -0.86416E+00 -0.22378E-01 -0.75595E+00 
  164.00  0.23680E+00 -0.14780E-01 -0.28069E-03 -0.30886E-02  0.86912E+00  0.11013E-03 -0.24518E-03 -0.86541E+00 -0.20347E-01 -0.75586E+00 
  165.00  0.23983E+00 -0.11520E-01 -0.16056E-03 -0.29108E-02  0.86971E+00  0.84117E-04 -0.12603E-03 -0.86655E+00 -0.18341E-01 -0.75561E+00 
  166.00  0.24284E+00 -0.86821E-02 -0.64243E-04 -0.27347E-02  0.87021E+00  0.62184E-04 -0.34337E-04 -0.86757E+00 -0.16374E-01 -0.75519E+00 
  167.00  0.24582E+00 -0.62662E-02  0.92134E-05 -0.25615E-02  0.87062E+00  0.44341E-04  0.32366E-04 -0.86847E+00 -0.14457E-01 -0.75460E+00 
  168.00  0.24875E+00 -0.42650E-02  0.61503E-04 -0.23925E-02  0.87094E+00  0.30371E-04  0.77057E-04 -0.86924E+00 -0.12602E-01 -0.75383E+00 
  169.00  0.25162E+00 -0.26634E-02  0.94903E-04 -0.22295E-02  0.87118E+00  0.19881E-04  0.10307E-03 -0.86988E+00 -0.10823E-01 -0.75291E+00 
  170.00  0.25439E+00 -0.14375E-02  0.11212E-03 -0.20743E-02  0.87134E+00  0.12358E-04  0.11387E-03 -0.87039E+00 -0.91323E-02 -0.75184E+00 
  171.00  0.25705E+00 -0.55399E-03  0.11611E-03 -0.19285E-02  0.87145E+00  0.72342E-05  0.11294E-03 -0.87077E+00 -0.75427E-02 -0.75066E+00 
  172.00  0.25956E+00  0.28836E-04  0.10993E-03 -0.17939E-02  0.87149E+00  0.39460E-05  0.10354E-03 -0.87105E+00 -0.60683E-02 -0.74940E+00 
  173.00  0.26189E+00  0.35989E-03  0.96594E-04 -0.16719E-02  0.87150E+00  0.19770E-05  0.88663E-04 -0.87122E+00 -0.47232E-02 -0.74811E+00 
  174.00  0.26401E+00  0.49291E-03  0.78934E-04 -0.15639E-02  0.87147E+00  0.89189E-06  0.70933E-04 -0.87131E+00 -0.35215E-02 -0.74684E+00 
  175.00  0.26587E+00  0.48368E-03  0.59510E-04 -0.14710E-02  0.87143E+00  0.35190E-06  0.52550E-04 -0.87135E+00 -0.24769E-02 -0.74564E+00 
  176.00  0.26745E+00  0.38683E-03  0.40546E-04 -0.13939E-02  0.87137E+00  0.11596E-06  0.35299E-04 -0.87134E+00 -0.16022E-02 -0.74458E+00 
  177.00  0.26872E+00  0.25257E-03  0.23882E-04 -0.13334E-02  0.87132E+00  0.29352E-07  0.20564E-04 -0.87131E+00 -0.90888E-03 -0.74369E+00 
  178.00  0.26964E+00  0.12364E-03  0.10955E-04 -0.12898E-02  0.87127E+00  0.47187E-08  0.93584E-05 -0.87127E+00 -0.40642E-03 -0.74302E+00 
  179.00  0.27021E+00  0.32649E-04  0.27896E-05 -0.12636E-02  0.87125E+00  0.25333E-09  0.23719E-05 -0.87125E+00 -0.10198E-03 -0.74261E+00 
  180.00  0.27040E+00  0.82364E-15  0.69559E-16 -0.12548E-02  0.87124E+00  0.14698E-30  0.59048E-16 -0.87124E+00 -0.25306E-14 -0.74247E+00 
 scattering matrix expansion coefficients
    w  a11         a22         a33         a23         a32         a44         a12         a34         a13         a24         a14
    0  0.1000E+01  0.0000E+00  0.0000E+00  0.0000E+00  0.0000E+00  0.8013E+00  0.0000E+00  0.0000E+00  0.0000E+00  0.0000E+00 -0.3641E-03
    1  0.2151E+01  0.0000E+00  0.0000E+00  0.0000E+00  0.0000E+00  0.2288E+01  0.0000E+00  0.0000E+00  0.0000E+00  0.0000E+00  0.7760E-03
    2  0.2856E+01  0.2085E+00  0.3802E+01 -0.8411E-06  0.9199E-03  0.2812E+01 -0.3524E+00 -0.1325E-01  0.4077E-03 -0.8679E-03 -0.1619E-02
    3  0.2987E+01  0.3103E-01  0.3554E+01 -0.1415E-05  0.4461E-02  0.3012E+01 -0.2483E+00  0.2549E-02  0.8638E-03  0.2147E-03 -0.4113E-02
    4  0.2998E+01  0.3976E-01  0.3360E+01 -0.2855E-06  0.2095E-02  0.2980E+01 -0.2164E+00 -0.2699E-01 -0.5239E-03 -0.1236E-02 -0.3781E-02
    5  0.2894E+01  0.7301E-02  0.3150E+01  0.9923E-06 -0.1135E-02  0.2912E+01 -0.1747E+00 -0.4189E-01 -0.5244E-03  0.5340E-03 -0.3171E-02
    6  0.2829E+01  0.2188E-01  0.2987E+01 -0.4092E-06 -0.2164E-02  0.2805E+01 -0.1166E+00 -0.4763E-01 -0.1979E-03 -0.3286E-03 -0.3268E-02
    7  0.2721E+01  0.1370E-02  0.2852E+01  0.6277E-06 -0.3644E-02  0.2723E+01 -0.8887E-01 -0.4013E-01  0.2507E-03 -0.9610E-03 -0.4641E-02
    8  0.2609E+01  0.4327E-02  0.2713E+01  0.3323E-06 -0.5726E-02  0.2609E+01 -0.6610E-01 -0.4411E-01 -0.8221E-03  0.6126E-04 -0.3895E-02
    9  0.2473E+01  0.6396E-02  0.2557E+01  0.1700E-05 -0.5778E-02  0.2461E+01 -0.4732E-01 -0.3425E-01 -0.2770E-03  0.3444E-03 -0.2157E-02
   10  0.2306E+01  0.1098E-02  0.2379E+01  0.1376E-05 -0.3641E-02  0.2297E+01 -0.5296E-01 -0.3134E-01  0.7998E-03  0.2149E-03 -0.1763E-02
   11  0.2136E+01 -0.6919E-02  0.2200E+01  0.7439E-06 -0.1720E-02  0.2146E+01 -0.6654E-01 -0.4412E-01  0.1121E-03 -0.2747E-03 -0.1883E-02
   12  0.2017E+01  0.1127E-02  0.2060E+01  0.1015E-05  0.5601E-04  0.2016E+01 -0.4534E-01 -0.5653E-01 -0.4646E-04 -0.2651E-03 -0.1583E-02
   13  0.1916E+01  0.5192E-02  0.1947E+01  0.9610E-07  0.1746E-02  0.1904E+01 -0.1727E-01 -0.5496E-01  0.1531E-03 -0.1133E-03 -0.1203E-02
   14  0.1790E+01  0.1403E-02  0.1822E+01  0.3847E-06  0.2860E-02  0.1781E+01 -0.1565E-01 -0.4757E-01  0.2456E-03  0.1997E-03 -0.8171E-03
   15  0.1639E+01 -0.3064E-02  0.1673E+01  0.5773E-06  0.3100E-02  0.1639E+01 -0.2974E-01 -0.4451E-01 -0.1675E-03  0.3388E-04 -0.6610E-03
   16  0.1492E+01 -0.1374E-02  0.1521E+01  0.1235E-06  0.3446E-02  0.1492E+01 -0.2928E-01 -0.4411E-01 -0.3201E-03 -0.1871E-03 -0.4963E-03
   17  0.1347E+01  0.1409E-02  0.1371E+01  0.4864E-08  0.4123E-02  0.1343E+01 -0.1665E-01 -0.3821E-01 -0.1216E-03 -0.2375E-03 -0.3758E-03
   18  0.1183E+01  0.1908E-02  0.1207E+01  0.9926E-07  0.4354E-02  0.1179E+01 -0.9475E-02 -0.2739E-01  0.2119E-04 -0.1730E-03 -0.4030E-03
   19  0.9920E+00  0.1650E-03  0.1017E+01  0.2199E-06  0.3632E-02  0.9912E+00 -0.1451E-01 -0.1810E-01 -0.7699E-04 -0.4210E-04 -0.4919E-03
   20  0.7889E+00 -0.3820E-03  0.8129E+00  0.9478E-07  0.2221E-02  0.7895E+00 -0.2098E-01 -0.1253E-01 -0.2582E-03  0.2992E-04 -0.5303E-03
   21  0.5945E+00 -0.1083E-03  0.6146E+00 -0.1807E-07  0.9056E-03  0.5947E+00 -0.2259E-01 -0.7795E-02 -0.3067E-03  0.3983E-04 -0.5075E-03
   22  0.4230E+00  0.1872E-03  0.4387E+00 -0.7645E-07  0.1253E-03  0.4227E+00 -0.2081E-01 -0.2637E-02 -0.2221E-03  0.9783E-05 -0.4494E-03
   23  0.2807E+00  0.3116E-04  0.2926E+00 -0.9719E-07 -0.1493E-03  0.2807E+00 -0.1903E-01  0.1596E-02 -0.1075E-03 -0.1787E-05 -0.3442E-03
   24  0.1714E+00 -0.2912E-04  0.1798E+00 -0.3102E-07 -0.1690E-03  0.1717E+00 -0.1694E-01  0.3433E-02 -0.3819E-04 -0.6324E-05 -0.2281E-03
   25  0.9521E-01  0.6708E-04  0.1004E+00  0.2190E-07 -0.1136E-03  0.9536E-01 -0.1365E-01  0.3218E-02 -0.6577E-05 -0.4080E-05 -0.1245E-03
   26  0.4784E-01  0.1991E-03  0.5060E-01  0.3322E-07 -0.6194E-04  0.4772E-01 -0.9461E-02  0.2144E-02  0.2545E-05 -0.2072E-05 -0.5414E-04
   27  0.2169E-01  0.2262E-03  0.2294E-01  0.2077E-07 -0.2823E-04  0.2144E-01 -0.5602E-02  0.1141E-02  0.3450E-05 -0.1605E-05 -0.1905E-04
   28  0.8887E-02  0.1749E-03  0.9366E-02  0.9146E-08 -0.1136E-04  0.8659E-02 -0.2849E-02  0.5074E-03  0.2160E-05 -0.9519E-06 -0.5214E-05
   29  0.3299E-02  0.1031E-03  0.3454E-02  0.3676E-08 -0.3886E-05  0.3152E-02 -0.1261E-02  0.1952E-03  0.9970E-06 -0.4763E-06 -0.9998E-06
   30  0.1114E-02  0.4997E-04  0.1155E-02  0.1494E-08 -0.1153E-05  0.1039E-02 -0.4911E-03  0.6581E-04  0.3706E-06 -0.1987E-06 -0.3175E-07
   31  0.3433E-03  0.2050E-04  0.3519E-03  0.5908E-09 -0.3012E-06  0.3114E-03 -0.1703E-03  0.1983E-04  0.1114E-06 -0.6877E-07  0.6532E-07
   32  0.9692E-04  0.7333E-05  0.9803E-04  0.2092E-09 -0.7252E-07  0.8523E-04 -0.5301E-04  0.5349E-05  0.3236E-07 -0.1802E-07  0.2197E-07
   33  0.2514E-04  0.2314E-05  0.2505E-04  0.6383E-10 -0.1184E-07  0.2137E-04 -0.1492E-04  0.1308E-05  0.5277E-08 -0.1334E-08 -0.1702E-08
   34  0.6006E-05  0.6536E-06  0.5892E-05  0.1590E-10 -0.5413E-09  0.4925E-05 -0.3818E-05  0.2894E-06 -0.4116E-10  0.7586E-09 -0.2620E-08
   35  0.1322E-05  0.1660E-06  0.1276E-05  0.3171E-11  0.5988E-09  0.1044E-05 -0.8911E-06  0.5892E-07 -0.3901E-09  0.3297E-09 -0.7561E-09
   36  0.2700E-06  0.3809E-07  0.2564E-06  0.6672E-12  0.2500E-09  0.2054E-06 -0.1907E-06  0.1122E-07 -0.1528E-09  0.8049E-10 -0.1298E-09
   37  0.5028E-07  0.7909E-08  0.4690E-07  0.1588E-12  0.7459E-10  0.3673E-07 -0.3713E-07  0.1956E-08 -0.4087E-10  0.7491E-11 -0.5350E-11
   38  0.9231E-08  0.1552E-08  0.8515E-08  0.2848E-13  0.1486E-10  0.6551E-08 -0.6988E-08  0.3615E-09 -0.7882E-11 -0.8311E-12  0.6396E-11
   39  0.1377E-08  0.2538E-09  0.1244E-08  0.4158E-14  0.2851E-11  0.9376E-09 -0.1083E-08  0.4998E-10 -0.1381E-11 -0.7370E-12  0.1994E-11
   40  0.2771E-09  0.5201E-10  0.2502E-09  0.1117E-14  0.6118E-12  0.1860E-09 -0.2185E-09  0.9851E-11 -0.2909E-12 -0.1294E-12  0.3847E-12
   41  0.2460E-10  0.5119E-11  0.2151E-10  0.2411E-15  0.7116E-13  0.1567E-10 -0.2023E-10  0.7887E-12 -0.3255E-13 -0.3128E-13  0.6509E-13
   42  0.7081E-11  0.1454E-11  0.6248E-11  0.5168E-16  0.1169E-13  0.4496E-11 -0.5761E-11  0.1999E-12 -0.5726E-14 -0.3848E-14  0.9183E-14
   43  0.2141E-12  0.4860E-13  0.1788E-12  0.3639E-17  0.5912E-15  0.1313E-12 -0.1797E-12  0.5077E-14 -0.2809E-15 -0.4493E-15  0.7792E-15
   44  0.1563E-12  0.3613E-13  0.1364E-12  0.1298E-18  0.1004E-15  0.9293E-13 -0.1328E-12  0.3438E-14 -0.5278E-16 -0.7314E-16  0.1400E-15
