 input file is 
mstm1_512_5795_18_00226.inp   
 input file comments follow:
***********************************************************
  This is the default mstm input file for v.3.0.
  The run is for a 7-sphere cluster of identical spheres.   The positions
  are embedded in the input file.

  The run makes use of the new_run and multiple_run options.

  14 April 2013
***********************************************************
 number of processors:
   1
 input parameters for run number 
    1
 number of spheres, volume size parameter:
  512  0.46360E+01
 position file:
position/n512/a1.out                                        
 output file:
output/512/x5795/18/00226/mt_1_512_5795_18_00226.dat        
 length, ref. indx. scale factors:
   0.580   1.800   0.023
 chiral factors:
  0.00000E+00  0.00000E+00
 scattering matrix directions based on incident frame
 automatic scattering angle calculation
 thetamin, thetamax:
      0.0    180.0
 number scattering angles:
      181
 epsmie, epssoln, max number iterations:
  0.1000E-05  0.1000E-07 5000
 medium refractive index:
  1.0000  0.0000
 target euler rotation angles:
    0.0000    0.0000    0.0000
 far field kr, iterations/correction:
 -0.1000E+01   20
 plane wave incidence
 random orientation calculations
 t matrix calculated, stored in file 
tmatrixfiles/151257951800226                                
 t matrix convergence epsilon:
  0.1000E-06
 all spheres excited (total T matrix) 
 calculation results for run 
    1
 total ext, abs, scat efficiencies, w.r.t. xv, and asym. parm
  0.44456E+01  0.27556E+00  0.41701E+01  0.76708E+00
 scattering matrix elements (normalized w/ S11)
   theta      11           12           13           14           22           23           24           33           34           44      
    0.00  0.10714E+03  0.00000E+00  0.00000E+00 -0.10181E-03  0.99984E+00  0.15422E-04  0.00000E+00  0.99984E+00  0.00000E+00  0.99970E+00 
    1.00  0.10525E+03 -0.92988E-04 -0.56946E-08 -0.98177E-04  0.99984E+00  0.23379E-04 -0.33711E-07  0.99984E+00  0.58254E-04  0.99969E+00 
    2.00  0.99818E+02 -0.37766E-03 -0.28064E-07 -0.87301E-04  0.99983E+00  0.47306E-04 -0.13150E-06  0.99983E+00  0.23025E-03  0.99967E+00 
    3.00  0.91441E+02 -0.87216E-03 -0.82804E-07 -0.69340E-04  0.99981E+00  0.87289E-04 -0.28193E-06  0.99981E+00  0.50686E-03  0.99963E+00 
    4.00  0.81014E+02 -0.16101E-02 -0.19523E-06 -0.44729E-04  0.99977E+00  0.14321E-03 -0.46093E-06  0.99977E+00  0.87012E-03  0.99956E+00 
    5.00  0.69560E+02 -0.26450E-02 -0.39788E-06 -0.14484E-04  0.99973E+00  0.21428E-03 -0.62340E-06  0.99972E+00  0.12891E-02  0.99947E+00 
    6.00  0.58067E+02 -0.40548E-02 -0.72453E-06  0.19326E-04  0.99966E+00  0.29820E-03 -0.69010E-06  0.99965E+00  0.17149E-02  0.99933E+00 
    7.00  0.47351E+02 -0.59425E-02 -0.11980E-05  0.52956E-04  0.99956E+00  0.39009E-03 -0.53055E-06  0.99954E+00  0.20772E-02  0.99914E+00 
    8.00  0.37966E+02 -0.84246E-02 -0.18090E-05  0.80460E-04  0.99943E+00  0.48122E-03  0.52762E-07  0.99940E+00  0.22875E-02  0.99888E+00 
    9.00  0.30178E+02 -0.11598E-01 -0.24896E-05  0.93810E-04  0.99926E+00  0.55856E-03  0.13256E-05  0.99921E+00  0.22584E-02  0.99853E+00 
   10.00  0.23996E+02 -0.15486E-01 -0.30934E-05  0.84526E-04  0.99904E+00  0.60660E-03  0.35881E-05  0.99897E+00  0.19438E-02  0.99808E+00 
   11.00  0.19239E+02 -0.19980E-01 -0.34094E-05  0.47146E-04  0.99878E+00  0.61239E-03  0.70967E-05  0.99868E+00  0.13885E-02  0.99755E+00 
   12.00  0.15626E+02 -0.24840E-01 -0.32235E-05 -0.16885E-04  0.99846E+00  0.57221E-03  0.11972E-04  0.99835E+00  0.75068E-03  0.99693E+00 
   13.00  0.12857E+02 -0.29775E-01 -0.24003E-05 -0.97820E-04  0.99810E+00  0.49516E-03  0.18154E-04  0.99798E+00  0.26111E-03  0.99623E+00 
   14.00  0.10672E+02 -0.34570E-01 -0.92908E-06 -0.18008E-03  0.99769E+00  0.40040E-03  0.25425E-04  0.99756E+00  0.13465E-03  0.99544E+00 
   15.00  0.88834E+01 -0.39172E-01  0.10864E-05 -0.24642E-03  0.99721E+00  0.31063E-03  0.33439E-04  0.99707E+00  0.48979E-03  0.99453E+00 
   16.00  0.73767E+01 -0.43705E-01  0.34515E-05 -0.28062E-03  0.99664E+00  0.24707E-03  0.41654E-04  0.99647E+00  0.13139E-02  0.99343E+00 
   17.00  0.60982E+01 -0.48421E-01  0.58567E-05 -0.26814E-03  0.99595E+00  0.22811E-03  0.49158E-04  0.99570E+00  0.24619E-02  0.99206E+00 
   18.00  0.50296E+01 -0.53653E-01  0.77854E-05 -0.19691E-03  0.99512E+00  0.26952E-03  0.54479E-04  0.99471E+00  0.36654E-02  0.99037E+00 
   19.00  0.41652E+01 -0.59733E-01  0.83984E-05 -0.60842E-04  0.99416E+00  0.38254E-03  0.55619E-04  0.99345E+00  0.45576E-02  0.98830E+00 
   20.00  0.34954E+01 -0.66870E-01  0.65278E-05  0.13317E-03  0.99311E+00  0.56760E-03  0.50658E-04  0.99193E+00  0.47539E-02  0.98589E+00 
   21.00  0.29999E+01 -0.75012E-01  0.94706E-06  0.35925E-03  0.99203E+00  0.80615E-03  0.39009E-04  0.99020E+00  0.40063E-02  0.98329E+00 
   22.00  0.26481E+01 -0.83797E-01 -0.90886E-05  0.57568E-03  0.99103E+00  0.10590E-02  0.22632E-04  0.98841E+00  0.23612E-02  0.98068E+00 
   23.00  0.24033E+01 -0.92692E-01 -0.23389E-04  0.74037E-03  0.99015E+00  0.12778E-02  0.59444E-05  0.98667E+00  0.17060E-03  0.97826E+00 
   24.00  0.22300E+01 -0.10124E+00 -0.40867E-04  0.82800E-03  0.98941E+00  0.14227E-02 -0.58788E-05  0.98507E+00 -0.20887E-02  0.97609E+00 
   25.00  0.20979E+01 -0.10925E+00 -0.59996E-04  0.83590E-03  0.98877E+00  0.14734E-02 -0.89666E-05  0.98360E+00 -0.40417E-02  0.97416E+00 
   26.00  0.19855E+01 -0.11675E+00 -0.79277E-04  0.77770E-03  0.98818E+00  0.14284E-02 -0.18545E-05  0.98221E+00 -0.55262E-02  0.97236E+00 
   27.00  0.18799E+01 -0.12393E+00 -0.97453E-04  0.67321E-03  0.98762E+00  0.12978E-02  0.14464E-04  0.98082E+00 -0.65758E-02  0.97061E+00 
   28.00  0.17761E+01 -0.13105E+00 -0.11354E-03  0.54119E-03  0.98707E+00  0.10974E-02  0.36987E-04  0.97934E+00 -0.73467E-02  0.96882E+00 
   29.00  0.16748E+01 -0.13835E+00 -0.12685E-03  0.39581E-03  0.98656E+00  0.84660E-03  0.61322E-04  0.97772E+00 -0.80466E-02  0.96694E+00 
   30.00  0.15802E+01 -0.14609E+00 -0.13705E-03  0.24564E-03  0.98610E+00  0.56727E-03  0.82524E-04  0.97591E+00 -0.88763E-02  0.96497E+00 
   31.00  0.14977E+01 -0.15448E+00 -0.14436E-03  0.94270E-04  0.98575E+00  0.28461E-03  0.96278E-04  0.97391E+00 -0.99800E-02  0.96291E+00 
   32.00  0.14321E+01 -0.16371E+00 -0.14966E-03 -0.57940E-04  0.98553E+00  0.25874E-04  0.10032E-03  0.97172E+00 -0.11403E-01  0.96080E+00 
   33.00  0.13861E+01 -0.17389E+00 -0.15445E-03 -0.21118E-03  0.98545E+00 -0.18328E-03  0.95506E-04  0.96936E+00 -0.13070E-01  0.95864E+00 
   34.00  0.13593E+01 -0.18501E+00 -0.16045E-03 -0.36381E-03  0.98549E+00 -0.32459E-03  0.85716E-04  0.96687E+00 -0.14803E-01  0.95643E+00 
   35.00  0.13476E+01 -0.19699E+00 -0.16901E-03 -0.51143E-03  0.98557E+00 -0.39218E-03  0.76256E-04  0.96425E+00 -0.16385E-01  0.95411E+00 
   36.00  0.13444E+01 -0.20966E+00 -0.18048E-03 -0.64790E-03  0.98564E+00 -0.39347E-03  0.71603E-04  0.96146E+00 -0.17628E-01  0.95159E+00 
   37.00  0.13410E+01 -0.22288E+00 -0.19397E-03 -0.76710E-03  0.98560E+00 -0.34564E-03  0.73766E-04  0.95844E+00 -0.18421E-01  0.94875E+00 
   38.00  0.13289E+01 -0.23650E+00 -0.20743E-03 -0.86420E-03  0.98541E+00 -0.27038E-03  0.81900E-04  0.95511E+00 -0.18723E-01  0.94548E+00 
   39.00  0.13013E+01 -0.25045E+00 -0.21778E-03 -0.93578E-03  0.98499E+00 -0.18988E-03  0.92834E-04  0.95138E+00 -0.18544E-01  0.94167E+00 
   40.00  0.12545E+01 -0.26467E+00 -0.22110E-03 -0.97911E-03  0.98432E+00 -0.12483E-03  0.10186E-03  0.94715E+00 -0.17909E-01  0.93721E+00 
   41.00  0.11886E+01 -0.27912E+00 -0.21281E-03 -0.99141E-03  0.98336E+00 -0.93834E-04  0.10342E-03  0.94235E+00 -0.16853E-01  0.93203E+00 
   42.00  0.11072E+01 -0.29375E+00 -0.18797E-03 -0.96958E-03  0.98208E+00 -0.11270E-03  0.91662E-04  0.93688E+00 -0.15418E-01  0.92603E+00 
   43.00  0.10164E+01 -0.30850E+00 -0.14210E-03 -0.91099E-03  0.98045E+00 -0.19254E-03  0.61350E-04  0.93070E+00 -0.13670E-01  0.91916E+00 
   44.00  0.92377E+00 -0.32326E+00 -0.72642E-04 -0.81565E-03  0.97850E+00 -0.33603E-03  0.92934E-05  0.92380E+00 -0.11733E-01  0.91142E+00 
   45.00  0.83629E+00 -0.33794E+00  0.18858E-04 -0.68977E-03  0.97627E+00 -0.53225E-03 -0.63458E-04  0.91622E+00 -0.98008E-02  0.90290E+00 
   46.00  0.75945E+00 -0.35245E+00  0.12473E-03 -0.54920E-03  0.97388E+00 -0.75303E-03 -0.14939E-03  0.90811E+00 -0.81343E-02  0.89379E+00 
   47.00  0.69635E+00 -0.36674E+00  0.23100E-03 -0.42015E-03  0.97150E+00 -0.95513E-03 -0.23399E-03  0.89968E+00 -0.69992E-02  0.88438E+00 
   48.00  0.64751E+00 -0.38085E+00  0.32065E-03 -0.33386E-03  0.96931E+00 -0.10917E-02 -0.29868E-03  0.89118E+00 -0.65607E-02  0.87499E+00 
   49.00  0.61130E+00 -0.39487E+00  0.37969E-03 -0.31598E-03  0.96745E+00 -0.11291E-02 -0.32710E-03  0.88276E+00 -0.67899E-02  0.86587E+00 
   50.00  0.58463E+00 -0.40890E+00  0.40259E-03 -0.37633E-03  0.96593E+00 -0.10586E-02 -0.31131E-03  0.87448E+00 -0.74559E-02  0.85705E+00 
   51.00  0.56387E+00 -0.42300E+00  0.39343E-03 -0.50514E-03  0.96469E+00 -0.89596E-03 -0.25420E-03  0.86624E+00 -0.82132E-02  0.84844E+00 
   52.00  0.54567E+00 -0.43721E+00  0.36288E-03 -0.67650E-03  0.96359E+00 -0.67011E-03 -0.16750E-03  0.85788E+00 -0.87294E-02  0.83980E+00 
   53.00  0.52757E+00 -0.45152E+00  0.32359E-03 -0.85520E-03  0.96250E+00 -0.41138E-03 -0.67835E-04  0.84919E+00 -0.87843E-02  0.83089E+00 
   54.00  0.50832E+00 -0.46594E+00  0.28644E-03 -0.10031E-02  0.96130E+00 -0.14395E-03  0.26897E-04  0.83998E+00 -0.83195E-02  0.82147E+00 
   55.00  0.48784E+00 -0.48053E+00  0.25850E-03 -0.10843E-02  0.95996E+00  0.11554E-03  0.10018E-03  0.83006E+00 -0.74480E-02  0.81133E+00 
   56.00  0.46697E+00 -0.49542E+00  0.24230E-03 -0.10707E-02  0.95846E+00  0.35558E-03  0.13914E-03  0.81927E+00 -0.64339E-02  0.80032E+00 
   57.00  0.44702E+00 -0.51078E+00  0.23610E-03 -0.94836E-03  0.95688E+00  0.56578E-03  0.13698E-03  0.80749E+00 -0.56404E-02  0.78834E+00 
   58.00  0.42932E+00 -0.52683E+00  0.23500E-03 -0.72370E-03  0.95532E+00  0.73372E-03  0.95467E-04  0.79465E+00 -0.54374E-02  0.77536E+00 
   59.00  0.41484E+00 -0.54368E+00  0.23292E-03 -0.42639E-03  0.95389E+00  0.84408E-03  0.25948E-04  0.78076E+00 -0.60806E-02  0.76140E+00 
   60.00  0.40392E+00 -0.56131E+00  0.22490E-03 -0.10438E-03  0.95268E+00  0.88116E-03 -0.52594E-04  0.76592E+00 -0.76068E-02  0.74661E+00 
   61.00  0.39619E+00 -0.57953E+00  0.20882E-03  0.18873E-03  0.95171E+00  0.83349E-03 -0.11862E-03  0.75029E+00 -0.98020E-02  0.73114E+00 
   62.00  0.39075E+00 -0.59799E+00  0.18577E-03  0.40898E-03  0.95096E+00  0.69799E-03 -0.15434E-03  0.73407E+00 -0.12270E-01  0.71517E+00 
   63.00  0.38632E+00 -0.61632E+00  0.15882E-03  0.53273E-03  0.95030E+00  0.48158E-03 -0.15023E-03  0.71740E+00 -0.14563E-01  0.69880E+00 
   64.00  0.38161E+00 -0.63417E+00  0.13133E-03  0.55896E-03  0.94963E+00  0.19976E-03 -0.10638E-03  0.70037E+00 -0.16314E-01  0.68210E+00 
   65.00  0.37557E+00 -0.65132E+00  0.10534E-03  0.50489E-03  0.94883E+00 -0.12646E-03 -0.30857E-04  0.68298E+00 -0.17309E-01  0.66503E+00 
   66.00  0.36757E+00 -0.66764E+00  0.80894E-04  0.39858E-03  0.94779E+00 -0.47360E-03  0.63089E-04  0.66518E+00 -0.17513E-01  0.64752E+00 
   67.00  0.35748E+00 -0.68315E+00  0.56195E-04  0.27190E-03  0.94646E+00 -0.81834E-03  0.16002E-03  0.64685E+00 -0.17045E-01  0.62942E+00 
   68.00  0.34566E+00 -0.69795E+00  0.28393E-04  0.15461E-03  0.94484E+00 -0.11396E-02  0.24499E-03  0.62782E+00 -0.16137E-01  0.61058E+00 
   69.00  0.33277E+00 -0.71221E+00 -0.51594E-05  0.69641E-04  0.94294E+00 -0.14207E-02  0.30614E-03  0.60792E+00 -0.15083E-01  0.59084E+00 
   70.00  0.31960E+00 -0.72614E+00 -0.45477E-04  0.29095E-04  0.94081E+00 -0.16516E-02  0.33707E-03  0.58700E+00 -0.14172E-01  0.57004E+00 
   71.00  0.30690E+00 -0.73993E+00 -0.90741E-04  0.31536E-04  0.93855E+00 -0.18307E-02  0.33870E-03  0.56492E+00 -0.13626E-01  0.54807E+00 
   72.00  0.29519E+00 -0.75371E+00 -0.13584E-03  0.61741E-04  0.93624E+00 -0.19654E-02  0.31986E-03  0.54162E+00 -0.13541E-01  0.52489E+00 
   73.00  0.28471E+00 -0.76749E+00 -0.17302E-03  0.93879E-04  0.93395E+00 -0.20697E-02  0.29559E-03  0.51712E+00 -0.13864E-01  0.50052E+00 
   74.00  0.27543E+00 -0.78119E+00 -0.19370E-03  0.97911E-04  0.93171E+00 -0.21603E-02  0.28356E-03  0.49150E+00 -0.14420E-01  0.47506E+00 
   75.00  0.26710E+00 -0.79460E+00 -0.19070E-03  0.47364E-04  0.92952E+00 -0.22506E-02  0.29932E-03  0.46491E+00 -0.14968E-01  0.44864E+00 
   76.00  0.25937E+00 -0.80746E+00 -0.16025E-03 -0.74003E-04  0.92735E+00 -0.23467E-02  0.35221E-03  0.43748E+00 -0.15282E-01  0.42140E+00 
   77.00  0.25189E+00 -0.81952E+00 -0.10313E-03 -0.26835E-03  0.92514E+00 -0.24446E-02  0.44293E-03  0.40935E+00 -0.15222E-01  0.39350E+00 
   78.00  0.24441E+00 -0.83056E+00 -0.24771E-04 -0.52296E-03  0.92285E+00 -0.25308E-02  0.56301E-03  0.38063E+00 -0.14760E-01  0.36504E+00 
   79.00  0.23682E+00 -0.84044E+00  0.65341E-04 -0.81172E-03  0.92047E+00 -0.25840E-02  0.69594E-03  0.35141E+00 -0.13992E-01  0.33614E+00 
   80.00  0.22920E+00 -0.84908E+00  0.15477E-03 -0.10983E-02  0.91800E+00 -0.25794E-02  0.81931E-03  0.32176E+00 -0.13103E-01  0.30688E+00 
   81.00  0.22172E+00 -0.85651E+00  0.22963E-03 -0.13405E-02  0.91551E+00 -0.24932E-02  0.90795E-03  0.29175E+00 -0.12333E-01  0.27737E+00 
   82.00  0.21466E+00 -0.86282E+00  0.27632E-03 -0.14962E-02  0.91308E+00 -0.23081E-02  0.93768E-03  0.26150E+00 -0.11920E-01  0.24773E+00 
   83.00  0.20827E+00 -0.86813E+00  0.28355E-03 -0.15304E-02  0.91083E+00 -0.20175E-02  0.88977E-03  0.23112E+00 -0.12046E-01  0.21810E+00 
   84.00  0.20279E+00 -0.87262E+00  0.24409E-03 -0.14224E-02  0.90886E+00 -0.16290E-02  0.75504E-03  0.20075E+00 -0.12793E-01  0.18862E+00 
   85.00  0.19834E+00 -0.87644E+00  0.15596E-03 -0.11708E-02  0.90726E+00 -0.11641E-02  0.53651E-03  0.17052E+00 -0.14122E-01  0.15940E+00 
   86.00  0.19495E+00 -0.87972E+00  0.22478E-04 -0.79529E-03  0.90608E+00 -0.65533E-03  0.24962E-03  0.14056E+00 -0.15883E-01  0.13054E+00 
   87.00  0.19257E+00 -0.88251E+00 -0.14881E-03 -0.33265E-03  0.90531E+00 -0.13963E-03 -0.80478E-04  0.11094E+00 -0.17846E-01  0.10207E+00 
   88.00  0.19105E+00 -0.88482E+00 -0.34805E-03  0.17013E-03  0.90492E+00  0.34793E-03 -0.42366E-03  0.81660E-01 -0.19760E-01  0.73979E-01 
   89.00  0.19021E+00 -0.88662E+00 -0.56498E-03  0.66501E-03  0.90482E+00  0.77987E-03 -0.75011E-03  0.52710E-01 -0.21395E-01  0.46208E-01 
   90.00  0.18986E+00 -0.88782E+00 -0.79035E-03  0.11106E-02  0.90494E+00  0.11390E-02 -0.10347E-02  0.24023E-01 -0.22582E-01  0.18678E-01 
   91.00  0.18979E+00 -0.88833E+00 -0.10165E-02  0.14775E-02  0.90519E+00  0.14186E-02 -0.12598E-02 -0.44825E-02 -0.23218E-01 -0.86994E-02 
   92.00  0.18986E+00 -0.88807E+00 -0.12372E-02  0.17502E-02  0.90550E+00  0.16201E-02 -0.14159E-02 -0.32888E-01 -0.23271E-01 -0.36003E-01 
   93.00  0.18991E+00 -0.88696E+00 -0.14468E-02  0.19267E-02  0.90583E+00  0.17508E-02 -0.15015E-02 -0.61267E-01 -0.22759E-01 -0.63295E-01 
   94.00  0.18985E+00 -0.88491E+00 -0.16399E-02  0.20158E-02  0.90611E+00  0.18199E-02 -0.15213E-02 -0.89669E-01 -0.21738E-01 -0.90613E-01 
   95.00  0.18958E+00 -0.88186E+00 -0.18100E-02  0.20343E-02  0.90633E+00  0.18370E-02 -0.14844E-02 -0.11812E+00 -0.20288E-01 -0.11796E+00 
   96.00  0.18904E+00 -0.87775E+00 -0.19499E-02  0.20028E-02  0.90643E+00  0.18096E-02 -0.14026E-02 -0.14661E+00 -0.18499E-01 -0.14533E+00 
   97.00  0.18818E+00 -0.87252E+00 -0.20510E-02  0.19423E-02  0.90639E+00  0.17427E-02 -0.12877E-02 -0.17511E+00 -0.16470E-01 -0.17267E+00 
   98.00  0.18694E+00 -0.86614E+00 -0.21043E-02  0.18712E-02  0.90619E+00  0.16385E-02 -0.11506E-02 -0.20355E+00 -0.14302E-01 -0.19991E+00 
   99.00  0.18531E+00 -0.85856E+00 -0.21005E-02  0.18031E-02  0.90579E+00  0.14969E-02 -0.99950E-03 -0.23187E+00 -0.12098E-01 -0.22697E+00 
  100.00  0.18328E+00 -0.84978E+00 -0.20310E-02  0.17454E-02  0.90518E+00  0.13168E-02 -0.83912E-03 -0.25996E+00 -0.99641E-02 -0.25375E+00 
  101.00  0.18085E+00 -0.83979E+00 -0.18886E-02  0.16995E-02  0.90435E+00  0.10967E-02 -0.67058E-03 -0.28772E+00 -0.80006E-02 -0.28017E+00 
  102.00  0.17807E+00 -0.82863E+00 -0.16687E-02  0.16610E-02  0.90330E+00  0.83677E-03 -0.49131E-03 -0.31506E+00 -0.63038E-02 -0.30611E+00 
  103.00  0.17501E+00 -0.81636E+00 -0.13701E-02  0.16209E-02  0.90205E+00  0.53916E-03 -0.29572E-03 -0.34190E+00 -0.49577E-02 -0.33151E+00 
  104.00  0.17174E+00 -0.80305E+00 -0.99589E-03  0.15676E-02  0.90063E+00  0.20947E-03 -0.76073E-04 -0.36815E+00 -0.40273E-02 -0.35630E+00 
  105.00  0.16838E+00 -0.78883E+00 -0.55422E-03  0.14887E-02  0.89910E+00 -0.14296E-03  0.17627E-03 -0.39377E+00 -0.35510E-02 -0.38042E+00 
  106.00  0.16504E+00 -0.77382E+00 -0.58626E-04  0.13733E-02  0.89752E+00 -0.50492E-03  0.46932E-03 -0.41872E+00 -0.35348E-02 -0.40386E+00 
  107.00  0.16183E+00 -0.75817E+00  0.47215E-03  0.12137E-02  0.89597E+00 -0.86007E-03  0.80893E-03 -0.44301E+00 -0.39491E-02 -0.42662E+00 
  108.00  0.15885E+00 -0.74201E+00  0.10150E-02  0.10068E-02  0.89450E+00 -0.11901E-02  0.11972E-02 -0.46665E+00 -0.47303E-02 -0.44872E+00 
  109.00  0.15619E+00 -0.72549E+00  0.15443E-02  0.75528E-03  0.89321E+00 -0.14767E-02  0.16313E-02 -0.48966E+00 -0.57868E-02 -0.47019E+00 
  110.00  0.15391E+00 -0.70871E+00  0.20336E-02  0.46731E-03  0.89213E+00 -0.17034E-02  0.21028E-02 -0.51208E+00 -0.70109E-02 -0.49106E+00 
  111.00  0.15203E+00 -0.69176E+00  0.24587E-02  0.15567E-03  0.89132E+00 -0.18581E-02  0.25976E-02 -0.53393E+00 -0.82928E-02 -0.51136E+00 
  112.00  0.15057E+00 -0.67469E+00  0.27999E-02 -0.16382E-03  0.89079E+00 -0.19341E-02  0.30972E-02 -0.55521E+00 -0.95352E-02 -0.53109E+00 
  113.00  0.14951E+00 -0.65754E+00  0.30433E-02 -0.47434E-03  0.89052E+00 -0.19309E-02  0.35796E-02 -0.57591E+00 -0.10665E-01 -0.55023E+00 
  114.00  0.14882E+00 -0.64030E+00  0.31824E-02 -0.76011E-03  0.89052E+00 -0.18541E-02  0.40218E-02 -0.59600E+00 -0.11638E-01 -0.56876E+00 
  115.00  0.14845E+00 -0.62300E+00  0.32176E-02 -0.10081E-02  0.89072E+00 -0.17142E-02  0.44016E-02 -0.61542E+00 -0.12444E-01 -0.58661E+00 
  116.00  0.14834E+00 -0.60564E+00  0.31554E-02 -0.12091E-02  0.89110E+00 -0.15247E-02  0.46999E-02 -0.63411E+00 -0.13095E-01 -0.60373E+00 
  117.00  0.14845E+00 -0.58823E+00  0.30071E-02 -0.13584E-02  0.89160E+00 -0.13005E-02  0.49016E-02 -0.65200E+00 -0.13626E-01 -0.62004E+00 
  118.00  0.14873E+00 -0.57080E+00  0.27872E-02 -0.14557E-02  0.89220E+00 -0.10562E-02  0.49973E-02 -0.66902E+00 -0.14075E-01 -0.63549E+00 
  119.00  0.14913E+00 -0.55340E+00  0.25114E-02 -0.15045E-02  0.89284E+00 -0.80467E-03  0.49837E-02 -0.68514E+00 -0.14485E-01 -0.65003E+00 
  120.00  0.14961E+00 -0.53607E+00  0.21958E-02 -0.15116E-02  0.89351E+00 -0.55661E-03  0.48636E-02 -0.70031E+00 -0.14886E-01 -0.66365E+00 
  121.00  0.15015E+00 -0.51887E+00  0.18556E-02 -0.14858E-02  0.89420E+00 -0.31990E-03  0.46458E-02 -0.71454E+00 -0.15301E-01 -0.67635E+00 
  122.00  0.15072E+00 -0.50184E+00  0.15043E-02 -0.14372E-02  0.89488E+00 -0.99925E-04  0.43442E-02 -0.72783E+00 -0.15737E-01 -0.68816E+00 
  123.00  0.15132E+00 -0.48504E+00  0.11536E-02 -0.13761E-02  0.89556E+00  0.10011E-03  0.39768E-02 -0.74022E+00 -0.16188E-01 -0.69912E+00 
  124.00  0.15194E+00 -0.46849E+00  0.81341E-03 -0.13123E-02  0.89624E+00  0.27873E-03  0.35643E-02 -0.75176E+00 -0.16642E-01 -0.70929E+00 
  125.00  0.15257E+00 -0.45221E+00  0.49161E-03 -0.12541E-02  0.89692E+00  0.43561E-03  0.31288E-02 -0.76252E+00 -0.17077E-01 -0.71874E+00 
  126.00  0.15321E+00 -0.43620E+00  0.19471E-03 -0.12077E-02  0.89760E+00  0.57122E-03  0.26917E-02 -0.77257E+00 -0.17472E-01 -0.72756E+00 
  127.00  0.15385E+00 -0.42044E+00 -0.71984E-04 -0.11773E-02  0.89828E+00  0.68641E-03  0.22727E-02 -0.78198E+00 -0.17809E-01 -0.73581E+00 
  128.00  0.15449E+00 -0.40492E+00 -0.30408E-03 -0.11644E-02  0.89896E+00  0.78218E-03  0.18881E-02 -0.79082E+00 -0.18072E-01 -0.74357E+00 
  129.00  0.15513E+00 -0.38962E+00 -0.49783E-03 -0.11681E-02  0.89965E+00  0.85954E-03  0.15504E-02 -0.79916E+00 -0.18255E-01 -0.75089E+00 
  130.00  0.15577E+00 -0.37449E+00 -0.65003E-03 -0.11855E-02  0.90034E+00  0.91936E-03  0.12673E-02 -0.80705E+00 -0.18357E-01 -0.75782E+00 
  131.00  0.15639E+00 -0.35953E+00 -0.75792E-03 -0.12119E-02  0.90102E+00  0.96239E-03  0.10421E-02 -0.81453E+00 -0.18382E-01 -0.76438E+00 
  132.00  0.15701E+00 -0.34472E+00 -0.81930E-03 -0.12418E-02  0.90169E+00  0.98920E-03  0.87375E-03 -0.82163E+00 -0.18339E-01 -0.77059E+00 
  133.00  0.15762E+00 -0.33003E+00 -0.83265E-03 -0.12692E-02  0.90234E+00  0.10003E-02  0.75795E-03 -0.82837E+00 -0.18241E-01 -0.77647E+00 
  134.00  0.15822E+00 -0.31549E+00 -0.79742E-03 -0.12886E-02  0.90296E+00  0.99607E-03  0.68789E-03 -0.83476E+00 -0.18099E-01 -0.78200E+00 
  135.00  0.15880E+00 -0.30111E+00 -0.71428E-03 -0.12954E-02  0.90354E+00  0.97725E-03  0.65532E-03 -0.84081E+00 -0.17924E-01 -0.78718E+00 
  136.00  0.15938E+00 -0.28690E+00 -0.58542E-03 -0.12863E-02  0.90408E+00  0.94476E-03  0.65158E-03 -0.84651E+00 -0.17725E-01 -0.79199E+00 
  137.00  0.15995E+00 -0.27289E+00 -0.41482E-03 -0.12595E-02  0.90458E+00  0.90002E-03  0.66830E-03 -0.85186E+00 -0.17509E-01 -0.79641E+00 
  138.00  0.16052E+00 -0.25912E+00 -0.20837E-03 -0.12146E-02  0.90503E+00  0.84507E-03  0.69802E-03 -0.85685E+00 -0.17278E-01 -0.80045E+00 
  139.00  0.16110E+00 -0.24563E+00  0.26188E-04 -0.11520E-02  0.90542E+00  0.78260E-03  0.73437E-03 -0.86148E+00 -0.17035E-01 -0.80408E+00 
  140.00  0.16169E+00 -0.23244E+00  0.27948E-03 -0.10729E-02  0.90576E+00  0.71582E-03  0.77216E-03 -0.86574E+00 -0.16779E-01 -0.80731E+00 
  141.00  0.16230E+00 -0.21958E+00  0.54098E-03 -0.97838E-03  0.90605E+00  0.64836E-03  0.80713E-03 -0.86965E+00 -0.16510E-01 -0.81014E+00 
  142.00  0.16294E+00 -0.20708E+00  0.79971E-03 -0.86930E-03  0.90630E+00  0.58389E-03  0.83573E-03 -0.87321E+00 -0.16226E-01 -0.81258E+00 
  143.00  0.16361E+00 -0.19496E+00  0.10450E-02 -0.74576E-03  0.90650E+00  0.52589E-03  0.85485E-03 -0.87642E+00 -0.15928E-01 -0.81466E+00 
  144.00  0.16431E+00 -0.18321E+00  0.12674E-02 -0.60733E-03  0.90667E+00  0.47719E-03  0.86170E-03 -0.87932E+00 -0.15615E-01 -0.81640E+00 
  145.00  0.16504E+00 -0.17183E+00  0.14593E-02 -0.45317E-03  0.90680E+00  0.43975E-03  0.85377E-03 -0.88191E+00 -0.15289E-01 -0.81784E+00 
  146.00  0.16582E+00 -0.16082E+00  0.16157E-02 -0.28250E-03  0.90690E+00  0.41441E-03  0.82897E-03 -0.88423E+00 -0.14950E-01 -0.81899E+00 
  147.00  0.16664E+00 -0.15016E+00  0.17344E-02 -0.95043E-04  0.90698E+00  0.40080E-03  0.78587E-03 -0.88630E+00 -0.14602E-01 -0.81990E+00 
  148.00  0.16750E+00 -0.13983E+00  0.18161E-02  0.10860E-03  0.90704E+00  0.39736E-03  0.72392E-03 -0.88815E+00 -0.14246E-01 -0.82060E+00 
  149.00  0.16840E+00 -0.12982E+00  0.18639E-02  0.32664E-03  0.90708E+00  0.40158E-03  0.64370E-03 -0.88981E+00 -0.13887E-01 -0.82113E+00 
  150.00  0.16934E+00 -0.12012E+00  0.18829E-02  0.55610E-03  0.90711E+00  0.41022E-03  0.54690E-03 -0.89129E+00 -0.13526E-01 -0.82150E+00 
  151.00  0.17032E+00 -0.11070E+00  0.18795E-02  0.79298E-03  0.90714E+00  0.41970E-03  0.43628E-03 -0.89263E+00 -0.13167E-01 -0.82174E+00 
  152.00  0.17135E+00 -0.10157E+00  0.18602E-02  0.10326E-02  0.90715E+00  0.42654E-03  0.31539E-03 -0.89384E+00 -0.12810E-01 -0.82188E+00 
  153.00  0.17241E+00 -0.92724E-01  0.18312E-02  0.12700E-02  0.90715E+00  0.42774E-03  0.18823E-03 -0.89494E+00 -0.12456E-01 -0.82192E+00 
  154.00  0.17352E+00 -0.84163E-01  0.17976E-02  0.15005E-02  0.90714E+00  0.42108E-03  0.58859E-04 -0.89594E+00 -0.12102E-01 -0.82187E+00 
  155.00  0.17468E+00 -0.75900E-01  0.17628E-02  0.17198E-02  0.90711E+00  0.40540E-03 -0.68910E-04 -0.89685E+00 -0.11746E-01 -0.82173E+00 
  156.00  0.17587E+00 -0.67948E-01  0.17287E-02  0.19246E-02  0.90707E+00  0.38066E-03 -0.19174E-03 -0.89768E+00 -0.11383E-01 -0.82151E+00 
  157.00  0.17712E+00 -0.60326E-01  0.16952E-02  0.21122E-02  0.90701E+00  0.34788E-03 -0.30685E-03 -0.89843E+00 -0.11007E-01 -0.82121E+00 
  158.00  0.17840E+00 -0.53056E-01  0.16611E-02  0.22809E-02  0.90692E+00  0.30892E-03 -0.41195E-03 -0.89910E+00 -0.10614E-01 -0.82082E+00 
  159.00  0.17974E+00 -0.46160E-01  0.16244E-02  0.24296E-02  0.90680E+00  0.26616E-03 -0.50511E-03 -0.89968E+00 -0.10196E-01 -0.82033E+00 
  160.00  0.18113E+00 -0.39663E-01  0.15826E-02  0.25576E-02  0.90664E+00  0.22217E-03 -0.58468E-03 -0.90019E+00 -0.97495E-02 -0.81974E+00 
  161.00  0.18256E+00 -0.33587E-01  0.15333E-02  0.26648E-02  0.90644E+00  0.17934E-03 -0.64918E-03 -0.90062E+00 -0.92716E-02 -0.81905E+00 
  162.00  0.18405E+00 -0.27952E-01  0.14746E-02  0.27515E-02  0.90619E+00  0.13962E-03 -0.69732E-03 -0.90095E+00 -0.87611E-02 -0.81825E+00 
  163.00  0.18558E+00 -0.22776E-01  0.14053E-02  0.28185E-02  0.90589E+00  0.10440E-03 -0.72814E-03 -0.90121E+00 -0.82192E-02 -0.81734E+00 
  164.00  0.18716E+00 -0.18073E-01  0.13251E-02  0.28672E-02  0.90554E+00  0.74431E-04 -0.74116E-03 -0.90137E+00 -0.76490E-02 -0.81631E+00 
  165.00  0.18879E+00 -0.13853E-01  0.12342E-02  0.28993E-02  0.90513E+00  0.49949E-04 -0.73654E-03 -0.90146E+00 -0.70555E-02 -0.81515E+00 
  166.00  0.19046E+00 -0.10125E-01  0.11334E-02  0.29175E-02  0.90467E+00  0.30761E-04 -0.71519E-03 -0.90146E+00 -0.64444E-02 -0.81388E+00 
  167.00  0.19217E+00 -0.68949E-02  0.10243E-02  0.29243E-02  0.90413E+00  0.16413E-04 -0.67879E-03 -0.90139E+00 -0.58223E-02 -0.81249E+00 
  168.00  0.19391E+00 -0.41681E-02  0.90891E-03  0.29226E-02  0.90353E+00  0.63072E-05 -0.62962E-03 -0.90123E+00 -0.51957E-02 -0.81096E+00 
  169.00  0.19567E+00 -0.19471E-02  0.78969E-03  0.29150E-02  0.90287E+00 -0.22005E-06 -0.57040E-03 -0.90099E+00 -0.45705E-02 -0.80931E+00 
  170.00  0.19745E+00 -0.22977E-03  0.66965E-03  0.29037E-02  0.90215E+00 -0.38559E-05 -0.50403E-03 -0.90067E+00 -0.39526E-02 -0.80754E+00 
  171.00  0.19922E+00  0.99554E-03  0.55208E-03  0.28902E-02  0.90138E+00 -0.52934E-05 -0.43342E-03 -0.90027E+00 -0.33478E-02 -0.80564E+00 
  172.00  0.20098E+00  0.17548E-02  0.44039E-03  0.28755E-02  0.90056E+00 -0.52138E-05 -0.36130E-03 -0.89978E+00 -0.27627E-02 -0.80366E+00 
  173.00  0.20268E+00  0.20931E-02  0.33776E-03  0.28599E-02  0.89974E+00 -0.42544E-05 -0.29021E-03 -0.89922E+00 -0.22049E-02 -0.80161E+00 
  174.00  0.20429E+00  0.20775E-02  0.24688E-03  0.28440E-02  0.89892E+00 -0.29621E-05 -0.22249E-03 -0.89862E+00 -0.16839E-02 -0.79957E+00 
  175.00  0.20578E+00  0.17959E-02  0.16965E-03  0.28281E-02  0.89815E+00 -0.17436E-05 -0.16036E-03 -0.89799E+00 -0.12110E-02 -0.79761E+00 
  176.00  0.20709E+00  0.13520E-02  0.10709E-03  0.28129E-02  0.89746E+00 -0.83378E-06 -0.10591E-03 -0.89739E+00 -0.79878E-03 -0.79582E+00 
  177.00  0.20817E+00  0.85589E-03  0.59363E-04  0.27994E-02  0.89688E+00 -0.29633E-06 -0.61095E-04 -0.89686E+00 -0.46048E-03 -0.79430E+00 
  178.00  0.20898E+00  0.41241E-03  0.26046E-04  0.27885E-02  0.89644E+00 -0.63475E-07 -0.27660E-04 -0.89644E+00 -0.20840E-03 -0.79313E+00 
  179.00  0.20948E+00  0.10809E-03  0.64544E-05  0.27816E-02  0.89617E+00 -0.41619E-08 -0.69935E-05 -0.89617E+00 -0.52682E-04 -0.79240E+00 
  180.00  0.20965E+00  0.27208E-14  0.15947E-15  0.27791E-02  0.89607E+00 -0.25973E-29 -0.17399E-15 -0.89607E+00 -0.13106E-14 -0.79215E+00 
 scattering matrix expansion coefficients
    w  a11         a22         a33         a23         a32         a44         a12         a34         a13         a24         a14
    0  0.1000E+01  0.0000E+00  0.0000E+00  0.0000E+00  0.0000E+00  0.8152E+00  0.0000E+00  0.0000E+00  0.0000E+00  0.0000E+00 -0.3922E-04
    1  0.2301E+01  0.0000E+00  0.0000E+00  0.0000E+00  0.0000E+00  0.2448E+01  0.0000E+00  0.0000E+00  0.0000E+00  0.0000E+00 -0.1540E-03
    2  0.3342E+01  0.2067E+00  0.4040E+01 -0.6185E-06  0.1175E-02  0.3342E+01 -0.3371E+00 -0.7711E-02  0.1539E-04  0.2024E-03 -0.1753E-04
    3  0.4027E+01  0.5799E-01  0.4390E+01  0.2373E-06  0.1931E-02  0.4029E+01 -0.1963E+00 -0.5593E-02 -0.1225E-03 -0.2838E-03  0.8550E-05
    4  0.4599E+01  0.2986E-01  0.4844E+01  0.2930E-06  0.2132E-02  0.4583E+01 -0.1292E+00 -0.8164E-02  0.1892E-03  0.2532E-03  0.6030E-03
    5  0.5032E+01  0.4870E-02  0.5239E+01 -0.5090E-06  0.1900E-02  0.5041E+01 -0.1081E+00 -0.4447E-02 -0.1586E-03  0.7947E-04 -0.8234E-04
    6  0.5384E+01  0.8347E-02  0.5553E+01 -0.1510E-06  0.1759E-02  0.5386E+01 -0.8789E-01 -0.5022E-02 -0.2703E-03 -0.3030E-03  0.1700E-04
    7  0.5635E+01  0.6670E-02  0.5785E+01  0.1934E-06  0.1676E-02  0.5634E+01 -0.6448E-01 -0.4314E-03 -0.1696E-03  0.3849E-03 -0.4936E-04
    8  0.5783E+01  0.4885E-02  0.5922E+01 -0.3183E-06  0.1724E-02  0.5778E+01 -0.5356E-01  0.5551E-02  0.3528E-03  0.2931E-03 -0.6103E-03
    9  0.5810E+01 -0.3496E-02  0.5951E+01 -0.3438E-06  0.6428E-03  0.5823E+01 -0.5136E-01  0.9872E-02 -0.3377E-03 -0.3257E-03 -0.8535E-03
   10  0.5743E+01  0.6787E-02  0.5870E+01 -0.3710E-06  0.3111E-03  0.5734E+01 -0.3399E-01  0.1180E-01  0.1223E-03 -0.7326E-04 -0.4503E-03
   11  0.5533E+01  0.4068E-02  0.5661E+01  0.1141E-06  0.1192E-02  0.5521E+01 -0.4138E-01  0.1373E-01  0.5163E-03  0.3480E-03  0.1335E-03
   12  0.5199E+01 -0.6876E-02  0.5330E+01  0.2338E-06  0.1460E-02  0.5208E+01 -0.7952E-01  0.1084E-01 -0.1357E-03 -0.1686E-03  0.3385E-04
   13  0.4826E+01 -0.6801E-02  0.4944E+01 -0.2072E-06  0.9542E-03  0.4841E+01 -0.1018E+00  0.5398E-02 -0.2079E-03  0.6797E-05  0.1350E-03
   14  0.4480E+01  0.3007E-02  0.4570E+01 -0.1308E-06  0.7512E-03  0.4478E+01 -0.8582E-01  0.2764E-02  0.1061E-03  0.1228E-03  0.4806E-03
   15  0.4154E+01  0.2043E-02  0.4229E+01  0.2365E-06  0.5851E-03  0.4152E+01 -0.6654E-01  0.4368E-02 -0.5461E-04  0.7742E-04  0.6695E-03
   16  0.3851E+01 -0.7057E-03  0.3916E+01  0.1984E-06  0.4033E-03  0.3854E+01 -0.5270E-01  0.5548E-02 -0.1154E-03  0.1752E-03  0.5868E-03
   17  0.3569E+01  0.1583E-02  0.3624E+01  0.8425E-08  0.2634E-03  0.3568E+01 -0.3735E-01  0.5834E-02 -0.3712E-04  0.2566E-04  0.1580E-03
   18  0.3293E+01  0.2730E-02  0.3340E+01 -0.5700E-07  0.4133E-04  0.3287E+01 -0.2515E-01  0.7447E-02  0.8278E-04 -0.1333E-03 -0.2931E-03
   19  0.3003E+01 -0.1012E-02  0.3050E+01 -0.2601E-06 -0.4091E-03  0.3005E+01 -0.2703E-01  0.9383E-02  0.4411E-04 -0.6877E-05 -0.5268E-03
   20  0.2711E+01 -0.1568E-02  0.2754E+01 -0.1488E-06 -0.1022E-02  0.2714E+01 -0.3291E-01  0.9374E-02 -0.2312E-05 -0.1624E-04 -0.7392E-03
   21  0.2428E+01 -0.1126E-04  0.2465E+01  0.2398E-07 -0.1563E-02  0.2429E+01 -0.3380E-01  0.8796E-02 -0.3456E-04 -0.1293E-03 -0.9679E-03
   22  0.2164E+01  0.1096E-03  0.2196E+01 -0.2826E-07 -0.1909E-02  0.2164E+01 -0.3263E-01  0.8951E-02 -0.1250E-03 -0.3615E-04 -0.8769E-03
   23  0.1930E+01 -0.9060E-03  0.1957E+01 -0.1545E-06 -0.1837E-02  0.1932E+01 -0.3181E-01  0.8923E-02 -0.7496E-04  0.7984E-04 -0.6828E-03
   24  0.1734E+01 -0.1242E-02  0.1756E+01 -0.1825E-06 -0.1565E-02  0.1738E+01 -0.2598E-01  0.8807E-02 -0.3781E-05  0.2001E-04 -0.8033E-03
   25  0.1575E+01 -0.7812E-03  0.1592E+01 -0.1372E-06 -0.1366E-02  0.1578E+01 -0.1240E-01  0.1005E-01  0.2339E-04 -0.1096E-03 -0.1102E-02
   26  0.1435E+01  0.1172E-02  0.1449E+01 -0.9289E-07 -0.1221E-02  0.1434E+01  0.5530E-02  0.1284E-01  0.3739E-04 -0.1624E-03 -0.1215E-02
   27  0.1291E+01  0.2576E-02  0.1303E+01 -0.6517E-07 -0.1036E-02  0.1286E+01  0.1707E-01  0.1583E-01  0.4863E-04 -0.8049E-04 -0.1029E-02
   28  0.1124E+01  0.1596E-02  0.1138E+01 -0.4830E-07 -0.8521E-03  0.1120E+01  0.1453E-01  0.1688E-01  0.4149E-04  0.3891E-04 -0.7344E-03
   29  0.9418E+00 -0.5666E-03  0.9567E+00 -0.5358E-07 -0.7596E-03  0.9422E+00  0.2230E-02  0.1525E-01  0.1134E-05  0.8261E-04 -0.5267E-03
   30  0.7647E+00 -0.1251E-02  0.7788E+00 -0.3742E-07 -0.7242E-03  0.7674E+00 -0.7732E-02  0.1238E-01 -0.3474E-04  0.6120E-04 -0.4186E-03
   31  0.6109E+00 -0.3844E-03  0.6219E+00 -0.9790E-08 -0.6618E-03  0.6125E+00 -0.9364E-02  0.1018E-01 -0.3445E-04  0.1986E-04 -0.3573E-03
   32  0.4846E+00  0.5356E-03  0.4924E+00  0.3512E-08 -0.5413E-03  0.4843E+00 -0.5808E-02  0.9025E-02 -0.1000E-04 -0.5654E-05 -0.2958E-03
   33  0.3809E+00  0.6133E-03  0.3868E+00  0.1789E-08 -0.3985E-03  0.3801E+00 -0.2643E-02  0.8071E-02  0.1480E-04 -0.1085E-04 -0.2231E-03
   34  0.2947E+00  0.2562E-03  0.2996E+00 -0.6214E-09 -0.2914E-03  0.2943E+00 -0.1768E-02  0.6696E-02  0.1905E-04 -0.1141E-04 -0.1616E-03
   35  0.2229E+00 -0.1991E-04  0.2270E+00 -0.1284E-08 -0.2364E-03  0.2229E+00 -0.2216E-02  0.5054E-02  0.1110E-04 -0.1033E-04 -0.1198E-03
   36  0.1640E+00 -0.6965E-04  0.1672E+00  0.6251E-09 -0.2129E-03  0.1641E+00 -0.2708E-02  0.3574E-02  0.8951E-06 -0.1045E-04 -0.9897E-04
   37  0.1166E+00 -0.4350E-04  0.1190E+00  0.2789E-08 -0.1915E-03  0.1166E+00 -0.2925E-02  0.2478E-02 -0.2781E-05 -0.7830E-05 -0.8584E-04
   38  0.7944E-01 -0.2661E-04  0.8124E-01  0.2727E-08 -0.1597E-03  0.7944E-01 -0.2942E-02  0.1719E-02 -0.1913E-05 -0.4457E-05 -0.7253E-04
   39  0.5142E-01 -0.2979E-04  0.5270E-01  0.7252E-09 -0.1184E-03  0.5144E-01 -0.2814E-02  0.1173E-02  0.9151E-06 -0.1217E-05 -0.5607E-04
   40  0.3137E-01 -0.2311E-04  0.3224E-01 -0.7243E-09 -0.7831E-04  0.3140E-01 -0.2487E-02  0.7601E-03  0.2314E-05  0.5330E-06 -0.3906E-04
   41  0.1793E-01 -0.7250E-05  0.1847E-01 -0.1089E-08 -0.4647E-04  0.1795E-01 -0.1986E-02  0.4561E-03  0.2710E-05  0.1125E-05 -0.2446E-04
   42  0.9578E-02  0.9264E-05  0.9882E-02 -0.6884E-09 -0.2505E-04  0.9573E-02 -0.1416E-02  0.2508E-03  0.2111E-05  0.9817E-06 -0.1413E-04
   43  0.4775E-02  0.1719E-04  0.4928E-02 -0.1936E-09 -0.1230E-04  0.4754E-02 -0.9021E-03  0.1263E-03  0.1384E-05  0.6831E-06 -0.7430E-05
   44  0.2222E-02  0.1717E-04  0.2291E-02  0.7432E-10 -0.5550E-05  0.2198E-02 -0.5167E-03  0.5790E-04  0.7662E-06  0.3895E-06 -0.3572E-05
   45  0.9662E-03  0.1286E-04  0.9931E-03  0.5916E-10 -0.2310E-05  0.9470E-03 -0.2681E-03  0.2417E-04  0.3821E-06  0.1965E-06 -0.1568E-05
   46  0.3928E-03  0.7985E-05  0.4019E-03 -0.2930E-10 -0.9011E-06  0.3803E-03 -0.1267E-03  0.9230E-05  0.1710E-06  0.9115E-07 -0.6461E-06
   47  0.1495E-03  0.4269E-05  0.1520E-03 -0.6015E-10 -0.3299E-06  0.1426E-03 -0.5480E-04  0.3231E-05  0.7109E-07  0.4013E-07 -0.2541E-06
   48  0.5325E-04  0.2021E-05  0.5379E-04 -0.5187E-10 -0.1125E-06  0.4993E-04 -0.2181E-04  0.1031E-05  0.2785E-07  0.1617E-07 -0.9257E-07
   49  0.1775E-04  0.8583E-06  0.1778E-04 -0.4549E-10 -0.3554E-07  0.1631E-04 -0.8007E-05  0.3023E-06  0.1040E-07  0.6067E-08 -0.3288E-07
   50  0.5525E-05  0.3292E-06  0.5483E-05 -0.4545E-10 -0.9844E-08  0.4967E-05 -0.2713E-05  0.8450E-07  0.3802E-08  0.1864E-08 -0.1036E-07
   51  0.1606E-05  0.1143E-06  0.1578E-05 -0.4314E-10 -0.2389E-08  0.1410E-05 -0.8491E-06  0.2217E-07  0.1538E-08  0.3938E-09 -0.3117E-08
   52  0.4377E-06  0.3605E-07  0.4253E-06 -0.3518E-10 -0.5013E-09  0.3752E-06 -0.2465E-06  0.6452E-08  0.6426E-09  0.2686E-10 -0.8560E-09
   53  0.1148E-06  0.1013E-07  0.1107E-06 -0.2423E-10 -0.9136E-10  0.9714E-07 -0.6714E-07  0.2593E-08  0.3179E-09 -0.2381E-10 -0.1947E-09
   54  0.3175E-07  0.2514E-08  0.3073E-07 -0.1452E-10 -0.2039E-10  0.2738E-07 -0.1806E-07  0.1474E-08  0.1553E-09 -0.9394E-11 -0.3793E-10
   55  0.1041E-07  0.6077E-09  0.1020E-07 -0.7982E-11 -0.5294E-11  0.9382E-08 -0.5564E-08  0.8283E-09  0.7715E-10  0.2806E-11 -0.1042E-10
   56  0.4743E-08  0.2651E-09  0.4624E-08 -0.4250E-11  0.2408E-12  0.4282E-08 -0.2453E-08  0.3531E-09  0.3659E-10  0.3853E-11  0.4755E-11
   57  0.2726E-08  0.9989E-10  0.2653E-08 -0.2230E-11 -0.1263E-11  0.2537E-08 -0.1349E-08  0.1819E-09  0.1820E-10  0.3086E-11  0.4169E-11
   58  0.2449E-08  0.1104E-10  0.2456E-08 -0.1147E-11 -0.4488E-11  0.2431E-08 -0.8927E-09  0.1666E-09  0.8444E-11  0.2814E-11  0.7435E-12
   59  0.1810E-08 -0.4675E-10  0.1834E-08 -0.5807E-12 -0.3523E-11  0.1910E-08 -0.8038E-09  0.1827E-09  0.5695E-11  0.1237E-11 -0.8336E-12
   60  0.2476E-08 -0.2516E-10  0.2570E-08 -0.2876E-12 -0.6322E-11  0.2547E-08 -0.8072E-09  0.1487E-09  0.2686E-11  0.2174E-11 -0.2228E-11
   61  0.7661E-09 -0.1576E-10  0.7729E-09 -0.1352E-12 -0.2012E-11  0.8116E-09 -0.3680E-09  0.8321E-10  0.1679E-11  0.1055E-11 -0.2593E-11
   62  0.1270E-08  0.3362E-10  0.1288E-08 -0.5916E-13 -0.2407E-11  0.1222E-08 -0.5350E-09  0.4906E-10  0.7125E-12  0.8342E-12 -0.1501E-11
   63  0.1521E-09  0.1054E-11  0.1491E-09 -0.2466E-13 -0.4323E-12  0.1549E-09 -0.8138E-10  0.1510E-10  0.2949E-12  0.3303E-12 -0.7474E-12
   64  0.3254E-09  0.2001E-10  0.3201E-09 -0.9763E-14 -0.4642E-12  0.2915E-09 -0.1658E-09  0.7833E-11  0.1257E-12  0.1834E-12 -0.4386E-12
   65  0.1506E-10  0.5304E-12  0.1413E-10 -0.3509E-14 -0.4336E-13  0.1475E-10 -0.8722E-11  0.1332E-11  0.2973E-13  0.4335E-13 -0.8206E-13
   66  0.4781E-10  0.4376E-11  0.4583E-10 -0.1082E-14 -0.5705E-13  0.4016E-10 -0.2779E-10  0.7330E-12  0.1590E-13  0.2651E-13 -0.7066E-13
   67  0.7351E-12  0.4310E-13  0.6529E-12 -0.3061E-15 -0.1965E-14  0.7015E-12 -0.4452E-12  0.5949E-13  0.1532E-14  0.2930E-14 -0.4233E-14
   68  0.4282E-11  0.4865E-12  0.3979E-11 -0.9041E-16 -0.4319E-14  0.3398E-11 -0.2710E-11  0.4450E-13  0.1287E-14  0.2303E-14 -0.6069E-14
   69  0.1752E-13  0.9756E-15  0.1131E-13 -0.2447E-16 -0.2441E-16  0.1900E-13 -0.8462E-14  0.1403E-14  0.5299E-16  0.1113E-15 -0.7172E-16
   70  0.3075E-12  0.4352E-13  0.2852E-12 -0.4177E-17 -0.3367E-15  0.2315E-12 -0.2123E-12  0.2270E-14  0.1156E-15  0.1889E-15 -0.4951E-15
