 input file is 
mstm7_256_9598_171_00226.inp  
 input file comments follow:
***********************************************************
  This is the default mstm input file for v.3.0.
  The run is for a 7-sphere cluster of identical spheres.   The positions
  are embedded in the input file.

  The run makes use of the new_run and multiple_run options.

  14 April 2013
***********************************************************
 number of processors:
   1
 input parameters for run number 
    1
 number of spheres, volume size parameter:
  256  0.60944E+01
 position file:
position/n256/a7.out                                        
 output file:
output/256/x9598/171/00226/mt_7_256_9598_171_00226.dat      
 length, ref. indx. scale factors:
   0.960   1.710   0.023
 chiral factors:
  0.00000E+00  0.00000E+00
 scattering matrix directions based on incident frame
 automatic scattering angle calculation
 thetamin, thetamax:
      0.0    180.0
 number scattering angles:
      181
 epsmie, epssoln, max number iterations:
  0.1000E-05  0.1000E-07 5000
 medium refractive index:
  1.0000  0.0000
 target euler rotation angles:
    0.0000    0.0000    0.0000
 far field kr, iterations/correction:
 -0.1000E+01   20
 plane wave incidence
 random orientation calculations
 t matrix calculated, stored in file 
tmatrixfiles/7256959817100226                               
 t matrix convergence epsilon:
  0.1000E-06
 all spheres excited (total T matrix) 
 calculation results for run 
    1
 total ext, abs, scat efficiencies, w.r.t. xv, and asym. parm
  0.71716E+01  0.45120E+00  0.67204E+01  0.74575E+00
 scattering matrix elements (normalized w/ S11)
   theta      11           12           13           14           22           23           24           33           34           44      
    0.00  0.14346E+03  0.00000E+00  0.00000E+00 -0.95952E-03  0.99980E+00 -0.42289E-03  0.00000E+00  0.99980E+00  0.00000E+00  0.99965E+00 
    1.00  0.13980E+03 -0.11302E-03  0.32398E-06 -0.96668E-03  0.99979E+00 -0.42687E-03  0.59653E-07  0.99979E+00 -0.58071E-04  0.99964E+00 
    2.00  0.12937E+03 -0.45696E-03  0.13073E-05 -0.98770E-03  0.99977E+00 -0.43841E-03  0.26408E-06  0.99977E+00 -0.24358E-03  0.99959E+00 
    3.00  0.11364E+03 -0.10480E-02  0.29772E-05 -0.10209E-02  0.99972E+00 -0.45603E-03  0.69582E-06  0.99972E+00 -0.59162E-03  0.99951E+00 
    4.00  0.94702E+02 -0.19185E-02  0.53487E-05 -0.10626E-02  0.99965E+00 -0.47650E-03  0.15147E-05  0.99965E+00 -0.11641E-02  0.99938E+00 
    5.00  0.74876E+02 -0.31270E-02  0.83548E-05 -0.11054E-02  0.99953E+00 -0.49323E-03  0.29980E-05  0.99953E+00 -0.20524E-02  0.99917E+00 
    6.00  0.56238E+02 -0.47748E-02  0.11680E-04 -0.11348E-02  0.99935E+00 -0.49327E-03  0.56076E-05  0.99933E+00 -0.33722E-02  0.99883E+00 
    7.00  0.40312E+02 -0.70272E-02  0.14400E-04 -0.11243E-02  0.99906E+00 -0.45226E-03  0.10081E-04  0.99901E+00 -0.52263E-02  0.99829E+00 
    8.00  0.27900E+02 -0.10122E-01  0.14320E-04 -0.10311E-02  0.99862E+00 -0.32856E-03  0.17481E-04  0.99851E+00 -0.75828E-02  0.99744E+00 
    9.00  0.19096E+02 -0.14287E-01  0.72538E-05 -0.80233E-03  0.99797E+00 -0.65990E-04  0.28920E-04  0.99774E+00 -0.99914E-02  0.99618E+00 
   10.00  0.13450E+02 -0.19441E-01 -0.12129E-04 -0.42212E-03  0.99714E+00  0.36855E-03  0.44463E-04  0.99670E+00 -0.11255E-01  0.99453E+00 
   11.00  0.10204E+02 -0.24790E-01 -0.45171E-04  0.67371E-05  0.99630E+00  0.90452E-03  0.61541E-04  0.99556E+00 -0.98226E-02  0.99280E+00 
   12.00  0.85277E+01 -0.29157E-01 -0.83876E-04  0.28023E-03  0.99567E+00  0.13607E-02  0.75969E-04  0.99463E+00 -0.54563E-02  0.99146E+00 
   13.00  0.77057E+01 -0.32107E-01 -0.11674E-03  0.28317E-03  0.99530E+00  0.16069E-02  0.86053E-04  0.99404E+00  0.72213E-04  0.99066E+00 
   14.00  0.72289E+01 -0.34167E-01 -0.13885E-03  0.75040E-04  0.99505E+00  0.16624E-02  0.93451E-04  0.99366E+00  0.47201E-02  0.99016E+00 
   15.00  0.68103E+01 -0.36049E-01 -0.15177E-03 -0.21658E-03  0.99475E+00  0.16143E-02  0.10016E-03  0.99331E+00  0.74747E-02  0.98966E+00 
   16.00  0.63400E+01 -0.38221E-01 -0.15872E-03 -0.48248E-03  0.99430E+00  0.15335E-02  0.10660E-03  0.99287E+00  0.81296E-02  0.98895E+00 
   17.00  0.58165E+01 -0.40938E-01 -0.16236E-03 -0.64549E-03  0.99366E+00  0.14573E-02  0.11154E-03  0.99229E+00  0.68254E-02  0.98798E+00 
   18.00  0.52828E+01 -0.44358E-01 -0.16460E-03 -0.65807E-03  0.99284E+00  0.13969E-02  0.11274E-03  0.99155E+00  0.38910E-02  0.98673E+00 
   19.00  0.47841E+01 -0.48597E-01 -0.16696E-03 -0.50935E-03  0.99189E+00  0.13452E-02  0.10795E-03  0.99066E+00 -0.16379E-03  0.98527E+00 
   20.00  0.43483E+01 -0.53720E-01 -0.17050E-03 -0.23464E-03  0.99088E+00  0.12829E-02  0.96068E-04  0.98963E+00 -0.46943E-02  0.98365E+00 
   21.00  0.39852E+01 -0.59714E-01 -0.17555E-03  0.87755E-04  0.98987E+00  0.11866E-02  0.77940E-04  0.98848E+00 -0.90478E-02  0.98196E+00 
   22.00  0.36924E+01 -0.66455E-01 -0.18130E-03  0.35826E-03  0.98894E+00  0.10377E-02  0.56237E-04  0.98725E+00 -0.12700E-01  0.98026E+00 
   23.00  0.34615E+01 -0.73704E-01 -0.18568E-03  0.48820E-03  0.98810E+00  0.83084E-03  0.34478E-04  0.98596E+00 -0.15320E-01  0.97861E+00 
   24.00  0.32807E+01 -0.81147E-01 -0.18574E-03  0.42794E-03  0.98737E+00  0.57753E-03  0.15690E-04  0.98463E+00 -0.16761E-01  0.97702E+00 
   25.00  0.31352E+01 -0.88464E-01 -0.17851E-03  0.17908E-03  0.98673E+00  0.30355E-03  0.14141E-05  0.98328E+00 -0.17035E-01  0.97549E+00 
   26.00  0.30072E+01 -0.95415E-01 -0.16177E-03 -0.21350E-03  0.98610E+00  0.40848E-04 -0.84567E-05  0.98187E+00 -0.16294E-01  0.97395E+00 
   27.00  0.28784E+01 -0.10190E+00 -0.13456E-03 -0.68320E-03  0.98542E+00 -0.18126E-03 -0.15027E-04  0.98036E+00 -0.14810E-01  0.97229E+00 
   28.00  0.27338E+01 -0.10793E+00 -0.97120E-04 -0.11633E-02  0.98458E+00 -0.34100E-03 -0.19378E-04  0.97868E+00 -0.12932E-01  0.97039E+00 
   29.00  0.25659E+01 -0.11362E+00 -0.50714E-04 -0.15985E-02  0.98351E+00 -0.42417E-03 -0.21717E-04  0.97676E+00 -0.11040E-01  0.96812E+00 
   30.00  0.23766E+01 -0.11911E+00  0.23502E-05 -0.19451E-02  0.98214E+00 -0.42201E-03 -0.20992E-04  0.97454E+00 -0.94903E-02  0.96540E+00 
   31.00  0.21766E+01 -0.12455E+00  0.58447E-04 -0.21678E-02  0.98047E+00 -0.33049E-03 -0.15066E-04  0.97201E+00 -0.85526E-02  0.96221E+00 
   32.00  0.19805E+01 -0.13011E+00  0.11251E-03 -0.22393E-02  0.97852E+00 -0.15298E-03 -0.16176E-05  0.96921E+00 -0.83386E-02  0.95859E+00 
   33.00  0.18023E+01 -0.13599E+00  0.15875E-03 -0.21461E-02  0.97638E+00  0.94897E-04  0.20184E-04  0.96623E+00 -0.87322E-02  0.95469E+00 
   34.00  0.16505E+01 -0.14244E+00  0.19271E-03 -0.18987E-02  0.97419E+00  0.38283E-03  0.47708E-04  0.96314E+00 -0.93912E-02  0.95065E+00 
   35.00  0.15267E+01 -0.14965E+00  0.21387E-03 -0.15347E-02  0.97205E+00  0.67100E-03  0.73882E-04  0.95998E+00 -0.98825E-02  0.94660E+00 
   36.00  0.14263E+01 -0.15780E+00  0.22692E-03 -0.11073E-02  0.96999E+00  0.92195E-03  0.88405E-04  0.95667E+00 -0.99093E-02  0.94249E+00 
   37.00  0.13416E+01 -0.16700E+00  0.24047E-03 -0.66538E-03  0.96793E+00  0.11103E-02  0.80728E-04  0.95305E+00 -0.94814E-02  0.93815E+00 
   38.00  0.12653E+01 -0.17729E+00  0.26388E-03 -0.23767E-03  0.96574E+00  0.12224E-02  0.43076E-04  0.94894E+00 -0.89074E-02  0.93334E+00 
   39.00  0.11927E+01 -0.18864E+00  0.30446E-03  0.16753E-03  0.96329E+00  0.12478E-02 -0.27571E-04  0.94418E+00 -0.86339E-02  0.92786E+00 
   40.00  0.11224E+01 -0.20096E+00  0.36562E-03  0.55256E-03  0.96054E+00  0.11689E-02 -0.12836E-03  0.93875E+00 -0.90322E-02  0.92165E+00 
   41.00  0.10558E+01 -0.21402E+00  0.44617E-03  0.91766E-03  0.95753E+00  0.95909E-03 -0.25008E-03  0.93276E+00 -0.10219E-01  0.91483E+00 
   42.00  0.99488E+00 -0.22743E+00  0.54044E-03  0.12524E-02  0.95440E+00  0.58959E-03 -0.37792E-03  0.92640E+00 -0.11975E-01  0.90765E+00 
   43.00  0.94110E+00 -0.24070E+00  0.63921E-03  0.15347E-02  0.95131E+00  0.46259E-04 -0.49449E-03  0.91994E+00 -0.13806E-01  0.90044E+00 
   44.00  0.89437E+00 -0.25336E+00  0.73146E-03  0.17371E-02  0.94841E+00 -0.65320E-03 -0.58469E-03  0.91358E+00 -0.15155E-01  0.89346E+00 
   45.00  0.85334E+00 -0.26507E+00  0.80589E-03  0.18362E-02  0.94577E+00 -0.14505E-02 -0.64019E-03  0.90738E+00 -0.15655E-01  0.88681E+00 
   46.00  0.81615E+00 -0.27576E+00  0.85159E-03  0.18183E-02  0.94336E+00 -0.22506E-02 -0.66096E-03  0.90130E+00 -0.15293E-01  0.88045E+00 
   47.00  0.78137E+00 -0.28563E+00  0.85796E-03  0.16810E-02  0.94110E+00 -0.29359E-02 -0.65355E-03  0.89522E+00 -0.14390E-01  0.87421E+00 
   48.00  0.74845E+00 -0.29506E+00  0.81504E-03  0.14306E-02  0.93891E+00 -0.33860E-02 -0.62752E-03  0.88898E+00 -0.13452E-01  0.86794E+00 
   49.00  0.71768E+00 -0.30451E+00  0.71560E-03  0.10805E-02  0.93674E+00 -0.35019E-02 -0.59192E-03  0.88251E+00 -0.12947E-01  0.86149E+00 
   50.00  0.68972E+00 -0.31446E+00  0.55893E-03  0.65054E-03  0.93457E+00 -0.32329E-02 -0.55308E-03  0.87575E+00 -0.13121E-01  0.85480E+00 
   51.00  0.66498E+00 -0.32522E+00  0.35465E-03  0.16815E-03  0.93240E+00 -0.25977E-02 -0.51394E-03  0.86867E+00 -0.13905E-01  0.84780E+00 
   52.00  0.64315E+00 -0.33693E+00  0.12361E-03 -0.33278E-03  0.93020E+00 -0.16864E-02 -0.47501E-03  0.86121E+00 -0.14966E-01  0.84041E+00 
   53.00  0.62316E+00 -0.34947E+00 -0.10539E-03 -0.81480E-03  0.92791E+00 -0.63744E-03 -0.43637E-03  0.85326E+00 -0.15871E-01  0.83248E+00 
   54.00  0.60351E+00 -0.36259E+00 -0.30201E-03 -0.12408E-02  0.92540E+00  0.40083E-03 -0.39982E-03  0.84463E+00 -0.16291E-01  0.82381E+00 
   55.00  0.58279E+00 -0.37595E+00 -0.44081E-03 -0.15774E-02  0.92258E+00  0.13057E-02 -0.37025E-03  0.83515E+00 -0.16115E-01  0.81422E+00 
   56.00  0.56016E+00 -0.38925E+00 -0.50559E-03 -0.17971E-02  0.91936E+00  0.19997E-02 -0.35563E-03  0.82467E+00 -0.15473E-01  0.80357E+00 
   57.00  0.53559E+00 -0.40229E+00 -0.49157E-03 -0.18810E-02  0.91571E+00  0.24527E-02 -0.36583E-03  0.81312E+00 -0.14658E-01  0.79179E+00 
   58.00  0.50985E+00 -0.41498E+00 -0.40608E-03 -0.18229E-02  0.91167E+00  0.26761E-02 -0.41007E-03  0.80053E+00 -0.14005E-01  0.77897E+00 
   59.00  0.48416E+00 -0.42734E+00 -0.26826E-03 -0.16361E-02  0.90734E+00  0.27128E-02 -0.49339E-03  0.78706E+00 -0.13773E-01  0.76527E+00 
   60.00  0.45978E+00 -0.43947E+00 -0.10677E-03 -0.13575E-02  0.90286E+00  0.26266E-02 -0.61300E-03  0.77296E+00 -0.14046E-01  0.75097E+00 
   61.00  0.43766E+00 -0.45149E+00  0.45292E-04 -0.10474E-02  0.89838E+00  0.24903E-02 -0.75585E-03  0.75853E+00 -0.14709E-01  0.73635E+00 
   62.00  0.41821E+00 -0.46351E+00  0.15800E-03 -0.77884E-03  0.89399E+00  0.23721E-02 -0.89940E-03  0.74401E+00 -0.15489E-01  0.72163E+00 
   63.00  0.40130E+00 -0.47555E+00  0.21216E-03 -0.62009E-03  0.88970E+00  0.23239E-02 -0.10159E-02  0.72954E+00 -0.16079E-01  0.70691E+00 
   64.00  0.38641E+00 -0.48757E+00  0.20351E-03 -0.61607E-03  0.88543E+00  0.23737E-02 -0.10793E-02  0.71514E+00 -0.16253E-01  0.69214E+00 
   65.00  0.37287E+00 -0.49948E+00  0.14188E-03 -0.77672E-03  0.88106E+00  0.25263E-02 -0.10711E-02  0.70070E+00 -0.15950E-01  0.67720E+00 
   66.00  0.36010E+00 -0.51119E+00  0.46405E-04 -0.10758E-02  0.87647E+00  0.27672E-02 -0.98488E-03  0.68609E+00 -0.15268E-01  0.66193E+00 
   67.00  0.34769E+00 -0.52265E+00 -0.60898E-04 -0.14590E-02  0.87159E+00  0.30705E-02 -0.82737E-03  0.67114E+00 -0.14410E-01  0.64617E+00 
   68.00  0.33553E+00 -0.53388E+00 -0.16101E-03 -0.18567E-02  0.86645E+00  0.34053E-02 -0.61723E-03  0.65571E+00 -0.13597E-01  0.62985E+00 
   69.00  0.32369E+00 -0.54496E+00 -0.24228E-03 -0.22005E-02  0.86112E+00  0.37415E-02 -0.38198E-03  0.63966E+00 -0.13003E-01  0.61291E+00 
   70.00  0.31235E+00 -0.55604E+00 -0.30290E-03 -0.24385E-02  0.85575E+00  0.40558E-02 -0.15304E-03  0.62288E+00 -0.12711E-01  0.59532E+00 
   71.00  0.30172E+00 -0.56722E+00 -0.35135E-03 -0.25473E-02  0.85053E+00  0.43369E-02  0.40732E-04  0.60522E+00 -0.12712E-01  0.57706E+00 
   72.00  0.29194E+00 -0.57858E+00 -0.40472E-03 -0.25375E-02  0.84558E+00  0.45899E-02  0.17986E-03  0.58658E+00 -0.12942E-01  0.55809E+00 
   73.00  0.28305E+00 -0.59011E+00 -0.48499E-03 -0.24496E-02  0.84101E+00  0.48362E-02  0.25943E-03  0.56684E+00 -0.13325E-01  0.53837E+00 
   74.00  0.27503E+00 -0.60171E+00 -0.61411E-03 -0.23409E-02  0.83686E+00  0.51093E-02  0.29105E-03  0.54598E+00 -0.13823E-01  0.51790E+00 
   75.00  0.26779E+00 -0.61323E+00 -0.80887E-03 -0.22674E-02  0.83308E+00  0.54458E-02  0.30046E-03  0.52406E+00 -0.14449E-01  0.49671E+00 
   76.00  0.26127E+00 -0.62452E+00 -0.10766E-02 -0.22665E-02  0.82963E+00  0.58739E-02  0.32164E-03  0.50124E+00 -0.15266E-01  0.47493E+00 
   77.00  0.25539E+00 -0.63545E+00 -0.14125E-02 -0.23460E-02  0.82643E+00  0.64021E-02  0.38884E-03  0.47778E+00 -0.16349E-01  0.45274E+00 
   78.00  0.25017E+00 -0.64597E+00 -0.17988E-02 -0.24823E-02  0.82346E+00  0.70115E-02  0.52862E-03  0.45399E+00 -0.17742E-01  0.43039E+00 
   79.00  0.24560E+00 -0.65610E+00 -0.22063E-02 -0.26278E-02  0.82071E+00  0.76552E-02  0.75377E-03  0.43018E+00 -0.19424E-01  0.40812E+00 
   80.00  0.24171E+00 -0.66591E+00 -0.25984E-02 -0.27259E-02  0.81823E+00  0.82641E-02  0.10603E-02  0.40662E+00 -0.21285E-01  0.38612E+00 
   81.00  0.23851E+00 -0.67551E+00 -0.29362E-02 -0.27283E-02  0.81608E+00  0.87599E-02  0.14286E-02  0.38344E+00 -0.23143E-01  0.36450E+00 
   82.00  0.23597E+00 -0.68496E+00 -0.31847E-02 -0.26088E-02  0.81432E+00  0.90719E-02  0.18276E-02  0.36065E+00 -0.24774E-01  0.34324E+00 
   83.00  0.23397E+00 -0.69427E+00 -0.33194E-02 -0.23710E-02  0.81299E+00  0.91518E-02  0.22216E-02  0.33813E+00 -0.25958E-01  0.32223E+00 
   84.00  0.23238E+00 -0.70334E+00 -0.33293E-02 -0.20454E-02  0.81208E+00  0.89843E-02  0.25772E-02  0.31566E+00 -0.26540E-01  0.30126E+00 
   85.00  0.23100E+00 -0.71199E+00 -0.32178E-02 -0.16796E-02  0.81153E+00  0.85876E-02  0.28683E-02  0.29299E+00 -0.26458E-01  0.28008E+00 
   86.00  0.22962E+00 -0.71999E+00 -0.30016E-02 -0.13240E-02  0.81125E+00  0.80080E-02  0.30780E-02  0.26989E+00 -0.25769E-01  0.25848E+00 
   87.00  0.22805E+00 -0.72704E+00 -0.27059E-02 -0.10195E-02  0.81108E+00  0.73078E-02  0.31991E-02  0.24615E+00 -0.24636E-01  0.23628E+00 
   88.00  0.22613E+00 -0.73292E+00 -0.23606E-02 -0.78860E-03  0.81090E+00  0.65537E-02  0.32309E-02  0.22167E+00 -0.23311E-01  0.21339E+00 
   89.00  0.22377E+00 -0.73741E+00 -0.19954E-02 -0.63297E-03  0.81056E+00  0.58053E-02  0.31771E-02  0.19643E+00 -0.22092E-01  0.18978E+00 
   90.00  0.22094E+00 -0.74041E+00 -0.16363E-02 -0.53595E-03  0.80997E+00  0.51088E-02  0.30433E-02  0.17046E+00 -0.21289E-01  0.16549E+00 
   91.00  0.21770E+00 -0.74189E+00 -0.13034E-02 -0.46853E-03  0.80907E+00  0.44933E-02  0.28362E-02  0.14386E+00 -0.21179E-01  0.14062E+00 
   92.00  0.21415E+00 -0.74192E+00 -0.10095E-02 -0.39709E-03  0.80783E+00  0.39714E-02  0.25629E-02  0.11674E+00 -0.21967E-01  0.11526E+00 
   93.00  0.21042E+00 -0.74066E+00 -0.76024E-03 -0.29102E-03  0.80627E+00  0.35429E-02  0.22315E-02  0.89247E-01 -0.23757E-01  0.89524E-01 
   94.00  0.20665E+00 -0.73832E+00 -0.55544E-03 -0.12866E-03  0.80447E+00  0.31992E-02  0.18517E-02  0.61496E-01 -0.26536E-01  0.63525E-01 
   95.00  0.20296E+00 -0.73512E+00 -0.39140E-03  0.99277E-04  0.80250E+00  0.29289E-02  0.14352E-02  0.33598E-01 -0.30166E-01  0.37346E-01 
   96.00  0.19945E+00 -0.73129E+00 -0.26388E-03  0.38921E-03  0.80045E+00  0.27222E-02  0.99500E-03  0.56490E-02 -0.34413E-01  0.11058E-01 
   97.00  0.19616E+00 -0.72698E+00 -0.17099E-03  0.72670E-03  0.79839E+00  0.25740E-02  0.54449E-03 -0.22269E-01 -0.38975E-01 -0.15271E-01 
   98.00  0.19310E+00 -0.72229E+00 -0.11519E-03  0.10902E-02  0.79639E+00  0.24847E-02  0.96004E-04 -0.50080E-01 -0.43533E-01 -0.41573E-01 
   99.00  0.19027E+00 -0.71724E+00 -0.10408E-03  0.14551E-02  0.79449E+00  0.24589E-02 -0.34039E-03 -0.77705E-01 -0.47794E-01 -0.67765E-01 
  100.00  0.18760E+00 -0.71180E+00 -0.14949E-03  0.17975E-02  0.79270E+00  0.25027E-02 -0.75773E-03 -0.10506E+00 -0.51529E-01 -0.93747E-01 
  101.00  0.18508E+00 -0.70590E+00 -0.26542E-03  0.20964E-02  0.79101E+00  0.26208E-02 -0.11522E-02 -0.13207E+00 -0.54590E-01 -0.11940E+00 
  102.00  0.18265E+00 -0.69948E+00 -0.46511E-03  0.23353E-02  0.78944E+00  0.28135E-02 -0.15229E-02 -0.15864E+00 -0.56915E-01 -0.14461E+00 
  103.00  0.18032E+00 -0.69248E+00 -0.75807E-03  0.25031E-02  0.78798E+00  0.30752E-02 -0.18706E-02 -0.18470E+00 -0.58516E-01 -0.16925E+00 
  104.00  0.17808E+00 -0.68490E+00 -0.11476E-02  0.25944E-02  0.78664E+00  0.33940E-02 -0.21973E-02 -0.21020E+00 -0.59460E-01 -0.19323E+00 
  105.00  0.17596E+00 -0.67676E+00 -0.16290E-02  0.26101E-02  0.78544E+00  0.37522E-02 -0.25051E-02 -0.23510E+00 -0.59850E-01 -0.21647E+00 
  106.00  0.17402E+00 -0.66813E+00 -0.21890E-02  0.25579E-02  0.78441E+00  0.41279E-02 -0.27960E-02 -0.25940E+00 -0.59799E-01 -0.23895E+00 
  107.00  0.17228E+00 -0.65907E+00 -0.28065E-02  0.24516E-02  0.78360E+00  0.44974E-02 -0.30710E-02 -0.28313E+00 -0.59420E-01 -0.26069E+00 
  108.00  0.17081E+00 -0.64967E+00 -0.34536E-02  0.23103E-02  0.78303E+00  0.48369E-02 -0.33305E-02 -0.30634E+00 -0.58807E-01 -0.28173E+00 
  109.00  0.16963E+00 -0.63999E+00 -0.40980E-02  0.21558E-02  0.78275E+00  0.51251E-02 -0.35736E-02 -0.32906E+00 -0.58037E-01 -0.30216E+00 
  110.00  0.16876E+00 -0.63005E+00 -0.47059E-02  0.20090E-02  0.78274E+00  0.53446E-02 -0.37983E-02 -0.35136E+00 -0.57163E-01 -0.32204E+00 
  111.00  0.16819E+00 -0.61983E+00 -0.52445E-02  0.18868E-02  0.78302E+00  0.54836E-02 -0.40012E-02 -0.37326E+00 -0.56223E-01 -0.34145E+00 
  112.00  0.16790E+00 -0.60930E+00 -0.56851E-02  0.17985E-02  0.78355E+00  0.55363E-02 -0.41782E-02 -0.39475E+00 -0.55242E-01 -0.36042E+00 
  113.00  0.16784E+00 -0.59838E+00 -0.60053E-02  0.17446E-02  0.78427E+00  0.55028E-02 -0.43252E-02 -0.41581E+00 -0.54243E-01 -0.37897E+00 
  114.00  0.16796E+00 -0.58699E+00 -0.61908E-02  0.17168E-02  0.78514E+00  0.53894E-02 -0.44385E-02 -0.43640E+00 -0.53253E-01 -0.39708E+00 
  115.00  0.16818E+00 -0.57507E+00 -0.62364E-02  0.17002E-02  0.78609E+00  0.52067E-02 -0.45165E-02 -0.45646E+00 -0.52306E-01 -0.41468E+00 
  116.00  0.16845E+00 -0.56255E+00 -0.61462E-02  0.16767E-02  0.78707E+00  0.49695E-02 -0.45603E-02 -0.47590E+00 -0.51443E-01 -0.43173E+00 
  117.00  0.16870E+00 -0.54943E+00 -0.59335E-02  0.16281E-02  0.78801E+00  0.46941E-02 -0.45740E-02 -0.49467E+00 -0.50715E-01 -0.44814E+00 
  118.00  0.16890E+00 -0.53570E+00 -0.56190E-02  0.15395E-02  0.78888E+00  0.43980E-02 -0.45650E-02 -0.51271E+00 -0.50172E-01 -0.46385E+00 
  119.00  0.16901E+00 -0.52141E+00 -0.52291E-02  0.14010E-02  0.78967E+00  0.40971E-02 -0.45421E-02 -0.52998E+00 -0.49866E-01 -0.47882E+00 
  120.00  0.16902E+00 -0.50663E+00 -0.47928E-02  0.12084E-02  0.79037E+00  0.38051E-02 -0.45147E-02 -0.54644E+00 -0.49839E-01 -0.49301E+00 
  121.00  0.16894E+00 -0.49145E+00 -0.43392E-02  0.96214E-03  0.79099E+00  0.35321E-02 -0.44900E-02 -0.56211E+00 -0.50118E-01 -0.50641E+00 
  122.00  0.16878E+00 -0.47598E+00 -0.38935E-02  0.66614E-03  0.79156E+00  0.32840E-02 -0.44713E-02 -0.57698E+00 -0.50717E-01 -0.51905E+00 
  123.00  0.16857E+00 -0.46033E+00 -0.34748E-02  0.32558E-03  0.79213E+00  0.30622E-02 -0.44567E-02 -0.59108E+00 -0.51626E-01 -0.53095E+00 
  124.00  0.16835E+00 -0.44462E+00 -0.30937E-02 -0.54603E-04  0.79272E+00  0.28643E-02 -0.44387E-02 -0.60447E+00 -0.52816E-01 -0.54218E+00 
  125.00  0.16816E+00 -0.42896E+00 -0.27515E-02 -0.47068E-03  0.79339E+00  0.26845E-02 -0.44049E-02 -0.61719E+00 -0.54236E-01 -0.55282E+00 
  126.00  0.16803E+00 -0.41344E+00 -0.24405E-02 -0.92023E-03  0.79417E+00  0.25155E-02 -0.43408E-02 -0.62931E+00 -0.55821E-01 -0.56294E+00 
  127.00  0.16801E+00 -0.39813E+00 -0.21463E-02 -0.14015E-02  0.79510E+00  0.23488E-02 -0.42317E-02 -0.64089E+00 -0.57489E-01 -0.57263E+00 
  128.00  0.16810E+00 -0.38308E+00 -0.18501E-02 -0.19120E-02  0.79621E+00  0.21768E-02 -0.40666E-02 -0.65201E+00 -0.59152E-01 -0.58196E+00 
  129.00  0.16834E+00 -0.36833E+00 -0.15327E-02 -0.24474E-02  0.79750E+00  0.19933E-02 -0.38398E-02 -0.66270E+00 -0.60722E-01 -0.59098E+00 
  130.00  0.16872E+00 -0.35388E+00 -0.11776E-02 -0.30008E-02  0.79897E+00  0.17944E-02 -0.35532E-02 -0.67302E+00 -0.62116E-01 -0.59973E+00 
  131.00  0.16925E+00 -0.33973E+00 -0.77415E-03 -0.35616E-02  0.80061E+00  0.15784E-02 -0.32154E-02 -0.68300E+00 -0.63260E-01 -0.60822E+00 
  132.00  0.16993E+00 -0.32587E+00 -0.31931E-03 -0.41165E-02  0.80240E+00  0.13462E-02 -0.28413E-02 -0.69264E+00 -0.64096E-01 -0.61646E+00 
  133.00  0.17075E+00 -0.31226E+00  0.18165E-03 -0.46501E-02  0.80431E+00  0.11009E-02 -0.24493E-02 -0.70194E+00 -0.64588E-01 -0.62441E+00 
  134.00  0.17169E+00 -0.29889E+00  0.71571E-03 -0.51463E-02  0.80631E+00  0.84720E-03 -0.20590E-02 -0.71090E+00 -0.64716E-01 -0.63206E+00 
  135.00  0.17274E+00 -0.28572E+00  0.12637E-02 -0.55894E-02  0.80837E+00  0.59139E-03 -0.16881E-02 -0.71950E+00 -0.64486E-01 -0.63936E+00 
  136.00  0.17386E+00 -0.27273E+00  0.18025E-02 -0.59657E-02  0.81044E+00  0.34056E-03 -0.13509E-02 -0.72772E+00 -0.63920E-01 -0.64627E+00 
  137.00  0.17506E+00 -0.25989E+00  0.23081E-02 -0.62644E-02  0.81250E+00  0.10222E-03 -0.10560E-02 -0.73553E+00 -0.63059E-01 -0.65276E+00 
  138.00  0.17630E+00 -0.24721E+00  0.27582E-02 -0.64782E-02  0.81452E+00 -0.11634E-03 -0.80614E-03 -0.74292E+00 -0.61955E-01 -0.65880E+00 
  139.00  0.17756E+00 -0.23468E+00  0.31347E-02 -0.66036E-02  0.81646E+00 -0.30877E-03 -0.59810E-03 -0.74988E+00 -0.60668E-01 -0.66438E+00 
  140.00  0.17883E+00 -0.22230E+00  0.34260E-02 -0.66404E-02  0.81831E+00 -0.47035E-03 -0.42365E-03 -0.75639E+00 -0.59260E-01 -0.66947E+00 
  141.00  0.18010E+00 -0.21010E+00  0.36275E-02 -0.65918E-02  0.82004E+00 -0.59857E-03 -0.27102E-03 -0.76246E+00 -0.57790E-01 -0.67408E+00 
  142.00  0.18135E+00 -0.19809E+00  0.37418E-02 -0.64631E-02  0.82166E+00 -0.69346E-03 -0.12670E-03 -0.76809E+00 -0.56307E-01 -0.67820E+00 
  143.00  0.18257E+00 -0.18630E+00  0.37779E-02 -0.62607E-02  0.82314E+00 -0.75748E-03  0.22486E-04 -0.77329E+00 -0.54848E-01 -0.68184E+00 
  144.00  0.18376E+00 -0.17478E+00  0.37491E-02 -0.59917E-02  0.82450E+00 -0.79510E-03  0.18755E-03 -0.77808E+00 -0.53434E-01 -0.68503E+00 
  145.00  0.18492E+00 -0.16356E+00  0.36708E-02 -0.56630E-02  0.82572E+00 -0.81197E-03  0.37581E-03 -0.78248E+00 -0.52071E-01 -0.68776E+00 
  146.00  0.18605E+00 -0.15266E+00  0.35583E-02 -0.52806E-02  0.82680E+00 -0.81399E-03  0.58987E-03 -0.78651E+00 -0.50751E-01 -0.69008E+00 
  147.00  0.18715E+00 -0.14211E+00  0.34248E-02 -0.48502E-02  0.82775E+00 -0.80653E-03  0.82730E-03 -0.79021E+00 -0.49454E-01 -0.69199E+00 
  148.00  0.18823E+00 -0.13192E+00  0.32803E-02 -0.43773E-02  0.82858E+00 -0.79380E-03  0.10810E-02 -0.79360E+00 -0.48153E-01 -0.69352E+00 
  149.00  0.18928E+00 -0.12209E+00  0.31313E-02 -0.38677E-02  0.82927E+00 -0.77874E-03  0.13398E-02 -0.79671E+00 -0.46816E-01 -0.69468E+00 
  150.00  0.19033E+00 -0.11261E+00  0.29812E-02 -0.33283E-02  0.82983E+00 -0.76321E-03  0.15902E-02 -0.79955E+00 -0.45410E-01 -0.69551E+00 
  151.00  0.19136E+00 -0.10344E+00  0.28312E-02 -0.27675E-02  0.83026E+00 -0.74838E-03  0.18173E-02 -0.80214E+00 -0.43909E-01 -0.69601E+00 
  152.00  0.19238E+00 -0.94556E-01  0.26815E-02 -0.21955E-02  0.83058E+00 -0.73515E-03  0.20065E-02 -0.80449E+00 -0.42290E-01 -0.69620E+00 
  153.00  0.19340E+00 -0.85921E-01  0.25322E-02 -0.16239E-02  0.83078E+00 -0.72441E-03  0.21453E-02 -0.80660E+00 -0.40540E-01 -0.69609E+00 
  154.00  0.19443E+00 -0.77499E-01  0.23839E-02 -0.10656E-02  0.83087E+00 -0.71703E-03  0.22241E-02 -0.80848E+00 -0.38659E-01 -0.69569E+00 
  155.00  0.19547E+00 -0.69266E-01  0.22373E-02 -0.53336E-03  0.83086E+00 -0.71360E-03  0.22374E-02 -0.81014E+00 -0.36653E-01 -0.69503E+00 
  156.00  0.19653E+00 -0.61203E-01  0.20936E-02 -0.39571E-04  0.83077E+00 -0.71409E-03  0.21844E-02 -0.81158E+00 -0.34544E-01 -0.69411E+00 
  157.00  0.19763E+00 -0.53307E-01  0.19536E-02  0.40529E-03  0.83060E+00 -0.71755E-03  0.20690E-02 -0.81282E+00 -0.32361E-01 -0.69296E+00 
  158.00  0.19878E+00 -0.45590E-01  0.18172E-02  0.79339E-03  0.83038E+00 -0.72198E-03  0.18999E-02 -0.81387E+00 -0.30141E-01 -0.69162E+00 
  159.00  0.19999E+00 -0.38077E-01  0.16834E-02  0.11204E-02  0.83012E+00 -0.72452E-03  0.16893E-02 -0.81477E+00 -0.27925E-01 -0.69010E+00 
  160.00  0.20129E+00 -0.30808E-01  0.15502E-02  0.13861E-02  0.82982E+00 -0.72184E-03  0.14515E-02 -0.81553E+00 -0.25752E-01 -0.68843E+00 
  161.00  0.20270E+00 -0.23835E-01  0.14148E-02  0.15944E-02  0.82949E+00 -0.71067E-03  0.12021E-02 -0.81618E+00 -0.23659E-01 -0.68664E+00 
  162.00  0.20423E+00 -0.17217E-01  0.12744E-02  0.17528E-02  0.82913E+00 -0.68840E-03  0.95592E-03 -0.81675E+00 -0.21669E-01 -0.68474E+00 
  163.00  0.20590E+00 -0.11021E-01  0.11266E-02  0.18722E-02  0.82874E+00 -0.65351E-03  0.72595E-03 -0.81725E+00 -0.19800E-01 -0.68274E+00 
  164.00  0.20774E+00 -0.53130E-02  0.97066E-03  0.19646E-02  0.82831E+00 -0.60583E-03  0.52267E-03 -0.81768E+00 -0.18053E-01 -0.68063E+00 
  165.00  0.20976E+00 -0.16162E-03  0.80749E-03  0.20422E-02  0.82782E+00 -0.54663E-03  0.35336E-03 -0.81807E+00 -0.16420E-01 -0.67841E+00 
  166.00  0.21198E+00  0.43668E-02  0.64042E-03  0.21159E-02  0.82725E+00 -0.47847E-03  0.22202E-03 -0.81841E+00 -0.14886E-01 -0.67605E+00 
  167.00  0.21442E+00  0.82052E-02  0.47493E-03  0.21938E-02  0.82659E+00 -0.40487E-03  0.12934E-03 -0.81870E+00 -0.13430E-01 -0.67351E+00 
  168.00  0.21708E+00  0.11285E-01  0.31803E-03  0.22811E-02  0.82581E+00 -0.32991E-03  0.72861E-04 -0.81893E+00 -0.12030E-01 -0.67075E+00 
  169.00  0.21996E+00  0.13538E-01  0.17736E-03  0.23801E-02  0.82491E+00 -0.25770E-03  0.47257E-04 -0.81908E+00 -0.10665E-01 -0.66772E+00 
  170.00  0.22307E+00  0.14904E-01  0.59865E-04  0.24909E-02  0.82388E+00 -0.19190E-03  0.44896E-04 -0.81913E+00 -0.93217E-02 -0.66435E+00 
  171.00  0.22638E+00  0.15349E-01 -0.29396E-04  0.26121E-02  0.82274E+00 -0.13530E-03  0.56687E-04 -0.81906E+00 -0.79926E-02 -0.66061E+00 
  172.00  0.22986E+00  0.14878E-01 -0.88204E-04  0.27412E-02  0.82151E+00 -0.89504E-04  0.73295E-04 -0.81883E+00 -0.66804E-02 -0.65648E+00 
  173.00  0.23344E+00  0.13564E-01 -0.11760E-03  0.28752E-02  0.82023E+00 -0.54865E-04  0.86559E-04 -0.81842E+00 -0.53981E-02 -0.65204E+00 
  174.00  0.23702E+00  0.11553E-01 -0.12168E-03  0.30103E-02  0.81895E+00 -0.30602E-04  0.90830E-04 -0.81785E+00 -0.41697E-02 -0.64739E+00 
  175.00  0.24047E+00  0.90739E-02 -0.10684E-03  0.31416E-02  0.81774E+00 -0.15094E-04  0.83862E-04 -0.81715E+00 -0.30284E-02 -0.64275E+00 
  176.00  0.24363E+00  0.64144E-02 -0.80709E-04  0.32629E-02  0.81666E+00 -0.62711E-05  0.66987E-04 -0.81640E+00 -0.20140E-02 -0.63837E+00 
  177.00  0.24632E+00  0.38953E-02 -0.50985E-04  0.33675E-02  0.81576E+00 -0.20003E-05  0.44464E-04 -0.81567E+00 -0.11683E-02 -0.63455E+00 
  178.00  0.24839E+00  0.18278E-02 -0.24471E-04  0.34485E-02  0.81508E+00 -0.39670E-06  0.22165E-04 -0.81506E+00 -0.53109E-03 -0.63157E+00 
  179.00  0.24970E+00  0.47200E-03 -0.63926E-05  0.34998E-02  0.81465E+00 -0.24834E-07  0.59281E-05 -0.81465E+00 -0.13461E-03 -0.62967E+00 
  180.00  0.25014E+00  0.11825E-13 -0.16072E-15  0.35174E-02  0.81451E+00 -0.15260E-28  0.15023E-15 -0.81451E+00 -0.33515E-14 -0.62902E+00 
 scattering matrix expansion coefficients
    w  a11         a22         a33         a23         a32         a44         a12         a34         a13         a24         a14
    0  0.1000E+01  0.0000E+00  0.0000E+00  0.0000E+00  0.0000E+00  0.8135E+00  0.0000E+00  0.0000E+00  0.0000E+00  0.0000E+00 -0.7197E-03
    1  0.2237E+01  0.0000E+00  0.0000E+00  0.0000E+00  0.0000E+00  0.2377E+01  0.0000E+00  0.0000E+00  0.0000E+00  0.0000E+00 -0.1508E-02
    2  0.3201E+01  0.1946E+00  0.3941E+01  0.5027E-06  0.1212E-02  0.3178E+01 -0.2961E+00 -0.1646E-01 -0.5066E-03 -0.2526E-03 -0.2469E-02
    3  0.3767E+01  0.3145E-01  0.4156E+01 -0.2476E-06 -0.1340E-02  0.3771E+01 -0.1533E+00 -0.3053E-03  0.3003E-03  0.3202E-03 -0.2791E-02
    4  0.4218E+01  0.1844E-01  0.4491E+01  0.1340E-06  0.8128E-03  0.4209E+01 -0.1197E+00 -0.1613E-01  0.5391E-03 -0.6027E-03 -0.3362E-02
    5  0.4539E+01  0.1633E-02  0.4752E+01  0.8396E-07  0.6223E-03  0.4549E+01 -0.1127E+00 -0.1043E-01 -0.4214E-03 -0.4096E-03 -0.5260E-02
    6  0.4828E+01  0.8052E-02  0.4984E+01 -0.1013E-06 -0.4409E-03  0.4829E+01 -0.9204E-01 -0.1315E-01  0.4588E-03  0.1077E-02 -0.3867E-02
    7  0.5078E+01  0.5322E-02  0.5200E+01  0.1531E-06 -0.2082E-02  0.5076E+01 -0.7022E-01 -0.8033E-02 -0.7761E-03  0.8240E-04 -0.4371E-02
    8  0.5298E+01  0.4519E-02  0.5397E+01  0.1018E-06 -0.3309E-02  0.5290E+01 -0.5570E-01 -0.9954E-02 -0.5880E-03 -0.1140E-03 -0.4936E-02
    9  0.5467E+01 -0.3530E-02  0.5559E+01 -0.1433E-06 -0.2681E-02  0.5473E+01 -0.6368E-01 -0.9710E-02  0.1736E-03  0.8861E-04 -0.5278E-02
   10  0.5635E+01  0.7685E-03  0.5709E+01  0.1523E-06 -0.3290E-02  0.5637E+01 -0.6024E-01 -0.5817E-02 -0.6468E-03  0.3630E-03 -0.6681E-02
   11  0.5787E+01  0.1256E-02  0.5853E+01  0.9404E-07 -0.4013E-02  0.5791E+01 -0.4278E-01 -0.4516E-02 -0.6429E-03  0.2135E-03 -0.7302E-02
   12  0.5911E+01  0.7022E-02  0.5968E+01 -0.1415E-07 -0.4079E-02  0.5901E+01 -0.2025E-01 -0.4262E-02  0.1567E-03 -0.1312E-03 -0.8262E-02
   13  0.5952E+01 -0.2366E-02  0.6018E+01 -0.2311E-07 -0.4247E-02  0.5957E+01 -0.2319E-01 -0.1086E-03  0.4262E-03  0.7009E-04 -0.8525E-02
   14  0.5938E+01  0.2926E-03  0.6001E+01 -0.1279E-06 -0.5622E-02  0.5939E+01 -0.2563E-01 -0.6896E-03 -0.4207E-04  0.2416E-03 -0.7679E-02
   15  0.5863E+01  0.7354E-03  0.5925E+01 -0.7781E-07 -0.6556E-02  0.5862E+01 -0.2480E-01 -0.5646E-02 -0.2805E-03  0.2934E-03 -0.6780E-02
   16  0.5737E+01  0.7134E-03  0.5797E+01  0.1110E-06 -0.5873E-02  0.5736E+01 -0.2547E-01 -0.9070E-02 -0.1208E-04  0.8966E-04 -0.5640E-02
   17  0.5567E+01 -0.9980E-04  0.5625E+01  0.6096E-07 -0.4253E-02  0.5568E+01 -0.3431E-01 -0.1287E-01 -0.4667E-05  0.2715E-03 -0.5047E-02
   18  0.5374E+01  0.1446E-02  0.5428E+01 -0.1268E-07 -0.2949E-02  0.5374E+01 -0.3779E-01 -0.2014E-01  0.4459E-04  0.1313E-03 -0.5170E-02
   19  0.5161E+01 -0.9891E-03  0.5213E+01 -0.7912E-07 -0.1994E-02  0.5165E+01 -0.4028E-01 -0.2857E-01  0.3104E-03 -0.6439E-04 -0.5767E-02
   20  0.4934E+01  0.7749E-03  0.4983E+01 -0.5945E-07 -0.1860E-02  0.4936E+01 -0.3749E-01 -0.3508E-01  0.1402E-03 -0.2488E-03 -0.6038E-02
   21  0.4686E+01  0.1004E-02  0.4732E+01  0.6301E-07 -0.2113E-02  0.4688E+01 -0.3690E-01 -0.3777E-01  0.1899E-03 -0.2486E-03 -0.6089E-02
   22  0.4421E+01  0.8519E-03  0.4465E+01 -0.5422E-07 -0.2525E-02  0.4425E+01 -0.3547E-01 -0.4095E-01  0.1265E-03  0.1125E-03 -0.5885E-02
   23  0.4149E+01  0.1240E-02  0.4189E+01 -0.1672E-07 -0.2712E-02  0.4151E+01 -0.2838E-01 -0.4295E-01 -0.1557E-03  0.1126E-03 -0.5453E-02
   24  0.3872E+01  0.2190E-02  0.3907E+01 -0.6326E-08 -0.2240E-02  0.3871E+01 -0.1651E-01 -0.4162E-01 -0.1063E-03  0.4698E-04 -0.4900E-02
   25  0.3579E+01  0.1044E-02  0.3613E+01 -0.7586E-07 -0.1239E-02  0.3579E+01 -0.9886E-02 -0.3788E-01  0.1862E-03 -0.1690E-04 -0.4454E-02
   26  0.3269E+01  0.8203E-03  0.3302E+01 -0.3684E-07 -0.4967E-03  0.3269E+01 -0.7927E-02 -0.3393E-01  0.3117E-03 -0.1809E-04 -0.3844E-02
   27  0.2942E+01  0.1029E-02  0.2974E+01  0.3385E-07 -0.3611E-03  0.2942E+01 -0.8741E-02 -0.2946E-01  0.2975E-03  0.5409E-04 -0.2735E-02
   28  0.2606E+01  0.7272E-03  0.2636E+01  0.4208E-07 -0.5106E-03  0.2606E+01 -0.1163E-01 -0.2404E-01  0.1509E-03  0.6312E-04 -0.1507E-02
   29  0.2270E+01 -0.4596E-03  0.2299E+01  0.1740E-07 -0.4629E-03  0.2272E+01 -0.1653E-01 -0.1844E-01  0.8758E-04 -0.3441E-04 -0.5947E-03
   30  0.1949E+01 -0.5193E-03  0.1975E+01 -0.5734E-08 -0.1454E-03  0.1951E+01 -0.1865E-01 -0.1340E-01  0.9491E-04 -0.6976E-04 -0.6365E-04
   31  0.1653E+01 -0.8811E-04  0.1675E+01 -0.8254E-08  0.2254E-03  0.1653E+01 -0.1738E-01 -0.8659E-02  0.9720E-04 -0.3060E-04  0.2649E-03
   32  0.1385E+01  0.2413E-03  0.1403E+01 -0.1186E-07  0.5047E-03  0.1384E+01 -0.1524E-01 -0.4294E-02  0.8743E-04  0.3857E-04  0.5653E-03
   33  0.1145E+01 -0.4727E-04  0.1160E+01  0.2344E-08  0.6417E-03  0.1145E+01 -0.1505E-01 -0.1028E-02  0.6205E-04  0.7339E-04  0.7724E-03
   34  0.9355E+00 -0.2575E-03  0.9485E+00  0.1458E-07  0.6307E-03  0.9358E+00 -0.1558E-01  0.5261E-03  0.2733E-04  0.5743E-04  0.7771E-03
   35  0.7583E+00 -0.2579E-03  0.7688E+00  0.1690E-07  0.4852E-03  0.7588E+00 -0.1481E-01  0.7366E-03 -0.4327E-05  0.1299E-04  0.6335E-03
   36  0.6116E+00 -0.5175E-04  0.6199E+00  0.4625E-08  0.3145E-03  0.6117E+00 -0.1185E-01  0.6645E-03 -0.4290E-05 -0.1001E-04  0.4958E-03
   37  0.4896E+00  0.4908E-04  0.4961E+00 -0.3919E-08  0.2168E-03  0.4893E+00 -0.8138E-02  0.1223E-02  0.1224E-04 -0.2216E-04  0.4053E-03
   38  0.3853E+00  0.5650E-04  0.3906E+00  0.9118E-09  0.1972E-03  0.3848E+00 -0.5336E-02  0.2504E-02  0.2240E-04 -0.2619E-04  0.3434E-03
   39  0.2935E+00 -0.4723E-04  0.2981E+00  0.7069E-08  0.2098E-03  0.2932E+00 -0.4428E-02  0.3944E-02  0.2337E-04 -0.2405E-04  0.2896E-03
   40  0.2132E+00 -0.1271E-03  0.2172E+00  0.4892E-08  0.2058E-03  0.2132E+00 -0.4898E-02  0.4798E-02  0.1575E-04 -0.1483E-04  0.2423E-03
   41  0.1458E+00 -0.1552E-03  0.1490E+00  0.4575E-10  0.1720E-03  0.1459E+00 -0.5662E-02  0.4734E-02  0.4480E-05 -0.9256E-05  0.1925E-03
   42  0.9312E-01 -0.1014E-03  0.9544E-01 -0.1317E-08  0.1228E-03  0.9325E-01 -0.5768E-02  0.3910E-02 -0.3049E-05 -0.5263E-05  0.1429E-03
   43  0.5526E-01 -0.2954E-04  0.5679E-01 -0.3658E-10  0.7562E-04  0.5533E-01 -0.5037E-02  0.2778E-02 -0.6290E-05 -0.4594E-05  0.9422E-04
   44  0.3044E-01  0.2822E-04  0.3133E-01 -0.1311E-09  0.4181E-04  0.3042E-01 -0.3790E-02  0.1731E-02 -0.5161E-05 -0.3706E-05  0.5532E-04
   45  0.1557E-01  0.5051E-04  0.1604E-01 -0.9330E-09  0.2085E-04  0.1551E-01 -0.2503E-02  0.9624E-03 -0.3374E-05 -0.2514E-05  0.2858E-04
   46  0.7410E-02  0.4874E-04  0.7627E-02 -0.8094E-09  0.9741E-05  0.7341E-02 -0.1469E-02  0.4836E-03 -0.1778E-05 -0.1390E-05  0.1337E-04
   47  0.3289E-02  0.3532E-04  0.3379E-02 -0.5198E-09  0.4276E-05  0.3235E-02 -0.7780E-03  0.2223E-03 -0.8828E-06 -0.6790E-06  0.5646E-05
   48  0.1365E-02  0.2161E-04  0.1398E-02 -0.3089E-09  0.1781E-05  0.1331E-02 -0.3750E-03  0.9401E-04 -0.3978E-06 -0.2944E-06  0.2247E-05
   49  0.5310E-03  0.1149E-04  0.5419E-03 -0.2413E-09  0.7017E-06  0.5123E-03 -0.1660E-03  0.3685E-04 -0.1766E-06 -0.1305E-06  0.8367E-06
   50  0.1942E-03  0.5478E-05  0.1972E-03 -0.1292E-09  0.2576E-06  0.1850E-03 -0.6790E-04  0.1342E-04 -0.7337E-07 -0.5793E-07  0.3019E-06
   51  0.6684E-04  0.2364E-05  0.6749E-04 -0.8496E-12  0.8601E-07  0.6284E-04 -0.2580E-04  0.4566E-05 -0.2916E-07 -0.2662E-07  0.1036E-06
   52  0.2172E-04  0.9376E-06  0.2179E-04  0.8473E-10  0.2576E-07  0.2011E-04 -0.9146E-05  0.1452E-05 -0.1076E-07 -0.1206E-07  0.3458E-07
   53  0.6679E-05  0.3428E-06  0.6653E-05  0.1145E-09  0.6654E-08  0.6086E-05 -0.3038E-05  0.4350E-06 -0.3725E-08 -0.5270E-08  0.1086E-07
   54  0.1952E-05  0.1167E-06  0.1929E-05  0.8940E-10  0.1393E-08  0.1748E-05 -0.9504E-06  0.1244E-06 -0.1177E-08 -0.2205E-08  0.3173E-08
   55  0.5462E-06  0.3707E-07  0.5356E-06  0.5294E-10  0.1897E-09  0.4810E-06 -0.2820E-06  0.3492E-07 -0.3432E-09 -0.9034E-09  0.9494E-09
   56  0.1487E-06  0.1111E-07  0.1447E-06  0.2527E-10 -0.2415E-10  0.1290E-06 -0.8045E-07  0.9826E-08 -0.7242E-10 -0.3700E-09  0.3499E-09
   57  0.4045E-07  0.3197E-08  0.3915E-07  0.9426E-11 -0.1651E-10  0.3479E-07 -0.2262E-07  0.2755E-08 -0.7486E-11 -0.1525E-09  0.1425E-09
   58  0.1161E-07  0.9156E-09  0.1120E-07  0.2677E-11 -0.8769E-11  0.9988E-08 -0.6552E-08  0.8097E-09  0.6083E-11 -0.6012E-10  0.6622E-10
   59  0.3800E-08  0.2587E-09  0.3680E-08  0.4969E-12 -0.1388E-11  0.3344E-08 -0.2081E-08  0.2951E-09  0.4263E-11 -0.2142E-10  0.2617E-10
   60  0.1649E-08  0.6942E-10  0.1622E-08 -0.3176E-13  0.1855E-12  0.1531E-08 -0.8103E-09  0.1922E-09  0.1939E-11 -0.6555E-11  0.9641E-11
   61  0.9417E-09  0.1377E-10  0.9415E-09 -0.9032E-13  0.1909E-11  0.9209E-09 -0.4216E-09  0.1664E-09  0.3850E-12 -0.1587E-11  0.4246E-11
   62  0.7000E-09  0.4217E-11  0.7102E-09 -0.5914E-13  0.9760E-12  0.6966E-09 -0.2826E-09  0.1225E-09  0.1814E-12 -0.4371E-12  0.2507E-11
   63  0.3705E-09  0.3313E-11  0.3709E-09 -0.3467E-13  0.7143E-12  0.3670E-09 -0.1687E-09  0.7656E-10  0.6861E-13  0.1418E-12  0.6556E-12
   64  0.3264E-09  0.8598E-11  0.3281E-09 -0.2116E-13  0.1045E-11  0.3123E-09 -0.1435E-09  0.3814E-10 -0.1892E-12  0.1717E-13  0.4901E-12
   65  0.8976E-10  0.2702E-11  0.8789E-10 -0.1167E-13  0.1763E-12  0.8563E-10 -0.4593E-10  0.1617E-10 -0.1305E-14  0.5986E-13  0.6639E-13
   66  0.9511E-10  0.5229E-11  0.9365E-10 -0.5417E-14  0.3064E-12  0.8584E-10 -0.4780E-10  0.5828E-11 -0.7003E-13 -0.8985E-14  0.1135E-12
   67  0.1160E-10  0.6098E-12  0.1105E-10 -0.2385E-14  0.2758E-13  0.1063E-10 -0.6541E-11  0.1736E-11 -0.1250E-14  0.9816E-14 -0.8251E-15
   68  0.1669E-10  0.1346E-11  0.1606E-10 -0.9302E-15  0.4607E-13  0.1425E-10 -0.9370E-11  0.5141E-12 -0.1184E-13 -0.2799E-14  0.1517E-13
   69  0.8145E-12  0.5797E-13  0.7484E-12 -0.3055E-15  0.2077E-14  0.7235E-12 -0.4900E-12  0.9979E-13  0.1598E-15  0.8287E-15 -0.2036E-15
   70  0.1869E-11  0.1934E-12  0.1762E-11 -0.9009E-16  0.4393E-14  0.1516E-11 -0.1146E-11  0.2864E-13 -0.1226E-14 -0.2277E-15  0.1028E-14
   71  0.2945E-13  0.2480E-14  0.2574E-13 -0.2808E-16  0.7580E-16  0.2585E-13 -0.1827E-13  0.2970E-14  0.4579E-16  0.5821E-16 -0.2420E-16
   72  0.1367E-12  0.1656E-13  0.1256E-12 -0.7786E-17  0.2599E-15  0.1058E-12 -0.8920E-13  0.1103E-14 -0.7279E-16 -0.8078E-17  0.3984E-16
   73  0.4235E-15  0.2351E-16  0.2594E-15 -0.1618E-17  0.4735E-19  0.4455E-15 -0.2003E-15  0.2769E-16  0.3853E-17  0.1830E-17 -0.6316E-18
   74  0.8283E-14  0.1193E-14  0.7606E-14 -0.2908E-18  0.1273E-16  0.6134E-14 -0.5791E-14  0.3294E-16 -0.4141E-17  0.1544E-18 -0.1236E-18
