 input file is 
mstm24_512_4299_18_00226.inp  
 input file comments follow:
***********************************************************
  This is the default mstm input file for v.3.0.
  The run is for a 7-sphere cluster of identical spheres.   The positions
  are embedded in the input file.

  The run makes use of the new_run and multiple_run options.

  14 April 2013
***********************************************************
 number of processors:
   1
 input parameters for run number 
    1
 number of spheres, volume size parameter:
  512  0.34392E+01
 position file:
position/n512/a24.out                                       
 output file:
output/512/x4299/18/00226/mt_24_512_4299_18_00226.dat       
 length, ref. indx. scale factors:
   0.430   1.800   0.023
 chiral factors:
  0.00000E+00  0.00000E+00
 scattering matrix directions based on incident frame
 automatic scattering angle calculation
 thetamin, thetamax:
      0.0    180.0
 number scattering angles:
      181
 epsmie, epssoln, max number iterations:
  0.1000E-05  0.1000E-07 5000
 medium refractive index:
  1.0000  0.0000
 target euler rotation angles:
    0.0000    0.0000    0.0000
 far field kr, iterations/correction:
 -0.1000E+01   20
 plane wave incidence
 random orientation calculations
 t matrix calculated, stored in file 
tmatrixfiles/2451242991800226                               
 t matrix convergence epsilon:
  0.1000E-06
 all spheres excited (total T matrix) 
 calculation results for run 
    1
 total ext, abs, scat efficiencies, w.r.t. xv, and asym. parm
  0.22111E+01  0.18323E+00  0.20278E+01  0.74947E+00
 scattering matrix elements (normalized w/ S11)
   theta      11           12           13           14           22           23           24           33           34           44      
    0.00  0.67084E+02  0.00000E+00  0.00000E+00  0.10665E-03  0.99984E+00 -0.67454E-04  0.00000E+00  0.99984E+00  0.00000E+00  0.99968E+00 
    1.00  0.66229E+02 -0.92819E-04 -0.20705E-07  0.10887E-03  0.99984E+00 -0.68492E-04 -0.39876E-08  0.99984E+00  0.11500E-04  0.99968E+00 
    2.00  0.63737E+02 -0.37169E-03 -0.78406E-07  0.11541E-03  0.99983E+00 -0.71751E-04 -0.17054E-07  0.99983E+00  0.45350E-04  0.99967E+00 
    3.00  0.59814E+02 -0.83822E-03 -0.15886E-06  0.12589E-03  0.99983E+00 -0.77680E-04 -0.42441E-07  0.99983E+00  0.99479E-04  0.99966E+00 
    4.00  0.54777E+02 -0.14964E-02 -0.23487E-06  0.13961E-03  0.99981E+00 -0.87053E-04 -0.85305E-07  0.99981E+00  0.17002E-03  0.99963E+00 
    5.00  0.49010E+02 -0.23547E-02 -0.26103E-06  0.15539E-03  0.99980E+00 -0.10100E-03 -0.15226E-06  0.99979E+00  0.25070E-03  0.99960E+00 
    6.00  0.42919E+02 -0.34299E-02 -0.16635E-06  0.17137E-03  0.99977E+00 -0.12099E-03 -0.25059E-06  0.99977E+00  0.33193E-03  0.99955E+00 
    7.00  0.36886E+02 -0.47515E-02  0.15376E-06  0.18489E-03  0.99974E+00 -0.14882E-03 -0.38689E-06  0.99973E+00  0.39996E-03  0.99949E+00 
    8.00  0.31232E+02 -0.63682E-02  0.84266E-06  0.19226E-03  0.99970E+00 -0.18630E-03 -0.56518E-06  0.99969E+00  0.43636E-03  0.99941E+00 
    9.00  0.26189E+02 -0.83518E-02  0.20773E-05  0.18899E-03  0.99965E+00 -0.23485E-03 -0.78436E-06  0.99963E+00  0.41880E-03  0.99930E+00 
   10.00  0.21886E+02 -0.10796E-01  0.40413E-05  0.17042E-03  0.99959E+00 -0.29467E-03 -0.10357E-05  0.99954E+00  0.32462E-03  0.99916E+00 
   11.00  0.18361E+02 -0.13801E-01  0.68693E-05  0.13321E-03  0.99951E+00 -0.36383E-03 -0.13018E-05  0.99944E+00  0.13768E-03  0.99899E+00 
   12.00  0.15566E+02 -0.17443E-01  0.10574E-04  0.77201E-04  0.99942E+00 -0.43776E-03 -0.15573E-05  0.99930E+00 -0.14284E-03  0.99878E+00 
   13.00  0.13400E+02 -0.21740E-01  0.14998E-04  0.66397E-05  0.99932E+00 -0.50992E-03 -0.17720E-05  0.99913E+00 -0.49714E-03  0.99852E+00 
   14.00  0.11732E+02 -0.26631E-01  0.19845E-04 -0.70562E-04  0.99921E+00 -0.57373E-03 -0.19116E-05  0.99893E+00 -0.88911E-03  0.99822E+00 
   15.00  0.10426E+02 -0.31998E-01  0.24794E-04 -0.14570E-03  0.99908E+00 -0.62484E-03 -0.19314E-05  0.99868E+00 -0.12803E-02  0.99787E+00 
   16.00  0.93608E+01 -0.37709E-01  0.29627E-04 -0.21255E-03  0.99895E+00 -0.66201E-03 -0.17630E-05  0.99839E+00 -0.16451E-02  0.99746E+00 
   17.00  0.84457E+01 -0.43664E-01  0.34304E-04 -0.26915E-03  0.99880E+00 -0.68643E-03 -0.12996E-05  0.99805E+00 -0.19787E-02  0.99699E+00 
   18.00  0.76212E+01 -0.49813E-01  0.38945E-04 -0.31756E-03  0.99862E+00 -0.69985E-03 -0.38851E-06  0.99764E+00 -0.22938E-02  0.99645E+00 
   19.00  0.68576E+01 -0.56149E-01  0.43771E-04 -0.36232E-03  0.99842E+00 -0.70285E-03  0.11585E-05  0.99717E+00 -0.26130E-02  0.99581E+00 
   20.00  0.61482E+01 -0.62699E-01  0.49016E-04 -0.40860E-03  0.99819E+00 -0.69371E-03  0.35289E-05  0.99661E+00 -0.29583E-02  0.99506E+00 
   21.00  0.54990E+01 -0.69504E-01  0.54838E-04 -0.46035E-03  0.99793E+00 -0.66809E-03  0.68360E-05  0.99596E+00 -0.33411E-02  0.99421E+00 
   22.00  0.49204E+01 -0.76611E-01  0.61220E-04 -0.51853E-03  0.99765E+00 -0.61977E-03  0.11014E-04  0.99520E+00 -0.37543E-02  0.99323E+00 
   23.00  0.44193E+01 -0.84062E-01  0.67909E-04 -0.57983E-03  0.99736E+00 -0.54244E-03  0.15711E-04  0.99433E+00 -0.41677E-02  0.99213E+00 
   24.00  0.39957E+01 -0.91890E-01  0.74408E-04 -0.63651E-03  0.99705E+00 -0.43230E-03  0.20252E-04  0.99335E+00 -0.45316E-02  0.99091E+00 
   25.00  0.36416E+01 -0.10012E+00  0.80085E-04 -0.67810E-03  0.99676E+00 -0.29038E-03  0.23727E-04  0.99224E+00 -0.47896E-02  0.98958E+00 
   26.00  0.33427E+01 -0.10875E+00  0.84344E-04 -0.69438E-03  0.99646E+00 -0.12327E-03  0.25217E-04  0.99100E+00 -0.48962E-02  0.98812E+00 
   27.00  0.30820E+01 -0.11780E+00  0.86808E-04 -0.67843E-03  0.99617E+00  0.58207E-04  0.24056E-04  0.98962E+00 -0.48303E-02  0.98652E+00 
   28.00  0.28429E+01 -0.12728E+00  0.87398E-04 -0.62835E-03  0.99585E+00  0.24155E-03  0.20026E-04  0.98808E+00 -0.45989E-02  0.98475E+00 
   29.00  0.26128E+01 -0.13721E+00  0.86329E-04 -0.54717E-03  0.99549E+00  0.41479E-03  0.13447E-04  0.98634E+00 -0.42310E-02  0.98274E+00 
   30.00  0.23845E+01 -0.14759E+00  0.84037E-04 -0.44196E-03  0.99506E+00  0.56746E-03  0.52126E-05  0.98437E+00 -0.37682E-02  0.98046E+00 
   31.00  0.21565E+01 -0.15843E+00  0.81105E-04 -0.32297E-03  0.99454E+00  0.69056E-03 -0.31614E-05  0.98215E+00 -0.32573E-02  0.97785E+00 
   32.00  0.19322E+01 -0.16971E+00  0.78217E-04 -0.20322E-03  0.99390E+00  0.77609E-03 -0.94560E-05  0.97963E+00 -0.27471E-02  0.97486E+00 
   33.00  0.17184E+01 -0.18140E+00  0.76090E-04 -0.98373E-04  0.99313E+00  0.81715E-03 -0.10698E-04  0.97681E+00 -0.22868E-02  0.97147E+00 
   34.00  0.15227E+01 -0.19342E+00  0.75378E-04 -0.25991E-04  0.99225E+00  0.80894E-03 -0.33120E-05  0.97368E+00 -0.19256E-02  0.96771E+00 
   35.00  0.13518E+01 -0.20564E+00  0.76490E-04 -0.30321E-05  0.99127E+00  0.75112E-03  0.16288E-04  0.97028E+00 -0.17083E-02  0.96362E+00 
   36.00  0.12100E+01 -0.21796E+00  0.79350E-04 -0.41053E-04  0.99028E+00  0.65057E-03  0.50514E-04  0.96669E+00 -0.16659E-02  0.95934E+00 
   37.00  0.10990E+01 -0.23029E+00  0.83224E-04 -0.14020E-03  0.98935E+00  0.52266E-03  0.99101E-04  0.96297E+00 -0.18032E-02  0.95501E+00 
   38.00  0.10172E+01 -0.24264E+00  0.86809E-04 -0.28563E-03  0.98856E+00  0.38867E-03  0.15814E-03  0.95920E+00 -0.20911E-02  0.95076E+00 
   39.00  0.96092E+00 -0.25512E+00  0.88690E-04 -0.45041E-03  0.98799E+00  0.26908E-03  0.22068E-03  0.95539E+00 -0.24708E-02  0.94664E+00 
   40.00  0.92469E+00 -0.26791E+00  0.87947E-04 -0.60473E-03  0.98764E+00  0.17622E-03  0.27886E-03  0.95148E+00 -0.28720E-02  0.94259E+00 
   41.00  0.90265E+00 -0.28122E+00  0.84573E-04 -0.72606E-03  0.98747E+00  0.11089E-03  0.32645E-03  0.94737E+00 -0.32333E-02  0.93849E+00 
   42.00  0.88915E+00 -0.29517E+00  0.79484E-04 -0.80450E-03  0.98741E+00  0.64521E-04  0.36025E-03  0.94294E+00 -0.35134E-02  0.93414E+00 
   43.00  0.87937E+00 -0.30980E+00  0.74215E-04 -0.84198E-03  0.98740E+00  0.24250E-04  0.38012E-03  0.93809E+00 -0.36905E-02  0.92940E+00 
   44.00  0.86965E+00 -0.32505E+00  0.70517E-04 -0.84802E-03  0.98739E+00 -0.22067E-04  0.38801E-03  0.93274E+00 -0.37552E-02  0.92416E+00 
   45.00  0.85753E+00 -0.34083E+00  0.70004E-04 -0.83497E-03  0.98732E+00 -0.82730E-04  0.38698E-03  0.92687E+00 -0.37036E-02  0.91836E+00 
   46.00  0.84163E+00 -0.35699E+00  0.73883E-04 -0.81441E-03  0.98719E+00 -0.16090E-03  0.38035E-03  0.92047E+00 -0.35336E-02  0.91199E+00 
   47.00  0.82143E+00 -0.37340E+00  0.82759E-04 -0.79483E-03  0.98698E+00 -0.25464E-03  0.37108E-03  0.91356E+00 -0.32439E-02  0.90505E+00 
   48.00  0.79705E+00 -0.38990E+00  0.96503E-04 -0.78045E-03  0.98668E+00 -0.35778E-03  0.36137E-03  0.90617E+00 -0.28366E-02  0.89757E+00 
   49.00  0.76899E+00 -0.40641E+00  0.11420E-03 -0.77080E-03  0.98629E+00 -0.46135E-03  0.35238E-03  0.89831E+00 -0.23195E-02  0.88958E+00 
   50.00  0.73799E+00 -0.42284E+00  0.13419E-03 -0.76107E-03  0.98581E+00 -0.55527E-03  0.34400E-03  0.89003E+00 -0.17083E-02  0.88111E+00 
   51.00  0.70493E+00 -0.43917E+00  0.15422E-03 -0.74302E-03  0.98525E+00 -0.63018E-03  0.33486E-03  0.88131E+00 -0.10281E-02  0.87216E+00 
   52.00  0.67072E+00 -0.45540E+00  0.17170E-03 -0.70644E-03  0.98459E+00 -0.67913E-03  0.32237E-03  0.87216E+00 -0.31206E-03  0.86273E+00 
   53.00  0.63628E+00 -0.47159E+00  0.18403E-03 -0.64104E-03  0.98386E+00 -0.69889E-03  0.30309E-03  0.86255E+00  0.40060E-03  0.85279E+00 
   54.00  0.60249E+00 -0.48779E+00  0.18901E-03 -0.53858E-03  0.98304E+00 -0.69081E-03  0.27325E-03  0.85244E+00  0.10697E-02  0.84231E+00 
   55.00  0.57013E+00 -0.50408E+00  0.18523E-03 -0.39497E-03  0.98215E+00 -0.66085E-03  0.22950E-03  0.84176E+00  0.16597E-02  0.83125E+00 
   56.00  0.53983E+00 -0.52053E+00  0.17245E-03 -0.21194E-03  0.98122E+00 -0.61882E-03  0.16975E-03  0.83048E+00  0.21469E-02  0.81956E+00 
   57.00  0.51202E+00 -0.53719E+00  0.15172E-03  0.20869E-05  0.98024E+00 -0.57682E-03  0.93980E-04  0.81853E+00  0.25243E-02  0.80720E+00 
   58.00  0.48693E+00 -0.55409E+00  0.12537E-03  0.23245E-03  0.97926E+00 -0.54701E-03  0.47616E-05  0.80586E+00  0.28055E-02  0.79415E+00 
   59.00  0.46452E+00 -0.57122E+00  0.96657E-04  0.46009E-03  0.97828E+00 -0.53922E-03 -0.92695E-04  0.79246E+00  0.30233E-02  0.78040E+00 
   60.00  0.44455E+00 -0.58855E+00  0.69177E-04  0.66455E-03  0.97733E+00 -0.55908E-03 -0.19110E-03  0.77830E+00  0.32241E-02  0.76594E+00 
   61.00  0.42662E+00 -0.60601E+00  0.46270E-04  0.82727E-03  0.97640E+00 -0.60716E-03 -0.28214E-03  0.76336E+00  0.34595E-02  0.75076E+00 
   62.00  0.41021E+00 -0.62355E+00  0.30482E-04  0.93433E-03  0.97550E+00 -0.67930E-03 -0.35771E-03  0.74764E+00  0.37756E-02  0.73485E+00 
   63.00  0.39476E+00 -0.64109E+00  0.23294E-04  0.97811E-03  0.97462E+00 -0.76806E-03 -0.41105E-03  0.73112E+00  0.42052E-02  0.71819E+00 
   64.00  0.37980E+00 -0.65857E+00  0.25137E-04  0.95742E-03  0.97372E+00 -0.86458E-03 -0.43757E-03  0.71378E+00  0.47620E-02  0.70074E+00 
   65.00  0.36494E+00 -0.67593E+00  0.35637E-04  0.87681E-03  0.97278E+00 -0.96040E-03 -0.43518E-03  0.69559E+00  0.54395E-02  0.68245E+00 
   66.00  0.34996E+00 -0.69315E+00  0.53971E-04  0.74521E-03  0.97178E+00 -0.10489E-02 -0.40436E-03  0.67648E+00  0.62120E-02  0.66325E+00 
   67.00  0.33484E+00 -0.71018E+00  0.79237E-04  0.57470E-03  0.97069E+00 -0.11259E-02 -0.34798E-03  0.65640E+00  0.70374E-02  0.64305E+00 
   68.00  0.31970E+00 -0.72703E+00  0.11074E-03  0.37945E-03  0.96949E+00 -0.11901E-02 -0.27112E-03  0.63527E+00  0.78615E-02  0.62178E+00 
   69.00  0.30481E+00 -0.74366E+00  0.14813E-03  0.17486E-03  0.96820E+00 -0.12428E-02 -0.18075E-03  0.61302E+00  0.86230E-02  0.59937E+00 
   70.00  0.29052E+00 -0.76008E+00  0.19144E-03 -0.23115E-04  0.96682E+00 -0.12870E-02 -0.85309E-04  0.58959E+00  0.92598E-02  0.57576E+00 
   71.00  0.27722E+00 -0.77626E+00  0.24089E-03 -0.19903E-03  0.96539E+00 -0.13268E-02  0.59895E-05  0.56494E+00  0.97169E-02  0.55093E+00 
   72.00  0.26526E+00 -0.79218E+00  0.29657E-03 -0.33925E-03  0.96395E+00 -0.13659E-02  0.84165E-04  0.53909E+00  0.99553E-02  0.52491E+00 
   73.00  0.25493E+00 -0.80776E+00  0.35808E-03 -0.43364E-03  0.96257E+00 -0.14070E-02  0.14182E-03  0.51211E+00  0.99605E-02  0.49781E+00 
   74.00  0.24640E+00 -0.82294E+00  0.42418E-03 -0.47733E-03  0.96131E+00 -0.14504E-02  0.17453E-03  0.48413E+00  0.97478E-02  0.46976E+00 
   75.00  0.23968E+00 -0.83761E+00  0.49257E-03 -0.47181E-03  0.96021E+00 -0.14941E-02  0.18194E-03  0.45533E+00  0.93619E-02  0.44098E+00 
   76.00  0.23468E+00 -0.85164E+00  0.56004E-03 -0.42485E-03  0.95931E+00 -0.15339E-02  0.16797E-03  0.42593E+00  0.88697E-02  0.41168E+00 
   77.00  0.23118E+00 -0.86492E+00  0.62273E-03 -0.34919E-03  0.95861E+00 -0.15643E-02  0.14015E-03  0.39614E+00  0.83466E-02  0.38207E+00 
   78.00  0.22884E+00 -0.87731E+00  0.67672E-03 -0.26002E-03  0.95808E+00 -0.15798E-02  0.10812E-03  0.36613E+00  0.78620E-02  0.35231E+00 
   79.00  0.22729E+00 -0.88872E+00  0.71844E-03 -0.17231E-03  0.95768E+00 -0.15757E-02  0.81760E-04  0.33604E+00  0.74672E-02  0.32251E+00 
   80.00  0.22613E+00 -0.89907E+00  0.74499E-03 -0.98468E-04  0.95734E+00 -0.15488E-02  0.69634E-04  0.30593E+00  0.71878E-02  0.29271E+00 
   81.00  0.22496E+00 -0.90831E+00  0.75436E-03 -0.46927E-04  0.95700E+00 -0.14977E-02  0.77856E-04  0.27582E+00  0.70233E-02  0.26289E+00 
   82.00  0.22348E+00 -0.91641E+00  0.74529E-03 -0.21531E-04  0.95659E+00 -0.14224E-02  0.10961E-03  0.24567E+00  0.69500E-02  0.23302E+00 
   83.00  0.22141E+00 -0.92333E+00  0.71731E-03 -0.21631E-04  0.95608E+00 -0.13239E-02  0.16511E-03  0.21543E+00  0.69258E-02  0.20304E+00 
   84.00  0.21863E+00 -0.92906E+00  0.67052E-03 -0.42535E-04  0.95543E+00 -0.12039E-02  0.24180E-03  0.18504E+00  0.68967E-02  0.17286E+00 
   85.00  0.21507E+00 -0.93359E+00  0.60568E-03 -0.76126E-04  0.95461E+00 -0.10645E-02  0.33466E-03  0.15442E+00  0.68019E-02  0.14242E+00 
   86.00  0.21078E+00 -0.93693E+00  0.52418E-03 -0.11157E-03  0.95362E+00 -0.90842E-03  0.43661E-03  0.12352E+00  0.65790E-02  0.11168E+00 
   87.00  0.20592E+00 -0.93907E+00  0.42820E-03 -0.13614E-03  0.95248E+00 -0.73851E-03  0.53890E-03  0.92270E-01  0.61694E-02  0.80594E-01 
   88.00  0.20066E+00 -0.94003E+00  0.32086E-03 -0.13619E-03  0.95121E+00 -0.55841E-03  0.63161E-03  0.60650E-01  0.55234E-02  0.49162E-01 
   89.00  0.19525E+00 -0.93983E+00  0.20641E-03 -0.98483E-04  0.94987E+00 -0.37259E-03  0.70443E-03  0.28653E-01  0.46062E-02  0.17406E-01 
   90.00  0.18996E+00 -0.93850E+00  0.90224E-04 -0.11703E-04  0.94850E+00 -0.18649E-03  0.74755E-03 -0.36900E-02  0.34040E-02 -0.14615E-01 
   91.00  0.18501E+00 -0.93610E+00 -0.21334E-04  0.13175E-03  0.94720E+00 -0.65723E-05  0.75293E-03 -0.36313E-01  0.19286E-02 -0.46808E-01 
   92.00  0.18064E+00 -0.93271E+00 -0.12131E-03  0.33411E-03  0.94603E+00  0.16000E-03  0.71557E-03 -0.69111E-01  0.22058E-03 -0.79045E-01 
   93.00  0.17701E+00 -0.92839E+00 -0.20288E-03  0.59117E-03  0.94507E+00  0.30589E-03  0.63460E-03 -0.10194E+00 -0.16524E-02 -0.11117E+00 
   94.00  0.17423E+00 -0.92325E+00 -0.26020E-03  0.89204E-03  0.94437E+00  0.42440E-03  0.51394E-03 -0.13465E+00 -0.36015E-02 -0.14303E+00 
   95.00  0.17235E+00 -0.91735E+00 -0.28928E-03  0.12202E-02  0.94399E+00  0.51036E-03  0.36212E-03 -0.16706E+00 -0.55277E-02 -0.17446E+00 
   96.00  0.17137E+00 -0.91076E+00 -0.28864E-03  0.15557E-02  0.94391E+00  0.56087E-03  0.19131E-03 -0.19901E+00 -0.73344E-02 -0.20531E+00 
   97.00  0.17122E+00 -0.90353E+00 -0.25953E-03  0.18778E-02  0.94413E+00  0.57565E-03  0.15702E-04 -0.23037E+00 -0.89400E-02 -0.23548E+00 
   98.00  0.17179E+00 -0.89568E+00 -0.20569E-03  0.21678E-02  0.94460E+00  0.55698E-03 -0.15041E-03 -0.26102E+00 -0.10287E-01 -0.26491E+00 
   99.00  0.17294E+00 -0.88722E+00 -0.13270E-03  0.24113E-02  0.94525E+00  0.50924E-03 -0.29429E-03 -0.29090E+00 -0.11347E-01 -0.29354E+00 
  100.00  0.17450E+00 -0.87813E+00 -0.47182E-04  0.25990E-02  0.94601E+00  0.43819E-03 -0.40591E-03 -0.31998E+00 -0.12115E-01 -0.32138E+00 
  101.00  0.17630E+00 -0.86839E+00  0.44082E-04  0.27268E-02  0.94683E+00  0.35021E-03 -0.47854E-03 -0.34825E+00 -0.12612E-01 -0.34844E+00 
  102.00  0.17818E+00 -0.85797E+00  0.13481E-03  0.27955E-02  0.94764E+00  0.25161E-03 -0.50867E-03 -0.37572E+00 -0.12871E-01 -0.37475E+00 
  103.00  0.17998E+00 -0.84687E+00  0.21976E-03  0.28090E-02  0.94839E+00  0.14817E-03 -0.49567E-03 -0.40240E+00 -0.12934E-01 -0.40031E+00 
  104.00  0.18157E+00 -0.83506E+00  0.29496E-03  0.27740E-02  0.94905E+00  0.44802E-04 -0.44123E-03 -0.42831E+00 -0.12846E-01 -0.42516E+00 
  105.00  0.18284E+00 -0.82255E+00  0.35789E-03  0.26982E-02  0.94960E+00 -0.54544E-04 -0.34878E-03 -0.45347E+00 -0.12653E-01 -0.44931E+00 
  106.00  0.18373E+00 -0.80933E+00  0.40743E-03  0.25898E-02  0.95001E+00 -0.14692E-03 -0.22300E-03 -0.47789E+00 -0.12394E-01 -0.47276E+00 
  107.00  0.18418E+00 -0.79543E+00  0.44375E-03  0.24567E-02  0.95030E+00 -0.23032E-03 -0.69468E-04 -0.50159E+00 -0.12104E-01 -0.49552E+00 
  108.00  0.18421E+00 -0.78087E+00  0.46820E-03  0.23064E-02  0.95045E+00 -0.30358E-03  0.10561E-03 -0.52456E+00 -0.11815E-01 -0.51759E+00 
  109.00  0.18381E+00 -0.76568E+00  0.48311E-03  0.21453E-02  0.95047E+00 -0.36628E-03  0.29559E-03 -0.54682E+00 -0.11551E-01 -0.53895E+00 
  110.00  0.18303E+00 -0.74992E+00  0.49151E-03  0.19791E-02  0.95039E+00 -0.41864E-03  0.49354E-03 -0.56835E+00 -0.11333E-01 -0.55961E+00 
  111.00  0.18193E+00 -0.73363E+00  0.49694E-03  0.18124E-02  0.95021E+00 -0.46141E-03  0.69233E-03 -0.58917E+00 -0.11176E-01 -0.57956E+00 
  112.00  0.18058E+00 -0.71685E+00  0.50313E-03  0.16488E-02  0.94996E+00 -0.49574E-03  0.88486E-03 -0.60927E+00 -0.11090E-01 -0.59879E+00 
  113.00  0.17906E+00 -0.69966E+00  0.51366E-03  0.14909E-02  0.94964E+00 -0.52312E-03  0.10642E-02 -0.62864E+00 -0.11082E-01 -0.61729E+00 
  114.00  0.17745E+00 -0.68212E+00  0.53173E-03  0.13405E-02  0.94929E+00 -0.54523E-03  0.12239E-02 -0.64729E+00 -0.11154E-01 -0.63507E+00 
  115.00  0.17583E+00 -0.66429E+00  0.55980E-03  0.11985E-02  0.94892E+00 -0.56384E-03  0.13582E-02 -0.66522E+00 -0.11306E-01 -0.65212E+00 
  116.00  0.17427E+00 -0.64624E+00  0.59940E-03  0.10652E-02  0.94856E+00 -0.58065E-03  0.14626E-02 -0.68243E+00 -0.11531E-01 -0.66844E+00 
  117.00  0.17284E+00 -0.62805E+00  0.65093E-03  0.94036E-03  0.94822E+00 -0.59723E-03  0.15339E-02 -0.69892E+00 -0.11821E-01 -0.68405E+00 
  118.00  0.17159E+00 -0.60977E+00  0.71364E-03  0.82306E-03  0.94791E+00 -0.61486E-03  0.15705E-02 -0.71470E+00 -0.12164E-01 -0.69895E+00 
  119.00  0.17056E+00 -0.59147E+00  0.78569E-03  0.71227E-03  0.94766E+00 -0.63445E-03  0.15727E-02 -0.72977E+00 -0.12547E-01 -0.71314E+00 
  120.00  0.16978E+00 -0.57322E+00  0.86425E-03  0.60676E-03  0.94747E+00 -0.65647E-03  0.15427E-02 -0.74413E+00 -0.12954E-01 -0.72664E+00 
  121.00  0.16925E+00 -0.55506E+00  0.94587E-03  0.50533E-03  0.94734E+00 -0.68096E-03  0.14842E-02 -0.75781E+00 -0.13372E-01 -0.73946E+00 
  122.00  0.16900E+00 -0.53703E+00  0.10267E-02  0.40694E-03  0.94729E+00 -0.70750E-03  0.14024E-02 -0.77080E+00 -0.13786E-01 -0.75163E+00 
  123.00  0.16899E+00 -0.51919E+00  0.11029E-02  0.31082E-03  0.94730E+00 -0.73532E-03  0.13036E-02 -0.78313E+00 -0.14185E-01 -0.76315E+00 
  124.00  0.16921E+00 -0.50154E+00  0.11710E-02  0.21652E-03  0.94738E+00 -0.76333E-03  0.11944E-02 -0.79482E+00 -0.14558E-01 -0.77406E+00 
  125.00  0.16964E+00 -0.48412E+00  0.12278E-02  0.12395E-03  0.94752E+00 -0.79028E-03  0.10815E-02 -0.80588E+00 -0.14899E-01 -0.78436E+00 
  126.00  0.17025E+00 -0.46693E+00  0.12710E-02  0.33354E-04  0.94771E+00 -0.81484E-03  0.97133E-03 -0.81634E+00 -0.15205E-01 -0.79409E+00 
  127.00  0.17098E+00 -0.44999E+00  0.12992E-02 -0.54723E-04  0.94794E+00 -0.83573E-03  0.86946E-03 -0.82622E+00 -0.15473E-01 -0.80327E+00 
  128.00  0.17182E+00 -0.43329E+00  0.13115E-02 -0.13952E-03  0.94821E+00 -0.85180E-03  0.78040E-03 -0.83554E+00 -0.15706E-01 -0.81191E+00 
  129.00  0.17272E+00 -0.41684E+00  0.13079E-02 -0.22015E-03  0.94849E+00 -0.86210E-03  0.70749E-03 -0.84432E+00 -0.15906E-01 -0.82004E+00 
  130.00  0.17364E+00 -0.40063E+00  0.12889E-02 -0.29563E-03  0.94880E+00 -0.86596E-03  0.65279E-03 -0.85259E+00 -0.16077E-01 -0.82769E+00 
  131.00  0.17456E+00 -0.38467E+00  0.12554E-02 -0.36502E-03  0.94911E+00 -0.86295E-03  0.61711E-03 -0.86037E+00 -0.16223E-01 -0.83486E+00 
  132.00  0.17545E+00 -0.36895E+00  0.12086E-02 -0.42740E-03  0.94943E+00 -0.85293E-03  0.60009E-03 -0.86768E+00 -0.16349E-01 -0.84158E+00 
  133.00  0.17628E+00 -0.35347E+00  0.11499E-02 -0.48201E-03  0.94974E+00 -0.83603E-03  0.60037E-03 -0.87453E+00 -0.16460E-01 -0.84786E+00 
  134.00  0.17705E+00 -0.33823E+00  0.10808E-02 -0.52819E-03  0.95004E+00 -0.81259E-03  0.61571E-03 -0.88096E+00 -0.16559E-01 -0.85372E+00 
  135.00  0.17773E+00 -0.32324E+00  0.10024E-02 -0.56547E-03  0.95033E+00 -0.78315E-03  0.64322E-03 -0.88697E+00 -0.16647E-01 -0.85918E+00 
  136.00  0.17833E+00 -0.30850E+00  0.91602E-03 -0.59356E-03  0.95061E+00 -0.74839E-03  0.67951E-03 -0.89258E+00 -0.16728E-01 -0.86424E+00 
  137.00  0.17884E+00 -0.29401E+00  0.82261E-03 -0.61238E-03  0.95087E+00 -0.70913E-03  0.72095E-03 -0.89781E+00 -0.16801E-01 -0.86892E+00 
  138.00  0.17926E+00 -0.27979E+00  0.72300E-03 -0.62204E-03  0.95111E+00 -0.66622E-03  0.76382E-03 -0.90267E+00 -0.16865E-01 -0.87324E+00 
  139.00  0.17960E+00 -0.26584E+00  0.61790E-03 -0.62291E-03  0.95133E+00 -0.62059E-03  0.80453E-03 -0.90719E+00 -0.16921E-01 -0.87721E+00 
  140.00  0.17988E+00 -0.25218E+00  0.50789E-03 -0.61557E-03  0.95154E+00 -0.57316E-03  0.83979E-03 -0.91138E+00 -0.16967E-01 -0.88085E+00 
  141.00  0.18010E+00 -0.23880E+00  0.39356E-03 -0.60085E-03  0.95172E+00 -0.52483E-03  0.86676E-03 -0.91525E+00 -0.17002E-01 -0.88416E+00 
  142.00  0.18028E+00 -0.22572E+00  0.27550E-03 -0.57980E-03  0.95188E+00 -0.47649E-03  0.88320E-03 -0.91882E+00 -0.17022E-01 -0.88717E+00 
  143.00  0.18042E+00 -0.21296E+00  0.15443E-03 -0.55372E-03  0.95203E+00 -0.42894E-03  0.88757E-03 -0.92211E+00 -0.17027E-01 -0.88989E+00 
  144.00  0.18056E+00 -0.20051E+00  0.31237E-04 -0.52407E-03  0.95215E+00 -0.38292E-03  0.87906E-03 -0.92513E+00 -0.17014E-01 -0.89233E+00 
  145.00  0.18069E+00 -0.18840E+00 -0.93024E-04 -0.49246E-03  0.95224E+00 -0.33907E-03  0.85762E-03 -0.92789E+00 -0.16982E-01 -0.89450E+00 
  146.00  0.18084E+00 -0.17663E+00 -0.21708E-03 -0.46061E-03  0.95232E+00 -0.29791E-03  0.82393E-03 -0.93042E+00 -0.16928E-01 -0.89643E+00 
  147.00  0.18101E+00 -0.16520E+00 -0.33949E-03 -0.43023E-03  0.95237E+00 -0.25984E-03  0.77931E-03 -0.93273E+00 -0.16850E-01 -0.89812E+00 
  148.00  0.18122E+00 -0.15413E+00 -0.45865E-03 -0.40296E-03  0.95240E+00 -0.22514E-03  0.72558E-03 -0.93482E+00 -0.16747E-01 -0.89958E+00 
  149.00  0.18147E+00 -0.14343E+00 -0.57290E-03 -0.38032E-03  0.95240E+00 -0.19393E-03  0.66495E-03 -0.93672E+00 -0.16616E-01 -0.90082E+00 
  150.00  0.18179E+00 -0.13310E+00 -0.68056E-03 -0.36359E-03  0.95238E+00 -0.16622E-03  0.59982E-03 -0.93842E+00 -0.16454E-01 -0.90187E+00 
  151.00  0.18217E+00 -0.12315E+00 -0.78003E-03 -0.35374E-03  0.95233E+00 -0.14189E-03  0.53262E-03 -0.93994E+00 -0.16260E-01 -0.90272E+00 
  152.00  0.18261E+00 -0.11360E+00 -0.86985E-03 -0.35143E-03  0.95226E+00 -0.12073E-03  0.46564E-03 -0.94130E+00 -0.16029E-01 -0.90339E+00 
  153.00  0.18313E+00 -0.10443E+00 -0.94876E-03 -0.35696E-03  0.95216E+00 -0.10246E-03  0.40092E-03 -0.94249E+00 -0.15761E-01 -0.90389E+00 
  154.00  0.18373E+00 -0.95669E-01 -0.10157E-02 -0.37029E-03  0.95204E+00 -0.86725E-04  0.34014E-03 -0.94354E+00 -0.15450E-01 -0.90422E+00 
  155.00  0.18439E+00 -0.87307E-01 -0.10701E-02 -0.39106E-03  0.95190E+00 -0.73178E-04  0.28457E-03 -0.94444E+00 -0.15096E-01 -0.90441E+00 
  156.00  0.18513E+00 -0.79351E-01 -0.11112E-02 -0.41870E-03  0.95173E+00 -0.61469E-04  0.23505E-03 -0.94521E+00 -0.14695E-01 -0.90445E+00 
  157.00  0.18594E+00 -0.71801E-01 -0.11389E-02 -0.45241E-03  0.95155E+00 -0.51279E-04  0.19200E-03 -0.94585E+00 -0.14246E-01 -0.90437E+00 
  158.00  0.18682E+00 -0.64656E-01 -0.11531E-02 -0.49132E-03  0.95134E+00 -0.42337E-04  0.15552E-03 -0.94638E+00 -0.13747E-01 -0.90416E+00 
  159.00  0.18776E+00 -0.57914E-01 -0.11540E-02 -0.53453E-03  0.95111E+00 -0.34432E-04  0.12541E-03 -0.94681E+00 -0.13198E-01 -0.90385E+00 
  160.00  0.18876E+00 -0.51571E-01 -0.11419E-02 -0.58114E-03  0.95087E+00 -0.27416E-04  0.10125E-03 -0.94714E+00 -0.12600E-01 -0.90345E+00 
  161.00  0.18980E+00 -0.45624E-01 -0.11173E-02 -0.63030E-03  0.95061E+00 -0.21200E-04  0.82492E-04 -0.94738E+00 -0.11956E-01 -0.90295E+00 
  162.00  0.19088E+00 -0.40070E-01 -0.10809E-02 -0.68124E-03  0.95032E+00 -0.15741E-04  0.68494E-04 -0.94755E+00 -0.11267E-01 -0.90238E+00 
  163.00  0.19200E+00 -0.34905E-01 -0.10334E-02 -0.73322E-03  0.95002E+00 -0.11032E-04  0.58565E-04 -0.94765E+00 -0.10538E-01 -0.90174E+00 
  164.00  0.19315E+00 -0.30126E-01 -0.97598E-03 -0.78553E-03  0.94970E+00 -0.70815E-05  0.51990E-04 -0.94769E+00 -0.97738E-02 -0.90104E+00 
  165.00  0.19431E+00 -0.25732E-01 -0.90976E-03 -0.83745E-03  0.94935E+00 -0.38947E-05  0.48040E-04 -0.94767E+00 -0.89810E-02 -0.90027E+00 
  166.00  0.19549E+00 -0.21722E-01 -0.83619E-03 -0.88824E-03  0.94899E+00 -0.14612E-05  0.45985E-04 -0.94759E+00 -0.81663E-02 -0.89945E+00 
  167.00  0.19666E+00 -0.18093E-01 -0.75687E-03 -0.93714E-03  0.94860E+00  0.25686E-06  0.45105E-04 -0.94747E+00 -0.73374E-02 -0.89858E+00 
  168.00  0.19783E+00 -0.14845E-01 -0.67361E-03 -0.98337E-03  0.94819E+00  0.13294E-05  0.44712E-04 -0.94729E+00 -0.65030E-02 -0.89765E+00 
  169.00  0.19898E+00 -0.11971E-01 -0.58831E-03 -0.10262E-02  0.94776E+00  0.18563E-05  0.44182E-04 -0.94707E+00 -0.56725E-02 -0.89668E+00 
  170.00  0.20010E+00 -0.94657E-02 -0.50294E-03 -0.10649E-02  0.94731E+00  0.19598E-05  0.42993E-04 -0.94680E+00 -0.48561E-02 -0.89568E+00 
  171.00  0.20119E+00 -0.73156E-02 -0.41947E-03 -0.10991E-02  0.94686E+00  0.17723E-05  0.40768E-04 -0.94650E+00 -0.40649E-02 -0.89465E+00 
  172.00  0.20221E+00 -0.55040E-02 -0.33978E-03 -0.11283E-02  0.94642E+00  0.14221E-05  0.37313E-04 -0.94617E+00 -0.33105E-02 -0.89362E+00 
  173.00  0.20318E+00 -0.40085E-02 -0.26561E-03 -0.11524E-02  0.94598E+00  0.10197E-05  0.32643E-04 -0.94583E+00 -0.26052E-02 -0.89260E+00 
  174.00  0.20405E+00 -0.28026E-02 -0.19849E-03 -0.11717E-02  0.94556E+00  0.64789E-06  0.26976E-04 -0.94548E+00 -0.19613E-02 -0.89164E+00 
  175.00  0.20483E+00 -0.18561E-02 -0.13973E-03 -0.11865E-02  0.94519E+00  0.35622E-06  0.20717E-04 -0.94514E+00 -0.13911E-02 -0.89075E+00 
  176.00  0.20549E+00 -0.11377E-02 -0.90373E-04 -0.11974E-02  0.94486E+00  0.16179E-06  0.14406E-04 -0.94484E+00 -0.90610E-03 -0.88996E+00 
  177.00  0.20602E+00 -0.61682E-03 -0.51233E-04 -0.12049E-02  0.94458E+00  0.55350E-07  0.86456E-05 -0.94458E+00 -0.51681E-03 -0.88932E+00 
  178.00  0.20641E+00 -0.26652E-03 -0.22892E-04 -0.12097E-02  0.94438E+00  0.11548E-07  0.40250E-05 -0.94438E+00 -0.23201E-03 -0.88884E+00 
  179.00  0.20665E+00 -0.65458E-04 -0.57408E-05 -0.12123E-02  0.94426E+00  0.74554E-09  0.10347E-05 -0.94426E+00 -0.58357E-04 -0.88854E+00 
  180.00  0.20673E+00 -0.16125E-14 -0.14242E-15 -0.12132E-02  0.94422E+00  0.46289E-30  0.25884E-16 -0.94422E+00 -0.14492E-14 -0.88844E+00 
 scattering matrix expansion coefficients
    w  a11         a22         a33         a23         a32         a44         a12         a34         a13         a24         a14
    0  0.1000E+01  0.0000E+00  0.0000E+00  0.0000E+00  0.0000E+00  0.8018E+00  0.0000E+00  0.0000E+00  0.0000E+00  0.0000E+00 -0.5320E-04
    1  0.2248E+01  0.0000E+00  0.0000E+00  0.0000E+00  0.0000E+00  0.2432E+01  0.0000E+00  0.0000E+00  0.0000E+00  0.0000E+00 -0.2814E-03
    2  0.3203E+01  0.2368E+00  0.3982E+01  0.3416E-05 -0.1102E-02  0.3204E+01 -0.3640E+00 -0.1446E-02  0.1629E-03  0.1466E-03 -0.4553E-03
    3  0.3711E+01  0.6629E-01  0.4149E+01  0.1245E-05 -0.8780E-03  0.3697E+01 -0.2067E+00  0.2076E-02 -0.9880E-06 -0.6663E-04  0.1553E-03
    4  0.3997E+01  0.1890E-01  0.4334E+01  0.9400E-07 -0.1249E-02  0.4002E+01 -0.1636E+00 -0.6014E-02  0.1237E-03  0.2156E-03  0.3490E-03
    5  0.4127E+01  0.1029E-01  0.4399E+01 -0.1481E-05 -0.1531E-02  0.4141E+01 -0.1404E+00 -0.5771E-02  0.9629E-04  0.8318E-04  0.4177E-03
    6  0.4146E+01  0.1580E-01  0.4362E+01 -0.7536E-07 -0.1825E-02  0.4137E+01 -0.1028E+00 -0.6713E-02 -0.3663E-04  0.2776E-04  0.9563E-03
    7  0.4033E+01  0.5413E-02  0.4225E+01 -0.1102E-05 -0.1193E-02  0.4029E+01 -0.8828E-01 -0.3730E-02  0.3223E-03  0.5179E-05  0.1211E-02
    8  0.3827E+01  0.2204E-03  0.3996E+01 -0.6749E-06 -0.7236E-03  0.3830E+01 -0.9368E-01 -0.5120E-02 -0.3120E-04 -0.1746E-03  0.8151E-03
    9  0.3580E+01  0.1721E-03  0.3719E+01 -0.1280E-05 -0.3220E-03  0.3585E+01 -0.9636E-01 -0.4899E-02  0.7695E-04 -0.2248E-03  0.9786E-03
   10  0.3345E+01  0.4230E-02  0.3449E+01 -0.3623E-06  0.2911E-03  0.3340E+01 -0.9008E-01 -0.3884E-02  0.3654E-04  0.7063E-04  0.1405E-02
   11  0.3133E+01 -0.5289E-02  0.3221E+01 -0.2665E-05  0.8962E-03  0.3148E+01 -0.7972E-01 -0.2328E-02  0.1400E-03  0.2276E-03  0.1534E-02
   12  0.2983E+01  0.2833E-02  0.3046E+01 -0.9651E-06  0.1151E-02  0.2986E+01 -0.4378E-01 -0.1924E-02  0.8165E-04 -0.1444E-04  0.1265E-02
   13  0.2853E+01  0.1084E-01  0.2897E+01  0.8073E-06  0.9779E-03  0.2834E+01 -0.5736E-02  0.3475E-03 -0.7449E-04  0.5204E-04  0.9062E-03
   14  0.2681E+01 -0.1113E-02  0.2731E+01  0.1181E-06  0.7847E-03  0.2680E+01 -0.3270E-02  0.2783E-02 -0.8828E-04  0.5996E-04  0.4690E-03
   15  0.2483E+01 -0.5236E-02  0.2536E+01  0.1753E-06  0.5997E-03  0.2493E+01 -0.1035E-01  0.3793E-02  0.3432E-04 -0.1873E-03 -0.4417E-04
   16  0.2276E+01  0.3298E-02  0.2317E+01 -0.1308E-06  0.2834E-03  0.2269E+01 -0.2295E-02  0.3995E-02  0.2166E-04 -0.1102E-03 -0.1662E-03
   17  0.2036E+01  0.2628E-02  0.2075E+01 -0.3517E-06  0.2627E-04  0.2028E+01 -0.5944E-02  0.4423E-02 -0.3690E-04  0.4813E-04  0.2074E-04
   18  0.1780E+01 -0.4133E-02  0.1820E+01  0.1436E-06 -0.8814E-04  0.1785E+01 -0.2718E-01  0.4008E-02 -0.3474E-05  0.2930E-04  0.5210E-04
   19  0.1554E+01 -0.4205E-02  0.1588E+01  0.2564E-06 -0.1568E-03  0.1563E+01 -0.3615E-01  0.2610E-02  0.7660E-05 -0.5409E-04 -0.8842E-04
   20  0.1383E+01  0.8498E-03  0.1404E+01 -0.2098E-06 -0.2061E-03  0.1383E+01 -0.2090E-01  0.1467E-02 -0.2842E-04 -0.4711E-04 -0.1164E-03
   21  0.1247E+01  0.3110E-02  0.1261E+01 -0.1325E-06 -0.1884E-03  0.1242E+01 -0.7636E-03  0.1429E-02 -0.2735E-04  0.4044E-04  0.4897E-05
   22  0.1119E+01  0.1694E-02  0.1133E+01  0.2051E-06 -0.7343E-04  0.1115E+01  0.7891E-02  0.2006E-02 -0.2525E-05  0.8925E-04  0.8327E-04
   23  0.9867E+00 -0.7553E-04  0.1002E+01  0.1274E-06  0.8707E-04  0.9862E+00  0.6338E-02  0.2414E-02  0.1027E-04  0.5877E-04  0.1660E-04
   24  0.8490E+00 -0.4060E-03  0.8635E+00  0.2692E-07  0.1988E-03  0.8494E+00  0.2401E-02  0.2438E-02  0.7423E-05  0.5188E-05 -0.1391E-03
   25  0.7081E+00 -0.1435E-03  0.7215E+00  0.3989E-07  0.1931E-03  0.7081E+00 -0.1101E-02  0.2369E-02 -0.9069E-05 -0.2782E-04 -0.3005E-03
   26  0.5670E+00 -0.8143E-04  0.5792E+00  0.5342E-07  0.9005E-04  0.5670E+00 -0.4812E-02  0.2332E-02 -0.2387E-04 -0.3244E-04 -0.4050E-03
   27  0.4315E+00 -0.2520E-03  0.4424E+00 -0.1323E-08 -0.3497E-04  0.4318E+00 -0.8891E-02  0.2268E-02 -0.2805E-04 -0.2526E-04 -0.4276E-03
   28  0.3093E+00 -0.3488E-03  0.3184E+00 -0.4810E-07 -0.1145E-03  0.3099E+00 -0.1209E-01  0.2078E-02 -0.1917E-04 -0.1219E-04 -0.3703E-03
   29  0.2073E+00 -0.2882E-03  0.2143E+00 -0.4918E-07 -0.1326E-03  0.2079E+00 -0.1328E-01  0.1752E-02 -0.7733E-05 -0.1409E-05 -0.2715E-03
   30  0.1293E+00 -0.1307E-03  0.1341E+00 -0.2208E-07 -0.1108E-03  0.1296E+00 -0.1229E-01  0.1337E-02 -0.1575E-06  0.4596E-05 -0.1728E-03
   31  0.7476E-01  0.1802E-04  0.7777E-01 -0.4350E-08 -0.7698E-04  0.7488E-01 -0.9843E-02  0.9162E-03  0.2546E-05  0.5753E-05 -0.9845E-04
   32  0.4002E-01  0.1069E-03  0.4170E-01  0.4926E-08 -0.4707E-04  0.3996E-01 -0.6921E-02  0.5615E-03  0.2596E-05  0.4695E-05 -0.5126E-04
   33  0.1982E-01  0.1287E-03  0.2065E-01  0.9294E-08 -0.2606E-04  0.1967E-01 -0.4320E-02  0.3090E-03  0.1869E-05  0.3027E-05 -0.2482E-04
   34  0.9081E-02  0.1083E-03  0.9448E-02  0.8686E-08 -0.1313E-04  0.8940E-02 -0.2412E-02  0.1535E-03  0.1180E-05  0.1710E-05 -0.1121E-04
   35  0.3855E-02  0.7324E-04  0.3997E-02  0.4859E-08 -0.6048E-05  0.3751E-02 -0.1213E-02  0.6906E-04  0.6678E-06  0.8638E-06 -0.4712E-05
   36  0.1518E-02  0.4214E-04  0.1566E-02  0.1764E-08 -0.2540E-05  0.1455E-02 -0.5529E-03  0.2821E-04  0.3458E-06  0.4047E-06 -0.1849E-05
   37  0.5556E-03  0.2111E-04  0.5686E-03  0.4186E-09 -0.9704E-06  0.5227E-03 -0.2294E-03  0.1054E-04  0.1607E-06  0.1735E-06 -0.6774E-06
   38  0.1892E-03  0.9363E-05  0.1920E-03  0.7232E-10 -0.3345E-06  0.1743E-03 -0.8702E-04  0.3641E-05  0.6540E-07  0.6642E-07 -0.2301E-06
   39  0.6014E-04  0.3721E-05  0.6038E-04  0.1526E-10 -0.1051E-06  0.5407E-04 -0.3035E-04  0.1168E-05  0.2350E-07  0.2298E-07 -0.7237E-07
   40  0.1789E-04  0.1342E-05  0.1775E-04  0.1263E-10 -0.3043E-07  0.1566E-04 -0.9782E-05  0.3473E-06  0.7665E-08  0.7652E-08 -0.2152E-07
   41  0.4996E-05  0.4416E-06  0.4895E-05  0.1142E-10 -0.8070E-08  0.4252E-05 -0.2931E-05  0.9748E-07  0.2250E-08  0.2528E-08 -0.6606E-08
   42  0.1322E-05  0.1331E-06  0.1280E-05  0.6747E-11 -0.1913E-08  0.1096E-05 -0.8227E-06  0.2670E-07  0.5498E-09  0.7565E-09 -0.2031E-08
   43  0.3392E-06  0.3711E-07  0.3248E-06  0.3061E-11 -0.4417E-09  0.2756E-06 -0.2205E-06  0.7755E-08  0.1498E-09  0.1718E-09 -0.5817E-09
   44  0.8856E-07  0.9876E-08  0.8440E-07  0.1237E-11 -0.1156E-09  0.7165E-07 -0.5872E-07  0.2514E-08  0.4514E-10  0.2309E-10 -0.1680E-09
   45  0.2401E-07  0.2672E-08  0.2279E-07  0.5325E-12 -0.3777E-10  0.1948E-07 -0.1624E-07  0.8332E-09  0.1795E-10 -0.2003E-11 -0.4533E-10
   46  0.7810E-08  0.8372E-09  0.7462E-08  0.2280E-12 -0.2039E-10  0.6402E-08 -0.5172E-08  0.2725E-09  0.9163E-11  0.1147E-11 -0.1892E-10
   47  0.1990E-08  0.2396E-09  0.1861E-08  0.6619E-13 -0.5111E-11  0.1594E-08 -0.1396E-08  0.7492E-10  0.2630E-11  0.1051E-11 -0.7564E-11
   48  0.9088E-09  0.1139E-09  0.8544E-09  0.1342E-13 -0.3135E-11  0.7159E-09 -0.6225E-09  0.2208E-10  0.1288E-11  0.1482E-11 -0.4220E-11
   49  0.1611E-09  0.2358E-10  0.1459E-09  0.3746E-14 -0.5581E-12  0.1218E-09 -0.1180E-09  0.4093E-11  0.2653E-12  0.4304E-12 -0.1156E-11
   50  0.9324E-10  0.1467E-10  0.8502E-10  0.1217E-14 -0.3163E-12  0.6771E-10 -0.6843E-10  0.1294E-11  0.1313E-12  0.2216E-12 -0.4852E-12
   51  0.9140E-11  0.1606E-11  0.8039E-11  0.1182E-15 -0.3503E-13  0.6358E-11 -0.7051E-11  0.1352E-12  0.1607E-13  0.3280E-13 -0.7085E-13
   52  0.5468E-11  0.1011E-11  0.4822E-11  0.1555E-16 -0.1553E-13  0.3657E-11 -0.4257E-11  0.4587E-13  0.6968E-14  0.1153E-13 -0.2290E-13
   53  0.1628E-12  0.3213E-13  0.1370E-12 -0.1930E-17 -0.5708E-15  0.1082E-12 -0.1295E-12  0.1764E-14  0.2790E-15  0.6258E-15 -0.1293E-14
   54  0.2116E-12  0.4570E-13  0.1849E-12 -0.6186E-18 -0.4418E-15  0.1321E-12 -0.1743E-12  0.1271E-14  0.2130E-15  0.3351E-15 -0.6334E-15
