 input file is 
mstm6_256_9598_20_00226.inp   
 input file comments follow:
***********************************************************
  This is the default mstm input file for v.3.0.
  The run is for a 7-sphere cluster of identical spheres.   The positions
  are embedded in the input file.

  The run makes use of the new_run and multiple_run options.

  14 April 2013
***********************************************************
 number of processors:
   1
 input parameters for run number 
    1
 number of spheres, volume size parameter:
  256  0.60944E+01
 position file:
position/n256/a6.out                                        
 output file:
output/256/x9598/20/00226/mt_6_256_9598_20_00226.dat        
 length, ref. indx. scale factors:
   0.960   2.000   0.023
 chiral factors:
  0.00000E+00  0.00000E+00
 scattering matrix directions based on incident frame
 automatic scattering angle calculation
 thetamin, thetamax:
      0.0    180.0
 number scattering angles:
      181
 epsmie, epssoln, max number iterations:
  0.1000E-05  0.1000E-07 5000
 medium refractive index:
  1.0000  0.0000
 target euler rotation angles:
    0.0000    0.0000    0.0000
 far field kr, iterations/correction:
 -0.1000E+01   20
 plane wave incidence
 random orientation calculations
 t matrix calculated, stored in file 
tmatrixfiles/625695982000226                                
 t matrix convergence epsilon:
  0.1000E-06
 all spheres excited (total T matrix) 
 calculation results for run 
    1
 total ext, abs, scat efficiencies, w.r.t. xv, and asym. parm
  0.10406E+02  0.50134E+00  0.99051E+01  0.70458E+00
 scattering matrix elements (normalized w/ S11)
   theta      11           12           13           14           22           23           24           33           34           44      
    0.00  0.15055E+03  0.00000E+00  0.00000E+00 -0.14276E-02  0.99943E+00  0.15848E-02  0.00000E+00  0.99943E+00  0.00000E+00  0.99902E+00 
    1.00  0.14500E+03 -0.89891E-04  0.65062E-06 -0.14311E-02  0.99941E+00  0.16010E-02 -0.98033E-06  0.99941E+00  0.18585E-03  0.99900E+00 
    2.00  0.12952E+03 -0.35661E-03  0.25291E-05 -0.14438E-02  0.99936E+00  0.16488E-02 -0.40697E-05  0.99936E+00  0.73803E-03  0.99891E+00 
    3.00  0.10734E+03 -0.79236E-03  0.53371E-05 -0.14735E-02  0.99925E+00  0.17247E-02 -0.97254E-05  0.99925E+00  0.16277E-02  0.99874E+00 
    4.00  0.82734E+02 -0.13903E-02  0.82603E-05 -0.15355E-02  0.99905E+00  0.18181E-02 -0.18702E-04  0.99906E+00  0.27526E-02  0.99844E+00 
    5.00  0.59824E+02 -0.21647E-02  0.93055E-05 -0.16540E-02  0.99872E+00  0.19020E-02 -0.31783E-04  0.99873E+00  0.38164E-02  0.99790E+00 
    6.00  0.41541E+02 -0.32063E-02  0.42736E-05 -0.18549E-02  0.99815E+00  0.19183E-02 -0.48543E-04  0.99818E+00  0.41155E-02  0.99701E+00 
    7.00  0.29076E+02 -0.47682E-02 -0.13039E-04 -0.21246E-02  0.99732E+00  0.17824E-02 -0.64257E-04  0.99737E+00  0.24824E-02  0.99569E+00 
    8.00  0.21955E+02 -0.71966E-02 -0.44778E-04 -0.23403E-02  0.99637E+00  0.14757E-02 -0.68114E-04  0.99643E+00 -0.17170E-02  0.99415E+00 
    9.00  0.18595E+02 -0.10487E-01 -0.80817E-04 -0.23257E-02  0.99561E+00  0.11656E-02 -0.52732E-04  0.99564E+00 -0.68636E-02  0.99287E+00 
   10.00  0.17087E+02 -0.14148E-01 -0.10837E-03 -0.20603E-02  0.99515E+00  0.10596E-02 -0.24868E-04  0.99508E+00 -0.10408E-01  0.99202E+00 
   11.00  0.15878E+02 -0.17770E-01 -0.12647E-03 -0.16617E-02  0.99473E+00  0.11957E-02  0.48012E-05  0.99453E+00 -0.11688E-01  0.99123E+00 
   12.00  0.14147E+02 -0.21219E-01 -0.14169E-03 -0.12213E-02  0.99408E+00  0.15118E-02  0.31899E-04  0.99373E+00 -0.11531E-01  0.99005E+00 
   13.00  0.11812E+02 -0.24398E-01 -0.16061E-03 -0.77342E-03  0.99293E+00  0.19533E-02  0.56028E-04  0.99242E+00 -0.10994E-01  0.98807E+00 
   14.00  0.92669E+01 -0.27069E-01 -0.18723E-03 -0.33604E-03  0.99100E+00  0.24845E-02  0.76090E-04  0.99037E+00 -0.11126E-01  0.98490E+00 
   15.00  0.70289E+01 -0.28906E-01 -0.22002E-03  0.55642E-04  0.98808E+00  0.30488E-02  0.87002E-04  0.98747E+00 -0.13054E-01  0.98029E+00 
   16.00  0.54467E+01 -0.29971E-01 -0.24633E-03  0.35421E-03  0.98448E+00  0.35264E-02  0.79908E-04  0.98411E+00 -0.17431E-01  0.97481E+00 
   17.00  0.45822E+01 -0.31479E-01 -0.24649E-03  0.58167E-03  0.98132E+00  0.37812E-02  0.52389E-04  0.98137E+00 -0.22982E-01  0.97022E+00 
   18.00  0.42538E+01 -0.35138E-01 -0.21875E-03  0.88769E-03  0.97964E+00  0.38267E-02  0.19127E-04  0.97998E+00 -0.26860E-01  0.96790E+00 
   19.00  0.41747E+01 -0.41285E-01 -0.18645E-03  0.14134E-02  0.97908E+00  0.38093E-02 -0.26064E-05  0.97937E+00 -0.27878E-01  0.96705E+00 
   20.00  0.40965E+01 -0.49035E-01 -0.17245E-03  0.21748E-02  0.97861E+00  0.38097E-02 -0.10099E-04  0.97847E+00 -0.27118E-01  0.96603E+00 
   21.00  0.38920E+01 -0.57436E-01 -0.18761E-03  0.30988E-02  0.97752E+00  0.38013E-02 -0.11825E-04  0.97665E+00 -0.26057E-01  0.96379E+00 
   22.00  0.35597E+01 -0.65717E-01 -0.23480E-03  0.40547E-02  0.97552E+00  0.37238E-02 -0.21170E-04  0.97376E+00 -0.25657E-01  0.96002E+00 
   23.00  0.31727E+01 -0.73115E-01 -0.31011E-03  0.48488E-02  0.97266E+00  0.35577E-02 -0.53778E-04  0.96997E+00 -0.26264E-01  0.95497E+00 
   24.00  0.28136E+01 -0.78948E-01 -0.40013E-03  0.52667E-02  0.96928E+00  0.33833E-02 -0.12183E-03  0.96585E+00 -0.27553E-01  0.94940E+00 
   25.00  0.25299E+01 -0.83067E-01 -0.48399E-03  0.52082E-02  0.96591E+00  0.33786E-02 -0.22310E-03  0.96211E+00 -0.28599E-01  0.94433E+00 
   26.00  0.23240E+01 -0.86194E-01 -0.54524E-03  0.48078E-02  0.96293E+00  0.37001E-02 -0.33511E-03  0.95915E+00 -0.28463E-01  0.94035E+00 
   27.00  0.21698E+01 -0.89556E-01 -0.58266E-03  0.43596E-02  0.96032E+00  0.43346E-02 -0.42546E-03  0.95675E+00 -0.26947E-01  0.93722E+00 
   28.00  0.20380E+01 -0.94138E-01 -0.60628E-03  0.41057E-02  0.95777E+00  0.50744E-02 -0.46885E-03  0.95428E+00 -0.24750E-01  0.93412E+00 
   29.00  0.19135E+01 -0.10031E+00 -0.62403E-03  0.41041E-02  0.95501E+00  0.56142E-02 -0.45614E-03  0.95123E+00 -0.23038E-01  0.93035E+00 
   30.00  0.17974E+01 -0.10790E+00 -0.63230E-03  0.42385E-02  0.95201E+00  0.56821E-02 -0.39616E-03  0.94745E+00 -0.22876E-01  0.92572E+00 
   31.00  0.16987E+01 -0.11635E+00 -0.61692E-03  0.43118E-02  0.94902E+00  0.51669E-02 -0.31426E-03  0.94319E+00 -0.24715E-01  0.92054E+00 
   32.00  0.16232E+01 -0.12502E+00 -0.56453E-03  0.41737E-02  0.94630E+00  0.41954E-02 -0.24431E-03  0.93894E+00 -0.28099E-01  0.91539E+00 
   33.00  0.15669E+01 -0.13335E+00 -0.47663E-03  0.38121E-02  0.94392E+00  0.30674E-02 -0.21229E-03  0.93500E+00 -0.31857E-01  0.91067E+00 
   34.00  0.15182E+01 -0.14104E+00 -0.37409E-03  0.33361E-02  0.94164E+00  0.20660E-02 -0.22280E-03  0.93132E+00 -0.34761E-01  0.90630E+00 
   35.00  0.14642E+01 -0.14791E+00 -0.28883E-03  0.28749E-02  0.93903E+00  0.13072E-02 -0.25953E-03  0.92758E+00 -0.36093E-01  0.90186E+00 
   36.00  0.13974E+01 -0.15387E+00 -0.25090E-03  0.24896E-02  0.93573E+00  0.73585E-03 -0.29690E-03  0.92340E+00 -0.35779E-01  0.89688E+00 
   37.00  0.13188E+01 -0.15877E+00 -0.27760E-03  0.21526E-02  0.93157E+00  0.22651E-03 -0.31345E-03  0.91855E+00 -0.34216E-01  0.89107E+00 
   38.00  0.12364E+01 -0.16263E+00 -0.36462E-03  0.17887E-02  0.92667E+00 -0.29389E-03 -0.30311E-03  0.91308E+00 -0.32063E-01  0.88450E+00 
   39.00  0.11598E+01 -0.16579E+00 -0.48117E-03  0.13536E-02  0.92143E+00 -0.76295E-03 -0.28228E-03  0.90729E+00 -0.30052E-01  0.87754E+00 
   40.00  0.10963E+01 -0.16907E+00 -0.57626E-03  0.90601E-03  0.91639E+00 -0.99388E-03 -0.28702E-03  0.90154E+00 -0.28794E-01  0.87070E+00 
   41.00  0.10479E+01 -0.17355E+00 -0.60012E-03  0.61082E-03  0.91200E+00 -0.80200E-03 -0.35602E-03  0.89611E+00 -0.28598E-01  0.86437E+00 
   42.00  0.10120E+01 -0.18015E+00 -0.52944E-03  0.64465E-03  0.90841E+00 -0.16840E-03 -0.50688E-03  0.89098E+00 -0.29428E-01  0.85865E+00 
   43.00  0.98405E+00 -0.18925E+00 -0.37776E-03  0.10635E-02  0.90552E+00  0.69344E-03 -0.72246E-03  0.88595E+00 -0.31031E-01  0.85336E+00 
   44.00  0.96007E+00 -0.20062E+00 -0.18623E-03  0.17307E-02  0.90311E+00  0.14217E-02 -0.95550E-03  0.88076E+00 -0.33115E-01  0.84825E+00 
   45.00  0.93789E+00 -0.21359E+00 -0.50640E-05  0.23509E-02  0.90101E+00  0.16807E-02 -0.11470E-02  0.87526E+00 -0.35438E-01  0.84317E+00 
   46.00  0.91719E+00 -0.22730E+00  0.12337E-03  0.25962E-02  0.89908E+00  0.13327E-02 -0.12494E-02  0.86945E+00 -0.37807E-01  0.83802E+00 
   47.00  0.89826E+00 -0.24091E+00  0.17500E-03  0.22726E-02  0.89725E+00  0.52546E-03 -0.12480E-02  0.86341E+00 -0.40033E-01  0.83274E+00 
   48.00  0.88085E+00 -0.25384E+00  0.14673E-03  0.14429E-02  0.89535E+00 -0.35731E-03 -0.11699E-02  0.85715E+00 -0.41905E-01  0.82724E+00 
   49.00  0.86355E+00 -0.26582E+00  0.51284E-04  0.42668E-03  0.89316E+00 -0.87223E-03 -0.10751E-02  0.85060E+00 -0.43211E-01  0.82130E+00 
   50.00  0.84424E+00 -0.27688E+00 -0.91859E-04 -0.33609E-03  0.89043E+00 -0.72339E-03 -0.10325E-02  0.84357E+00 -0.43768E-01  0.81470E+00 
   51.00  0.82095E+00 -0.28717E+00 -0.26409E-03 -0.48201E-03  0.88693E+00  0.11214E-03 -0.10927E-02  0.83585E+00 -0.43461E-01  0.80728E+00 
   52.00  0.79289E+00 -0.29687E+00 -0.45010E-03  0.11439E-03  0.88256E+00  0.13867E-02 -0.12692E-02  0.82729E+00 -0.42258E-01  0.79902E+00 
   53.00  0.76085E+00 -0.30606E+00 -0.63616E-03  0.12705E-02  0.87736E+00  0.26875E-02 -0.15320E-02  0.81790E+00 -0.40233E-01  0.79002E+00 
   54.00  0.72693E+00 -0.31477E+00 -0.80786E-03  0.25349E-02  0.87155E+00  0.35963E-02 -0.18133E-02  0.80786E+00 -0.37595E-01  0.78054E+00 
   55.00  0.69378E+00 -0.32302E+00 -0.95082E-03  0.33367E-02  0.86546E+00  0.38546E-02 -0.20258E-02  0.79746E+00 -0.34692E-01  0.77087E+00 
   56.00  0.66371E+00 -0.33097E+00 -0.10555E-02  0.32177E-02  0.85948E+00  0.34751E-02 -0.20917E-02  0.78699E+00 -0.31963E-01  0.76125E+00 
   57.00  0.63799E+00 -0.33890E+00 -0.11229E-02  0.20545E-02  0.85390E+00  0.27351E-02 -0.19728E-02  0.77665E+00 -0.29825E-01  0.75175E+00 
   58.00  0.61663E+00 -0.34717E+00 -0.11668E-02  0.13991E-03  0.84884E+00  0.20329E-02 -0.16858E-02  0.76640E+00 -0.28520E-01  0.74227E+00 
   59.00  0.59862E+00 -0.35613E+00 -0.12071E-02 -0.19446E-02  0.84423E+00  0.16801E-02 -0.12919E-02  0.75598E+00 -0.28018E-01  0.73256E+00 
   60.00  0.58245E+00 -0.36591E+00 -0.12593E-02 -0.35964E-02  0.83984E+00  0.17531E-02 -0.86677E-03  0.74502E+00 -0.28040E-01  0.72233E+00 
   61.00  0.56664E+00 -0.37644E+00 -0.13232E-02 -0.44436E-02  0.83539E+00  0.20800E-02 -0.46788E-03  0.73317E+00 -0.28187E-01  0.71134E+00 
   62.00  0.55018E+00 -0.38744E+00 -0.13793E-02 -0.44641E-02  0.83063E+00  0.23492E-02 -0.11569E-03  0.72019E+00 -0.28113E-01  0.69945E+00 
   63.00  0.53270E+00 -0.39850E+00 -0.13933E-02 -0.39486E-02  0.82541E+00  0.22667E-02  0.20769E-03  0.70602E+00 -0.27675E-01  0.68660E+00 
   64.00  0.51440E+00 -0.40923E+00 -0.13273E-02 -0.33528E-02  0.81968E+00  0.16895E-02  0.54523E-03  0.69077E+00 -0.27009E-01  0.67284E+00 
   65.00  0.49586E+00 -0.41936E+00 -0.11546E-02 -0.31059E-02  0.81347E+00  0.68718E-03  0.94457E-03  0.67468E+00 -0.26502E-01  0.65827E+00 
   66.00  0.47780E+00 -0.42883E+00 -0.87180E-03 -0.34444E-02  0.80692E+00 -0.48932E-03  0.14374E-02  0.65813E+00 -0.26664E-01  0.64308E+00 
   67.00  0.46085E+00 -0.43776E+00 -0.50332E-03 -0.43311E-02  0.80019E+00 -0.15157E-02  0.20259E-02  0.64146E+00 -0.27911E-01  0.62754E+00 
   68.00  0.44539E+00 -0.44643E+00 -0.95792E-04 -0.54890E-02  0.79346E+00 -0.21351E-02  0.26799E-02  0.62500E+00 -0.30366E-01  0.61198E+00 
   69.00  0.43156E+00 -0.45512E+00  0.29657E-03 -0.65333E-02  0.78687E+00 -0.22666E-02  0.33469E-02  0.60893E+00 -0.33746E-01  0.59672E+00 
   70.00  0.41923E+00 -0.46402E+00  0.62850E-03 -0.71372E-02  0.78047E+00 -0.20300E-02  0.39676E-02  0.59328E+00 -0.37417E-01  0.58198E+00 
   71.00  0.40813E+00 -0.47311E+00  0.87470E-03 -0.71534E-02  0.77423E+00 -0.16803E-02  0.44926E-02  0.57791E+00 -0.40602E-01  0.56783E+00 
   72.00  0.39786E+00 -0.48223E+00  0.10312E-02 -0.66442E-02  0.76810E+00 -0.14884E-02  0.48908E-02  0.56257E+00 -0.42647E-01  0.55415E+00 
   73.00  0.38808E+00 -0.49112E+00  0.11086E-02 -0.58223E-02  0.76196E+00 -0.16295E-02  0.51512E-02  0.54695E+00 -0.43245E-01  0.54061E+00 
   74.00  0.37854E+00 -0.49950E+00  0.11221E-02 -0.49451E-02  0.75576E+00 -0.21243E-02  0.52776E-02  0.53079E+00 -0.42521E-01  0.52683E+00 
   75.00  0.36908E+00 -0.50722E+00  0.10851E-02 -0.42163E-02  0.74949E+00 -0.28491E-02  0.52824E-02  0.51391E+00 -0.40967E-01  0.51243E+00 
   76.00  0.35969E+00 -0.51424E+00  0.10080E-02 -0.37297E-02  0.74319E+00 -0.35996E-02  0.51822E-02  0.49630E+00 -0.39263E-01  0.49714E+00 
   77.00  0.35043E+00 -0.52063E+00  0.90258E-03 -0.34663E-02  0.73695E+00 -0.41746E-02  0.49960E-02  0.47806E+00 -0.38054E-01  0.48090E+00 
   78.00  0.34138E+00 -0.52650E+00  0.78735E-03 -0.33318E-02  0.73083E+00 -0.44467E-02  0.47448E-02  0.45941E+00 -0.37771E-01  0.46382E+00 
   79.00  0.33261E+00 -0.53192E+00  0.68978E-03 -0.32110E-02  0.72487E+00 -0.43944E-02  0.44510E-02  0.44057E+00 -0.38534E-01  0.44618E+00 
   80.00  0.32416E+00 -0.53688E+00  0.64192E-03 -0.30139E-02  0.71903E+00 -0.40891E-02  0.41357E-02  0.42174E+00 -0.40189E-01  0.42831E+00 
   81.00  0.31603E+00 -0.54131E+00  0.67044E-03 -0.26993E-02  0.71323E+00 -0.36491E-02  0.38150E-02  0.40300E+00 -0.42421E-01  0.41054E+00 
   82.00  0.30824E+00 -0.54510E+00  0.78459E-03 -0.22729E-02  0.70736E+00 -0.31840E-02  0.34954E-02  0.38435E+00 -0.44898E-01  0.39308E+00 
   83.00  0.30083E+00 -0.54819E+00  0.96784E-03 -0.17701E-02  0.70141E+00 -0.27543E-02  0.31721E-02  0.36570E+00 -0.47375E-01  0.37602E+00 
   84.00  0.29385E+00 -0.55066E+00  0.11777E-02 -0.12361E-02  0.69541E+00 -0.23595E-02  0.28306E-02  0.34688E+00 -0.49738E-01  0.35931E+00 
   85.00  0.28738E+00 -0.55273E+00  0.13555E-02 -0.71191E-03  0.68954E+00 -0.19552E-02  0.24525E-02  0.32777E+00 -0.51964E-01  0.34279E+00 
   86.00  0.28151E+00 -0.55475E+00  0.14443E-02 -0.23019E-03  0.68399E+00 -0.14871E-02  0.20236E-02  0.30822E+00 -0.54055E-01  0.32623E+00 
   87.00  0.27623E+00 -0.55706E+00  0.14086E-02  0.18320E-03  0.67896E+00 -0.92573E-03  0.15416E-02  0.28814E+00 -0.55974E-01  0.30935E+00 
   88.00  0.27149E+00 -0.55993E+00  0.12492E-02  0.50655E-03  0.67457E+00 -0.28557E-03  0.10212E-02  0.26743E+00 -0.57626E-01  0.29190E+00 
   89.00  0.26719E+00 -0.56339E+00  0.10063E-02  0.72226E-03  0.67082E+00  0.37691E-03  0.49305E-03  0.24605E+00 -0.58890E-01  0.27365E+00 
   90.00  0.26314E+00 -0.56726E+00  0.75106E-03  0.82002E-03  0.66759E+00  0.98324E-03 -0.10392E-05  0.22396E+00 -0.59671E-01  0.25450E+00 
   91.00  0.25920E+00 -0.57117E+00  0.56670E-03  0.80090E-03  0.66465E+00  0.14600E-02 -0.41749E-03  0.20118E+00 -0.59956E-01  0.23443E+00 
   92.00  0.25523E+00 -0.57465E+00  0.52780E-03  0.67977E-03  0.66177E+00  0.17610E-02 -0.72038E-03  0.17779E+00 -0.59837E-01  0.21356E+00 
   93.00  0.25118E+00 -0.57724E+00  0.68211E-03  0.48449E-03  0.65875E+00  0.18778E-02 -0.88954E-03  0.15394E+00 -0.59488E-01  0.19211E+00 
   94.00  0.24706E+00 -0.57860E+00  0.10397E-02  0.25182E-03  0.65547E+00  0.18365E-02 -0.92552E-03  0.12981E+00 -0.59118E-01  0.17036E+00 
   95.00  0.24295E+00 -0.57861E+00  0.15712E-02  0.21091E-04  0.65191E+00  0.16852E-02 -0.85051E-03  0.10564E+00 -0.58908E-01  0.14859E+00 
   96.00  0.23894E+00 -0.57729E+00  0.22140E-02 -0.17294E-03  0.64816E+00  0.14768E-02 -0.70457E-03  0.81623E-01 -0.58962E-01  0.12706E+00 
   97.00  0.23514E+00 -0.57487E+00  0.28859E-02 -0.30658E-03  0.64435E+00  0.12540E-02 -0.53756E-03  0.57905E-01 -0.59279E-01  0.10588E+00 
   98.00  0.23162E+00 -0.57164E+00  0.35023E-02 -0.37183E-03  0.64065E+00  0.10409E-02 -0.39798E-03  0.34558E-01 -0.59761E-01  0.85092E-01 
   99.00  0.22841E+00 -0.56788E+00  0.39919E-02 -0.37790E-03  0.63719E+00  0.84277E-03 -0.32156E-03  0.11579E-01 -0.60249E-01  0.64600E-01 
  100.00  0.22552E+00 -0.56382E+00  0.43089E-02 -0.34877E-03  0.63409E+00  0.65258E-03 -0.32251E-03 -0.11078E-01 -0.60572E-01  0.44273E-01 
  101.00  0.22292E+00 -0.55954E+00  0.44379E-02 -0.31674E-03  0.63137E+00  0.46168E-03 -0.39027E-03 -0.33470E-01 -0.60594E-01  0.23986E-01 
  102.00  0.22057E+00 -0.55503E+00  0.43911E-02 -0.31300E-03  0.62903E+00  0.26887E-03 -0.49268E-03 -0.55622E-01 -0.60245E-01  0.36771E-02 
  103.00  0.21840E+00 -0.55017E+00  0.42007E-02 -0.35732E-03  0.62699E+00  0.85208E-04 -0.58472E-03 -0.77513E-01 -0.59534E-01 -0.16620E-01 
  104.00  0.21637E+00 -0.54479E+00  0.39091E-02 -0.44991E-03  0.62515E+00 -0.67145E-04 -0.62025E-03 -0.99077E-01 -0.58543E-01 -0.36779E-01 
  105.00  0.21444E+00 -0.53875E+00  0.35589E-02 -0.56826E-03  0.62342E+00 -0.16068E-03 -0.56362E-03 -0.12023E+00 -0.57411E-01 -0.56607E-01 
  106.00  0.21255E+00 -0.53194E+00  0.31861E-02 -0.67056E-03  0.62168E+00 -0.17038E-03 -0.39807E-03 -0.14087E+00 -0.56303E-01 -0.75888E-01 
  107.00  0.21068E+00 -0.52432E+00  0.28165E-02 -0.70536E-03  0.61986E+00 -0.80598E-04 -0.12919E-03 -0.16095E+00 -0.55384E-01 -0.94425E-01 
  108.00  0.20881E+00 -0.51593E+00  0.24657E-02 -0.62502E-03  0.61790E+00  0.11135E-03  0.21711E-03 -0.18045E+00 -0.54792E-01 -0.11208E+00 
  109.00  0.20694E+00 -0.50687E+00  0.21418E-02 -0.39905E-03  0.61581E+00  0.39554E-03  0.60103E-03 -0.19939E+00 -0.54613E-01 -0.12877E+00 
  110.00  0.20506E+00 -0.49725E+00  0.18487E-02 -0.23551E-04  0.61362E+00  0.75305E-03  0.97777E-03 -0.21782E+00 -0.54873E-01 -0.14449E+00 
  111.00  0.20319E+00 -0.48724E+00  0.15897E-02  0.47602E-03  0.61142E+00  0.11610E-02  0.13068E-02 -0.23577E+00 -0.55536E-01 -0.15930E+00 
  112.00  0.20137E+00 -0.47695E+00  0.13698E-02  0.10492E-02  0.60930E+00  0.15971E-02  0.15595E-02 -0.25330E+00 -0.56514E-01 -0.17329E+00 
  113.00  0.19961E+00 -0.46649E+00  0.11975E-02  0.16310E-02  0.60740E+00  0.20423E-02  0.17239E-02 -0.27041E+00 -0.57694E-01 -0.18656E+00 
  114.00  0.19796E+00 -0.45592E+00  0.10848E-02  0.21547E-02  0.60586E+00  0.24810E-02  0.18053E-02 -0.28709E+00 -0.58960E-01 -0.19924E+00 
  115.00  0.19645E+00 -0.44528E+00  0.10464E-02  0.25650E-02  0.60480E+00  0.28996E-02  0.18242E-02 -0.30331E+00 -0.60223E-01 -0.21143E+00 
  116.00  0.19508E+00 -0.43456E+00  0.10980E-02  0.28277E-02  0.60430E+00  0.32843E-02  0.18103E-02 -0.31905E+00 -0.61433E-01 -0.22325E+00 
  117.00  0.19389E+00 -0.42375E+00  0.12538E-02  0.29344E-02  0.60442E+00  0.36200E-02  0.17950E-02 -0.33428E+00 -0.62589E-01 -0.23478E+00 
  118.00  0.19287E+00 -0.41284E+00  0.15227E-02  0.29021E-02  0.60516E+00  0.38902E-02  0.18039E-02 -0.34900E+00 -0.63725E-01 -0.24613E+00 
  119.00  0.19203E+00 -0.40182E+00  0.19048E-02  0.27684E-02  0.60647E+00  0.40790E-02  0.18508E-02 -0.36324E+00 -0.64895E-01 -0.25738E+00 
  120.00  0.19138E+00 -0.39069E+00  0.23879E-02  0.25829E-02  0.60829E+00  0.41738E-02  0.19348E-02 -0.37705E+00 -0.66153E-01 -0.26859E+00 
  121.00  0.19091E+00 -0.37946E+00  0.29460E-02  0.23972E-02  0.61051E+00  0.41675E-02  0.20411E-02 -0.39051E+00 -0.67536E-01 -0.27984E+00 
  122.00  0.19063E+00 -0.36815E+00  0.35410E-02  0.22543E-02  0.61302E+00  0.40603E-02  0.21463E-02 -0.40368E+00 -0.69051E-01 -0.29117E+00 
  123.00  0.19052E+00 -0.35678E+00  0.41263E-02  0.21804E-02  0.61572E+00  0.38597E-02  0.22246E-02 -0.41666E+00 -0.70675E-01 -0.30257E+00 
  124.00  0.19057E+00 -0.34539E+00  0.46534E-02  0.21807E-02  0.61852E+00  0.35789E-02  0.22556E-02 -0.42950E+00 -0.72353E-01 -0.31406E+00 
  125.00  0.19078E+00 -0.33398E+00  0.50790E-02  0.22397E-02  0.62136E+00  0.32357E-02  0.22288E-02 -0.44225E+00 -0.74007E-01 -0.32558E+00 
  126.00  0.19113E+00 -0.32258E+00  0.53709E-02  0.23263E-02  0.62420E+00  0.28502E-02  0.21457E-02 -0.45493E+00 -0.75550E-01 -0.33707E+00 
  127.00  0.19160E+00 -0.31123E+00  0.55109E-02  0.24035E-02  0.62702E+00  0.24447E-02  0.20178E-02 -0.46750E+00 -0.76889E-01 -0.34847E+00 
  128.00  0.19218E+00 -0.29995E+00  0.54955E-02  0.24382E-02  0.62984E+00  0.20428E-02  0.18620E-02 -0.47993E+00 -0.77944E-01 -0.35966E+00 
  129.00  0.19285E+00 -0.28876E+00  0.53334E-02  0.24101E-02  0.63267E+00  0.16696E-02  0.16959E-02 -0.49216E+00 -0.78651E-01 -0.37055E+00 
  130.00  0.19361E+00 -0.27769E+00  0.50429E-02  0.23158E-02  0.63551E+00  0.13498E-02  0.15334E-02 -0.50409E+00 -0.78976E-01 -0.38104E+00 
  131.00  0.19444E+00 -0.26674E+00  0.46487E-02  0.21684E-02  0.63838E+00  0.11052E-02  0.13829E-02 -0.51566E+00 -0.78917E-01 -0.39104E+00 
  132.00  0.19533E+00 -0.25592E+00  0.41796E-02  0.19925E-02  0.64127E+00  0.95111E-03  0.12478E-02 -0.52679E+00 -0.78504E-01 -0.40048E+00 
  133.00  0.19626E+00 -0.24519E+00  0.36674E-02  0.18163E-02  0.64417E+00  0.89317E-03  0.11277E-02 -0.53743E+00 -0.77790E-01 -0.40931E+00 
  134.00  0.19723E+00 -0.23456E+00  0.31457E-02  0.16641E-02  0.64705E+00  0.92502E-03  0.10207E-02 -0.54756E+00 -0.76842E-01 -0.41749E+00 
  135.00  0.19822E+00 -0.22398E+00  0.26476E-02  0.15513E-02  0.64987E+00  0.10290E-02  0.92373E-03 -0.55718E+00 -0.75727E-01 -0.42502E+00 
  136.00  0.19924E+00 -0.21347E+00  0.22032E-02  0.14829E-02  0.65263E+00  0.11794E-02  0.83228E-03 -0.56630E+00 -0.74496E-01 -0.43192E+00 
  137.00  0.20029E+00 -0.20303E+00  0.18358E-02  0.14542E-02  0.65529E+00  0.13477E-02  0.73881E-03 -0.57495E+00 -0.73179E-01 -0.43821E+00 
  138.00  0.20138E+00 -0.19269E+00  0.15585E-02  0.14547E-02  0.65785E+00  0.15077E-02  0.63154E-03 -0.58312E+00 -0.71779E-01 -0.44395E+00 
  139.00  0.20250E+00 -0.18250E+00  0.13719E-02  0.14708E-02  0.66034E+00  0.16403E-02  0.49436E-03 -0.59085E+00 -0.70276E-01 -0.44919E+00 
  140.00  0.20368E+00 -0.17248E+00  0.12647E-02  0.14882E-02  0.66275E+00  0.17347E-02  0.30848E-03 -0.59813E+00 -0.68644E-01 -0.45397E+00 
  141.00  0.20491E+00 -0.16267E+00  0.12155E-02  0.14922E-02  0.66512E+00  0.17878E-02  0.55645E-04 -0.60498E+00 -0.66859E-01 -0.45836E+00 
  142.00  0.20620E+00 -0.15306E+00  0.11970E-02  0.14670E-02  0.66744E+00  0.18015E-02 -0.27786E-03 -0.61141E+00 -0.64914E-01 -0.46242E+00 
  143.00  0.20752E+00 -0.14360E+00  0.11808E-02  0.13948E-02  0.66973E+00  0.17794E-02 -0.69773E-03 -0.61747E+00 -0.62830E-01 -0.46619E+00 
  144.00  0.20886E+00 -0.13425E+00  0.11417E-02  0.12563E-02  0.67197E+00  0.17250E-02 -0.11997E-02 -0.62320E+00 -0.60655E-01 -0.46974E+00 
  145.00  0.21021E+00 -0.12496E+00  0.10604E-02  0.10326E-02  0.67416E+00  0.16410E-02 -0.17698E-02 -0.62865E+00 -0.58457E-01 -0.47308E+00 
  146.00  0.21155E+00 -0.11569E+00  0.92436E-03  0.70872E-03  0.67629E+00  0.15299E-02 -0.23864E-02 -0.63389E+00 -0.56311E-01 -0.47624E+00 
  147.00  0.21287E+00 -0.10644E+00  0.72759E-03  0.27798E-03  0.67836E+00  0.13959E-02 -0.30235E-02 -0.63894E+00 -0.54283E-01 -0.47922E+00 
  148.00  0.21417E+00 -0.97240E-01  0.46899E-03 -0.25434E-03  0.68037E+00  0.12463E-02 -0.36553E-02 -0.64380E+00 -0.52417E-01 -0.48199E+00 
  149.00  0.21548E+00 -0.88154E-01  0.15079E-03 -0.86914E-03  0.68235E+00  0.10911E-02 -0.42584E-02 -0.64847E+00 -0.50728E-01 -0.48453E+00 
  150.00  0.21681E+00 -0.79257E-01 -0.22279E-03 -0.15346E-02  0.68430E+00  0.94238E-03 -0.48149E-02 -0.65290E+00 -0.49202E-01 -0.48679E+00 
  151.00  0.21817E+00 -0.70619E-01 -0.64606E-03 -0.22101E-02  0.68624E+00  0.81195E-03 -0.53124E-02 -0.65709E+00 -0.47801E-01 -0.48877E+00 
  152.00  0.21959E+00 -0.62290E-01 -0.11115E-02 -0.28534E-02  0.68818E+00  0.70868E-03 -0.57430E-02 -0.66102E+00 -0.46478E-01 -0.49046E+00 
  153.00  0.22106E+00 -0.54296E-01 -0.16084E-02 -0.34276E-02  0.69012E+00  0.63648E-03 -0.61011E-02 -0.66472E+00 -0.45180E-01 -0.49188E+00 
  154.00  0.22260E+00 -0.46647E-01 -0.21218E-02 -0.39091E-02  0.69204E+00  0.59328E-03 -0.63806E-02 -0.66822E+00 -0.43860E-01 -0.49306E+00 
  155.00  0.22422E+00 -0.39349E-01 -0.26316E-02 -0.42907E-02  0.69394E+00  0.57154E-03 -0.65732E-02 -0.67159E+00 -0.42477E-01 -0.49403E+00 
  156.00  0.22591E+00 -0.32410E-01 -0.31128E-02 -0.45824E-02  0.69580E+00  0.56032E-03 -0.66670E-02 -0.67485E+00 -0.41000E-01 -0.49480E+00 
  157.00  0.22769E+00 -0.25849E-01 -0.35378E-02 -0.48064E-02  0.69761E+00  0.54827E-03 -0.66478E-02 -0.67806E+00 -0.39408E-01 -0.49539E+00 
  158.00  0.22956E+00 -0.19691E-01 -0.38802E-02 -0.49897E-02  0.69935E+00  0.52696E-03 -0.65019E-02 -0.68120E+00 -0.37687E-01 -0.49580E+00 
  159.00  0.23153E+00 -0.13964E-01 -0.41186E-02 -0.51543E-02  0.70100E+00  0.49318E-03 -0.62203E-02 -0.68427E+00 -0.35839E-01 -0.49599E+00 
  160.00  0.23363E+00 -0.86957E-02 -0.42403E-02 -0.53107E-02  0.70255E+00  0.44965E-03 -0.58023E-02 -0.68724E+00 -0.33877E-01 -0.49595E+00 
  161.00  0.23585E+00 -0.39141E-02 -0.42428E-02 -0.54538E-02  0.70398E+00  0.40359E-03 -0.52588E-02 -0.69010E+00 -0.31825E-01 -0.49564E+00 
  162.00  0.23821E+00  0.34792E-03 -0.41331E-02 -0.55654E-02  0.70526E+00  0.36362E-03 -0.46127E-02 -0.69279E+00 -0.29716E-01 -0.49498E+00 
  163.00  0.24072E+00  0.40518E-02 -0.39250E-02 -0.56204E-02  0.70640E+00  0.33610E-03 -0.38965E-02 -0.69529E+00 -0.27580E-01 -0.49391E+00 
  164.00  0.24341E+00  0.71610E-02 -0.36357E-02 -0.55955E-02  0.70740E+00  0.32234E-03 -0.31484E-02 -0.69756E+00 -0.25441E-01 -0.49236E+00 
  165.00  0.24626E+00  0.96584E-02 -0.32832E-02 -0.54765E-02  0.70829E+00  0.31790E-03 -0.24075E-02 -0.69956E+00 -0.23315E-01 -0.49027E+00 
  166.00  0.24929E+00  0.11565E-01 -0.28852E-02 -0.52623E-02  0.70911E+00  0.31427E-03 -0.17091E-02 -0.70130E+00 -0.21208E-01 -0.48764E+00 
  167.00  0.25247E+00  0.12950E-01 -0.24591E-02 -0.49645E-02  0.70989E+00  0.30230E-03 -0.10815E-02 -0.70280E+00 -0.19123E-01 -0.48454E+00 
  168.00  0.25577E+00  0.13917E-01 -0.20229E-02 -0.46026E-02  0.71066E+00  0.27584E-03 -0.54491E-03 -0.70413E+00 -0.17070E-01 -0.48108E+00 
  169.00  0.25918E+00  0.14571E-01 -0.15958E-02 -0.41988E-02  0.71142E+00  0.23409E-03 -0.11173E-03 -0.70539E+00 -0.15059E-01 -0.47738E+00 
  170.00  0.26269E+00  0.14970E-01 -0.11978E-02 -0.37736E-02  0.71215E+00  0.18174E-03  0.21265E-03 -0.70668E+00 -0.13108E-01 -0.47352E+00 
  171.00  0.26630E+00  0.15088E-01 -0.84691E-03 -0.33447E-02  0.71283E+00  0.12690E-03  0.42896E-03 -0.70804E+00 -0.11227E-01 -0.46948E+00 
  172.00  0.27004E+00  0.14812E-01 -0.55700E-03 -0.29270E-02  0.71341E+00  0.77996E-04  0.54373E-03 -0.70949E+00 -0.94212E-02 -0.46518E+00 
  173.00  0.27393E+00  0.13983E-01 -0.33489E-03 -0.25346E-02  0.71389E+00  0.40839E-04  0.56932E-03 -0.71094E+00 -0.76901E-02 -0.46047E+00 
  174.00  0.27797E+00  0.12478E-01 -0.17929E-03 -0.21813E-02  0.71427E+00  0.17187E-04  0.52369E-03 -0.71227E+00 -0.60348E-02 -0.45528E+00 
  175.00  0.28207E+00  0.10299E-01 -0.81681E-04 -0.18791E-02  0.71454E+00  0.50903E-05  0.42915E-03 -0.71339E+00 -0.44707E-02 -0.44968E+00 
  176.00  0.28604E+00  0.76251E-02 -0.28735E-04 -0.16362E-02  0.71475E+00  0.58582E-06  0.31012E-03 -0.71420E+00 -0.30370E-02 -0.44395E+00 
  177.00  0.28963E+00  0.48138E-02 -0.56772E-05 -0.14550E-02  0.71490E+00 -0.28315E-06  0.19021E-03 -0.71470E+00 -0.17972E-02 -0.43857E+00 
  178.00  0.29252E+00  0.23251E-02  0.80040E-06 -0.13327E-02  0.71501E+00 -0.13390E-06  0.89554E-04 -0.71496E+00 -0.83021E-03 -0.43414E+00 
  179.00  0.29440E+00  0.61114E-03  0.69375E-06 -0.12632E-02  0.71507E+00 -0.11612E-07  0.23139E-04 -0.71507E+00 -0.21262E-03 -0.43121E+00 
  180.00  0.29505E+00  0.15402E-13  0.21240E-16 -0.12408E-02  0.71509E+00 -0.78312E-29  0.57965E-15 -0.71509E+00 -0.53129E-14 -0.43018E+00 
 scattering matrix expansion coefficients
    w  a11         a22         a33         a23         a32         a44         a12         a34         a13         a24         a14
    0  0.1000E+01  0.0000E+00  0.0000E+00  0.0000E+00  0.0000E+00  0.7880E+00  0.0000E+00  0.0000E+00  0.0000E+00  0.0000E+00 -0.2529E-03
    1  0.2114E+01  0.0000E+00  0.0000E+00  0.0000E+00  0.0000E+00  0.2214E+01  0.0000E+00  0.0000E+00  0.0000E+00  0.0000E+00 -0.4315E-03
    2  0.2945E+01  0.1777E+00  0.3723E+01 -0.1238E-06  0.7582E-02  0.2912E+01 -0.2930E+00 -0.3479E-01  0.4585E-03  0.4906E-03 -0.8452E-03
    3  0.3438E+01  0.2114E-01  0.3801E+01 -0.1225E-07  0.8890E-02  0.3457E+01 -0.1597E+00 -0.1711E-01 -0.9520E-03 -0.7620E-04 -0.1604E-02
    4  0.3924E+01  0.2679E-01  0.4135E+01 -0.2018E-06  0.9214E-02  0.3910E+01 -0.9740E-01 -0.3591E-01 -0.5571E-03 -0.1113E-02 -0.6017E-02
    5  0.4297E+01  0.8341E-03  0.4467E+01  0.1481E-06  0.7549E-02  0.4304E+01 -0.7102E-01 -0.2767E-01 -0.1627E-03 -0.8123E-03 -0.8669E-02
    6  0.4615E+01  0.7029E-02  0.4754E+01  0.1441E-06  0.8291E-02  0.4609E+01 -0.5087E-01 -0.3455E-01 -0.4976E-03 -0.6838E-03 -0.1070E-01
    7  0.4825E+01 -0.5823E-03  0.4955E+01 -0.1476E-06  0.7960E-02  0.4824E+01 -0.4933E-01 -0.2775E-01  0.9444E-04  0.1976E-02 -0.1101E-01
    8  0.4959E+01  0.5649E-03  0.5078E+01  0.8332E-07  0.6979E-02  0.4959E+01 -0.4929E-01 -0.2522E-01 -0.1039E-02  0.2891E-03 -0.1077E-01
    9  0.5013E+01 -0.3789E-02  0.5124E+01 -0.1359E-06  0.5457E-02  0.5021E+01 -0.5728E-01 -0.2752E-01 -0.2037E-03 -0.3880E-03 -0.1216E-01
   10  0.5041E+01  0.6045E-02  0.5129E+01 -0.2802E-06  0.5069E-02  0.5033E+01 -0.4583E-01 -0.3108E-01 -0.7279E-03 -0.1162E-02 -0.1263E-01
   11  0.5022E+01 -0.1117E-02  0.5107E+01  0.4362E-07  0.6580E-02  0.5028E+01 -0.4273E-01 -0.2768E-01 -0.2177E-03  0.3712E-04 -0.1195E-01
   12  0.4992E+01  0.7801E-03  0.5065E+01 -0.8036E-07  0.8962E-02  0.4996E+01 -0.3290E-01 -0.2666E-01  0.3454E-03  0.7399E-03 -0.9050E-02
   13  0.4931E+01  0.2085E-03  0.4998E+01 -0.2156E-06  0.9152E-02  0.4932E+01 -0.2575E-01 -0.2027E-01  0.4014E-03  0.3749E-03 -0.7635E-02
   14  0.4846E+01  0.2143E-02  0.4906E+01  0.8526E-07  0.8796E-02  0.4844E+01 -0.1938E-01 -0.1407E-01 -0.8416E-03  0.3361E-03 -0.6656E-02
   15  0.4728E+01 -0.6767E-03  0.4785E+01  0.9480E-08  0.9209E-02  0.4730E+01 -0.2449E-01 -0.9413E-02 -0.4185E-03 -0.3929E-03 -0.6128E-02
   16  0.4598E+01  0.3744E-03  0.4648E+01  0.2806E-08  0.8660E-02  0.4596E+01 -0.3132E-01 -0.8332E-02 -0.3108E-04  0.1364E-03 -0.6037E-02
   17  0.4456E+01 -0.1954E-02  0.4503E+01  0.2358E-06  0.7942E-02  0.4458E+01 -0.3759E-01 -0.8726E-02 -0.5169E-03 -0.1407E-03 -0.5734E-02
   18  0.4323E+01 -0.6509E-03  0.4363E+01  0.2044E-06  0.7999E-02  0.4324E+01 -0.3484E-01 -0.6677E-02  0.9557E-04 -0.2999E-04 -0.5203E-02
   19  0.4198E+01 -0.6717E-04  0.4232E+01  0.6089E-07  0.7916E-02  0.4197E+01 -0.2759E-01 -0.5992E-03 -0.5245E-04 -0.3058E-03 -0.4711E-02
   20  0.4079E+01  0.1230E-02  0.4109E+01 -0.6737E-07  0.7987E-02  0.4077E+01 -0.1941E-01  0.6144E-02 -0.2625E-03 -0.3166E-03 -0.4535E-02
   21  0.3958E+01  0.5461E-03  0.3986E+01  0.6402E-07  0.7814E-02  0.3957E+01 -0.1493E-01  0.9873E-02 -0.4351E-03 -0.4170E-03 -0.4595E-02
   22  0.3838E+01  0.1753E-02  0.3863E+01  0.1913E-06  0.7875E-02  0.3835E+01 -0.1089E-01  0.9272E-02 -0.2484E-03 -0.3883E-03 -0.4544E-02
   23  0.3712E+01  0.3101E-03  0.3737E+01  0.2214E-06  0.8512E-02  0.3712E+01 -0.1349E-01  0.7670E-02  0.7659E-04 -0.2709E-03 -0.4666E-02
   24  0.3587E+01 -0.9967E-03  0.3609E+01  0.2906E-06  0.9090E-02  0.3589E+01 -0.2145E-01  0.6861E-02  0.7143E-04 -0.9207E-04 -0.4191E-02
   25  0.3473E+01 -0.2036E-02  0.3494E+01  0.2097E-06  0.9056E-02  0.3478E+01 -0.2777E-01  0.6740E-02 -0.1118E-03 -0.2624E-03 -0.3693E-02
   26  0.3388E+01  0.2112E-03  0.3405E+01  0.8903E-07  0.8256E-02  0.3390E+01 -0.2224E-01  0.6422E-02  0.2603E-03 -0.1802E-03 -0.3569E-02
   27  0.3329E+01  0.1167E-02  0.3342E+01  0.4784E-07  0.6922E-02  0.3329E+01 -0.9580E-02  0.9940E-02  0.5943E-03 -0.1641E-04 -0.3144E-02
   28  0.3283E+01  0.1305E-02  0.3293E+01  0.6834E-07  0.5590E-02  0.3282E+01  0.3657E-02  0.1692E-01  0.3890E-03 -0.2960E-03 -0.3141E-02
   29  0.3232E+01  0.9366E-03  0.3242E+01 -0.9370E-11  0.4443E-02  0.3230E+01  0.1330E-01  0.2389E-01  0.6228E-04 -0.5343E-03 -0.3437E-02
   30  0.3166E+01  0.1416E-02  0.3176E+01 -0.5979E-07  0.3658E-02  0.3162E+01  0.1950E-01  0.2872E-01 -0.6492E-06 -0.3974E-03 -0.3110E-02
   31  0.3077E+01  0.8217E-03  0.3089E+01  0.7427E-07  0.3333E-02  0.3074E+01  0.2042E-01  0.3072E-01  0.4459E-04 -0.1240E-03 -0.1730E-02
   32  0.2968E+01  0.3810E-03  0.2980E+01  0.9794E-07  0.3478E-02  0.2965E+01  0.1949E-01  0.3092E-01  0.4495E-04 -0.7627E-04 -0.3956E-03
   33  0.2836E+01 -0.2620E-03  0.2848E+01  0.4592E-07  0.3831E-02  0.2834E+01  0.1795E-01  0.3151E-01  0.1129E-03 -0.1399E-03 -0.1507E-03
   34  0.2681E+01 -0.1789E-03  0.2693E+01 -0.2731E-07  0.3943E-02  0.2678E+01  0.1643E-01  0.3276E-01  0.2533E-03 -0.2595E-03 -0.1286E-02
   35  0.2497E+01 -0.6611E-03  0.2511E+01 -0.5828E-07  0.3208E-02  0.2495E+01  0.1154E-01  0.3334E-01  0.2590E-03 -0.4081E-03 -0.3039E-02
   36  0.2289E+01 -0.9854E-03  0.2304E+01 -0.2526E-07  0.1864E-02  0.2288E+01  0.4956E-02  0.3214E-01  0.1621E-03 -0.3594E-03 -0.3881E-02
   37  0.2062E+01 -0.1293E-02  0.2078E+01  0.6117E-07  0.8782E-03  0.2063E+01 -0.1015E-02  0.3056E-01  0.5076E-04 -0.1626E-03 -0.3392E-02
   38  0.1827E+01 -0.1037E-02  0.1842E+01  0.9604E-07  0.8987E-03  0.1828E+01 -0.4515E-02  0.3027E-01  0.4780E-04  0.8154E-04 -0.2351E-02
   39  0.1588E+01 -0.8119E-03  0.1603E+01  0.9223E-07  0.1438E-02  0.1589E+01 -0.7200E-02  0.3108E-01  0.6599E-04  0.2118E-03 -0.1944E-02
   40  0.1350E+01 -0.5051E-03  0.1363E+01  0.6960E-07  0.1377E-02  0.1349E+01 -0.1004E-01  0.3129E-01  0.3092E-04  0.1751E-03 -0.2495E-02
   41  0.1115E+01 -0.4273E-03  0.1127E+01  0.3807E-07  0.4177E-03  0.1114E+01 -0.1346E-01  0.2975E-01  0.1157E-04  0.6011E-04 -0.3285E-02
   42  0.8897E+00 -0.2044E-03  0.9005E+00  0.1192E-07 -0.8938E-03  0.8886E+00 -0.1625E-01  0.2662E-01  0.3803E-04 -0.3553E-04 -0.3490E-02
   43  0.6810E+00 -0.1146E-03  0.6906E+00  0.4294E-08 -0.1773E-02  0.6805E+00 -0.1830E-01  0.2273E-01  0.1002E-03 -0.7385E-04 -0.2868E-02
   44  0.4973E+00  0.1569E-04  0.5053E+00 -0.1549E-08 -0.1908E-02  0.4971E+00 -0.1895E-01  0.1845E-01  0.1422E-03 -0.6323E-04 -0.1835E-02
   45  0.3446E+00  0.5677E-04  0.3510E+00 -0.9885E-08 -0.1487E-02  0.3447E+00 -0.1809E-01  0.1408E-01  0.1381E-03 -0.4010E-04 -0.9290E-03
   46  0.2262E+00  0.1279E-03  0.2308E+00 -0.1619E-08 -0.9060E-03  0.2263E+00 -0.1566E-01  0.9960E-02  0.9399E-04 -0.3029E-04 -0.4128E-03
   47  0.1404E+00  0.1513E-03  0.1435E+00  0.2075E-08 -0.4268E-03  0.1404E+00 -0.1236E-01  0.6554E-02  0.5175E-04 -0.2292E-04 -0.1990E-03
   48  0.8238E-01  0.1635E-03  0.8429E-01  0.1584E-09 -0.1427E-03  0.8226E-01 -0.8917E-02  0.4009E-02  0.2005E-04 -0.1712E-04 -0.1350E-03
   49  0.4562E-01  0.1397E-03  0.4672E-01 -0.1115E-08 -0.1465E-04  0.4547E-01 -0.5940E-02  0.2293E-02  0.4337E-05 -0.1002E-04 -0.1071E-03
   50  0.2384E-01  0.1099E-03  0.2442E-01 -0.1653E-08  0.2216E-04  0.2369E-01 -0.3664E-02  0.1220E-02 -0.1493E-05 -0.4517E-05 -0.8071E-04
   51  0.1174E-01  0.7551E-04  0.1202E-01 -0.3594E-09  0.2212E-04  0.1162E-01 -0.2101E-02  0.6047E-03 -0.2372E-05 -0.6761E-06 -0.5146E-04
   52  0.5448E-02  0.4828E-04  0.5575E-02 -0.6714E-09  0.1409E-04  0.5372E-02 -0.1119E-02  0.2775E-03 -0.1776E-05  0.5795E-06 -0.2815E-04
   53  0.2384E-02  0.2772E-04  0.2436E-02 -0.1417E-08  0.7319E-05  0.2338E-02 -0.5551E-03  0.1188E-03 -0.1077E-05  0.7564E-06 -0.1318E-04
   54  0.9855E-03  0.1480E-04  0.1005E-02 -0.4162E-09  0.3404E-05  0.9604E-03 -0.2566E-03  0.4741E-04 -0.5668E-06  0.4661E-06 -0.5486E-05
   55  0.3851E-03  0.7211E-05  0.3918E-03  0.2017E-09  0.1423E-05  0.3727E-03 -0.1110E-03  0.1785E-04 -0.2694E-06  0.2373E-06 -0.2044E-05
   56  0.1426E-03  0.3281E-05  0.1446E-03  0.2630E-09  0.5507E-06  0.1369E-03 -0.4501E-04  0.6336E-05 -0.1144E-06  0.9816E-07 -0.7032E-06
   57  0.5012E-04  0.1382E-05  0.5066E-04  0.1962E-09  0.1951E-06  0.4769E-04 -0.1718E-04  0.2143E-05 -0.4454E-07  0.3768E-07 -0.2247E-06
   58  0.1675E-04  0.5467E-06  0.1686E-04  0.3485E-10  0.6475E-07  0.1579E-04 -0.6189E-05  0.6886E-06 -0.1611E-07  0.1296E-07 -0.6794E-07
   59  0.5336E-05  0.2021E-06  0.5347E-05 -0.4838E-10  0.2002E-07  0.4976E-05 -0.2109E-05  0.2122E-06 -0.5794E-08  0.4264E-08 -0.1967E-07
   60  0.1625E-05  0.7052E-07  0.1620E-05 -0.6220E-10  0.5880E-08  0.1499E-05 -0.6823E-06  0.6296E-07 -0.2146E-08  0.1145E-08 -0.5663E-08
   61  0.4758E-06  0.2314E-07  0.4721E-06 -0.4396E-10  0.1684E-08  0.4343E-06 -0.2106E-06  0.1871E-07 -0.8518E-09  0.8448E-10 -0.1658E-08
   62  0.1362E-06  0.7197E-08  0.1345E-06 -0.2477E-10  0.4691E-09  0.1233E-06 -0.6271E-07  0.5986E-08 -0.3403E-09 -0.2281E-09 -0.4729E-09
   63  0.3957E-07  0.2122E-08  0.3898E-07 -0.1296E-10  0.1242E-09  0.3578E-07 -0.1855E-07  0.2296E-08 -0.1403E-09 -0.2437E-09 -0.1188E-09
   64  0.1278E-07  0.6115E-09  0.1260E-07 -0.6402E-11  0.3297E-10  0.1171E-07 -0.5817E-08  0.1103E-08 -0.6447E-10 -0.1602E-09 -0.1541E-10
   65  0.5096E-08  0.1740E-09  0.5051E-08 -0.3410E-11  0.1049E-10  0.4797E-08 -0.2181E-08  0.5795E-09 -0.3269E-10 -0.6748E-10 -0.6005E-11
   66  0.2778E-08  0.6342E-10  0.2767E-08 -0.1835E-11  0.1185E-10  0.2675E-08 -0.1100E-08  0.3163E-09 -0.1960E-10 -0.1409E-10 -0.8090E-11
   67  0.1761E-08  0.2281E-10  0.1760E-08 -0.1206E-11  0.8406E-11  0.1721E-08 -0.6734E-09  0.2502E-09 -0.8616E-11  0.9114E-11 -0.1016E-10
   68  0.1334E-08  0.2135E-10  0.1329E-08 -0.8633E-12  0.6541E-11  0.1299E-08 -0.4763E-09  0.2502E-09 -0.3747E-11  0.1176E-10 -0.3439E-11
   69  0.9427E-09  0.5345E-11  0.9369E-09 -0.6131E-12  0.2509E-11  0.9292E-09 -0.3867E-09  0.2397E-09  0.1933E-12  0.8077E-11  0.6658E-12
   70  0.9998E-09  0.8972E-11  0.1013E-08 -0.4235E-12 -0.9126E-12  0.9908E-09 -0.3135E-09  0.2142E-09  0.8880E-12  0.5219E-11  0.1862E-11
   71  0.3932E-09  0.2315E-11  0.3884E-09 -0.2605E-12  0.2212E-11  0.3893E-09 -0.1750E-09  0.1159E-09  0.8548E-12  0.2363E-11  0.1316E-11
   72  0.5560E-09  0.1250E-10  0.5607E-09 -0.1414E-12 -0.1511E-12  0.5377E-09 -0.1991E-09  0.8246E-10  0.4327E-12  0.1046E-11  0.1948E-11
   73  0.9351E-10  0.1328E-11  0.9108E-10 -0.6782E-13  0.6840E-12  0.9179E-10 -0.4470E-10  0.2673E-10  0.2242E-12  0.4648E-12  0.2262E-12
   74  0.1760E-09  0.7130E-11  0.1751E-09 -0.2905E-13  0.2773E-13  0.1641E-09 -0.7362E-10  0.1684E-10  0.8726E-13  0.7876E-13  0.7296E-12
   75  0.1268E-10  0.3512E-12  0.1208E-10 -0.1144E-13  0.1248E-12  0.1222E-10 -0.6480E-11  0.3218E-11  0.2874E-13  0.7464E-13  0.9684E-15
   76  0.3294E-10  0.1914E-11  0.3225E-10 -0.4078E-14  0.3866E-13  0.2958E-10 -0.1562E-10  0.2061E-11  0.4223E-14 -0.7989E-15  0.1249E-12
   77  0.9416E-12  0.3649E-13  0.8632E-12 -0.1248E-14  0.1207E-13  0.8992E-12 -0.5017E-12  0.2149E-12  0.2662E-14  0.8385E-14 -0.2804E-14
   78  0.3966E-11  0.2950E-12  0.3829E-11 -0.3528E-15  0.6947E-14  0.3437E-11 -0.2074E-11  0.1663E-12 -0.6599E-15 -0.6583E-15  0.1246E-13
   79  0.3607E-13  0.1678E-14  0.3092E-13 -0.9939E-16  0.6958E-15  0.3468E-13 -0.1951E-13  0.7403E-14  0.2038E-15  0.5833E-15 -0.2984E-15
   80  0.3166E-12  0.2773E-13  0.2997E-12 -0.2427E-16  0.6408E-15  0.2655E-12 -0.1778E-12  0.9316E-14 -0.1084E-15 -0.6786E-16  0.8484E-15
   81  0.4850E-15 -0.7609E-17  0.1098E-15 -0.3971E-17  0.3316E-16  0.6312E-15 -0.9924E-16  0.6403E-16  0.5704E-17  0.3079E-16 -0.1269E-16
   82  0.2152E-13  0.2261E-14  0.2044E-13 -0.6542E-18  0.6017E-16  0.1747E-13 -0.1305E-13  0.4662E-15 -0.1767E-16 -0.7099E-17  0.4751E-16
