 input file is 
mstm6_512_08100_185_00200.inp 
 input file comments follow:
***********************************************************
  This is the default mstm input file for v.3.0.
  The run is for a 7-sphere cluster of identical spheres.   The positions
  are embedded in the input file.

  The run makes use of the new_run and multiple_run options.

  14 April 2013
***********************************************************
 number of processors:
   1
 input parameters for run number 
    1
 number of spheres, volume size parameter:
  512  0.64800E+01
 position file:
position/n512/a6.out                                        
 output file:
output/512/x08100/185/00200/mt_6_512_08100_185_00200.dat    
 length, ref. indx. scale factors:
   0.810   1.850   0.020
 chiral factors:
  0.00000E+00  0.00000E+00
 scattering matrix directions based on incident frame
 automatic scattering angle calculation
 thetamin, thetamax:
      0.0    180.0
 number scattering angles:
      181
 epsmie, epssoln, max number iterations:
  0.1000E-05  0.1000E-07 5000
 medium refractive index:
  1.0000  0.0000
 target euler rotation angles:
    0.0000    0.0000    0.0000
 far field kr, iterations/correction:
 -0.1000E+01   20
 plane wave incidence
 random orientation calculations
 t matrix calculated, stored in file 
tmatrixfiles/65120810018500200                              
 t matrix convergence epsilon:
  0.1000E-06
 all spheres excited (total T matrix) 
 calculation results for run 
    1
 total ext, abs, scat efficiencies, w.r.t. xv, and asym. parm
  0.88155E+01  0.40693E+00  0.84086E+01  0.73528E+00
 scattering matrix elements (normalized w/ S11)
   theta      11           12           13           14           22           23           24           33           34           44      
    0.00  0.20564E+03  0.00000E+00  0.00000E+00 -0.36289E-03  0.99982E+00  0.67684E-04  0.00000E+00  0.99982E+00  0.00000E+00  0.99968E+00 
    1.00  0.19704E+03 -0.15991E-03  0.87894E-07 -0.37346E-03  0.99981E+00  0.93145E-04  0.19635E-06  0.99981E+00  0.51375E-04  0.99967E+00 
    2.00  0.17332E+03 -0.63993E-03  0.29860E-06 -0.40457E-03  0.99979E+00  0.17202E-03  0.83128E-06  0.99979E+00  0.20929E-03  0.99963E+00 
    3.00  0.13998E+03 -0.14416E-02  0.45545E-06 -0.45414E-03  0.99975E+00  0.31182E-03  0.20610E-05  0.99975E+00  0.48153E-03  0.99956E+00 
    4.00  0.10395E+03 -0.25712E-02  0.20615E-06 -0.51719E-03  0.99966E+00  0.52456E-03  0.42112E-05  0.99966E+00  0.86374E-03  0.99940E+00 
    5.00  0.71454E+02 -0.40528E-02 -0.10366E-05 -0.58304E-03  0.99949E+00  0.82218E-03  0.78686E-05  0.99950E+00  0.12902E-02  0.99911E+00 
    6.00  0.46310E+02 -0.59663E-02 -0.40009E-05 -0.63082E-03  0.99917E+00  0.11984E-02  0.13890E-04  0.99919E+00  0.15129E-02  0.99854E+00 
    7.00  0.29514E+02 -0.85179E-02 -0.87811E-05 -0.62954E-03  0.99861E+00  0.15826E-02  0.22829E-04  0.99864E+00  0.92623E-03  0.99757E+00 
    8.00  0.19817E+02 -0.12034E-01 -0.12987E-04 -0.56306E-03  0.99783E+00  0.18019E-02  0.33114E-04  0.99786E+00 -0.12557E-02  0.99617E+00 
    9.00  0.14892E+02 -0.16611E-01 -0.11835E-04 -0.47521E-03  0.99700E+00  0.17176E-02  0.40344E-04  0.99702E+00 -0.48525E-02  0.99468E+00 
   10.00  0.12458E+02 -0.21812E-01 -0.36319E-05 -0.43393E-03  0.99631E+00  0.14474E-02  0.42192E-04  0.99634E+00 -0.82196E-02  0.99347E+00 
   11.00  0.10938E+02 -0.27099E-01  0.84507E-05 -0.44219E-03  0.99571E+00  0.12041E-02  0.41629E-04  0.99577E+00 -0.99822E-02  0.99243E+00 
   12.00  0.95914E+01 -0.32149E-01  0.21072E-04 -0.45473E-03  0.99502E+00  0.10431E-02  0.43303E-04  0.99514E+00 -0.98664E-02  0.99128E+00 
   13.00  0.82775E+01 -0.36681E-01  0.32473E-04 -0.43114E-03  0.99418E+00  0.87865E-03  0.50849E-04  0.99432E+00 -0.81306E-02  0.98982E+00 
   14.00  0.71201E+01 -0.40385E-01  0.41227E-04 -0.35396E-03  0.99326E+00  0.57896E-03  0.65681E-04  0.99331E+00 -0.53789E-02  0.98813E+00 
   15.00  0.62468E+01 -0.43158E-01  0.45124E-04 -0.22980E-03  0.99244E+00  0.64506E-04  0.84843E-04  0.99220E+00 -0.26778E-02  0.98644E+00 
   16.00  0.56761E+01 -0.45357E-01  0.41525E-04 -0.79478E-04  0.99186E+00 -0.60568E-03  0.10059E-03  0.99115E+00 -0.11985E-02  0.98504E+00 
   17.00  0.53240E+01 -0.47653E-01  0.29017E-04  0.81446E-04  0.99149E+00 -0.12599E-02  0.10497E-03  0.99022E+00 -0.14342E-02  0.98394E+00 
   18.00  0.50659E+01 -0.50581E-01  0.85247E-05  0.25320E-03  0.99114E+00 -0.17486E-02  0.94870E-04  0.98935E+00 -0.29966E-02  0.98290E+00 
   19.00  0.47998E+01 -0.54371E-01 -0.16997E-04  0.44576E-03  0.99060E+00 -0.20293E-02  0.71820E-04  0.98840E+00 -0.51663E-02  0.98166E+00 
   20.00  0.44801E+01 -0.59077E-01 -0.43218E-04  0.66894E-03  0.98978E+00 -0.21483E-02  0.38763E-04  0.98731E+00 -0.73739E-02  0.98005E+00 
   21.00  0.41167E+01 -0.64697E-01 -0.64900E-04  0.92457E-03  0.98865E+00 -0.21911E-02 -0.16352E-05  0.98607E+00 -0.92722E-02  0.97809E+00 
   22.00  0.37483E+01 -0.71173E-01 -0.76850E-04  0.11969E-02  0.98730E+00 -0.22405E-02 -0.46212E-04  0.98472E+00 -0.10648E-01  0.97587E+00 
   23.00  0.34115E+01 -0.78344E-01 -0.75779E-04  0.14440E-02  0.98585E+00 -0.23406E-02 -0.89333E-04  0.98331E+00 -0.11421E-01  0.97355E+00 
   24.00  0.31211E+01 -0.85980E-01 -0.61895E-04  0.16012E-02  0.98439E+00 -0.24725E-02 -0.12198E-03  0.98183E+00 -0.11754E-01  0.97117E+00 
   25.00  0.28698E+01 -0.93907E-01 -0.38320E-04  0.16041E-02  0.98293E+00 -0.25622E-02 -0.13364E-03  0.98011E+00 -0.12108E-01  0.96861E+00 
   26.00  0.26411E+01 -0.10206E+00 -0.86529E-05  0.14146E-02  0.98142E+00 -0.25184E-02 -0.11600E-03  0.97799E+00 -0.13057E-01  0.96567E+00 
   27.00  0.24249E+01 -0.11038E+00  0.24539E-04  0.10335E-02  0.97981E+00 -0.22679E-02 -0.66143E-04  0.97534E+00 -0.14965E-01  0.96223E+00 
   28.00  0.22233E+01 -0.11863E+00  0.58716E-04  0.50151E-03  0.97811E+00 -0.17736E-02  0.11905E-04  0.97221E+00 -0.17685E-01  0.95835E+00 
   29.00  0.20472E+01 -0.12637E+00  0.89373E-04 -0.10503E-03  0.97641E+00 -0.10464E-02  0.10730E-03  0.96885E+00 -0.20492E-01  0.95436E+00 
   30.00  0.19072E+01 -0.13322E+00  0.11000E-03 -0.68859E-03  0.97484E+00 -0.16034E-03  0.20543E-03  0.96563E+00 -0.22381E-01  0.95067E+00 
   31.00  0.18064E+01 -0.13916E+00  0.11534E-03 -0.11604E-02  0.97350E+00  0.74886E-03  0.29365E-03  0.96287E+00 -0.22668E-01  0.94759E+00 
   32.00  0.17388E+01 -0.14477E+00  0.10499E-03 -0.14710E-02  0.97239E+00  0.15229E-02  0.36547E-03  0.96064E+00 -0.21431E-01  0.94512E+00 
   33.00  0.16920E+01 -0.15087E+00  0.82855E-04 -0.16182E-02  0.97143E+00  0.20454E-02  0.41903E-03  0.95873E+00 -0.19372E-01  0.94299E+00 
   34.00  0.16517E+01 -0.15812E+00  0.52467E-04 -0.16304E-02  0.97048E+00  0.22874E-02  0.45244E-03  0.95680E+00 -0.17259E-01  0.94081E+00 
   35.00  0.16053E+01 -0.16676E+00  0.13029E-04 -0.15461E-02  0.96942E+00  0.23065E-02  0.46149E-03  0.95451E+00 -0.15518E-01  0.93824E+00 
   36.00  0.15447E+01 -0.17668E+00 -0.39812E-04 -0.14040E-02  0.96814E+00  0.22055E-02  0.44188E-03  0.95158E+00 -0.14203E-01  0.93498E+00 
   37.00  0.14673E+01 -0.18766E+00 -0.10845E-03 -0.12401E-02  0.96653E+00  0.20729E-02  0.39328E-03  0.94781E+00 -0.13213E-01  0.93082E+00 
   38.00  0.13766E+01 -0.19949E+00 -0.18609E-03 -0.10875E-02  0.96453E+00  0.19319E-02  0.32201E-03  0.94309E+00 -0.12517E-01  0.92563E+00 
   39.00  0.12796E+01 -0.21191E+00 -0.25238E-03 -0.97332E-03  0.96210E+00  0.17254E-02  0.24054E-03  0.93745E+00 -0.12237E-01  0.91939E+00 
   40.00  0.11847E+01 -0.22455E+00 -0.27696E-03 -0.91274E-03  0.95926E+00  0.13549E-02  0.16331E-03  0.93110E+00 -0.12587E-01  0.91229E+00 
   41.00  0.10980E+01 -0.23681E+00 -0.23325E-03 -0.90263E-03  0.95613E+00  0.77178E-03  0.10043E-03  0.92437E+00 -0.13730E-01  0.90468E+00 
   42.00  0.10223E+01 -0.24811E+00 -0.11663E-03 -0.92026E-03  0.95281E+00  0.67801E-04  0.52640E-04  0.91763E+00 -0.15653E-01  0.89695E+00 
   43.00  0.95748E+00 -0.25813E+00  0.46151E-04 -0.93125E-03  0.94944E+00 -0.51255E-03  0.11803E-04  0.91108E+00 -0.18136E-01  0.88938E+00 
   44.00  0.90205E+00 -0.26710E+00  0.20534E-03 -0.90407E-03  0.94614E+00 -0.66811E-03 -0.33198E-04  0.90471E+00 -0.20789E-01  0.88206E+00 
   45.00  0.85481E+00 -0.27572E+00  0.30981E-03 -0.82266E-03  0.94298E+00 -0.19484E-03 -0.89219E-04  0.89838E+00 -0.23117E-01  0.87489E+00 
   46.00  0.81504E+00 -0.28485E+00  0.32914E-03 -0.69056E-03  0.94004E+00  0.89332E-03 -0.15496E-03  0.89192E+00 -0.24595E-01  0.86774E+00 
   47.00  0.78197E+00 -0.29509E+00  0.26453E-03 -0.52472E-03  0.93735E+00  0.23484E-02 -0.22180E-03  0.88525E+00 -0.24821E-01  0.86053E+00 
   48.00  0.75403E+00 -0.30648E+00  0.14365E-03 -0.34342E-03  0.93489E+00  0.37934E-02 -0.27777E-03  0.87842E+00 -0.23693E-01  0.85325E+00 
   49.00  0.72887E+00 -0.31864E+00  0.32645E-05 -0.15731E-03  0.93260E+00  0.48877E-02 -0.31182E-03  0.87147E+00 -0.21510E-01  0.84596E+00 
   50.00  0.70404E+00 -0.33102E+00 -0.12856E-03  0.29408E-04  0.93036E+00  0.54529E-02 -0.31619E-03  0.86440E+00 -0.18887E-01  0.83865E+00 
   51.00  0.67780E+00 -0.34326E+00 -0.24108E-03  0.20878E-03  0.92806E+00  0.55026E-02 -0.28727E-03  0.85707E+00 -0.16541E-01  0.83118E+00 
   52.00  0.64966E+00 -0.35533E+00 -0.33869E-03  0.35888E-03  0.92554E+00  0.51937E-02 -0.22585E-03  0.84919E+00 -0.15065E-01  0.82321E+00 
   53.00  0.62028E+00 -0.36749E+00 -0.43198E-03  0.44255E-03  0.92260E+00  0.47443E-02 -0.13733E-03  0.84040E+00 -0.14794E-01  0.81422E+00 
   54.00  0.59091E+00 -0.38008E+00 -0.52630E-03  0.41876E-03  0.91906E+00  0.43488E-02 -0.30650E-04  0.83038E+00 -0.15756E-01  0.80373E+00 
   55.00  0.56290E+00 -0.39329E+00 -0.61174E-03  0.26160E-03  0.91483E+00  0.41065E-02  0.84713E-04  0.81900E+00 -0.17709E-01  0.79147E+00 
   56.00  0.53727E+00 -0.40708E+00 -0.65903E-03 -0.23950E-04  0.91001E+00  0.39855E-02  0.20266E-03  0.80644E+00 -0.20197E-01  0.77764E+00 
   57.00  0.51454E+00 -0.42119E+00 -0.62620E-03 -0.39982E-03  0.90489E+00  0.38447E-02  0.32222E-03  0.79317E+00 -0.22648E-01  0.76292E+00 
   58.00  0.49477E+00 -0.43531E+00 -0.47704E-03 -0.80767E-03  0.89992E+00  0.35159E-02  0.44492E-03  0.77978E+00 -0.24492E-01  0.74824E+00 
   59.00  0.47763E+00 -0.44926E+00 -0.20471E-03 -0.11879E-02  0.89547E+00  0.29100E-02  0.56855E-03  0.76669E+00 -0.25340E-01  0.73433E+00 
   60.00  0.46264E+00 -0.46309E+00  0.15228E-03 -0.14929E-02  0.89177E+00  0.20906E-02  0.68169E-03  0.75397E+00 -0.25148E-01  0.72139E+00 
   61.00  0.44931E+00 -0.47703E+00  0.51265E-03 -0.16903E-02  0.88877E+00  0.12678E-02  0.76353E-03  0.74136E+00 -0.24276E-01  0.70906E+00 
   62.00  0.43731E+00 -0.49131E+00  0.77554E-03 -0.17603E-02  0.88630E+00  0.71440E-03  0.79045E-03  0.72837E+00 -0.23379E-01  0.69664E+00 
   63.00  0.42640E+00 -0.50606E+00  0.85596E-03 -0.16948E-02  0.88412E+00  0.64421E-03  0.74681E-03  0.71462E+00 -0.23126E-01  0.68347E+00 
   64.00  0.41632E+00 -0.52114E+00  0.71673E-03 -0.15030E-02  0.88201E+00  0.11159E-02  0.63445E-03  0.69997E+00 -0.23889E-01  0.66924E+00 
   65.00  0.40664E+00 -0.53615E+00  0.38197E-03 -0.12162E-02  0.87977E+00  0.20083E-02  0.47588E-03  0.68457E+00 -0.25564E-01  0.65403E+00 
   66.00  0.39671E+00 -0.55062E+00 -0.73868E-04 -0.88600E-03  0.87722E+00  0.30744E-02  0.30953E-03  0.66866E+00 -0.27636E-01  0.63814E+00 
   67.00  0.38587E+00 -0.56410E+00 -0.55307E-03 -0.57206E-03  0.87417E+00  0.40357E-02  0.18023E-03  0.65238E+00 -0.29458E-01  0.62179E+00 
   68.00  0.37365E+00 -0.57636E+00 -0.96120E-03 -0.32647E-03  0.87043E+00  0.46630E-02  0.12985E-03  0.63562E+00 -0.30562E-01  0.60495E+00 
   69.00  0.36007E+00 -0.58741E+00 -0.12218E-02 -0.18102E-03  0.86590E+00  0.48127E-02  0.19082E-03  0.61804E+00 -0.30855E-01  0.58731E+00 
   70.00  0.34566E+00 -0.59753E+00 -0.12805E-02 -0.14166E-03  0.86064E+00  0.44290E-02  0.38089E-03  0.59923E+00 -0.30631E-01  0.56848E+00 
   71.00  0.33128E+00 -0.60714E+00 -0.11074E-02 -0.18913E-03  0.85487E+00  0.35372E-02  0.69669E-03  0.57888E+00 -0.30413E-01  0.54818E+00 
   72.00  0.31785E+00 -0.61666E+00 -0.70505E-03 -0.28335E-03  0.84897E+00  0.22451E-02  0.11061E-02  0.55697E+00 -0.30715E-01  0.52648E+00 
   73.00  0.30606E+00 -0.62643E+00 -0.12088E-03 -0.36952E-03  0.84334E+00  0.74688E-03  0.15445E-02  0.53389E+00 -0.31815E-01  0.50385E+00 
   74.00  0.29620E+00 -0.63657E+00  0.54887E-03 -0.38583E-03  0.83828E+00 -0.69402E-03  0.19218E-02  0.51031E+00 -0.33657E-01  0.48100E+00 
   75.00  0.28823E+00 -0.64702E+00  0.11735E-02 -0.27369E-03  0.83393E+00 -0.17958E-02  0.21420E-02  0.48692E+00 -0.35897E-01  0.45866E+00 
   76.00  0.28189E+00 -0.65761E+00  0.16217E-02  0.88244E-05  0.83027E+00 -0.23353E-02  0.21314E-02  0.46419E+00 -0.38082E-01  0.43725E+00 
   77.00  0.27680E+00 -0.66817E+00  0.18013E-02  0.47142E-03  0.82718E+00 -0.22184E-02  0.18638E-02  0.44220E+00 -0.39821E-01  0.41673E+00 
   78.00  0.27262E+00 -0.67861E+00  0.16882E-02  0.10788E-02  0.82451E+00 -0.15135E-02  0.13734E-02  0.42059E+00 -0.40899E-01  0.39664E+00 
   79.00  0.26904E+00 -0.68882E+00  0.13315E-02  0.17479E-02  0.82211E+00 -0.42954E-03  0.75032E-03  0.39876E+00 -0.41299E-01  0.37630E+00 
   80.00  0.26573E+00 -0.69872E+00  0.83317E-03  0.23613E-02  0.81986E+00  0.75180E-03  0.11867E-03  0.37605E+00 -0.41166E-01  0.35499E+00 
   81.00  0.26243E+00 -0.70812E+00  0.31108E-03  0.27954E-02  0.81762E+00  0.17635E-02 -0.39690E-03  0.35199E+00 -0.40743E-01  0.33226E+00 
   82.00  0.25887E+00 -0.71676E+00 -0.13696E-03  0.29556E-02  0.81526E+00  0.24253E-02 -0.70409E-03  0.32643E+00 -0.40297E-01  0.30800E+00 
   83.00  0.25487E+00 -0.72439E+00 -0.45567E-03  0.28054E-02  0.81268E+00  0.26760E-02 -0.76525E-03  0.29956E+00 -0.40055E-01  0.28250E+00 
   84.00  0.25036E+00 -0.73077E+00 -0.63464E-03  0.23801E-02  0.80981E+00  0.25614E-02 -0.60312E-03  0.27188E+00 -0.40163E-01  0.25630E+00 
   85.00  0.24540E+00 -0.73582E+00 -0.69524E-03  0.17803E-02  0.80662E+00  0.21938E-02 -0.29014E-03  0.24402E+00 -0.40654E-01  0.23007E+00 
   86.00  0.24017E+00 -0.73958E+00 -0.67112E-03  0.11463E-02  0.80317E+00  0.17019E-02  0.74474E-04  0.21661E+00 -0.41456E-01  0.20439E+00 
   87.00  0.23487E+00 -0.74220E+00 -0.59126E-03  0.61960E-03  0.79956E+00  0.11900E-02  0.39365E-03  0.19006E+00 -0.42423E-01  0.17961E+00 
   88.00  0.22971E+00 -0.74389E+00 -0.47125E-03  0.30077E-03  0.79590E+00  0.71580E-03  0.59955E-03  0.16450E+00 -0.43387E-01  0.15576E+00 
   89.00  0.22485E+00 -0.74488E+00 -0.31348E-03  0.21831E-03  0.79231E+00  0.28881E-03  0.67108E-03  0.13973E+00 -0.44224E-01  0.13256E+00 
   90.00  0.22036E+00 -0.74530E+00 -0.11337E-03  0.31860E-03  0.78889E+00 -0.11436E-03  0.63608E-03  0.11528E+00 -0.44892E-01  0.10953E+00 
   91.00  0.21627E+00 -0.74519E+00  0.13297E-03  0.48261E-03  0.78571E+00 -0.52800E-03  0.55814E-03  0.90595E-01 -0.45445E-01  0.86125E-01 
   92.00  0.21255E+00 -0.74452E+00  0.42319E-03  0.56331E-03  0.78282E+00 -0.97648E-03  0.51337E-03  0.65166E-01 -0.45996E-01  0.61943E-01 
   93.00  0.20917E+00 -0.74321E+00  0.74642E-03  0.43117E-03  0.78026E+00 -0.14611E-02  0.56599E-03  0.38682E-01 -0.46669E-01  0.36796E-01 
   94.00  0.20608E+00 -0.74120E+00  0.10833E-02  0.13287E-04  0.77805E+00 -0.19561E-02  0.75054E-03  0.11105E-01 -0.47535E-01  0.10773E-01 
   95.00  0.20326E+00 -0.73846E+00  0.14071E-02 -0.68491E-03  0.77619E+00 -0.24133E-02  0.10647E-02 -0.17329E-01 -0.48579E-01 -0.15802E-01 
   96.00  0.20069E+00 -0.73498E+00  0.16846E-02 -0.15799E-02  0.77468E+00 -0.27724E-02  0.14725E-02 -0.46178E-01 -0.49692E-01 -0.42459E-01 
   97.00  0.19837E+00 -0.73080E+00  0.18783E-02 -0.25306E-02  0.77348E+00 -0.29746E-02  0.19151E-02 -0.74903E-01 -0.50698E-01 -0.68693E-01 
   98.00  0.19625E+00 -0.72597E+00  0.19503E-02 -0.33723E-02  0.77252E+00 -0.29767E-02  0.23240E-02 -0.10299E+00 -0.51413E-01 -0.94074E-01 
   99.00  0.19430E+00 -0.72049E+00  0.18675E-02 -0.39546E-02  0.77172E+00 -0.27618E-02  0.26338E-02 -0.13005E+00 -0.51695E-01 -0.11832E+00 
  100.00  0.19247E+00 -0.71435E+00  0.16087E-02 -0.41721E-02  0.77100E+00 -0.23444E-02  0.27921E-02 -0.15591E+00 -0.51496E-01 -0.14134E+00 
  101.00  0.19071E+00 -0.70748E+00  0.11704E-02 -0.39838E-02  0.77027E+00 -0.17690E-02  0.27662E-02 -0.18055E+00 -0.50879E-01 -0.16322E+00 
  102.00  0.18901E+00 -0.69984E+00  0.57018E-03 -0.34156E-02  0.76950E+00 -0.11008E-02  0.25468E-02 -0.20417E+00 -0.50006E-01 -0.18415E+00 
  103.00  0.18735E+00 -0.69138E+00 -0.15339E-03 -0.25510E-02  0.76866E+00 -0.41307E-03  0.21513E-02 -0.22704E+00 -0.49104E-01 -0.20443E+00 
  104.00  0.18577E+00 -0.68211E+00 -0.94486E-03 -0.15118E-02  0.76780E+00  0.22736E-03  0.16230E-02 -0.24948E+00 -0.48409E-01 -0.22433E+00 
  105.00  0.18432E+00 -0.67210E+00 -0.17391E-02 -0.43502E-03  0.76699E+00  0.77231E-03  0.10277E-02 -0.27176E+00 -0.48117E-01 -0.24408E+00 
  106.00  0.18306E+00 -0.66148E+00 -0.24704E-02  0.55107E-03  0.76632E+00  0.11991E-02  0.44530E-03 -0.29408E+00 -0.48341E-01 -0.26383E+00 
  107.00  0.18206E+00 -0.65040E+00 -0.30821E-02  0.13467E-02  0.76589E+00  0.15106E-02 -0.43898E-04 -0.31652E+00 -0.49092E-01 -0.28366E+00 
  108.00  0.18136E+00 -0.63903E+00 -0.35352E-02  0.18942E-02  0.76580E+00  0.17293E-02 -0.37539E-03 -0.33906E+00 -0.50286E-01 -0.30351E+00 
  109.00  0.18100E+00 -0.62752E+00 -0.38134E-02  0.21829E-02  0.76611E+00  0.18869E-02 -0.51474E-03 -0.36158E+00 -0.51771E-01 -0.32330E+00 
  110.00  0.18095E+00 -0.61593E+00 -0.39251E-02  0.22443E-02  0.76683E+00  0.20139E-02 -0.46550E-03 -0.38393E+00 -0.53370E-01 -0.34291E+00 
  111.00  0.18119E+00 -0.60431E+00 -0.39001E-02  0.21400E-02  0.76794E+00  0.21316E-02 -0.26759E-03 -0.40594E+00 -0.54916E-01 -0.36220E+00 
  112.00  0.18165E+00 -0.59261E+00 -0.37838E-02  0.19451E-02  0.76940E+00  0.22494E-02  0.13349E-04 -0.42744E+00 -0.56286E-01 -0.38105E+00 
  113.00  0.18225E+00 -0.58077E+00 -0.36275E-02  0.17316E-02  0.77111E+00  0.23658E-02  0.30240E-03 -0.44831E+00 -0.57409E-01 -0.39938E+00 
  114.00  0.18292E+00 -0.56873E+00 -0.34799E-02  0.15559E-02  0.77300E+00  0.24728E-02  0.53232E-03 -0.46846E+00 -0.58266E-01 -0.41713E+00 
  115.00  0.18358E+00 -0.55642E+00 -0.33776E-02  0.14519E-02  0.77497E+00  0.25595E-02  0.65662E-03 -0.48783E+00 -0.58871E-01 -0.43423E+00 
  116.00  0.18418E+00 -0.54381E+00 -0.33394E-02  0.14300E-02  0.77695E+00  0.26151E-02  0.65609E-03 -0.50634E+00 -0.59257E-01 -0.45061E+00 
  117.00  0.18469E+00 -0.53091E+00 -0.33629E-02  0.14803E-02  0.77889E+00  0.26301E-02  0.53853E-03 -0.52395E+00 -0.59457E-01 -0.46621E+00 
  118.00  0.18509E+00 -0.51776E+00 -0.34257E-02  0.15795E-02  0.78072E+00  0.25970E-02  0.33302E-03 -0.54059E+00 -0.59495E-01 -0.48095E+00 
  119.00  0.18535E+00 -0.50442E+00 -0.34897E-02  0.16972E-02  0.78242E+00  0.25106E-02  0.81277E-04 -0.55623E+00 -0.59383E-01 -0.49473E+00 
  120.00  0.18549E+00 -0.49095E+00 -0.35090E-02  0.18030E-02  0.78394E+00  0.23693E-02 -0.17160E-03 -0.57082E+00 -0.59119E-01 -0.50751E+00 
  121.00  0.18551E+00 -0.47740E+00 -0.34392E-02  0.18708E-02  0.78528E+00  0.21758E-02 -0.38504E-03 -0.58436E+00 -0.58696E-01 -0.51924E+00 
  122.00  0.18542E+00 -0.46381E+00 -0.32462E-02  0.18823E-02  0.78641E+00  0.19388E-02 -0.52850E-03 -0.59689E+00 -0.58102E-01 -0.52995E+00 
  123.00  0.18523E+00 -0.45018E+00 -0.29127E-02  0.18282E-02  0.78734E+00  0.16718E-02 -0.58428E-03 -0.60848E+00 -0.57329E-01 -0.53970E+00 
  124.00  0.18497E+00 -0.43651E+00 -0.24420E-02  0.17077E-02  0.78809E+00  0.13911E-02 -0.54802E-03 -0.61927E+00 -0.56374E-01 -0.54860E+00 
  125.00  0.18464E+00 -0.42277E+00 -0.18569E-02  0.15283E-02  0.78869E+00  0.11134E-02 -0.42763E-03 -0.62939E+00 -0.55248E-01 -0.55680E+00 
  126.00  0.18428E+00 -0.40891E+00 -0.11962E-02  0.13031E-02  0.78917E+00  0.85176E-03 -0.24097E-03 -0.63900E+00 -0.53971E-01 -0.56446E+00 
  127.00  0.18391E+00 -0.39490E+00 -0.50887E-03  0.10500E-02  0.78960E+00  0.61369E-03 -0.13007E-04 -0.64824E+00 -0.52582E-01 -0.57174E+00 
  128.00  0.18356E+00 -0.38072E+00  0.15240E-03  0.78867E-03  0.79001E+00  0.40079E-03  0.22739E-03 -0.65724E+00 -0.51131E-01 -0.57878E+00 
  129.00  0.18327E+00 -0.36636E+00  0.73680E-03  0.53875E-03  0.79046E+00  0.21004E-03  0.45083E-03 -0.66609E+00 -0.49681E-01 -0.58568E+00 
  130.00  0.18306E+00 -0.35188E+00  0.11996E-02  0.31781E-03  0.79100E+00  0.36547E-04  0.63075E-03 -0.67481E+00 -0.48300E-01 -0.59250E+00 
  131.00  0.18297E+00 -0.33733E+00  0.15047E-02  0.13968E-03  0.79166E+00 -0.12334E-03  0.74625E-03 -0.68343E+00 -0.47049E-01 -0.59926E+00 
  132.00  0.18302E+00 -0.32282E+00  0.16261E-02  0.13492E-04  0.79245E+00 -0.26962E-03  0.78448E-03 -0.69191E+00 -0.45977E-01 -0.60593E+00 
  133.00  0.18324E+00 -0.30846E+00  0.15489E-02 -0.56373E-04  0.79339E+00 -0.39758E-03  0.74182E-03 -0.70022E+00 -0.45111E-01 -0.61247E+00 
  134.00  0.18362E+00 -0.29436E+00  0.12706E-02 -0.69578E-04  0.79446E+00 -0.49831E-03  0.62414E-03 -0.70832E+00 -0.44450E-01 -0.61883E+00 
  135.00  0.18418E+00 -0.28062E+00  0.80156E-03 -0.28471E-04  0.79567E+00 -0.56064E-03  0.44562E-03 -0.71616E+00 -0.43968E-01 -0.62495E+00 
  136.00  0.18490E+00 -0.26730E+00  0.16626E-03  0.63512E-04  0.79698E+00 -0.57388E-03  0.22648E-03 -0.72370E+00 -0.43619E-01 -0.63080E+00 
  137.00  0.18577E+00 -0.25442E+00 -0.59686E-03  0.20326E-03  0.79836E+00 -0.53065E-03 -0.10275E-04 -0.73094E+00 -0.43344E-01 -0.63635E+00 
  138.00  0.18675E+00 -0.24197E+00 -0.14372E-02  0.38871E-03  0.79979E+00 -0.42918E-03 -0.24244E-03 -0.73783E+00 -0.43082E-01 -0.64157E+00 
  139.00  0.18782E+00 -0.22990E+00 -0.22956E-02  0.61872E-03  0.80123E+00 -0.27450E-03 -0.45195E-03 -0.74437E+00 -0.42776E-01 -0.64644E+00 
  140.00  0.18895E+00 -0.21817E+00 -0.31096E-02  0.89211E-03  0.80265E+00 -0.78173E-04 -0.62715E-03 -0.75052E+00 -0.42384E-01 -0.65091E+00 
  141.00  0.19011E+00 -0.20669E+00 -0.38203E-02  0.12063E-02  0.80401E+00  0.14337E-03 -0.76367E-03 -0.75626E+00 -0.41875E-01 -0.65497E+00 
  142.00  0.19128E+00 -0.19541E+00 -0.43787E-02  0.15563E-02  0.80530E+00  0.37140E-03 -0.86385E-03 -0.76159E+00 -0.41239E-01 -0.65857E+00 
  143.00  0.19242E+00 -0.18428E+00 -0.47509E-02  0.19347E-02  0.80651E+00  0.58778E-03 -0.93504E-03 -0.76648E+00 -0.40482E-01 -0.66169E+00 
  144.00  0.19353E+00 -0.17326E+00 -0.49219E-02  0.23320E-02  0.80762E+00  0.77726E-03 -0.98737E-03 -0.77095E+00 -0.39625E-01 -0.66433E+00 
  145.00  0.19460E+00 -0.16234E+00 -0.48956E-02  0.27379E-02  0.80864E+00  0.92879E-03 -0.10314E-02 -0.77502E+00 -0.38700E-01 -0.66648E+00 
  146.00  0.19563E+00 -0.15152E+00 -0.46927E-02  0.31415E-02  0.80958E+00  0.10357E-02 -0.10757E-02 -0.77869E+00 -0.37747E-01 -0.66818E+00 
  147.00  0.19662E+00 -0.14083E+00 -0.43459E-02  0.35311E-02  0.81044E+00  0.10952E-02 -0.11249E-02 -0.78201E+00 -0.36802E-01 -0.66946E+00 
  148.00  0.19758E+00 -0.13029E+00 -0.38941E-02  0.38929E-02  0.81123E+00  0.11078E-02 -0.11787E-02 -0.78502E+00 -0.35895E-01 -0.67037E+00 
  149.00  0.19853E+00 -0.11996E+00 -0.33759E-02  0.42106E-02  0.81195E+00  0.10769E-02 -0.12318E-02 -0.78773E+00 -0.35042E-01 -0.67096E+00 
  150.00  0.19948E+00 -0.10990E+00 -0.28243E-02  0.44664E-02  0.81261E+00  0.10084E-02 -0.12755E-02 -0.79020E+00 -0.34240E-01 -0.67127E+00 
  151.00  0.20046E+00 -0.10014E+00 -0.22639E-02  0.46436E-02  0.81320E+00  0.91062E-03 -0.13019E-02 -0.79245E+00 -0.33468E-01 -0.67135E+00 
  152.00  0.20148E+00 -0.90748E-01 -0.17099E-02  0.47313E-02  0.81372E+00  0.79328E-03 -0.13074E-02 -0.79451E+00 -0.32693E-01 -0.67122E+00 
  153.00  0.20256E+00 -0.81749E-01 -0.11698E-02  0.47273E-02  0.81415E+00  0.66616E-03 -0.12961E-02 -0.79640E+00 -0.31876E-01 -0.67092E+00 
  154.00  0.20371E+00 -0.73169E-01 -0.64639E-03  0.46396E-02  0.81451E+00  0.53759E-03 -0.12803E-02 -0.79813E+00 -0.30981E-01 -0.67043E+00 
  155.00  0.20495E+00 -0.65020E-01 -0.14121E-03  0.44842E-02  0.81479E+00  0.41327E-03 -0.12781E-02 -0.79971E+00 -0.29979E-01 -0.66977E+00 
  156.00  0.20629E+00 -0.57303E-01  0.34228E-03  0.42801E-02  0.81501E+00  0.29606E-03 -0.13082E-02 -0.80113E+00 -0.28858E-01 -0.66893E+00 
  157.00  0.20773E+00 -0.50014E-01  0.79707E-03  0.40443E-02  0.81517E+00  0.18672E-03 -0.13845E-02 -0.80239E+00 -0.27618E-01 -0.66791E+00 
  158.00  0.20928E+00 -0.43139E-01  0.12124E-02  0.37878E-02  0.81530E+00  0.85352E-04 -0.15124E-02 -0.80349E+00 -0.26277E-01 -0.66672E+00 
  159.00  0.21096E+00 -0.36653E-01  0.15750E-02  0.35144E-02  0.81543E+00 -0.73193E-05 -0.16867E-02 -0.80443E+00 -0.24865E-01 -0.66539E+00 
  160.00  0.21276E+00 -0.30529E-01  0.18714E-02  0.32220E-02  0.81556E+00 -0.89168E-04 -0.18937E-02 -0.80524E+00 -0.23417E-01 -0.66399E+00 
  161.00  0.21470E+00 -0.24739E-01  0.20898E-02  0.29058E-02  0.81571E+00 -0.15682E-03 -0.21138E-02 -0.80598E+00 -0.21973E-01 -0.66257E+00 
  162.00  0.21678E+00 -0.19270E-01  0.22230E-02  0.25610E-02  0.81590E+00 -0.20656E-03 -0.23253E-02 -0.80669E+00 -0.20567E-01 -0.66119E+00 
  163.00  0.21901E+00 -0.14131E-01  0.22687E-02  0.21846E-02  0.81611E+00 -0.23558E-03 -0.25068E-02 -0.80742E+00 -0.19220E-01 -0.65990E+00 
  164.00  0.22140E+00 -0.93526E-02  0.22307E-02  0.17761E-02  0.81635E+00 -0.24310E-03 -0.26399E-02 -0.80818E+00 -0.17942E-01 -0.65870E+00 
  165.00  0.22397E+00 -0.49841E-02  0.21183E-02  0.13383E-02  0.81662E+00 -0.23108E-03 -0.27109E-02 -0.80897E+00 -0.16725E-01 -0.65757E+00 
  166.00  0.22674E+00 -0.10740E-02  0.19450E-02  0.87773E-03  0.81690E+00 -0.20403E-03 -0.27117E-02 -0.80976E+00 -0.15551E-01 -0.65648E+00 
  167.00  0.22970E+00  0.23438E-02  0.17275E-02  0.40447E-03  0.81718E+00 -0.16829E-03 -0.26411E-02 -0.81055E+00 -0.14396E-01 -0.65539E+00 
  168.00  0.23285E+00  0.52577E-02  0.14835E-02 -0.67480E-04  0.81746E+00 -0.13056E-03 -0.25049E-02 -0.81132E+00 -0.13237E-01 -0.65427E+00 
  169.00  0.23619E+00  0.76713E-02  0.12298E-02 -0.52178E-03  0.81769E+00 -0.96400E-04 -0.23145E-02 -0.81206E+00 -0.12053E-01 -0.65309E+00 
  170.00  0.23970E+00  0.95812E-02  0.98117E-03 -0.94234E-03  0.81784E+00 -0.69064E-04 -0.20843E-02 -0.81278E+00 -0.10829E-01 -0.65179E+00 
  171.00  0.24339E+00  0.10950E-01  0.74913E-03 -0.13168E-02  0.81785E+00 -0.49171E-04 -0.18289E-02 -0.81348E+00 -0.95580E-02 -0.65028E+00 
  172.00  0.24723E+00  0.11696E-01  0.54241E-03 -0.16393E-02  0.81769E+00 -0.35306E-04 -0.15604E-02 -0.81411E+00 -0.82377E-02 -0.64843E+00 
  173.00  0.25123E+00  0.11705E-01  0.36728E-03 -0.19116E-02  0.81731E+00 -0.25257E-04 -0.12879E-02 -0.81461E+00 -0.68746E-02 -0.64611E+00 
  174.00  0.25534E+00  0.10893E-01  0.22785E-03 -0.21415E-02  0.81671E+00 -0.17246E-04 -0.10180E-02 -0.81489E+00 -0.54883E-02 -0.64319E+00 
  175.00  0.25945E+00  0.92751E-02  0.12563E-03 -0.23385E-02  0.81595E+00 -0.10563E-04 -0.75776E-03 -0.81487E+00 -0.41168E-02 -0.63971E+00 
  176.00  0.26341E+00  0.70313E-02  0.58775E-04 -0.25092E-02  0.81509E+00 -0.53727E-05 -0.51641E-03 -0.81457E+00 -0.28205E-02 -0.63588E+00 
  177.00  0.26695E+00  0.45180E-02  0.21592E-04 -0.26545E-02  0.81425E+00 -0.20307E-05 -0.30627E-03 -0.81406E+00 -0.16782E-02 -0.63207E+00 
  178.00  0.26978E+00  0.22095E-02  0.53872E-05 -0.27685E-02  0.81354E+00 -0.45698E-06 -0.14169E-03 -0.81350E+00 -0.77781E-03 -0.62881E+00 
  179.00  0.27161E+00  0.58508E-03  0.65115E-06 -0.28424E-02  0.81307E+00 -0.30915E-07 -0.36318E-04 -0.81307E+00 -0.19954E-03 -0.62660E+00 
  180.00  0.27225E+00  0.14782E-13  0.10106E-16 -0.28681E-02  0.81291E+00 -0.19499E-28 -0.90777E-15 -0.81291E+00 -0.49887E-14 -0.62581E+00 
 scattering matrix expansion coefficients
    w  a11         a22         a33         a23         a32         a44         a12         a34         a13         a24         a14
    0  0.1000E+01  0.0000E+00  0.0000E+00  0.0000E+00  0.0000E+00  0.7962E+00  0.0000E+00  0.0000E+00  0.0000E+00  0.0000E+00 -0.1764E-03
    1  0.2206E+01  0.0000E+00  0.0000E+00  0.0000E+00  0.0000E+00  0.2348E+01  0.0000E+00  0.0000E+00  0.0000E+00  0.0000E+00 -0.9500E-03
    2  0.3163E+01  0.2076E+00  0.3894E+01  0.1994E-06  0.2023E-02  0.3143E+01 -0.3194E+00 -0.2254E-01 -0.2261E-03  0.2710E-03 -0.8140E-03
    3  0.3741E+01  0.3916E-01  0.4114E+01  0.1880E-06  0.8269E-03  0.3745E+01 -0.1712E+00 -0.6965E-02  0.3545E-03  0.1706E-03 -0.1189E-02
    4  0.4233E+01  0.2118E-01  0.4479E+01 -0.1024E-06  0.7198E-03  0.4225E+01 -0.1270E+00 -0.1732E-01 -0.3459E-03 -0.1214E-03 -0.1312E-02
    5  0.4620E+01  0.4421E-02  0.4811E+01 -0.2471E-06  0.1603E-02  0.4629E+01 -0.1080E+00 -0.1361E-01 -0.4794E-04  0.2178E-03 -0.1489E-02
    6  0.4977E+01  0.1120E-01  0.5116E+01 -0.4786E-08  0.4079E-02  0.4970E+01 -0.8994E-01 -0.1644E-01  0.2185E-03 -0.2031E-05 -0.2498E-02
    7  0.5274E+01 -0.1551E-02  0.5394E+01 -0.1473E-06  0.5568E-02  0.5286E+01 -0.8204E-01 -0.1403E-01  0.1282E-03  0.2785E-03 -0.3080E-02
    8  0.5567E+01  0.7366E-02  0.5657E+01 -0.1494E-06  0.6152E-02  0.5562E+01 -0.6273E-01 -0.1306E-01 -0.2845E-03  0.1150E-04 -0.4006E-02
    9  0.5813E+01  0.1700E-02  0.5895E+01 -0.2994E-06  0.6972E-02  0.5814E+01 -0.5391E-01 -0.7742E-02  0.3535E-04  0.3260E-03 -0.3457E-02
   10  0.6030E+01  0.9729E-03  0.6103E+01 -0.1955E-06  0.7054E-02  0.6030E+01 -0.4842E-01 -0.7813E-02  0.4393E-03 -0.3389E-03 -0.5089E-02
   11  0.6205E+01 -0.2032E-02  0.6275E+01 -0.2690E-06  0.6088E-02  0.6211E+01 -0.4453E-01 -0.5376E-02 -0.8177E-03 -0.2861E-03 -0.5412E-02
   12  0.6354E+01  0.5479E-02  0.6411E+01 -0.1417E-06  0.6255E-02  0.6344E+01 -0.3807E-01 -0.3742E-02  0.5950E-03  0.1434E-04 -0.4290E-02
   13  0.6445E+01 -0.3926E-02  0.6507E+01 -0.2627E-06  0.5588E-02  0.6452E+01 -0.4648E-01 -0.3971E-02  0.4113E-04  0.3697E-03 -0.3275E-02
   14  0.6520E+01  0.3107E-03  0.6576E+01  0.3757E-07  0.3680E-02  0.6523E+01 -0.4840E-01 -0.4114E-02 -0.3080E-03  0.2933E-04 -0.2694E-02
   15  0.6576E+01  0.5384E-03  0.6626E+01 -0.9184E-07  0.2066E-02  0.6578E+01 -0.4368E-01 -0.3465E-02  0.1520E-03  0.3675E-03 -0.2275E-02
   16  0.6616E+01  0.6670E-03  0.6662E+01 -0.2006E-06  0.6822E-03  0.6618E+01 -0.3346E-01 -0.6403E-02  0.9165E-05  0.4451E-03 -0.1657E-02
   17  0.6629E+01  0.1657E-02  0.6672E+01 -0.7560E-07 -0.4638E-03  0.6628E+01 -0.2670E-01 -0.8174E-02  0.2916E-03  0.6020E-03 -0.1673E-02
   18  0.6607E+01  0.1749E-02  0.6649E+01 -0.2537E-08 -0.1772E-02  0.6604E+01 -0.2695E-01 -0.9612E-02 -0.2664E-03 -0.7726E-04 -0.2222E-02
   19  0.6544E+01 -0.2833E-02  0.6590E+01  0.1566E-08 -0.1517E-02  0.6551E+01 -0.3148E-01 -0.1138E-01 -0.1905E-03 -0.2337E-03 -0.2171E-02
   20  0.6453E+01  0.3400E-03  0.6496E+01 -0.1459E-06  0.3285E-03  0.6455E+01 -0.2533E-01 -0.1171E-01  0.6911E-03 -0.1809E-05 -0.2269E-02
   21  0.6317E+01  0.2201E-02  0.6359E+01 -0.1568E-08  0.1729E-02  0.6314E+01 -0.1854E-01 -0.8507E-02  0.3386E-03 -0.3691E-04 -0.2883E-02
   22  0.6129E+01  0.1152E-02  0.6171E+01 -0.4594E-07  0.1285E-02  0.6126E+01 -0.2006E-01 -0.4140E-02 -0.3239E-03 -0.5302E-04 -0.3171E-02
   23  0.5897E+01 -0.2263E-02  0.5941E+01 -0.1494E-06 -0.3384E-03  0.5900E+01 -0.3099E-01 -0.2641E-04 -0.4424E-03  0.1522E-04 -0.3197E-02
   24  0.5658E+01 -0.1353E-02  0.5697E+01 -0.1009E-06 -0.1529E-02  0.5660E+01 -0.3429E-01  0.2140E-02 -0.5403E-03 -0.3357E-03 -0.3536E-02
   25  0.5430E+01 -0.1281E-03  0.5464E+01 -0.6432E-07 -0.1713E-02  0.5430E+01 -0.2733E-01  0.3971E-02 -0.9064E-04 -0.2670E-03 -0.3297E-02
   26  0.5219E+01  0.6311E-04  0.5249E+01 -0.9195E-07 -0.1387E-02  0.5218E+01 -0.1599E-01  0.4143E-02  0.2779E-03  0.3867E-03 -0.2028E-02
   27  0.5012E+01 -0.7360E-03  0.5041E+01 -0.1283E-06 -0.1291E-02  0.5013E+01 -0.8477E-02  0.4270E-02  0.1388E-03  0.3613E-03 -0.1369E-02
   28  0.4802E+01 -0.4329E-03  0.4829E+01 -0.8010E-07 -0.1656E-02  0.4802E+01 -0.5870E-02  0.5895E-02 -0.2373E-03 -0.3465E-04 -0.1552E-02
   29  0.4582E+01 -0.9674E-03  0.4608E+01  0.9661E-08 -0.1613E-02  0.4582E+01 -0.7326E-02  0.8906E-02 -0.2126E-03 -0.4855E-04 -0.1467E-02
   30  0.4354E+01 -0.1076E-02  0.4378E+01  0.3847E-07 -0.9197E-03  0.4353E+01 -0.7950E-02  0.1289E-01  0.8856E-04  0.2097E-03 -0.9376E-03
   31  0.4114E+01 -0.9026E-03  0.4138E+01 -0.5156E-07 -0.6315E-03  0.4114E+01 -0.9112E-02  0.1741E-01  0.1298E-03  0.2563E-03 -0.7338E-03
   32  0.3865E+01  0.1018E-03  0.3888E+01 -0.3450E-07 -0.1241E-02  0.3865E+01 -0.1122E-01  0.2046E-01 -0.1023E-05  0.4951E-04 -0.9441E-03
   33  0.3611E+01  0.3850E-03  0.3632E+01  0.4330E-07 -0.2045E-02  0.3611E+01 -0.1363E-01  0.2085E-01 -0.1387E-03 -0.4268E-04 -0.9848E-03
   34  0.3359E+01  0.5234E-03  0.3379E+01  0.6095E-07 -0.2173E-02  0.3359E+01 -0.1391E-01  0.1993E-01 -0.1109E-03 -0.1487E-04 -0.8208E-03
   35  0.3111E+01  0.3541E-03  0.3130E+01 -0.1966E-08 -0.1714E-02  0.3111E+01 -0.1328E-01  0.1988E-01  0.6711E-04  0.9162E-04 -0.6844E-03
   36  0.2870E+01  0.7264E-03  0.2887E+01 -0.2417E-07 -0.1344E-02  0.2869E+01 -0.1211E-01  0.2052E-01  0.1494E-03  0.9049E-04 -0.6523E-03
   37  0.2634E+01  0.9320E-03  0.2649E+01  0.8711E-08 -0.1453E-02  0.2632E+01 -0.1175E-01  0.2027E-01  0.1221E-03  0.1127E-04 -0.5253E-03
   38  0.2403E+01  0.7792E-03  0.2417E+01  0.2569E-07 -0.1947E-02  0.2401E+01 -0.1227E-01  0.1816E-01  0.4778E-04 -0.2232E-04 -0.2986E-03
   39  0.2175E+01 -0.5094E-04  0.2189E+01  0.2435E-07 -0.2548E-02  0.2175E+01 -0.1394E-01  0.1482E-01 -0.1758E-04 -0.2489E-05 -0.8700E-04
   40  0.1952E+01 -0.4485E-03  0.1965E+01  0.2137E-08 -0.2946E-02  0.1953E+01 -0.1487E-01  0.1129E-01 -0.5829E-04 -0.1651E-04  0.4118E-04
   41  0.1734E+01 -0.2958E-03  0.1746E+01 -0.1304E-07 -0.2937E-02  0.1734E+01 -0.1472E-01  0.8419E-02 -0.6295E-04 -0.4513E-04  0.1385E-03
   42  0.1521E+01  0.1458E-03  0.1532E+01 -0.1405E-07 -0.2542E-02  0.1520E+01 -0.1430E-01  0.6219E-02 -0.2396E-04 -0.2799E-04  0.2575E-03
   43  0.1315E+01  0.1526E-03  0.1325E+01  0.2035E-08 -0.1955E-02  0.1314E+01 -0.1533E-01  0.4391E-02  0.4713E-04  0.1471E-04  0.3684E-03
   44  0.1120E+01 -0.8348E-04  0.1130E+01  0.2460E-08 -0.1475E-02  0.1120E+01 -0.1724E-01  0.2793E-02  0.8542E-04  0.2519E-04  0.4322E-03
   45  0.9416E+00 -0.3198E-03  0.9503E+00 -0.6724E-09 -0.1247E-02  0.9422E+00 -0.1864E-01  0.1663E-02  0.5939E-04  0.1598E-04  0.4732E-03
   46  0.7831E+00 -0.2597E-03  0.7906E+00 -0.5154E-08 -0.1187E-02  0.7838E+00 -0.1829E-01  0.1115E-02  0.7788E-05  0.7184E-07  0.4920E-03
   47  0.6455E+00 -0.1377E-03  0.6516E+00  0.1760E-09 -0.1108E-02  0.6458E+00 -0.1664E-01  0.9729E-03 -0.1058E-04 -0.3260E-05  0.4957E-03
   48  0.5277E+00 -0.7035E-04  0.5325E+00  0.8508E-08 -0.9456E-03  0.5273E+00 -0.1451E-01  0.8133E-03  0.2575E-05 -0.6953E-05  0.4594E-03
   49  0.4278E+00 -0.1090E-03  0.4315E+00  0.1237E-07 -0.7510E-03  0.4271E+00 -0.1256E-01  0.4241E-03  0.1674E-04 -0.8722E-05  0.4057E-03
   50  0.3442E+00 -0.1135E-03  0.3471E+00  0.7245E-08 -0.5781E-03  0.3435E+00 -0.1076E-01 -0.1105E-03  0.1457E-04 -0.1372E-04  0.3568E-03
   51  0.2751E+00 -0.8796E-04  0.2774E+00  0.1141E-08 -0.4285E-03  0.2745E+00 -0.9184E-02 -0.5605E-03  0.1167E-04 -0.1477E-04  0.3337E-03
   52  0.2185E+00 -0.5910E-04  0.2204E+00 -0.1494E-08 -0.2885E-03  0.2181E+00 -0.7875E-02 -0.8296E-03  0.1809E-04 -0.8057E-05  0.3295E-03
   53  0.1726E+00 -0.7975E-04  0.1741E+00 -0.1871E-08 -0.1687E-03  0.1723E+00 -0.6859E-02 -0.9713E-03  0.2927E-04  0.2903E-05  0.3244E-03
   54  0.1357E+00 -0.1104E-03  0.1369E+00 -0.2557E-09 -0.1015E-03  0.1355E+00 -0.5915E-02 -0.1058E-02  0.3149E-04  0.1320E-04  0.3065E-03
   55  0.1064E+00 -0.1187E-03  0.1073E+00  0.8273E-09 -0.9397E-04  0.1062E+00 -0.4849E-02 -0.1069E-02  0.2278E-04  0.1729E-04  0.2758E-03
   56  0.8315E-01 -0.8592E-04  0.8388E-01  0.3368E-09 -0.1221E-03  0.8304E-01 -0.3648E-02 -0.9370E-03  0.9477E-05  0.1569E-04  0.2400E-03
   57  0.6454E-01 -0.4196E-04  0.6511E-01 -0.1550E-09 -0.1477E-03  0.6443E-01 -0.2523E-02 -0.6498E-03  0.1308E-06  0.1090E-04  0.2051E-03
   58  0.4925E-01 -0.6817E-05  0.4972E-01 -0.4481E-10 -0.1486E-03  0.4917E-01 -0.1674E-02 -0.2849E-03 -0.3267E-05  0.5591E-05  0.1713E-03
   59  0.3648E-01  0.6626E-05  0.3687E-01  0.1294E-09 -0.1244E-03  0.3643E-01 -0.1171E-02  0.4397E-04 -0.2273E-05  0.1790E-05  0.1383E-03
   60  0.2590E-01  0.8407E-05  0.2623E-01  0.4270E-09 -0.8819E-04  0.2589E-01 -0.9221E-03  0.2539E-03 -0.3803E-06 -0.5046E-06  0.1057E-03
   61  0.1746E-01  0.5617E-05  0.1772E-01  0.4979E-09 -0.5352E-04  0.1747E-01 -0.7926E-03  0.3301E-03  0.9157E-06 -0.1432E-05  0.7555E-04
   62  0.1111E-01  0.4822E-05  0.1130E-01  0.3741E-09 -0.2793E-04  0.1113E-01 -0.6771E-03  0.3066E-03  0.1147E-05 -0.1580E-05  0.5015E-04
   63  0.6654E-02  0.5191E-05  0.6775E-02  0.1936E-09 -0.1235E-04  0.6662E-02 -0.5413E-03  0.2354E-03  0.8914E-06 -0.1343E-05  0.3088E-04
   64  0.3745E-02  0.5906E-05  0.3817E-02  0.5790E-10 -0.4437E-05  0.3746E-02 -0.3949E-03  0.1572E-03  0.4931E-06 -0.9830E-06  0.1762E-04
   65  0.1982E-02  0.5670E-05  0.2021E-02 -0.1273E-10 -0.1077E-05  0.1978E-02 -0.2622E-03  0.9394E-04  0.2159E-06 -0.6417E-06  0.9352E-05
   66  0.9872E-03  0.4688E-05  0.1006E-02 -0.2451E-10  0.3163E-07  0.9823E-03 -0.1589E-03  0.5098E-04  0.6109E-07 -0.3814E-06  0.4626E-05
   67  0.4637E-03  0.3338E-05  0.4722E-03 -0.1591E-10  0.2550E-06  0.4594E-03 -0.8844E-04  0.2543E-04  0.2791E-08 -0.2065E-06  0.2145E-05
   68  0.2058E-03  0.2111E-05  0.2092E-03 -0.7242E-11  0.2073E-06  0.2028E-03 -0.4548E-04  0.1174E-04 -0.1437E-07 -0.1039E-06  0.9308E-06
   69  0.8644E-04  0.1197E-05  0.8767E-04 -0.2338E-11  0.1221E-06  0.8460E-04 -0.2174E-04  0.5051E-05 -0.1280E-07 -0.4796E-07  0.3824E-06
   70  0.3441E-04  0.6191E-06  0.3480E-04 -0.2213E-12  0.6030E-07  0.3342E-04 -0.9692E-05  0.2029E-05 -0.8188E-08 -0.2076E-07  0.1481E-06
   71  0.1300E-04  0.2938E-06  0.1310E-04  0.1301E-11  0.2623E-07  0.1251E-04 -0.4049E-05  0.7632E-06 -0.4151E-08 -0.8213E-08  0.5428E-07
   72  0.4660E-05  0.1292E-06  0.4676E-05  0.2581E-11  0.1039E-07  0.4440E-05 -0.1588E-05  0.2693E-06 -0.1908E-08 -0.3040E-08  0.1863E-07
   73  0.1585E-05  0.5267E-07  0.1583E-05  0.3009E-11  0.3712E-08  0.1494E-05 -0.5855E-06  0.8926E-07 -0.7847E-09 -0.1042E-08  0.6075E-08
   74  0.5117E-06  0.2003E-07  0.5085E-06  0.2640E-11  0.1212E-08  0.4765E-06 -0.2032E-06  0.2784E-07 -0.2962E-09 -0.3451E-09  0.1877E-08
   75  0.1567E-06  0.7098E-08  0.1548E-06  0.1867E-11  0.3549E-09  0.1440E-06 -0.6641E-07  0.8172E-08 -0.1005E-09 -0.1093E-09  0.5433E-09
   76  0.4560E-07  0.2354E-08  0.4480E-07  0.1078E-11  0.9740E-10  0.4137E-07 -0.2050E-07  0.2271E-08 -0.3308E-10 -0.3407E-10  0.1459E-09
   77  0.1273E-07  0.7264E-09  0.1244E-07  0.5123E-12  0.2435E-10  0.1142E-07 -0.6012E-08  0.6076E-09 -0.1001E-10 -0.1169E-10  0.3659E-10
   78  0.3561E-08  0.2096E-09  0.3469E-08  0.1939E-12  0.5982E-11  0.3182E-08 -0.1704E-08  0.1671E-09 -0.2938E-11 -0.3743E-11  0.9501E-11
   79  0.1007E-08  0.5545E-10  0.9796E-09  0.5118E-13  0.1098E-11  0.9069E-09 -0.4992E-09  0.5087E-10 -0.6630E-12 -0.1526E-11  0.2360E-11
   80  0.4629E-09  0.1513E-10  0.4602E-09  0.1227E-14  0.8853E-12  0.4385E-09 -0.1820E-09  0.2511E-10 -0.2136E-12 -0.5603E-12  0.1285E-11
   81  0.1249E-09  0.3095E-11  0.1238E-09 -0.9236E-14 -0.6900E-13  0.1202E-09 -0.5887E-10  0.9580E-11  0.2575E-13 -0.2107E-12  0.4381E-12
   82  0.1346E-09  0.3429E-11  0.1346E-09 -0.7394E-14  0.4042E-12  0.1300E-09 -0.5019E-10  0.6569E-11 -0.5612E-13 -0.7916E-13  0.2714E-12
   83  0.2674E-10  0.5022E-12  0.2677E-10 -0.4018E-14 -0.2399E-13  0.2604E-10 -0.1207E-10  0.2116E-11  0.1657E-13 -0.3898E-13  0.1526E-12
   84  0.3266E-10  0.1375E-11  0.3224E-10 -0.1874E-14  0.9228E-13  0.3059E-10 -0.1392E-10  0.1202E-11 -0.1435E-13 -0.1046E-13  0.4689E-13
   85  0.5358E-11  0.2071E-12  0.5285E-11 -0.7861E-15  0.1530E-14  0.5005E-11 -0.2548E-11  0.3197E-12  0.1625E-14 -0.5299E-14  0.2768E-13
   86  0.5513E-11  0.3339E-12  0.5356E-11 -0.2815E-15  0.1103E-13  0.4963E-11 -0.2652E-11  0.1576E-12 -0.1586E-14 -0.1740E-14  0.7143E-14
   87  0.6519E-12  0.3857E-13  0.6264E-12 -0.8904E-16  0.8431E-15  0.5842E-12 -0.3348E-12  0.2961E-13 -0.8637E-16 -0.2096E-15  0.2329E-14
   88  0.7098E-12  0.5585E-13  0.6823E-12 -0.2895E-16  0.1055E-14  0.6137E-12 -0.3780E-12  0.1764E-13 -0.1578E-15 -0.2497E-15  0.8706E-15
   89  0.4006E-13  0.3019E-14  0.3720E-13 -0.8858E-17  0.6884E-16  0.3481E-13 -0.2183E-13  0.1484E-14 -0.9552E-17  0.2666E-16  0.7985E-16
   90  0.6636E-13  0.6080E-14  0.6249E-13 -0.2000E-17  0.9488E-16  0.5530E-13 -0.3788E-13  0.1560E-14 -0.1956E-16 -0.1691E-16  0.6864E-16
   91  0.9465E-15  0.7785E-16  0.8034E-15 -0.2644E-18  0.1836E-17  0.8323E-15 -0.5112E-15  0.2760E-16 -0.1494E-18  0.2824E-17  0.9484E-18
   92  0.5464E-14  0.6025E-15  0.5149E-14  0.1274E-19  0.8051E-17  0.4400E-14 -0.3371E-14  0.1181E-15 -0.2711E-17 -0.1102E-17  0.3925E-17
