 input file is 
mstm11_64_0448.inp            
 input file comments follow:
***********************************************************
  This is the default mstm input file for v.3.0.
  The run is for a 7-sphere cluster of identical spheres.   The positions
  are embedded in the input file.

  The run makes use of the new_run and multiple_run options.

  14 April 2013
***********************************************************
 number of processors:
   1
 input parameters for run number 
    1
 number of spheres, volume size parameter:
   64  0.17920E+01
 position file:
position/n64/a11.out                                        
 output file:
output/64/x0448/mt_11_64_0448.dat                           
 length, ref. indx. scale factors:
   0.448   1.710   0.045
 chiral factors:
  0.00000E+00  0.00000E+00
 scattering matrix directions based on incident frame
 automatic scattering angle calculation
 thetamin, thetamax:
      0.0    180.0
 number scattering angles:
      181
 epsmie, epssoln, max number iterations:
  0.1000E-05  0.1000E-07 5000
 medium refractive index:
  1.0000  0.0000
 target euler rotation angles:
    0.0000    0.0000    0.0000
 far field kr, iterations/correction:
  0.1000E-07   20
 plane wave incidence
 random orientation calculations
 t matrix calculated, stored in file 
tmatrixfiles/tmf_11_64_0448_171_00452                       
 t matrix convergence epsilon:
  0.1000E-06
 all spheres excited (total T matrix) 
 calculation results for run 
    1
 total ext, abs, scat efficiencies, w.r.t. xv, and asym. parm
  0.81764E+00  0.19463E+00  0.62301E+00  0.61238E+00
 scattering matrix elements (normalized w/ S11)
   theta      11           12           13           14           22           23           24           33           34           44     
    0.00  0.13498E+02  0.00000E+00  0.00000E+00  0.21468E-03  0.99931E+00  0.10736E-03  0.00000E+00  0.99931E+00  0.00000E+00  0.99863E+00
    1.00  0.13477E+02 -0.14656E-03 -0.27897E-07  0.21463E-03  0.99931E+00  0.10730E-03  0.38227E-07  0.99931E+00  0.46220E-07  0.99863E+00
    2.00  0.13415E+02 -0.58641E-03 -0.11166E-06  0.21449E-03  0.99930E+00  0.10711E-03  0.15373E-06  0.99930E+00  0.15804E-06  0.99862E+00
    3.00  0.13311E+02 -0.13200E-02 -0.25149E-06  0.21424E-03  0.99930E+00  0.10679E-03  0.34896E-06  0.99930E+00  0.25452E-06  0.99861E+00
    4.00  0.13168E+02 -0.23483E-02 -0.44773E-06  0.21390E-03  0.99929E+00  0.10632E-03  0.62809E-06  0.99928E+00  0.19935E-06  0.99859E+00
    5.00  0.12986E+02 -0.36725E-02 -0.70081E-06  0.21345E-03  0.99927E+00  0.10570E-03  0.99698E-06  0.99927E+00 -0.20123E-06  0.99856E+00
    6.00  0.12766E+02 -0.52940E-02 -0.10112E-05  0.21288E-03  0.99926E+00  0.10491E-03  0.14633E-05  0.99924E+00 -0.12014E-05  0.99852E+00
    7.00  0.12513E+02 -0.72148E-02 -0.13796E-05  0.21219E-03  0.99924E+00  0.10393E-03  0.20368E-05  0.99921E+00 -0.31198E-05  0.99847E+00
    8.00  0.12226E+02 -0.94371E-02 -0.18063E-05  0.21136E-03  0.99922E+00  0.10274E-03  0.27290E-05  0.99917E+00 -0.63438E-05  0.99841E+00
    9.00  0.11910E+02 -0.11964E-01 -0.22920E-05  0.21039E-03  0.99919E+00  0.10130E-03  0.35538E-05  0.99912E+00 -0.11336E-04  0.99833E+00
   10.00  0.11566E+02 -0.14798E-01 -0.28368E-05  0.20926E-03  0.99916E+00  0.99579E-04  0.45273E-05  0.99905E+00 -0.18640E-04  0.99823E+00
   11.00  0.11199E+02 -0.17943E-01 -0.34408E-05  0.20794E-03  0.99912E+00  0.97544E-04  0.56684E-05  0.99896E+00 -0.28888E-04  0.99811E+00
   12.00  0.10811E+02 -0.21402E-01 -0.41037E-05  0.20642E-03  0.99908E+00  0.95147E-04  0.69984E-05  0.99885E+00 -0.42812E-04  0.99796E+00
   13.00  0.10405E+02 -0.25181E-01 -0.48245E-05  0.20468E-03  0.99903E+00  0.92336E-04  0.85419E-05  0.99872E+00 -0.61248E-04  0.99778E+00
   14.00  0.99845E+01 -0.29284E-01 -0.56017E-05  0.20269E-03  0.99898E+00  0.89053E-04  0.10326E-04  0.99855E+00 -0.85151E-04  0.99757E+00
   15.00  0.95532E+01 -0.33717E-01 -0.64329E-05  0.20041E-03  0.99892E+00  0.85230E-04  0.12383E-04  0.99835E+00 -0.11560E-03  0.99732E+00
   16.00  0.91142E+01 -0.38485E-01 -0.73142E-05  0.19781E-03  0.99886E+00  0.80795E-04  0.14746E-04  0.99811E+00 -0.15383E-03  0.99702E+00
   17.00  0.86707E+01 -0.43595E-01 -0.82406E-05  0.19485E-03  0.99878E+00  0.75664E-04  0.17455E-04  0.99783E+00 -0.20121E-03  0.99667E+00
   18.00  0.82256E+01 -0.49054E-01 -0.92050E-05  0.19149E-03  0.99870E+00  0.69743E-04  0.20551E-04  0.99749E+00 -0.25927E-03  0.99625E+00
   19.00  0.77821E+01 -0.54871E-01 -0.10198E-04  0.18767E-03  0.99860E+00  0.62930E-04  0.24081E-04  0.99709E+00 -0.32974E-03  0.99577E+00
   20.00  0.73429E+01 -0.61053E-01 -0.11208E-04  0.18333E-03  0.99850E+00  0.55110E-04  0.28096E-04  0.99663E+00 -0.41450E-03  0.99521E+00
   21.00  0.69105E+01 -0.67609E-01 -0.12220E-04  0.17842E-03  0.99838E+00  0.46158E-04  0.32650E-04  0.99609E+00 -0.51565E-03  0.99457E+00
   22.00  0.64873E+01 -0.74549E-01 -0.13214E-04  0.17287E-03  0.99825E+00  0.35936E-04  0.37802E-04  0.99546E+00 -0.63546E-03  0.99383E+00
   23.00  0.60753E+01 -0.81884E-01 -0.14167E-04  0.16659E-03  0.99811E+00  0.24295E-04  0.43612E-04  0.99474E+00 -0.77642E-03  0.99298E+00
   24.00  0.56765E+01 -0.89623E-01 -0.15048E-04  0.15951E-03  0.99794E+00  0.11075E-04  0.50144E-04  0.99391E+00 -0.94116E-03  0.99200E+00
   25.00  0.52925E+01 -0.97779E-01 -0.15823E-04  0.15153E-03  0.99776E+00 -0.38983E-05  0.57462E-04  0.99296E+00 -0.11325E-02  0.99090E+00
   26.00  0.49245E+01 -0.10636E+00 -0.16448E-04  0.14256E-03  0.99756E+00 -0.20804E-04  0.65629E-04  0.99188E+00 -0.13534E-02  0.98964E+00
   27.00  0.45738E+01 -0.11539E+00 -0.16872E-04  0.13251E-03  0.99734E+00 -0.39832E-04  0.74704E-04  0.99065E+00 -0.16068E-02  0.98822E+00
   28.00  0.42410E+01 -0.12486E+00 -0.17035E-04  0.12127E-03  0.99709E+00 -0.61175E-04  0.84741E-04  0.98925E+00 -0.18957E-02  0.98662E+00
   29.00  0.39267E+01 -0.13480E+00 -0.16866E-04  0.10875E-03  0.99682E+00 -0.85024E-04  0.95784E-04  0.98768E+00 -0.22231E-02  0.98482E+00
   30.00  0.36314E+01 -0.14521E+00 -0.16283E-04  0.94858E-04  0.99652E+00 -0.11157E-03  0.10786E-03  0.98591E+00 -0.25916E-02  0.98280E+00
   31.00  0.33551E+01 -0.15610E+00 -0.15195E-04  0.79509E-04  0.99619E+00 -0.14097E-03  0.12098E-03  0.98392E+00 -0.30036E-02  0.98054E+00
   32.00  0.30977E+01 -0.16749E+00 -0.13498E-04  0.62643E-04  0.99583E+00 -0.17340E-03  0.13512E-03  0.98170E+00 -0.34608E-02  0.97802E+00
   33.00  0.28590E+01 -0.17937E+00 -0.11077E-04  0.44221E-04  0.99543E+00 -0.20896E-03  0.15024E-03  0.97922E+00 -0.39642E-02  0.97523E+00
   34.00  0.26386E+01 -0.19174E+00 -0.78098E-05  0.24235E-04  0.99501E+00 -0.24773E-03  0.16624E-03  0.97647E+00 -0.45139E-02  0.97213E+00
   35.00  0.24359E+01 -0.20461E+00 -0.35644E-05  0.27239E-05  0.99455E+00 -0.28973E-03  0.18300E-03  0.97342E+00 -0.51086E-02  0.96873E+00
   36.00  0.22502E+01 -0.21797E+00  0.17945E-05 -0.20225E-04  0.99406E+00 -0.33491E-03  0.20031E-03  0.97006E+00 -0.57458E-02  0.96498E+00
   37.00  0.20808E+01 -0.23181E+00  0.84030E-05 -0.44465E-04  0.99354E+00 -0.38314E-03  0.21795E-03  0.96637E+00 -0.64212E-02  0.96089E+00
   38.00  0.19266E+01 -0.24610E+00  0.16393E-04 -0.69779E-04  0.99299E+00 -0.43421E-03  0.23561E-03  0.96232E+00 -0.71289E-02  0.95642E+00
   39.00  0.17869E+01 -0.26084E+00  0.25888E-04 -0.95881E-04  0.99242E+00 -0.48783E-03  0.25295E-03  0.95791E+00 -0.78609E-02  0.95158E+00
   40.00  0.16607E+01 -0.27599E+00  0.36995E-04 -0.12241E-03  0.99182E+00 -0.54360E-03  0.26957E-03  0.95311E+00 -0.86080E-02  0.94635E+00
   41.00  0.15469E+01 -0.29152E+00  0.49803E-04 -0.14895E-03  0.99121E+00 -0.60106E-03  0.28503E-03  0.94793E+00 -0.93590E-02  0.94073E+00
   42.00  0.14446E+01 -0.30739E+00  0.64376E-04 -0.17500E-03  0.99058E+00 -0.65966E-03  0.29888E-03  0.94234E+00 -0.10102E-01  0.93471E+00
   43.00  0.13528E+01 -0.32356E+00  0.80748E-04 -0.20004E-03  0.98996E+00 -0.71883E-03  0.31067E-03  0.93635E+00 -0.10823E-01  0.92829E+00
   44.00  0.12705E+01 -0.34001E+00  0.98929E-04 -0.22351E-03  0.98933E+00 -0.77797E-03  0.31996E-03  0.92995E+00 -0.11511E-01  0.92148E+00
   45.00  0.11968E+01 -0.35668E+00  0.11890E-03 -0.24484E-03  0.98871E+00 -0.83648E-03  0.32634E-03  0.92313E+00 -0.12152E-01  0.91427E+00
   46.00  0.11308E+01 -0.37354E+00  0.14061E-03 -0.26349E-03  0.98810E+00 -0.89381E-03  0.32947E-03  0.91590E+00 -0.12734E-01  0.90666E+00
   47.00  0.10716E+01 -0.39056E+00  0.16399E-03 -0.27895E-03  0.98752E+00 -0.94948E-03  0.32907E-03  0.90823E+00 -0.13248E-01  0.89866E+00
   48.00  0.10185E+01 -0.40771E+00  0.18897E-03 -0.29075E-03  0.98695E+00 -0.10031E-02  0.32496E-03  0.90014E+00 -0.13685E-01  0.89026E+00
   49.00  0.97068E+00 -0.42497E+00  0.21547E-03 -0.29852E-03  0.98641E+00 -0.10543E-02  0.31703E-03  0.89162E+00 -0.14040E-01  0.88145E+00
   50.00  0.92750E+00 -0.44232E+00  0.24339E-03 -0.30196E-03  0.98590E+00 -0.11029E-02  0.30526E-03  0.88264E+00 -0.14310E-01  0.87224E+00
   51.00  0.88835E+00 -0.45975E+00  0.27267E-03 -0.30083E-03  0.98542E+00 -0.11488E-02  0.28971E-03  0.87320E+00 -0.14492E-01  0.86259E+00
   52.00  0.85267E+00 -0.47725E+00  0.30323E-03 -0.29502E-03  0.98497E+00 -0.11920E-02  0.27053E-03  0.86329E+00 -0.14589E-01  0.85251E+00
   53.00  0.81998E+00 -0.49482E+00  0.33502E-03 -0.28447E-03  0.98455E+00 -0.12325E-02  0.24791E-03  0.85287E+00 -0.14603E-01  0.84195E+00
   54.00  0.78983E+00 -0.51245E+00  0.36801E-03 -0.26919E-03  0.98415E+00 -0.12706E-02  0.22210E-03  0.84193E+00 -0.14538E-01  0.83091E+00
   55.00  0.76184E+00 -0.53014E+00  0.40219E-03 -0.24928E-03  0.98378E+00 -0.13063E-02  0.19339E-03  0.83044E+00 -0.14401E-01  0.81935E+00
   56.00  0.73570E+00 -0.54789E+00  0.43755E-03 -0.22488E-03  0.98342E+00 -0.13399E-02  0.16209E-03  0.81837E+00 -0.14197E-01  0.80723E+00
   57.00  0.71112E+00 -0.56571E+00  0.47410E-03 -0.19620E-03  0.98309E+00 -0.13717E-02  0.12854E-03  0.80569E+00 -0.13934E-01  0.79453E+00
   58.00  0.68786E+00 -0.58357E+00  0.51188E-03 -0.16349E-03  0.98276E+00 -0.14017E-02  0.93089E-04  0.79237E+00 -0.13619E-01  0.78121E+00
   59.00  0.66575E+00 -0.60148E+00  0.55090E-03 -0.12703E-03  0.98245E+00 -0.14302E-02  0.56078E-04  0.77837E+00 -0.13260E-01  0.76724E+00
   60.00  0.64462E+00 -0.61942E+00  0.59119E-03 -0.87157E-04  0.98214E+00 -0.14574E-02  0.17865E-04  0.76366E+00 -0.12863E-01  0.75258E+00
   61.00  0.62434E+00 -0.63737E+00  0.63276E-03 -0.44247E-04  0.98184E+00 -0.14834E-02 -0.21196E-04  0.74822E+00 -0.12435E-01  0.73720E+00
   62.00  0.60481E+00 -0.65533E+00  0.67563E-03  0.12870E-05  0.98154E+00 -0.15082E-02 -0.60751E-04  0.73200E+00 -0.11984E-01  0.72106E+00
   63.00  0.58597E+00 -0.67325E+00  0.71979E-03  0.48991E-04  0.98123E+00 -0.15319E-02 -0.10045E-03  0.71498E+00 -0.11515E-01  0.70413E+00
   64.00  0.56776E+00 -0.69111E+00  0.76519E-03  0.98367E-04  0.98092E+00 -0.15545E-02 -0.13993E-03  0.69713E+00 -0.11035E-01  0.68638E+00
   65.00  0.55015E+00 -0.70888E+00  0.81178E-03  0.14888E-03  0.98061E+00 -0.15758E-02 -0.17885E-03  0.67843E+00 -0.10548E-01  0.66779E+00
   66.00  0.53309E+00 -0.72651E+00  0.85946E-03  0.19993E-03  0.98028E+00 -0.15957E-02 -0.21686E-03  0.65885E+00 -0.10059E-01  0.64833E+00
   67.00  0.51660E+00 -0.74397E+00  0.90809E-03  0.25091E-03  0.97994E+00 -0.16141E-02 -0.25361E-03  0.63837E+00 -0.95736E-02  0.62799E+00
   68.00  0.50065E+00 -0.76120E+00  0.95749E-03  0.30115E-03  0.97959E+00 -0.16307E-02 -0.28875E-03  0.61698E+00 -0.90951E-02  0.60675E+00
   69.00  0.48524E+00 -0.77815E+00  0.10074E-02  0.34995E-03  0.97922E+00 -0.16453E-02 -0.32196E-03  0.59468E+00 -0.86272E-02  0.58460E+00
   70.00  0.47039E+00 -0.79477E+00  0.10576E-02  0.39657E-03  0.97884E+00 -0.16576E-02 -0.35291E-03  0.57145E+00 -0.81734E-02  0.56153E+00
   71.00  0.45609E+00 -0.81100E+00  0.11078E-02  0.44029E-03  0.97845E+00 -0.16673E-02 -0.38128E-03  0.54730E+00 -0.77364E-02  0.53756E+00
   72.00  0.44236E+00 -0.82677E+00  0.11575E-02  0.48034E-03  0.97804E+00 -0.16740E-02 -0.40678E-03  0.52224E+00 -0.73188E-02  0.51267E+00
   73.00  0.42919E+00 -0.84203E+00  0.12063E-02  0.51598E-03  0.97761E+00 -0.16774E-02 -0.42915E-03  0.49627E+00 -0.69228E-02  0.48690E+00
   74.00  0.41660E+00 -0.85671E+00  0.12537E-02  0.54650E-03  0.97717E+00 -0.16771E-02 -0.44814E-03  0.46942E+00 -0.65501E-02  0.46025E+00
   75.00  0.40459E+00 -0.87075E+00  0.12993E-02  0.57121E-03  0.97672E+00 -0.16728E-02 -0.46355E-03  0.44172E+00 -0.62023E-02  0.43276E+00
   76.00  0.39315E+00 -0.88408E+00  0.13424E-02  0.58951E-03  0.97625E+00 -0.16641E-02 -0.47522E-03  0.41320E+00 -0.58804E-02  0.40446E+00
   77.00  0.38230E+00 -0.89664E+00  0.13824E-02  0.60085E-03  0.97577E+00 -0.16509E-02 -0.48304E-03  0.38389E+00 -0.55853E-02  0.37539E+00
   78.00  0.37202E+00 -0.90837E+00  0.14188E-02  0.60480E-03  0.97528E+00 -0.16328E-02 -0.48694E-03  0.35385E+00 -0.53174E-02  0.34559E+00
   79.00  0.36231E+00 -0.91921E+00  0.14510E-02  0.60106E-03  0.97478E+00 -0.16097E-02 -0.48691E-03  0.32313E+00 -0.50771E-02  0.31512E+00
   80.00  0.35316E+00 -0.92911E+00  0.14782E-02  0.58943E-03  0.97428E+00 -0.15815E-02 -0.48301E-03  0.29179E+00 -0.48644E-02  0.28404E+00
   81.00  0.34457E+00 -0.93802E+00  0.15000E-02  0.56988E-03  0.97377E+00 -0.15480E-02 -0.47534E-03  0.25988E+00 -0.46790E-02  0.25241E+00
   82.00  0.33652E+00 -0.94590E+00  0.15158E-02  0.54255E-03  0.97326E+00 -0.15093E-02 -0.46408E-03  0.22747E+00 -0.45206E-02  0.22030E+00
   83.00  0.32899E+00 -0.95270E+00  0.15249E-02  0.50773E-03  0.97274E+00 -0.14654E-02 -0.44945E-03  0.19465E+00 -0.43886E-02  0.18777E+00
   84.00  0.32198E+00 -0.95839E+00  0.15271E-02  0.46588E-03  0.97223E+00 -0.14166E-02 -0.43174E-03  0.16147E+00 -0.42824E-02  0.15491E+00
   85.00  0.31546E+00 -0.96295E+00  0.15219E-02  0.41762E-03  0.97173E+00 -0.13632E-02 -0.41126E-03  0.12802E+00 -0.42014E-02  0.12178E+00
   86.00  0.30942E+00 -0.96636E+00  0.15089E-02  0.36373E-03  0.97123E+00 -0.13052E-02 -0.38839E-03  0.94369E-01 -0.41446E-02  0.88470E-01
   87.00  0.30384E+00 -0.96860E+00  0.14880E-02  0.30512E-03  0.97074E+00 -0.12433E-02 -0.36355E-03  0.60600E-01 -0.41115E-02  0.55052E-01
   88.00  0.29870E+00 -0.96967E+00  0.14591E-02  0.24285E-03  0.97026E+00 -0.11778E-02 -0.33716E-03  0.26787E-01 -0.41011E-02  0.21603E-01
   89.00  0.29398E+00 -0.96957E+00  0.14220E-02  0.17805E-03  0.96979E+00 -0.11093E-02 -0.30968E-03 -0.69924E-02 -0.41129E-02 -0.11801E-01
   90.00  0.28966E+00 -0.96830E+00  0.13769E-02  0.11195E-03  0.96934E+00 -0.10381E-02 -0.28156E-03 -0.40666E-01 -0.41461E-02 -0.45086E-01
   91.00  0.28572E+00 -0.96588E+00  0.13240E-02  0.45849E-04  0.96890E+00 -0.96501E-03 -0.25328E-03 -0.74162E-01 -0.42001E-02 -0.78181E-01
   92.00  0.28215E+00 -0.96233E+00  0.12636E-02 -0.18957E-04  0.96848E+00 -0.89051E-03 -0.22529E-03 -0.10741E+00 -0.42744E-02 -0.11102E+00
   93.00  0.27892E+00 -0.95766E+00  0.11959E-02 -0.81148E-04  0.96808E+00 -0.81521E-03 -0.19803E-03 -0.14035E+00 -0.43683E-02 -0.14353E+00
   94.00  0.27601E+00 -0.95191E+00  0.11216E-02 -0.13944E-03  0.96771E+00 -0.73971E-03 -0.17191E-03 -0.17291E+00 -0.44813E-02 -0.17566E+00
   95.00  0.27342E+00 -0.94510E+00  0.10410E-02 -0.19258E-03  0.96735E+00 -0.66459E-03 -0.14733E-03 -0.20504E+00 -0.46130E-02 -0.20734E+00
   96.00  0.27112E+00 -0.93728E+00  0.95488E-03 -0.23941E-03  0.96701E+00 -0.59040E-03 -0.12464E-03 -0.23669E+00 -0.47628E-02 -0.23853E+00
   97.00  0.26910E+00 -0.92849E+00  0.86383E-03 -0.27885E-03  0.96670E+00 -0.51768E-03 -0.10415E-03 -0.26780E+00 -0.49303E-02 -0.26917E+00
   98.00  0.26733E+00 -0.91876E+00  0.76858E-03 -0.30993E-03  0.96641E+00 -0.44692E-03 -0.86136E-04 -0.29833E+00 -0.51147E-02 -0.29921E+00
   99.00  0.26582E+00 -0.90814E+00  0.66988E-03 -0.33180E-03  0.96614E+00 -0.37857E-03 -0.70829E-04 -0.32824E+00 -0.53154E-02 -0.32863E+00
  100.00  0.26453E+00 -0.89668E+00  0.56850E-03 -0.34376E-03  0.96590E+00 -0.31302E-03 -0.58414E-04 -0.35749E+00 -0.55317E-02 -0.35737E+00
  101.00  0.26346E+00 -0.88443E+00  0.46522E-03 -0.34524E-03  0.96568E+00 -0.25063E-03 -0.49031E-04 -0.38605E+00 -0.57627E-02 -0.38542E+00
  102.00  0.26261E+00 -0.87143E+00  0.36084E-03 -0.33581E-03  0.96548E+00 -0.19168E-03 -0.42777E-04 -0.41388E+00 -0.60075E-02 -0.41273E+00
  103.00  0.26194E+00 -0.85774E+00  0.25612E-03 -0.31521E-03  0.96530E+00 -0.13642E-03 -0.39704E-04 -0.44097E+00 -0.62648E-02 -0.43928E+00
  104.00  0.26146E+00 -0.84340E+00  0.15183E-03 -0.28329E-03  0.96515E+00 -0.85029E-04 -0.39822E-04 -0.46729E+00 -0.65334E-02 -0.46506E+00
  105.00  0.26115E+00 -0.82847E+00  0.48690E-04 -0.24008E-03  0.96501E+00 -0.37639E-04 -0.43106E-04 -0.49282E+00 -0.68121E-02 -0.49005E+00
  106.00  0.26101E+00 -0.81301E+00 -0.52608E-04 -0.18572E-03  0.96490E+00  0.56722E-05 -0.49490E-04 -0.51755E+00 -0.70991E-02 -0.51422E+00
  107.00  0.26102E+00 -0.79705E+00 -0.15141E-03 -0.12049E-03  0.96480E+00  0.44875E-04 -0.58878E-04 -0.54148E+00 -0.73930E-02 -0.53758E+00
  108.00  0.26118E+00 -0.78065E+00 -0.24713E-03 -0.44794E-04  0.96473E+00  0.79987E-04 -0.71143E-04 -0.56458E+00 -0.76919E-02 -0.56012E+00
  109.00  0.26148E+00 -0.76386E+00 -0.33922E-03  0.40879E-04  0.96467E+00  0.11106E-03 -0.86129E-04 -0.58686E+00 -0.79941E-02 -0.58183E+00
  110.00  0.26191E+00 -0.74673E+00 -0.42718E-03  0.13593E-03  0.96462E+00  0.13820E-03 -0.10366E-03 -0.60832E+00 -0.82975E-02 -0.60270E+00
  111.00  0.26246E+00 -0.72930E+00 -0.51060E-03  0.23968E-03  0.96460E+00  0.16154E-03 -0.12353E-03 -0.62896E+00 -0.86002E-02 -0.62275E+00
  112.00  0.26313E+00 -0.71162E+00 -0.58912E-03  0.35138E-03  0.96458E+00  0.18122E-03 -0.14554E-03 -0.64877E+00 -0.89001E-02 -0.64198E+00
  113.00  0.26391E+00 -0.69374E+00 -0.66242E-03  0.47023E-03  0.96459E+00  0.19743E-03 -0.16944E-03 -0.66778E+00 -0.91954E-02 -0.66039E+00
  114.00  0.26479E+00 -0.67570E+00 -0.73027E-03  0.59539E-03  0.96460E+00  0.21038E-03 -0.19500E-03 -0.68598E+00 -0.94838E-02 -0.67800E+00
  115.00  0.26577E+00 -0.65753E+00 -0.79250E-03  0.72598E-03  0.96462E+00  0.22028E-03 -0.22198E-03 -0.70338E+00 -0.97634E-02 -0.69480E+00
  116.00  0.26684E+00 -0.63928E+00 -0.84898E-03  0.86111E-03  0.96466E+00  0.22736E-03 -0.25011E-03 -0.72000E+00 -0.10032E-01 -0.71083E+00
  117.00  0.26800E+00 -0.62099E+00 -0.89966E-03  0.99988E-03  0.96470E+00  0.23186E-03 -0.27915E-03 -0.73586E+00 -0.10289E-01 -0.72608E+00
  118.00  0.26924E+00 -0.60269E+00 -0.94452E-03  0.11414E-02  0.96475E+00  0.23401E-03 -0.30882E-03 -0.75096E+00 -0.10531E-01 -0.74059E+00
  119.00  0.27056E+00 -0.58441E+00 -0.98360E-03  0.12848E-02  0.96481E+00  0.23405E-03 -0.33889E-03 -0.76533E+00 -0.10757E-01 -0.75435E+00
  120.00  0.27194E+00 -0.56619E+00 -0.10170E-02  0.14292E-02  0.96488E+00  0.23222E-03 -0.36910E-03 -0.77898E+00 -0.10965E-01 -0.76740E+00
  121.00  0.27340E+00 -0.54806E+00 -0.10448E-02  0.15738E-02  0.96495E+00  0.22876E-03 -0.39921E-03 -0.79193E+00 -0.11154E-01 -0.77976E+00
  122.00  0.27492E+00 -0.53004E+00 -0.10672E-02  0.17177E-02  0.96502E+00  0.22387E-03 -0.42898E-03 -0.80420E+00 -0.11323E-01 -0.79143E+00
  123.00  0.27649E+00 -0.51216E+00 -0.10844E-02  0.18604E-02  0.96510E+00  0.21778E-03 -0.45818E-03 -0.81581E+00 -0.11471E-01 -0.80245E+00
  124.00  0.27812E+00 -0.49445E+00 -0.10967E-02  0.20009E-02  0.96518E+00  0.21068E-03 -0.48659E-03 -0.82679E+00 -0.11597E-01 -0.81283E+00
  125.00  0.27980E+00 -0.47692E+00 -0.11041E-02  0.21388E-02  0.96527E+00  0.20277E-03 -0.51402E-03 -0.83715E+00 -0.11699E-01 -0.82261E+00
  126.00  0.28152E+00 -0.45960E+00 -0.11071E-02  0.22734E-02  0.96535E+00  0.19421E-03 -0.54027E-03 -0.84691E+00 -0.11778E-01 -0.83178E+00
  127.00  0.28328E+00 -0.44250E+00 -0.11059E-02  0.24041E-02  0.96543E+00  0.18517E-03 -0.56516E-03 -0.85610E+00 -0.11833E-01 -0.84039E+00
  128.00  0.28508E+00 -0.42565E+00 -0.11008E-02  0.25305E-02  0.96551E+00  0.17580E-03 -0.58852E-03 -0.86474E+00 -0.11863E-01 -0.84846E+00
  129.00  0.28692E+00 -0.40906E+00 -0.10920E-02  0.26522E-02  0.96559E+00  0.16621E-03 -0.61021E-03 -0.87285E+00 -0.11869E-01 -0.85599E+00
  130.00  0.28878E+00 -0.39274E+00 -0.10799E-02  0.27687E-02  0.96567E+00  0.15654E-03 -0.63010E-03 -0.88046E+00 -0.11850E-01 -0.86303E+00
  131.00  0.29067E+00 -0.37670E+00 -0.10647E-02  0.28799E-02  0.96575E+00  0.14687E-03 -0.64806E-03 -0.88758E+00 -0.11807E-01 -0.86958E+00
  132.00  0.29257E+00 -0.36096E+00 -0.10468E-02  0.29853E-02  0.96582E+00  0.13731E-03 -0.66400E-03 -0.89423E+00 -0.11739E-01 -0.87567E+00
  133.00  0.29450E+00 -0.34553E+00 -0.10264E-02  0.30849E-02  0.96589E+00  0.12792E-03 -0.67782E-03 -0.90044E+00 -0.11649E-01 -0.88133E+00
  134.00  0.29644E+00 -0.33041E+00 -0.10037E-02  0.31784E-02  0.96596E+00  0.11877E-03 -0.68947E-03 -0.90623E+00 -0.11535E-01 -0.88657E+00
  135.00  0.29839E+00 -0.31562E+00 -0.97915E-03  0.32657E-02  0.96602E+00  0.10992E-03 -0.69888E-03 -0.91161E+00 -0.11398E-01 -0.89141E+00
  136.00  0.30035E+00 -0.30116E+00 -0.95288E-03  0.33469E-02  0.96607E+00  0.10139E-03 -0.70601E-03 -0.91661E+00 -0.11240E-01 -0.89587E+00
  137.00  0.30231E+00 -0.28704E+00 -0.92516E-03  0.34218E-02  0.96612E+00  0.93236E-04 -0.71085E-03 -0.92125E+00 -0.11061E-01 -0.89998E+00
  138.00  0.30428E+00 -0.27325E+00 -0.89620E-03  0.34905E-02  0.96616E+00  0.85466E-04 -0.71339E-03 -0.92554E+00 -0.10862E-01 -0.90374E+00
  139.00  0.30624E+00 -0.25982E+00 -0.86621E-03  0.35530E-02  0.96620E+00  0.78102E-04 -0.71363E-03 -0.92951E+00 -0.10644E-01 -0.90719E+00
  140.00  0.30820E+00 -0.24673E+00 -0.83541E-03  0.36095E-02  0.96623E+00  0.71153E-04 -0.71160E-03 -0.93317E+00 -0.10408E-01 -0.91033E+00
  141.00  0.31015E+00 -0.23399E+00 -0.80397E-03  0.36601E-02  0.96626E+00  0.64622E-04 -0.70733E-03 -0.93654E+00 -0.10155E-01 -0.91319E+00
  142.00  0.31208E+00 -0.22161E+00 -0.77205E-03  0.37048E-02  0.96628E+00  0.58508E-04 -0.70088E-03 -0.93963E+00 -0.98864E-02 -0.91577E+00
  143.00  0.31401E+00 -0.20958E+00 -0.73982E-03  0.37440E-02  0.96629E+00  0.52805E-04 -0.69229E-03 -0.94246E+00 -0.96033E-02 -0.91811E+00
  144.00  0.31591E+00 -0.19790E+00 -0.70741E-03  0.37777E-02  0.96630E+00  0.47506E-04 -0.68165E-03 -0.94505E+00 -0.93068E-02 -0.92021E+00
  145.00  0.31780E+00 -0.18658E+00 -0.67496E-03  0.38062E-02  0.96630E+00  0.42598E-04 -0.66905E-03 -0.94740E+00 -0.89982E-02 -0.92208E+00
  146.00  0.31966E+00 -0.17562E+00 -0.64259E-03  0.38298E-02  0.96629E+00  0.38067E-04 -0.65457E-03 -0.94955E+00 -0.86788E-02 -0.92375E+00
  147.00  0.32150E+00 -0.16501E+00 -0.61040E-03  0.38486E-02  0.96628E+00  0.33898E-04 -0.63832E-03 -0.95149E+00 -0.83498E-02 -0.92522E+00
  148.00  0.32332E+00 -0.15476E+00 -0.57848E-03  0.38630E-02  0.96627E+00  0.30075E-04 -0.62042E-03 -0.95325E+00 -0.80126E-02 -0.92652E+00
  149.00  0.32510E+00 -0.14486E+00 -0.54694E-03  0.38732E-02  0.96624E+00  0.26580E-04 -0.60098E-03 -0.95483E+00 -0.76684E-02 -0.92765E+00
  150.00  0.32685E+00 -0.13531E+00 -0.51584E-03  0.38795E-02  0.96621E+00  0.23396E-04 -0.58014E-03 -0.95625E+00 -0.73184E-02 -0.92862E+00
  151.00  0.32857E+00 -0.12611E+00 -0.48525E-03  0.38821E-02  0.96618E+00  0.20504E-04 -0.55803E-03 -0.95751E+00 -0.69641E-02 -0.92945E+00
  152.00  0.33025E+00 -0.11726E+00 -0.45525E-03  0.38815E-02  0.96614E+00  0.17887E-04 -0.53478E-03 -0.95864E+00 -0.66067E-02 -0.93015E+00
  153.00  0.33190E+00 -0.10875E+00 -0.42588E-03  0.38777E-02  0.96610E+00  0.15527E-04 -0.51055E-03 -0.95964E+00 -0.62474E-02 -0.93073E+00
  154.00  0.33350E+00 -0.10059E+00 -0.39721E-03  0.38712E-02  0.96605E+00  0.13407E-04 -0.48549E-03 -0.96052E+00 -0.58876E-02 -0.93119E+00
  155.00  0.33506E+00 -0.92769E-01 -0.36928E-03  0.38622E-02  0.96600E+00  0.11509E-04 -0.45974E-03 -0.96129E+00 -0.55286E-02 -0.93156E+00
  156.00  0.33658E+00 -0.85285E-01 -0.34213E-03  0.38510E-02  0.96594E+00  0.98193E-05 -0.43346E-03 -0.96196E+00 -0.51715E-02 -0.93184E+00
  157.00  0.33805E+00 -0.78137E-01 -0.31580E-03  0.38379E-02  0.96588E+00  0.83206E-05 -0.40679E-03 -0.96253E+00 -0.48177E-02 -0.93204E+00
  158.00  0.33947E+00 -0.71321E-01 -0.29033E-03  0.38232E-02  0.96582E+00  0.69985E-05 -0.37991E-03 -0.96303E+00 -0.44684E-02 -0.93217E+00
  159.00  0.34084E+00 -0.64835E-01 -0.26576E-03  0.38070E-02  0.96576E+00  0.58386E-05 -0.35295E-03 -0.96345E+00 -0.41247E-02 -0.93223E+00
  160.00  0.34216E+00 -0.58675E-01 -0.24212E-03  0.37898E-02  0.96569E+00  0.48274E-05 -0.32607E-03 -0.96380E+00 -0.37879E-02 -0.93223E+00
  161.00  0.34343E+00 -0.52839E-01 -0.21943E-03  0.37717E-02  0.96563E+00  0.39518E-05 -0.29943E-03 -0.96409E+00 -0.34592E-02 -0.93219E+00
  162.00  0.34464E+00 -0.47324E-01 -0.19774E-03  0.37530E-02  0.96556E+00  0.31994E-05 -0.27316E-03 -0.96433E+00 -0.31395E-02 -0.93211E+00
  163.00  0.34580E+00 -0.42126E-01 -0.17705E-03  0.37339E-02  0.96550E+00  0.25585E-05 -0.24742E-03 -0.96452E+00 -0.28302E-02 -0.93199E+00
  164.00  0.34690E+00 -0.37244E-01 -0.15740E-03  0.37147E-02  0.96543E+00  0.20177E-05 -0.22233E-03 -0.96466E+00 -0.25322E-02 -0.93185E+00
  165.00  0.34794E+00 -0.32673E-01 -0.13881E-03  0.36955E-02  0.96537E+00  0.15663E-05 -0.19804E-03 -0.96478E+00 -0.22465E-02 -0.93169E+00
  166.00  0.34892E+00 -0.28412E-01 -0.12131E-03  0.36766E-02  0.96530E+00  0.11944E-05 -0.17468E-03 -0.96486E+00 -0.19742E-02 -0.93150E+00
  167.00  0.34984E+00 -0.24458E-01 -0.10491E-03  0.36582E-02  0.96524E+00  0.89216E-06 -0.15236E-03 -0.96491E+00 -0.17162E-02 -0.93131E+00
  168.00  0.35069E+00 -0.20807E-01 -0.89644E-04  0.36404E-02  0.96518E+00  0.65066E-06 -0.13121E-03 -0.96494E+00 -0.14735E-02 -0.93112E+00
  169.00  0.35148E+00 -0.17459E-01 -0.75522E-04  0.36234E-02  0.96513E+00  0.46139E-06 -0.11133E-03 -0.96496E+00 -0.12468E-02 -0.93092E+00
  170.00  0.35221E+00 -0.14410E-01 -0.62563E-04  0.36073E-02  0.96508E+00  0.31641E-06 -0.92820E-04 -0.96496E+00 -0.10370E-02 -0.93072E+00
  171.00  0.35287E+00 -0.11658E-01 -0.50786E-04  0.35923E-02  0.96503E+00  0.20838E-06 -0.75785E-04 -0.96495E+00 -0.84484E-03 -0.93053E+00
  172.00  0.35346E+00 -0.92008E-02 -0.40206E-04  0.35786E-02  0.96498E+00  0.13054E-06 -0.60305E-04 -0.96493E+00 -0.67099E-03 -0.93036E+00
  173.00  0.35399E+00 -0.70375E-02 -0.30836E-04  0.35662E-02  0.96494E+00  0.76758E-07 -0.46460E-04 -0.96491E+00 -0.51607E-03 -0.93019E+00
  174.00  0.35444E+00 -0.51660E-02 -0.22689E-04  0.35553E-02  0.96491E+00  0.41546E-07 -0.34318E-04 -0.96489E+00 -0.38066E-03 -0.93004E+00
  175.00  0.35483E+00 -0.35849E-02 -0.15776E-04  0.35459E-02  0.96488E+00  0.20083E-07 -0.23940E-04 -0.96487E+00 -0.26523E-03 -0.92992E+00
  176.00  0.35515E+00 -0.22930E-02 -0.10107E-04  0.35381E-02  0.96485E+00  0.82421E-08 -0.15379E-04 -0.96485E+00 -0.17022E-03 -0.92981E+00
  177.00  0.35539E+00 -0.12892E-02 -0.56900E-05  0.35319E-02  0.96483E+00  0.26119E-08 -0.86755E-05 -0.96483E+00 -0.95951E-04 -0.92972E+00
  178.00  0.35557E+00 -0.57278E-03 -0.25304E-05  0.35275E-02  0.96482E+00  0.51649E-09 -0.38637E-05 -0.96482E+00 -0.42710E-04 -0.92966E+00
  179.00  0.35568E+00 -0.14317E-03 -0.63281E-06  0.35249E-02  0.96481E+00  0.32302E-10 -0.96711E-06 -0.96481E+00 -0.10687E-04 -0.92962E+00
  180.00  0.35571E+00 -0.35480E-14 -0.15685E-16  0.35240E-02  0.96480E+00  0.19846E-31 -0.23979E-16 -0.96480E+00 -0.26495E-15 -0.92961E+00
 scattering matrix expansion coefficients
    w  a11         a22         a33         a23         a32         a44         a12         a34         a13         a24         a14
    0  0.1000E+01  0.0000E+00  0.0000E+00  0.0000E+00  0.0000E+00  0.6768E+00  0.0000E+00  0.0000E+00  0.0000E+00  0.0000E+00  0.3525E-03
    1  0.1837E+01  0.0000E+00  0.0000E+00  0.0000E+00  0.0000E+00  0.2164E+01  0.0000E+00  0.0000E+00  0.0000E+00  0.0000E+00 -0.3757E-03
    2  0.2371E+01  0.4034E+00  0.3453E+01  0.6075E-06 -0.8150E-03  0.2337E+01 -0.5666E+00 -0.8112E-02  0.3481E-03 -0.9137E-04  0.8814E-03
    3  0.2251E+01  0.8574E-01  0.2836E+01 -0.8470E-06  0.6735E-03  0.2260E+01 -0.3163E+00 -0.6832E-02  0.5690E-03  0.2648E-03  0.2290E-03
    4  0.1967E+01  0.4144E-01  0.2366E+01  0.6367E-07  0.9056E-03  0.1973E+01 -0.2391E+00 -0.1143E-01 -0.4050E-03  0.1893E-03  0.5180E-03
    5  0.1570E+01  0.2356E-01  0.1854E+01  0.5271E-07  0.3217E-03  0.1568E+01 -0.1857E+00 -0.4654E-02 -0.2094E-03  0.4773E-03  0.9117E-03
    6  0.1125E+01  0.1095E-01  0.1329E+01  0.9159E-07  0.2051E-03  0.1126E+01 -0.1577E+00 -0.7637E-03  0.3409E-04  0.1046E-03  0.2528E-03
    7  0.7070E+00  0.5777E-02  0.8451E+00  0.1561E-07  0.1649E-03  0.7114E+00 -0.1398E+00  0.1847E-02 -0.2469E-04 -0.4940E-04 -0.6324E-05
    8  0.3841E+00  0.5401E-02  0.4639E+00 -0.6606E-08  0.4219E-04  0.3869E+00 -0.1108E+00  0.2372E-02 -0.5189E-04 -0.6307E-04  0.4335E-04
    9  0.1790E+00  0.5610E-02  0.2166E+00 -0.1806E-07 -0.1860E-04  0.1781E+00 -0.7214E-01  0.1561E-02 -0.1221E-04 -0.3032E-04  0.5713E-04
   10  0.7163E-01  0.4447E-02  0.8557E-01 -0.2182E-07 -0.1764E-04  0.6877E-01 -0.3755E-01  0.6459E-03  0.1890E-05 -0.6995E-05  0.2689E-04
   11  0.2467E-01  0.2515E-02  0.2870E-01 -0.1599E-07 -0.8629E-05  0.2235E-01 -0.1569E-01  0.1970E-03  0.1789E-05 -0.4483E-06  0.6451E-05
   12  0.7348E-02  0.1064E-02  0.8246E-02 -0.7496E-08 -0.2998E-05  0.6179E-02 -0.5355E-02  0.4776E-04  0.9296E-06  0.2859E-06  0.7575E-06
   13  0.1902E-02  0.3535E-03  0.2051E-02 -0.2334E-08 -0.7473E-06  0.1472E-02 -0.1527E-02  0.1045E-04  0.3122E-06  0.1139E-06 -0.6918E-07
   14  0.4309E-03  0.9639E-04  0.4455E-03 -0.5205E-09 -0.1329E-06  0.3050E-03 -0.3710E-03  0.2013E-05  0.7095E-07  0.3516E-07 -0.5810E-07
   15  0.8579E-04  0.2210E-04  0.8508E-04 -0.9115E-10 -0.1671E-07  0.5539E-04 -0.7774E-04  0.3556E-06  0.1044E-07  0.6229E-08 -0.1392E-07
   16  0.1508E-04  0.4333E-05  0.1437E-04 -0.1396E-10 -0.2129E-08  0.8883E-05 -0.1419E-04  0.5855E-07  0.1513E-08  0.1152E-08 -0.2524E-08
   17  0.2358E-05  0.7372E-06  0.2164E-05 -0.2002E-11 -0.2522E-09  0.1271E-05 -0.2279E-05  0.9172E-08  0.1368E-09  0.4978E-09 -0.8716E-09
   18  0.3317E-06  0.1109E-06  0.2940E-06 -0.2945E-12 -0.2423E-10  0.1641E-06 -0.3269E-06  0.1224E-08  0.6145E-11  0.1454E-09 -0.2356E-09
   19  0.4223E-07  0.1487E-07  0.3627E-07 -0.5612E-13  0.1820E-11  0.1931E-07 -0.4223E-07  0.1559E-09 -0.2495E-11  0.2660E-10 -0.4453E-10
   20  0.5042E-08  0.1819E-08  0.4239E-08 -0.1276E-13  0.9657E-13  0.2188E-08 -0.5069E-08  0.2227E-10 -0.2445E-12  0.3870E-11 -0.6135E-11
   21  0.5025E-09  0.1880E-09  0.4104E-09 -0.2424E-14 -0.4279E-13  0.2062E-09 -0.5112E-09  0.3200E-11  0.1975E-13  0.4412E-12 -0.6672E-12
   22  0.7718E-10  0.2815E-10  0.6321E-10 -0.3255E-15 -0.8875E-14  0.3177E-10 -0.7768E-10  0.5344E-12  0.6074E-14  0.5744E-13 -0.7614E-13
   23  0.3616E-11  0.1400E-11  0.2829E-11 -0.3368E-16 -0.1582E-14  0.1421E-11 -0.3704E-11  0.3446E-13  0.1129E-14  0.5642E-14 -0.6839E-14
   24  0.1309E-11  0.5101E-12  0.1019E-11 -0.3242E-17  0.1168E-16  0.4618E-12 -0.1332E-11  0.7099E-14  0.2483E-17  0.3619E-15 -0.4180E-15
   25  0.9884E-14  0.3922E-14  0.7321E-14 -0.1349E-18 -0.4922E-17  0.4224E-14 -0.1004E-13  0.1128E-15  0.3706E-17  0.2061E-16 -0.2304E-16
   26  0.1337E-13  0.5684E-14  0.1008E-13  0.1383E-19  0.5533E-18  0.3965E-14 -0.1390E-13  0.4960E-16 -0.4114E-18 -0.4761E-19 -0.1635E-19
