 input file is 
mstm25_64_0448.inp            
 input file comments follow:
***********************************************************
  This is the default mstm input file for v.3.0.
  The run is for a 7-sphere cluster of identical spheres.   The positions
  are embedded in the input file.

  The run makes use of the new_run and multiple_run options.

  14 April 2013
***********************************************************
 number of processors:
   1
 input parameters for run number 
    1
 number of spheres, volume size parameter:
   64  0.17920E+01
 position file:
position/n64/a25.out                                        
 output file:
output/64/x0448/mt_25_64_0448.dat                           
 length, ref. indx. scale factors:
   0.448   1.710   0.045
 chiral factors:
  0.00000E+00  0.00000E+00
 scattering matrix directions based on incident frame
 automatic scattering angle calculation
 thetamin, thetamax:
      0.0    180.0
 number scattering angles:
      181
 epsmie, epssoln, max number iterations:
  0.1000E-05  0.1000E-07 5000
 medium refractive index:
  1.0000  0.0000
 target euler rotation angles:
    0.0000    0.0000    0.0000
 far field kr, iterations/correction:
  0.1000E-07   20
 plane wave incidence
 random orientation calculations
 t matrix calculated, stored in file 
tmatrixfiles/tmf_25_64_0448_171_00452                       
 t matrix convergence epsilon:
  0.1000E-06
 all spheres excited (total T matrix) 
 calculation results for run 
    1
 total ext, abs, scat efficiencies, w.r.t. xv, and asym. parm
  0.79786E+00  0.19421E+00  0.60366E+00  0.60543E+00
 scattering matrix elements (normalized w/ S11)
   theta      11           12           13           14           22           23           24           33           34           44     
    0.00  0.13937E+02  0.00000E+00  0.00000E+00 -0.77470E-04  0.99895E+00  0.89716E-04  0.00000E+00  0.99895E+00  0.00000E+00  0.99792E+00
    1.00  0.13900E+02 -0.16198E-03 -0.26592E-07 -0.76368E-04  0.99895E+00  0.91407E-04  0.35178E-07  0.99895E+00 -0.26421E-04  0.99791E+00
    2.00  0.13791E+02 -0.64869E-03 -0.10829E-06 -0.73073E-04  0.99894E+00  0.96476E-04  0.14144E-06  0.99894E+00 -0.10589E-03  0.99790E+00
    3.00  0.13611E+02 -0.14624E-02 -0.25085E-06 -0.67607E-04  0.99893E+00  0.10492E-03  0.32097E-06  0.99893E+00 -0.23901E-03  0.99787E+00
    4.00  0.13364E+02 -0.26071E-02 -0.46392E-06 -0.60016E-04  0.99891E+00  0.11671E-03  0.57749E-06  0.99891E+00 -0.42674E-03  0.99783E+00
    5.00  0.13057E+02 -0.40880E-02 -0.76098E-06 -0.50360E-04  0.99889E+00  0.13184E-03  0.91628E-06  0.99888E+00 -0.67036E-03  0.99778E+00
    6.00  0.12693E+02 -0.59119E-02 -0.11594E-05 -0.38724E-04  0.99886E+00  0.15027E-03  0.13443E-05  0.99884E+00 -0.97135E-03  0.99772E+00
    7.00  0.12282E+02 -0.80871E-02 -0.16803E-05 -0.25213E-04  0.99882E+00  0.17192E-03  0.18701E-05  0.99879E+00 -0.13313E-02  0.99764E+00
    8.00  0.11830E+02 -0.10623E-01 -0.23486E-05 -0.99593E-05  0.99878E+00  0.19673E-03  0.25043E-05  0.99873E+00 -0.17516E-02  0.99754E+00
    9.00  0.11347E+02 -0.13531E-01 -0.31927E-05  0.68773E-05  0.99874E+00  0.22457E-03  0.32589E-05  0.99865E+00 -0.22337E-02  0.99742E+00
   10.00  0.10839E+02 -0.16821E-01 -0.42439E-05  0.25110E-04  0.99869E+00  0.25528E-03  0.41475E-05  0.99855E+00 -0.27780E-02  0.99728E+00
   11.00  0.10317E+02 -0.20507E-01 -0.55361E-05  0.44521E-04  0.99863E+00  0.28865E-03  0.51851E-05  0.99843E+00 -0.33847E-02  0.99711E+00
   12.00  0.97866E+01 -0.24600E-01 -0.71050E-05  0.64871E-04  0.99857E+00  0.32441E-03  0.63872E-05  0.99828E+00 -0.40523E-02  0.99691E+00
   13.00  0.92566E+01 -0.29113E-01 -0.89869E-05  0.85893E-04  0.99851E+00  0.36224E-03  0.77691E-05  0.99810E+00 -0.47783E-02  0.99667E+00
   14.00  0.87334E+01 -0.34054E-01 -0.11217E-04  0.10731E-03  0.99844E+00  0.40173E-03  0.93448E-05  0.99788E+00 -0.55581E-02  0.99639E+00
   15.00  0.82228E+01 -0.39434E-01 -0.13830E-04  0.12884E-03  0.99836E+00  0.44242E-03  0.11126E-04  0.99762E+00 -0.63851E-02  0.99607E+00
   16.00  0.77299E+01 -0.45257E-01 -0.16853E-04  0.15022E-03  0.99829E+00  0.48380E-03  0.13118E-04  0.99730E+00 -0.72503E-02  0.99570E+00
   17.00  0.72584E+01 -0.51525E-01 -0.20312E-04  0.17120E-03  0.99821E+00  0.52530E-03  0.15322E-04  0.99693E+00 -0.81423E-02  0.99527E+00
   18.00  0.68114E+01 -0.58237E-01 -0.24221E-04  0.19161E-03  0.99812E+00  0.56635E-03  0.17729E-04  0.99650E+00 -0.90474E-02  0.99477E+00
   19.00  0.63908E+01 -0.65385E-01 -0.28590E-04  0.21132E-03  0.99804E+00  0.60635E-03  0.20318E-04  0.99600E+00 -0.99499E-02  0.99420E+00
   20.00  0.59975E+01 -0.72956E-01 -0.33416E-04  0.23032E-03  0.99795E+00  0.64479E-03  0.23060E-04  0.99541E+00 -0.10833E-01  0.99356E+00
   21.00  0.56320E+01 -0.80933E-01 -0.38691E-04  0.24868E-03  0.99787E+00  0.68118E-03  0.25909E-04  0.99474E+00 -0.11678E-01  0.99283E+00
   22.00  0.52936E+01 -0.89296E-01 -0.44397E-04  0.26660E-03  0.99778E+00  0.71519E-03  0.28807E-04  0.99397E+00 -0.12467E-01  0.99201E+00
   23.00  0.49813E+01 -0.98019E-01 -0.50511E-04  0.28437E-03  0.99769E+00  0.74658E-03  0.31689E-04  0.99310E+00 -0.13185E-01  0.99108E+00
   24.00  0.46937E+01 -0.10708E+00 -0.57009E-04  0.30238E-03  0.99760E+00  0.77529E-03  0.34476E-04  0.99212E+00 -0.13817E-01  0.99005E+00
   25.00  0.44288E+01 -0.11645E+00 -0.63867E-04  0.32108E-03  0.99751E+00  0.80140E-03  0.37091E-04  0.99102E+00 -0.14353E-01  0.98890E+00
   26.00  0.41848E+01 -0.12611E+00 -0.71064E-04  0.34093E-03  0.99742E+00  0.82515E-03  0.39452E-04  0.98979E+00 -0.14786E-01  0.98763E+00
   27.00  0.39595E+01 -0.13604E+00 -0.78587E-04  0.36240E-03  0.99733E+00  0.84686E-03  0.41489E-04  0.98843E+00 -0.15113E-01  0.98622E+00
   28.00  0.37508E+01 -0.14622E+00 -0.86430E-04  0.38585E-03  0.99724E+00  0.86696E-03  0.43139E-04  0.98692E+00 -0.15335E-01  0.98467E+00
   29.00  0.35569E+01 -0.15665E+00 -0.94597E-04  0.41159E-03  0.99714E+00  0.88588E-03  0.44360E-04  0.98526E+00 -0.15458E-01  0.98296E+00
   30.00  0.33759E+01 -0.16732E+00 -0.10310E-03  0.43975E-03  0.99703E+00  0.90407E-03  0.45129E-04  0.98343E+00 -0.15488E-01  0.98108E+00
   31.00  0.32063E+01 -0.17823E+00 -0.11195E-03  0.47032E-03  0.99692E+00  0.92188E-03  0.45452E-04  0.98143E+00 -0.15438E-01  0.97903E+00
   32.00  0.30466E+01 -0.18939E+00 -0.12117E-03  0.50309E-03  0.99680E+00  0.93960E-03  0.45363E-04  0.97924E+00 -0.15319E-01  0.97679E+00
   33.00  0.28958E+01 -0.20081E+00 -0.13077E-03  0.53766E-03  0.99668E+00  0.95737E-03  0.44928E-04  0.97685E+00 -0.15143E-01  0.97435E+00
   34.00  0.27529E+01 -0.21249E+00 -0.14077E-03  0.57344E-03  0.99655E+00  0.97521E-03  0.44247E-04  0.97424E+00 -0.14924E-01  0.97169E+00
   35.00  0.26172E+01 -0.22446E+00 -0.15117E-03  0.60965E-03  0.99640E+00  0.99295E-03  0.43454E-04  0.97141E+00 -0.14673E-01  0.96880E+00
   36.00  0.24881E+01 -0.23673E+00 -0.16195E-03  0.64537E-03  0.99625E+00  0.10103E-02  0.42714E-04  0.96833E+00 -0.14402E-01  0.96566E+00
   37.00  0.23653E+01 -0.24930E+00 -0.17308E-03  0.67953E-03  0.99609E+00  0.10268E-02  0.42223E-04  0.96499E+00 -0.14118E-01  0.96225E+00
   38.00  0.22484E+01 -0.26218E+00 -0.18451E-03  0.71099E-03  0.99592E+00  0.10420E-02  0.42201E-04  0.96137E+00 -0.13831E-01  0.95857E+00
   39.00  0.21373E+01 -0.27539E+00 -0.19615E-03  0.73857E-03  0.99574E+00  0.10551E-02  0.42886E-04  0.95746E+00 -0.13546E-01  0.95459E+00
   40.00  0.20317E+01 -0.28892E+00 -0.20792E-03  0.76107E-03  0.99555E+00  0.10655E-02  0.44523E-04  0.95324E+00 -0.13267E-01  0.95030E+00
   41.00  0.19316E+01 -0.30278E+00 -0.21969E-03  0.77741E-03  0.99534E+00  0.10724E-02  0.47356E-04  0.94869E+00 -0.12995E-01  0.94568E+00
   42.00  0.18367E+01 -0.31696E+00 -0.23133E-03  0.78660E-03  0.99513E+00  0.10753E-02  0.51611E-04  0.94380E+00 -0.12731E-01  0.94072E+00
   43.00  0.17469E+01 -0.33146E+00 -0.24270E-03  0.78787E-03  0.99491E+00  0.10735E-02  0.57482E-04  0.93855E+00 -0.12475E-01  0.93539E+00
   44.00  0.16621E+01 -0.34626E+00 -0.25366E-03  0.78068E-03  0.99468E+00  0.10665E-02  0.65117E-04  0.93291E+00 -0.12224E-01  0.92969E+00
   45.00  0.15821E+01 -0.36135E+00 -0.26405E-03  0.76477E-03  0.99444E+00  0.10540E-02  0.74601E-04  0.92689E+00 -0.11977E-01  0.92360E+00
   46.00  0.15066E+01 -0.37673E+00 -0.27376E-03  0.74019E-03  0.99418E+00  0.10360E-02  0.85946E-04  0.92045E+00 -0.11731E-01  0.91710E+00
   47.00  0.14353E+01 -0.39238E+00 -0.28268E-03  0.70731E-03  0.99392E+00  0.10124E-02  0.99082E-04  0.91358E+00 -0.11483E-01  0.91017E+00
   48.00  0.13681E+01 -0.40829E+00 -0.29072E-03  0.66679E-03  0.99364E+00  0.98366E-03  0.11384E-03  0.90627E+00 -0.11233E-01  0.90279E+00
   49.00  0.13047E+01 -0.42444E+00 -0.29784E-03  0.61956E-03  0.99335E+00  0.95015E-03  0.12997E-03  0.89848E+00 -0.10981E-01  0.89495E+00
   50.00  0.12448E+01 -0.44082E+00 -0.30403E-03  0.56681E-03  0.99304E+00  0.91252E-03  0.14713E-03  0.89021E+00 -0.10728E-01  0.88662E+00
   51.00  0.11882E+01 -0.45742E+00 -0.30932E-03  0.50987E-03  0.99271E+00  0.87156E-03  0.16488E-03  0.88143E+00 -0.10475E-01  0.87778E+00
   52.00  0.11346E+01 -0.47423E+00 -0.31375E-03  0.45020E-03  0.99237E+00  0.82815E-03  0.18271E-03  0.87211E+00 -0.10229E-01  0.86839E+00
   53.00  0.10839E+01 -0.49125E+00 -0.31740E-03  0.38931E-03  0.99200E+00  0.78322E-03  0.20006E-03  0.86222E+00 -0.99928E-02  0.85844E+00
   54.00  0.10359E+01 -0.50847E+00 -0.32040E-03  0.32871E-03  0.99162E+00  0.73773E-03  0.21632E-03  0.85173E+00 -0.97743E-02  0.84790E+00
   55.00  0.99043E+00 -0.52587E+00 -0.32284E-03  0.26980E-03  0.99121E+00  0.69260E-03  0.23086E-03  0.84062E+00 -0.95809E-02  0.83672E+00
   56.00  0.94739E+00 -0.54346E+00 -0.32485E-03  0.21390E-03  0.99078E+00  0.64870E-03  0.24303E-03  0.82884E+00 -0.94202E-02  0.82487E+00
   57.00  0.90669E+00 -0.56123E+00 -0.32655E-03  0.16214E-03  0.99032E+00  0.60679E-03  0.25222E-03  0.81636E+00 -0.93002E-02  0.81233E+00
   58.00  0.86824E+00 -0.57916E+00 -0.32803E-03  0.11545E-03  0.98984E+00  0.56750E-03  0.25787E-03  0.80315E+00 -0.92278E-02  0.79905E+00
   59.00  0.83199E+00 -0.59723E+00 -0.32935E-03  0.74535E-04  0.98935E+00  0.53135E-03  0.25948E-03  0.78917E+00 -0.92089E-02  0.78500E+00
   60.00  0.79788E+00 -0.61544E+00 -0.33055E-03  0.39848E-04  0.98883E+00  0.49864E-03  0.25665E-03  0.77439E+00 -0.92476E-02  0.77015E+00
   61.00  0.76588E+00 -0.63374E+00 -0.33162E-03  0.11593E-04  0.98829E+00  0.46953E-03  0.24911E-03  0.75877E+00 -0.93454E-02  0.75446E+00
   62.00  0.73593E+00 -0.65212E+00 -0.33249E-03 -0.10278E-04  0.98774E+00  0.44401E-03  0.23673E-03  0.74229E+00 -0.95012E-02  0.73793E+00
   63.00  0.70799E+00 -0.67053E+00 -0.33304E-03 -0.26044E-04  0.98717E+00  0.42187E-03  0.21953E-03  0.72493E+00 -0.97106E-02  0.72052E+00
   64.00  0.68199E+00 -0.68893E+00 -0.33311E-03 -0.36197E-04  0.98660E+00  0.40278E-03  0.19770E-03  0.70666E+00 -0.99660E-02  0.70222E+00
   65.00  0.65787E+00 -0.70727E+00 -0.33248E-03 -0.41404E-04  0.98603E+00  0.38626E-03  0.17161E-03  0.68749E+00 -0.10257E-01  0.68302E+00
   66.00  0.63554E+00 -0.72548E+00 -0.33090E-03 -0.42458E-04  0.98546E+00  0.37172E-03  0.14176E-03  0.66740E+00 -0.10569E-01  0.66293E+00
   67.00  0.61490E+00 -0.74352E+00 -0.32809E-03 -0.40238E-04  0.98490E+00  0.35852E-03  0.10880E-03  0.64640E+00 -0.10886E-01  0.64196E+00
   68.00  0.59585E+00 -0.76130E+00 -0.32374E-03 -0.35648E-04  0.98434E+00  0.34598E-03  0.73478E-04  0.62451E+00 -0.11192E-01  0.62011E+00
   69.00  0.57827E+00 -0.77878E+00 -0.31755E-03 -0.29570E-04  0.98380E+00  0.33343E-03  0.36593E-04  0.60175E+00 -0.11467E-01  0.59741E+00
   70.00  0.56203E+00 -0.79586E+00 -0.30924E-03 -0.22816E-04  0.98327E+00  0.32025E-03 -0.10199E-05  0.57813E+00 -0.11693E-01  0.57388E+00
   71.00  0.54699E+00 -0.81250E+00 -0.29855E-03 -0.16090E-04  0.98275E+00  0.30589E-03 -0.38548E-04  0.55369E+00 -0.11853E-01  0.54956E+00
   72.00  0.53302E+00 -0.82861E+00 -0.28526E-03 -0.99626E-05  0.98225E+00  0.28990E-03 -0.75238E-04  0.52846E+00 -0.11931E-01  0.52447E+00
   73.00  0.51998E+00 -0.84414E+00 -0.26920E-03 -0.48529E-05  0.98176E+00  0.27196E-03 -0.11043E-03  0.50247E+00 -0.11915E-01  0.49867E+00
   74.00  0.50774E+00 -0.85903E+00 -0.25025E-03 -0.10269E-05  0.98128E+00  0.25186E-03 -0.14358E-03  0.47578E+00 -0.11794E-01  0.47217E+00
   75.00  0.49617E+00 -0.87321E+00 -0.22838E-03  0.13958E-05  0.98081E+00  0.22951E-03 -0.17428E-03  0.44841E+00 -0.11562E-01  0.44503E+00
   76.00  0.48516E+00 -0.88664E+00 -0.20358E-03  0.24262E-05  0.98035E+00  0.20496E-03 -0.20226E-03  0.42039E+00 -0.11215E-01  0.41727E+00
   77.00  0.47460E+00 -0.89926E+00 -0.17592E-03  0.21834E-05  0.97989E+00  0.17834E-03 -0.22741E-03  0.39178E+00 -0.10752E-01  0.38894E+00
   78.00  0.46439E+00 -0.91104E+00 -0.14553E-03  0.86885E-06  0.97942E+00  0.14989E-03 -0.24974E-03  0.36261E+00 -0.10177E-01  0.36007E+00
   79.00  0.45445E+00 -0.92193E+00 -0.11259E-03 -0.12607E-05  0.97895E+00  0.11992E-03 -0.26939E-03  0.33292E+00 -0.94957E-02  0.33070E+00
   80.00  0.44474E+00 -0.93190E+00 -0.77327E-04 -0.39204E-05  0.97847E+00  0.88804E-04 -0.28662E-03  0.30274E+00 -0.87150E-02  0.30086E+00
   81.00  0.43518E+00 -0.94090E+00 -0.40020E-04 -0.68222E-05  0.97798E+00  0.56945E-04 -0.30177E-03  0.27211E+00 -0.78451E-02  0.27060E+00
   82.00  0.42575E+00 -0.94892E+00 -0.98924E-06 -0.96965E-05  0.97747E+00  0.24790E-04 -0.31526E-03  0.24108E+00 -0.68973E-02  0.23996E+00
   83.00  0.41644E+00 -0.95592E+00  0.39405E-04 -0.12312E-04  0.97694E+00 -0.72012E-05 -0.32757E-03  0.20968E+00 -0.58841E-02  0.20896E+00
   84.00  0.40722E+00 -0.96188E+00  0.80765E-04 -0.14489E-04  0.97639E+00 -0.38565E-04 -0.33922E-03  0.17795E+00 -0.48190E-02  0.17766E+00
   85.00  0.39809E+00 -0.96677E+00  0.12266E-03 -0.16113E-04  0.97582E+00 -0.68842E-04 -0.35076E-03  0.14594E+00 -0.37156E-02  0.14609E+00
   86.00  0.38908E+00 -0.97058E+00  0.16464E-03 -0.17143E-04  0.97523E+00 -0.97584E-04 -0.36274E-03  0.11369E+00 -0.25880E-02  0.11431E+00
   87.00  0.38020E+00 -0.97329E+00  0.20620E-03 -0.17612E-04  0.97462E+00 -0.12437E-03 -0.37570E-03  0.81242E-01 -0.14498E-02  0.82350E-01
   88.00  0.37147E+00 -0.97489E+00  0.24686E-03 -0.17634E-04  0.97398E+00 -0.14879E-03 -0.39018E-03  0.48656E-01 -0.31455E-03  0.50268E-01
   89.00  0.36292E+00 -0.97537E+00  0.28608E-03 -0.17399E-04  0.97333E+00 -0.17050E-03 -0.40666E-03  0.15978E-01  0.80513E-03  0.18114E-01
   90.00  0.35458E+00 -0.97473E+00  0.32335E-03 -0.17170E-04  0.97266E+00 -0.18918E-03 -0.42559E-03 -0.16736E-01  0.18974E-02 -0.14058E-01
   91.00  0.34647E+00 -0.97296E+00  0.35813E-03 -0.17273E-04  0.97198E+00 -0.20454E-03 -0.44738E-03 -0.49433E-01  0.29516E-02 -0.46193E-01
   92.00  0.33863E+00 -0.97007E+00  0.38993E-03 -0.18091E-04  0.97129E+00 -0.21638E-03 -0.47235E-03 -0.82053E-01  0.39582E-02 -0.78234E-01
   93.00  0.33109E+00 -0.96607E+00  0.41826E-03 -0.20048E-04  0.97060E+00 -0.22455E-03 -0.50075E-03 -0.11454E+00  0.49093E-02 -0.11012E+00
   94.00  0.32387E+00 -0.96097E+00  0.44266E-03 -0.23595E-04  0.96991E+00 -0.22894E-03 -0.53278E-03 -0.14683E+00  0.57984E-02 -0.14180E+00
   95.00  0.31699E+00 -0.95480E+00  0.46275E-03 -0.29196E-04  0.96922E+00 -0.22953E-03 -0.56851E-03 -0.17887E+00  0.66208E-02 -0.17321E+00
   96.00  0.31047E+00 -0.94757E+00  0.47817E-03 -0.37310E-04  0.96855E+00 -0.22636E-03 -0.60795E-03 -0.21059E+00  0.73735E-02 -0.20429E+00
   97.00  0.30432E+00 -0.93931E+00  0.48868E-03 -0.48373E-04  0.96789E+00 -0.21955E-03 -0.65103E-03 -0.24193E+00  0.80548E-02 -0.23498E+00
   98.00  0.29855E+00 -0.93007E+00  0.49408E-03 -0.62784E-04  0.96725E+00 -0.20927E-03 -0.69757E-03 -0.27284E+00  0.86651E-02 -0.26523E+00
   99.00  0.29316E+00 -0.91988E+00  0.49428E-03 -0.80887E-04  0.96664E+00 -0.19576E-03 -0.74734E-03 -0.30327E+00  0.92058E-02 -0.29498E+00
  100.00  0.28815E+00 -0.90878E+00  0.48928E-03 -0.10296E-03  0.96606E+00 -0.17932E-03 -0.80002E-03 -0.33314E+00  0.96799E-02 -0.32418E+00
  101.00  0.28352E+00 -0.89681E+00  0.47918E-03 -0.12921E-03  0.96551E+00 -0.16027E-03 -0.85524E-03 -0.36242E+00  0.10091E-01 -0.35278E+00
  102.00  0.27926E+00 -0.88404E+00  0.46417E-03 -0.15976E-03  0.96500E+00 -0.13899E-03 -0.91259E-03 -0.39106E+00  0.10445E-01 -0.38073E+00
  103.00  0.27536E+00 -0.87050E+00  0.44451E-03 -0.19463E-03  0.96453E+00 -0.11589E-03 -0.97161E-03 -0.41901E+00  0.10746E-01 -0.40800E+00
  104.00  0.27181E+00 -0.85626E+00  0.42057E-03 -0.23379E-03  0.96410E+00 -0.91371E-04 -0.10318E-02 -0.44623E+00  0.11000E-01 -0.43455E+00
  105.00  0.26857E+00 -0.84137E+00  0.39276E-03 -0.27711E-03  0.96371E+00 -0.65861E-04 -0.10927E-02 -0.47270E+00  0.11212E-01 -0.46035E+00
  106.00  0.26565E+00 -0.82588E+00  0.36157E-03 -0.32436E-03  0.96336E+00 -0.39764E-04 -0.11539E-02 -0.49838E+00  0.11389E-01 -0.48536E+00
  107.00  0.26302E+00 -0.80986E+00  0.32751E-03 -0.37530E-03  0.96304E+00 -0.13473E-04 -0.12148E-02 -0.52324E+00  0.11535E-01 -0.50958E+00
  108.00  0.26065E+00 -0.79335E+00  0.29113E-03 -0.42958E-03  0.96277E+00  0.12645E-04 -0.12750E-02 -0.54728E+00  0.11656E-01 -0.53297E+00
  109.00  0.25853E+00 -0.77641E+00  0.25301E-03 -0.48684E-03  0.96253E+00  0.38254E-04 -0.13342E-02 -0.57047E+00  0.11754E-01 -0.55553E+00
  110.00  0.25664E+00 -0.75910E+00  0.21370E-03 -0.54667E-03  0.96232E+00  0.63056E-04 -0.13919E-02 -0.59281E+00  0.11834E-01 -0.57725E+00
  111.00  0.25496E+00 -0.74147E+00  0.17376E-03 -0.60866E-03  0.96214E+00  0.86790E-04 -0.14478E-02 -0.61429E+00  0.11897E-01 -0.59812E+00
  112.00  0.25346E+00 -0.72357E+00  0.13373E-03 -0.67235E-03  0.96200E+00  0.10924E-03 -0.15015E-02 -0.63491E+00  0.11946E-01 -0.61815E+00
  113.00  0.25214E+00 -0.70544E+00  0.94131E-04 -0.73733E-03  0.96187E+00  0.13022E-03 -0.15530E-02 -0.65467E+00  0.11982E-01 -0.63734E+00
  114.00  0.25097E+00 -0.68714E+00  0.55425E-04 -0.80315E-03  0.96177E+00  0.14960E-03 -0.16018E-02 -0.67358E+00  0.12006E-01 -0.65568E+00
  115.00  0.24993E+00 -0.66870E+00  0.18051E-04 -0.86940E-03  0.96168E+00  0.16727E-03 -0.16479E-02 -0.69166E+00  0.12017E-01 -0.67320E+00
  116.00  0.24903E+00 -0.65017E+00 -0.17600E-04 -0.93570E-03  0.96162E+00  0.18316E-03 -0.16910E-02 -0.70890E+00  0.12016E-01 -0.68990E+00
  117.00  0.24823E+00 -0.63159E+00 -0.51184E-04 -0.10017E-02  0.96156E+00  0.19725E-03 -0.17311E-02 -0.72533E+00  0.12001E-01 -0.70580E+00
  118.00  0.24753E+00 -0.61299E+00 -0.82404E-04 -0.10669E-02  0.96152E+00  0.20951E-03 -0.17680E-02 -0.74096E+00  0.11971E-01 -0.72092E+00
  119.00  0.24693E+00 -0.59442E+00 -0.11101E-03 -0.11312E-02  0.96148E+00  0.21997E-03 -0.18017E-02 -0.75582E+00  0.11926E-01 -0.73526E+00
  120.00  0.24641E+00 -0.57589E+00 -0.13681E-03 -0.11943E-02  0.96145E+00  0.22865E-03 -0.18321E-02 -0.76991E+00  0.11865E-01 -0.74886E+00
  121.00  0.24597E+00 -0.55745E+00 -0.15963E-03 -0.12557E-02  0.96143E+00  0.23562E-03 -0.18592E-02 -0.78327E+00  0.11786E-01 -0.76172E+00
  122.00  0.24560E+00 -0.53912E+00 -0.17938E-03 -0.13155E-02  0.96142E+00  0.24092E-03 -0.18829E-02 -0.79590E+00  0.11688E-01 -0.77388E+00
  123.00  0.24530E+00 -0.52092E+00 -0.19600E-03 -0.13733E-02  0.96140E+00  0.24464E-03 -0.19033E-02 -0.80785E+00  0.11571E-01 -0.78535E+00
  124.00  0.24506E+00 -0.50289E+00 -0.20944E-03 -0.14291E-02  0.96139E+00  0.24686E-03 -0.19202E-02 -0.81913E+00  0.11433E-01 -0.79616E+00
  125.00  0.24488E+00 -0.48505E+00 -0.21974E-03 -0.14827E-02  0.96138E+00  0.24767E-03 -0.19338E-02 -0.82975E+00  0.11275E-01 -0.80633E+00
  126.00  0.24477E+00 -0.46741E+00 -0.22693E-03 -0.15339E-02  0.96137E+00  0.24716E-03 -0.19440E-02 -0.83976E+00  0.11097E-01 -0.81588E+00
  127.00  0.24471E+00 -0.45000E+00 -0.23111E-03 -0.15829E-02  0.96136E+00  0.24542E-03 -0.19509E-02 -0.84917E+00  0.10898E-01 -0.82483E+00
  128.00  0.24471E+00 -0.43283E+00 -0.23240E-03 -0.16294E-02  0.96135E+00  0.24254E-03 -0.19544E-02 -0.85800E+00  0.10679E-01 -0.83322E+00
  129.00  0.24477E+00 -0.41593E+00 -0.23093E-03 -0.16736E-02  0.96135E+00  0.23863E-03 -0.19546E-02 -0.86629E+00  0.10441E-01 -0.84107E+00
  130.00  0.24489E+00 -0.39929E+00 -0.22687E-03 -0.17154E-02  0.96134E+00  0.23377E-03 -0.19515E-02 -0.87404E+00  0.10184E-01 -0.84839E+00
  131.00  0.24506E+00 -0.38295E+00 -0.22041E-03 -0.17548E-02  0.96133E+00  0.22806E-03 -0.19451E-02 -0.88130E+00  0.99102E-02 -0.85521E+00
  132.00  0.24529E+00 -0.36691E+00 -0.21178E-03 -0.17921E-02  0.96133E+00  0.22159E-03 -0.19356E-02 -0.88807E+00  0.96204E-02 -0.86156E+00
  133.00  0.24558E+00 -0.35118E+00 -0.20118E-03 -0.18272E-02  0.96132E+00  0.21444E-03 -0.19229E-02 -0.89439E+00  0.93162E-02 -0.86745E+00
  134.00  0.24592E+00 -0.33577E+00 -0.18886E-03 -0.18603E-02  0.96131E+00  0.20670E-03 -0.19071E-02 -0.90027E+00  0.89995E-02 -0.87291E+00
  135.00  0.24632E+00 -0.32069E+00 -0.17508E-03 -0.18915E-02  0.96131E+00  0.19845E-03 -0.18883E-02 -0.90574E+00  0.86720E-02 -0.87796E+00
  136.00  0.24677E+00 -0.30595E+00 -0.16007E-03 -0.19210E-02  0.96130E+00  0.18977E-03 -0.18665E-02 -0.91081E+00  0.83355E-02 -0.88262E+00
  137.00  0.24727E+00 -0.29155E+00 -0.14411E-03 -0.19489E-02  0.96129E+00  0.18075E-03 -0.18418E-02 -0.91552E+00  0.79922E-02 -0.88691E+00
  138.00  0.24783E+00 -0.27750E+00 -0.12744E-03 -0.19755E-02  0.96128E+00  0.17145E-03 -0.18142E-02 -0.91987E+00  0.76438E-02 -0.89086E+00
  139.00  0.24843E+00 -0.26380E+00 -0.11033E-03 -0.20008E-02  0.96128E+00  0.16195E-03 -0.17840E-02 -0.92389E+00  0.72922E-02 -0.89447E+00
  140.00  0.24909E+00 -0.25046E+00 -0.93029E-04 -0.20251E-02  0.96127E+00  0.15233E-03 -0.17511E-02 -0.92759E+00  0.69395E-02 -0.89778E+00
  141.00  0.24978E+00 -0.23748E+00 -0.75766E-04 -0.20485E-02  0.96126E+00  0.14264E-03 -0.17156E-02 -0.93100E+00  0.65872E-02 -0.90079E+00
  142.00  0.25052E+00 -0.22487E+00 -0.58775E-04 -0.20714E-02  0.96125E+00  0.13297E-03 -0.16777E-02 -0.93413E+00  0.62371E-02 -0.90353E+00
  143.00  0.25129E+00 -0.21261E+00 -0.42268E-04 -0.20938E-02  0.96124E+00  0.12337E-03 -0.16374E-02 -0.93700E+00  0.58908E-02 -0.90601E+00
  144.00  0.25211E+00 -0.20072E+00 -0.26441E-04 -0.21160E-02  0.96123E+00  0.11391E-03 -0.15949E-02 -0.93962E+00  0.55497E-02 -0.90825E+00
  145.00  0.25295E+00 -0.18920E+00 -0.11469E-04 -0.21382E-02  0.96122E+00  0.10464E-03 -0.15503E-02 -0.94201E+00  0.52150E-02 -0.91026E+00
  146.00  0.25382E+00 -0.17804E+00  0.24929E-05 -0.21604E-02  0.96120E+00  0.95614E-04 -0.15037E-02 -0.94418E+00  0.48879E-02 -0.91206E+00
  147.00  0.25472E+00 -0.16724E+00  0.15313E-04 -0.21830E-02  0.96119E+00  0.86886E-04 -0.14552E-02 -0.94616E+00  0.45693E-02 -0.91366E+00
  148.00  0.25564E+00 -0.15681E+00  0.26886E-04 -0.22059E-02  0.96117E+00  0.78500E-04 -0.14050E-02 -0.94794E+00  0.42602E-02 -0.91509E+00
  149.00  0.25658E+00 -0.14674E+00  0.37130E-04 -0.22294E-02  0.96116E+00  0.70496E-04 -0.13532E-02 -0.94955E+00  0.39613E-02 -0.91634E+00
  150.00  0.25753E+00 -0.13703E+00  0.45989E-04 -0.22536E-02  0.96113E+00  0.62908E-04 -0.12999E-02 -0.95100E+00  0.36730E-02 -0.91743E+00
  151.00  0.25849E+00 -0.12768E+00  0.53434E-04 -0.22785E-02  0.96111E+00  0.55764E-04 -0.12453E-02 -0.95229E+00  0.33960E-02 -0.91838E+00
  152.00  0.25946E+00 -0.11868E+00  0.59462E-04 -0.23043E-02  0.96109E+00  0.49087E-04 -0.11895E-02 -0.95345E+00  0.31305E-02 -0.91920E+00
  153.00  0.26043E+00 -0.11003E+00  0.64093E-04 -0.23310E-02  0.96106E+00  0.42893E-04 -0.11328E-02 -0.95448E+00  0.28767E-02 -0.91989E+00
  154.00  0.26140E+00 -0.10174E+00  0.67369E-04 -0.23586E-02  0.96103E+00  0.37190E-04 -0.10752E-02 -0.95539E+00  0.26349E-02 -0.92047E+00
  155.00  0.26236E+00 -0.93792E-01  0.69355E-04 -0.23871E-02  0.96100E+00  0.31983E-04 -0.10169E-02 -0.95619E+00  0.24052E-02 -0.92095E+00
  156.00  0.26332E+00 -0.86191E-01  0.70134E-04 -0.24164E-02  0.96097E+00  0.27267E-04 -0.95820E-03 -0.95689E+00  0.21874E-02 -0.92133E+00
  157.00  0.26427E+00 -0.78933E-01  0.69805E-04 -0.24467E-02  0.96093E+00  0.23033E-04 -0.89920E-03 -0.95749E+00  0.19817E-02 -0.92163E+00
  158.00  0.26520E+00 -0.72014E-01  0.68480E-04 -0.24777E-02  0.96089E+00  0.19267E-04 -0.84012E-03 -0.95802E+00  0.17879E-02 -0.92186E+00
  159.00  0.26611E+00 -0.65433E-01  0.66280E-04 -0.25095E-02  0.96085E+00  0.15949E-04 -0.78118E-03 -0.95847E+00  0.16058E-02 -0.92201E+00
  160.00  0.26701E+00 -0.59186E-01  0.63333E-04 -0.25418E-02  0.96080E+00  0.13056E-04 -0.72260E-03 -0.95885E+00  0.14354E-02 -0.92211E+00
  161.00  0.26788E+00 -0.53270E-01  0.59771E-04 -0.25745E-02  0.96076E+00  0.10559E-04 -0.66462E-03 -0.95916E+00  0.12763E-02 -0.92215E+00
  162.00  0.26872E+00 -0.47682E-01  0.55725E-04 -0.26076E-02  0.96071E+00  0.84293E-05 -0.60746E-03 -0.95943E+00  0.11284E-02 -0.92214E+00
  163.00  0.26954E+00 -0.42420E-01  0.51324E-04 -0.26407E-02  0.96066E+00  0.66343E-05 -0.55137E-03 -0.95964E+00  0.99134E-03 -0.92210E+00
  164.00  0.27032E+00 -0.37480E-01  0.46689E-04 -0.26737E-02  0.96061E+00  0.51411E-05 -0.49662E-03 -0.95981E+00  0.86488E-03 -0.92201E+00
  165.00  0.27107E+00 -0.32859E-01  0.41936E-04 -0.27064E-02  0.96056E+00  0.39163E-05 -0.44345E-03 -0.95994E+00  0.74870E-03 -0.92191E+00
  166.00  0.27179E+00 -0.28555E-01  0.37170E-04 -0.27386E-02  0.96051E+00  0.29268E-05 -0.39213E-03 -0.96004E+00  0.64245E-03 -0.92177E+00
  167.00  0.27247E+00 -0.24565E-01  0.32482E-04 -0.27700E-02  0.96045E+00  0.21408E-05 -0.34292E-03 -0.96010E+00  0.54580E-03 -0.92162E+00
  168.00  0.27310E+00 -0.20885E-01  0.27954E-04 -0.28003E-02  0.96040E+00  0.15279E-05 -0.29607E-03 -0.96015E+00  0.45837E-03 -0.92146E+00
  169.00  0.27370E+00 -0.17512E-01  0.23653E-04 -0.28294E-02  0.96035E+00  0.10600E-05 -0.25185E-03 -0.96017E+00  0.37979E-03 -0.92129E+00
  170.00  0.27425E+00 -0.14444E-01  0.19634E-04 -0.28570E-02  0.96030E+00  0.71125E-06 -0.21051E-03 -0.96018E+00  0.30968E-03 -0.92112E+00
  171.00  0.27475E+00 -0.11679E-01  0.15940E-04 -0.28828E-02  0.96026E+00  0.45851E-06 -0.17227E-03 -0.96018E+00  0.24767E-03 -0.92095E+00
  172.00  0.27521E+00 -0.92122E-02  0.12603E-04 -0.29066E-02  0.96022E+00  0.28139E-06 -0.13739E-03 -0.96017E+00  0.19338E-03 -0.92079E+00
  173.00  0.27561E+00 -0.70424E-02  0.96427E-05 -0.29282E-02  0.96018E+00  0.16229E-06 -0.10606E-03 -0.96015E+00  0.14646E-03 -0.92064E+00
  174.00  0.27597E+00 -0.51672E-02  0.70738E-05 -0.29474E-02  0.96014E+00  0.86301E-07 -0.78483E-04 -0.96013E+00  0.10656E-03 -0.92050E+00
  175.00  0.27627E+00 -0.35842E-02  0.49026E-05 -0.29640E-02  0.96011E+00  0.41066E-07 -0.54836E-04 -0.96010E+00  0.73373E-04 -0.92037E+00
  176.00  0.27652E+00 -0.22917E-02  0.31309E-05 -0.29778E-02  0.96008E+00  0.16629E-07 -0.35272E-04 -0.96008E+00  0.46625E-04 -0.92027E+00
  177.00  0.27672E+00 -0.12881E-02  0.17576E-05 -0.29886E-02  0.96006E+00  0.52132E-08 -0.19918E-04 -0.96006E+00  0.26079E-04 -0.92019E+00
  178.00  0.27686E+00 -0.57219E-03  0.77993E-06 -0.29965E-02  0.96005E+00  0.10228E-08 -0.88774E-05 -0.96005E+00  0.11543E-04 -0.92012E+00
  179.00  0.27694E+00 -0.14300E-03  0.19478E-06 -0.30012E-02  0.96004E+00  0.63660E-10 -0.22231E-05 -0.96004E+00  0.28786E-05 -0.92009E+00
  180.00  0.27697E+00 -0.35437E-14  0.48256E-17 -0.30028E-02  0.96004E+00  0.39048E-31 -0.55127E-16 -0.96004E+00  0.71284E-16 -0.92007E+00
 scattering matrix expansion coefficients
    w  a11         a22         a33         a23         a32         a44         a12         a34         a13         a24         a14
    0  0.1000E+01  0.0000E+00  0.0000E+00  0.0000E+00  0.0000E+00  0.6880E+00  0.0000E+00  0.0000E+00  0.0000E+00  0.0000E+00  0.9187E-04
    1  0.1816E+01  0.0000E+00  0.0000E+00  0.0000E+00  0.0000E+00  0.2062E+01  0.0000E+00  0.0000E+00  0.0000E+00  0.0000E+00  0.9113E-03
    2  0.2088E+01  0.3542E+00  0.3371E+01  0.6922E-07  0.2180E-02  0.2143E+01 -0.6661E+00 -0.7196E-02 -0.1172E-03 -0.3204E-03  0.3219E-03
    3  0.1871E+01  0.1426E+00  0.2465E+01 -0.8554E-07  0.1468E-02  0.1877E+01 -0.4362E+00 -0.2172E-01 -0.3267E-03  0.5816E-03  0.3005E-03
    4  0.1593E+01  0.6864E-01  0.1907E+01 -0.1813E-06  0.4874E-03  0.1566E+01 -0.2673E+00 -0.2270E-01 -0.3964E-03 -0.9016E-04 -0.1839E-03
    5  0.1283E+01  0.1991E-01  0.1493E+01 -0.8163E-07 -0.2448E-03  0.1283E+01 -0.1984E+00 -0.2343E-01 -0.1035E-03  0.1394E-03 -0.5788E-03
    6  0.1012E+01  0.9572E-02  0.1151E+01  0.1074E-06 -0.3573E-03  0.1025E+01 -0.1684E+00 -0.2584E-01  0.4095E-04 -0.4171E-04 -0.6227E-03
    7  0.8115E+00  0.1227E-01  0.8935E+00  0.9968E-07 -0.4634E-03  0.8173E+00 -0.1154E+00 -0.2555E-01 -0.9560E-04 -0.4849E-04 -0.3179E-03
    8  0.6703E+00  0.1510E-01  0.7154E+00  0.3345E-07 -0.3816E-03  0.6570E+00 -0.5691E-01 -0.2080E-01 -0.2084E-04  0.2469E-04 -0.1221E-03
    9  0.5364E+00  0.6243E-02  0.5718E+00  0.2009E-07 -0.2190E-03  0.5263E+00 -0.3236E-01 -0.1399E-01  0.4973E-04  0.1327E-03  0.3855E-04
   10  0.4024E+00 -0.2550E-02  0.4364E+00  0.1950E-07 -0.1703E-03  0.4072E+00 -0.3526E-01 -0.9576E-02  0.2536E-04  0.8565E-04  0.2875E-04
   11  0.2944E+00 -0.8171E-03  0.3184E+00  0.6864E-08 -0.2330E-03  0.2991E+00 -0.3219E-01 -0.7362E-02 -0.8751E-05 -0.6124E-05 -0.1065E-03
   12  0.2154E+00  0.2702E-02  0.2288E+00 -0.2959E-08 -0.2768E-03  0.2134E+00 -0.1789E-01 -0.4976E-02 -0.1749E-04 -0.5136E-04 -0.2342E-03
   13  0.1513E+00  0.1876E-02  0.1606E+00  0.5556E-08 -0.2397E-03  0.1488E+00 -0.8393E-02 -0.2300E-02 -0.2232E-05 -0.3674E-04 -0.2510E-03
   14  0.9638E-01  0.2100E-04  0.1042E+00  0.1067E-07 -0.1600E-03  0.9642E-01 -0.7613E-02 -0.4753E-03  0.7590E-05 -0.9778E-05 -0.1847E-03
   15  0.5377E-01 -0.4037E-03  0.5941E-01  0.7556E-08 -0.8452E-04  0.5472E-01 -0.8496E-02  0.2188E-03  0.9882E-05  0.4714E-05 -0.1025E-03
   16  0.2595E-01 -0.3019E-04  0.2897E-01  0.3817E-08 -0.3661E-04  0.2635E-01 -0.6988E-02  0.2658E-03  0.6324E-05  0.6254E-05 -0.4534E-04
   17  0.1081E-01  0.2039E-03  0.1202E-01  0.1510E-08 -0.1315E-04  0.1071E-01 -0.4208E-02  0.1495E-03  0.3021E-05  0.3627E-05 -0.1636E-04
   18  0.3901E-02  0.1896E-03  0.4267E-02  0.4687E-09 -0.4006E-05  0.3693E-02 -0.1957E-02  0.5991E-04  0.1105E-05  0.1464E-05 -0.4954E-05
   19  0.1223E-02  0.1019E-03  0.1306E-02  0.1114E-09 -0.1039E-05  0.1091E-02 -0.7347E-03  0.1899E-04  0.3318E-06  0.4603E-06 -0.1267E-05
   20  0.3354E-03  0.4012E-04  0.3474E-03  0.2002E-10 -0.2302E-06  0.2790E-03 -0.2291E-03  0.4966E-05  0.8138E-07  0.1132E-06 -0.2702E-06
   21  0.8066E-04  0.1253E-04  0.8084E-04  0.2555E-11 -0.4343E-07  0.6213E-04 -0.6058E-04  0.1090E-05  0.1647E-07  0.2101E-07 -0.4640E-07
   22  0.1705E-04  0.3230E-05  0.1652E-04  0.2222E-12 -0.7173E-08  0.1211E-04 -0.1374E-04  0.1998E-06  0.2813E-08  0.2746E-08 -0.6055E-08
   23  0.3165E-05  0.6988E-06  0.2963E-05  0.5457E-14 -0.1078E-08  0.2064E-05 -0.2690E-05  0.3169E-07  0.4364E-09  0.1833E-09 -0.5712E-09
   24  0.5138E-06  0.1280E-06  0.4653E-06 -0.1033E-13 -0.1483E-09  0.3075E-06 -0.4548E-06  0.4108E-08  0.6098E-10 -0.5521E-11 -0.3131E-10
   25  0.7168E-07  0.1967E-07  0.6291E-07 -0.3935E-14 -0.1932E-10  0.3939E-07 -0.6548E-07  0.4847E-09  0.8520E-11 -0.3786E-11 -0.9080E-12
   26  0.8670E-08  0.2570E-08  0.7393E-08 -0.1161E-14 -0.2093E-11  0.4380E-08 -0.8116E-08  0.4614E-10  0.9556E-12 -0.4353E-12  0.2743E-13
   27  0.8278E-09  0.2614E-09  0.6871E-09 -0.2490E-15 -0.1974E-12  0.3854E-09 -0.7903E-09  0.3928E-11  0.9906E-13 -0.2830E-13 -0.2559E-13
   28  0.7069E-10  0.2353E-10  0.5723E-10 -0.4271E-16 -0.1362E-13  0.3031E-10 -0.6855E-10  0.2899E-12  0.7099E-14 -0.5821E-15 -0.1640E-14
   29  0.3360E-11  0.1166E-11  0.2663E-11 -0.7168E-17 -0.6805E-15  0.1334E-11 -0.3301E-11  0.1267E-13  0.4078E-15  0.2675E-15 -0.5255E-15
   30  0.2286E-12  0.8456E-13  0.1782E-12 -0.8916E-18 -0.1474E-16  0.8387E-13 -0.2285E-12  0.7989E-15  0.1079E-16 -0.3826E-16  0.5159E-16
