 input file is 
mstm12_256_6398_145_009.inp   
 input file comments follow:
***********************************************************
  This is the default mstm input file for v.3.0.
  The run is for a 7-sphere cluster of identical spheres.   The positions
  are embedded in the input file.

  The run makes use of the new_run and multiple_run options.

  14 April 2013
***********************************************************
 number of processors:
   1
 input parameters for run number 
    1
 number of spheres, volume size parameter:
  256  0.40625E+01
 position file:
position/n256/a12.out                                       
 output file:
output/256/x6398/145/009/mt_12_256_6398_145_009.dat         
 length, ref. indx. scale factors:
   0.640   1.450   0.090
 chiral factors:
  0.00000E+00  0.00000E+00
 scattering matrix directions based on incident frame
 automatic scattering angle calculation
 thetamin, thetamax:
      0.0    180.0
 number scattering angles:
      181
 epsmie, epssoln, max number iterations:
  0.1000E-05  0.1000E-07 5000
 medium refractive index:
  1.0000  0.0000
 target euler rotation angles:
    0.0000    0.0000    0.0000
 far field kr, iterations/correction:
 -0.1000E+01   20
 plane wave incidence
 random orientation calculations
 t matrix calculated, stored in file 
tmatrixfiles/122566398145009                                
 t matrix convergence epsilon:
  0.1000E-06
 all spheres excited (total T matrix) 
 calculation results for run 
    1
 total ext, abs, scat efficiencies, w.r.t. xv, and asym. parm
  0.21259E+01  0.92491E+00  0.12010E+01  0.74840E+00
 scattering matrix elements (normalized w/ S11)
   theta      11           12           13           14           22           23           24           33           34           44      
    0.00  0.77407E+02  0.00000E+00  0.00000E+00 -0.10530E-04  0.99986E+00 -0.41660E-06  0.00000E+00  0.99986E+00  0.00000E+00  0.99972E+00 
    1.00  0.76501E+02 -0.15240E-03 -0.91553E-08 -0.10520E-04  0.99986E+00 -0.74985E-07  0.22537E-07  0.99986E+00 -0.52163E-05  0.99971E+00 
    2.00  0.73853E+02 -0.61080E-03 -0.39211E-07 -0.10503E-04  0.99985E+00  0.10088E-05  0.90512E-07  0.99985E+00 -0.21606E-04  0.99971E+00 
    3.00  0.69652E+02 -0.13788E-02 -0.98195E-07 -0.10522E-04  0.99984E+00  0.30157E-05  0.20511E-06  0.99984E+00 -0.51355E-04  0.99969E+00 
    4.00  0.64193E+02 -0.24623E-02 -0.20033E-06 -0.10651E-04  0.99983E+00  0.62612E-05  0.36865E-06  0.99983E+00 -0.97965E-04  0.99966E+00 
    5.00  0.57842E+02 -0.38699E-02 -0.36726E-06 -0.11001E-04  0.99981E+00  0.11214E-04  0.58522E-06  0.99981E+00 -0.16597E-03  0.99963E+00 
    6.00  0.50989E+02 -0.56123E-02 -0.62970E-06 -0.11730E-04  0.99979E+00  0.18519E-04  0.86165E-06  0.99978E+00 -0.26036E-03  0.99957E+00 
    7.00  0.44020E+02 -0.77021E-02 -0.10290E-05 -0.13047E-04  0.99976E+00  0.29013E-04  0.12091E-05  0.99973E+00 -0.38559E-03  0.99950E+00 
    8.00  0.37273E+02 -0.10152E-01 -0.16184E-05 -0.15221E-04  0.99973E+00  0.43718E-04  0.16452E-05  0.99968E+00 -0.54391E-03  0.99941E+00 
    9.00  0.31015E+02 -0.12975E-01 -0.24616E-05 -0.18583E-04  0.99968E+00  0.63792E-04  0.21973E-05  0.99960E+00 -0.73285E-03  0.99929E+00 
   10.00  0.25431E+02 -0.16175E-01 -0.36279E-05 -0.23510E-04  0.99962E+00  0.90380E-04  0.29055E-05  0.99949E+00 -0.94190E-03  0.99913E+00 
   11.00  0.20619E+02 -0.19749E-01 -0.51786E-05 -0.30396E-04  0.99954E+00  0.12434E-03  0.38251E-05  0.99935E+00 -0.11491E-02  0.99892E+00 
   12.00  0.16601E+02 -0.23673E-01 -0.71437E-05 -0.39588E-04  0.99945E+00  0.16579E-03  0.50262E-05  0.99917E+00 -0.13191E-02  0.99865E+00 
   13.00  0.13335E+02 -0.27905E-01 -0.94867E-05 -0.51307E-04  0.99933E+00  0.21357E-03  0.65855E-05  0.99895E+00 -0.14053E-02  0.99832E+00 
   14.00  0.10741E+02 -0.32380E-01 -0.12066E-04 -0.65560E-04  0.99919E+00  0.26472E-03  0.85680E-05  0.99867E+00 -0.13602E-02  0.99793E+00 
   15.00  0.87163E+01 -0.37026E-01 -0.14607E-04 -0.82105E-04  0.99903E+00  0.31441E-03  0.10997E-04  0.99834E+00 -0.11533E-02  0.99746E+00 
   16.00  0.71528E+01 -0.41782E-01 -0.16709E-04 -0.10048E-03  0.99884E+00  0.35645E-03  0.13817E-04  0.99796E+00 -0.79294E-03  0.99692E+00 
   17.00  0.59515E+01 -0.46625E-01 -0.17889E-04 -0.12011E-03  0.99863E+00  0.38447E-03  0.16867E-04  0.99753E+00 -0.34148E-03  0.99631E+00 
   18.00  0.50283E+01 -0.51581E-01 -0.17669E-04 -0.14040E-03  0.99839E+00  0.39335E-03  0.19866E-04  0.99704E+00  0.87341E-04  0.99563E+00 
   19.00  0.43165E+01 -0.56728E-01 -0.15666E-04 -0.16069E-03  0.99814E+00  0.38030E-03  0.22437E-04  0.99651E+00  0.35201E-03  0.99490E+00 
   20.00  0.37656E+01 -0.62173E-01 -0.11684E-04 -0.18016E-03  0.99788E+00  0.34538E-03  0.24149E-04  0.99592E+00  0.32150E-03  0.99411E+00 
   21.00  0.33380E+01 -0.68026E-01 -0.57785E-05 -0.19773E-03  0.99762E+00  0.29138E-03  0.24603E-04  0.99527E+00 -0.84752E-04  0.99326E+00 
   22.00  0.30055E+01 -0.74369E-01  0.17207E-05 -0.21202E-03  0.99736E+00  0.22312E-03  0.23525E-04  0.99455E+00 -0.87070E-03  0.99235E+00 
   23.00  0.27452E+01 -0.81243E-01  0.10245E-04 -0.22171E-03  0.99712E+00  0.14646E-03  0.20855E-04  0.99377E+00 -0.19638E-02  0.99139E+00 
   24.00  0.25386E+01 -0.88652E-01  0.19092E-04 -0.22590E-03  0.99688E+00  0.67092E-04  0.16772E-04  0.99290E+00 -0.32442E-02  0.99035E+00 
   25.00  0.23696E+01 -0.96578E-01  0.27567E-04 -0.22455E-03  0.99666E+00 -0.10457E-04  0.11663E-04  0.99192E+00 -0.45911E-02  0.98923E+00 
   26.00  0.22256E+01 -0.10501E+00  0.35093E-04 -0.21865E-03  0.99645E+00 -0.83158E-04  0.60291E-05  0.99083E+00 -0.59240E-02  0.98800E+00 
   27.00  0.20975E+01 -0.11395E+00  0.41257E-04 -0.21019E-03  0.99625E+00 -0.14919E-03  0.39668E-06  0.98959E+00 -0.72231E-02  0.98663E+00 
   28.00  0.19799E+01 -0.12345E+00  0.45794E-04 -0.20189E-03  0.99604E+00 -0.20712E-03 -0.47407E-05  0.98819E+00 -0.85224E-02  0.98509E+00 
   29.00  0.18713E+01 -0.13356E+00  0.48557E-04 -0.19689E-03  0.99582E+00 -0.25509E-03 -0.89525E-05  0.98658E+00 -0.98836E-02  0.98335E+00 
   30.00  0.17730E+01 -0.14434E+00  0.49488E-04 -0.19821E-03  0.99561E+00 -0.29017E-03 -0.11893E-04  0.98477E+00 -0.11359E-01  0.98141E+00 
   31.00  0.16878E+01 -0.15580E+00  0.48631E-04 -0.20808E-03  0.99540E+00 -0.30850E-03 -0.13344E-04  0.98273E+00 -0.12953E-01  0.97925E+00 
   32.00  0.16186E+01 -0.16790E+00  0.46167E-04 -0.22717E-03  0.99521E+00 -0.30602E-03 -0.13277E-04  0.98049E+00 -0.14595E-01  0.97690E+00 
   33.00  0.15666E+01 -0.18050E+00  0.42412E-04 -0.25397E-03  0.99505E+00 -0.27986E-03 -0.11905E-04  0.97805E+00 -0.16141E-01  0.97438E+00 
   34.00  0.15311E+01 -0.19345E+00  0.37771E-04 -0.28483E-03  0.99492E+00 -0.22959E-03 -0.96740E-05  0.97545E+00 -0.17408E-01  0.97172E+00 
   35.00  0.15086E+01 -0.20653E+00  0.32616E-04 -0.31487E-03  0.99481E+00 -0.15753E-03 -0.71672E-05  0.97270E+00 -0.18229E-01  0.96893E+00 
   36.00  0.14937E+01 -0.21963E+00  0.27160E-04 -0.33920E-03  0.99470E+00 -0.67993E-04 -0.49502E-05  0.96981E+00 -0.18505E-01  0.96600E+00 
   37.00  0.14798E+01 -0.23267E+00  0.21366E-04 -0.35408E-03  0.99459E+00  0.34208E-04 -0.34353E-05  0.96675E+00 -0.18224E-01  0.96291E+00 
   38.00  0.14607E+01 -0.24568E+00  0.14929E-04 -0.35739E-03  0.99444E+00  0.14505E-03 -0.28056E-05  0.96350E+00 -0.17448E-01  0.95961E+00 
   39.00  0.14311E+01 -0.25870E+00  0.73133E-05 -0.34861E-03  0.99424E+00  0.26186E-03 -0.29974E-05  0.96001E+00 -0.16284E-01  0.95603E+00 
   40.00  0.13882E+01 -0.27184E+00 -0.21949E-05 -0.32847E-03  0.99398E+00  0.38322E-03 -0.37070E-05  0.95623E+00 -0.14860E-01  0.95212E+00 
   41.00  0.13315E+01 -0.28518E+00 -0.14415E-04 -0.29876E-03  0.99364E+00  0.50834E-03 -0.43941E-05  0.95210E+00 -0.13309E-01  0.94783E+00 
   42.00  0.12631E+01 -0.29883E+00 -0.30180E-04 -0.26222E-03  0.99324E+00  0.63625E-03 -0.42729E-05  0.94758E+00 -0.11755E-01  0.94310E+00 
   43.00  0.11868E+01 -0.31286E+00 -0.50187E-04 -0.22253E-03  0.99276E+00  0.76481E-03 -0.23107E-05  0.94262E+00 -0.10311E-01  0.93791E+00 
   44.00  0.11072E+01 -0.32732E+00 -0.74785E-04 -0.18435E-03  0.99221E+00  0.88994E-03  0.27306E-05  0.93719E+00 -0.90696E-02  0.93221E+00 
   45.00  0.10292E+01 -0.34224E+00 -0.10370E-03 -0.15303E-03  0.99163E+00  0.10051E-02  0.12162E-04  0.93127E+00 -0.80903E-02  0.92602E+00 
   46.00  0.95656E+00 -0.35761E+00 -0.13576E-03 -0.13392E-03  0.99103E+00  0.11015E-02  0.27120E-04  0.92486E+00 -0.73833E-02  0.91935E+00 
   47.00  0.89202E+00 -0.37337E+00 -0.16883E-03 -0.13127E-03  0.99045E+00  0.11692E-02  0.48248E-04  0.91797E+00 -0.68987E-02  0.91225E+00 
   48.00  0.83662E+00 -0.38943E+00 -0.19994E-03 -0.14701E-03  0.98992E+00  0.11993E-02  0.75411E-04  0.91065E+00 -0.65295E-02  0.90475E+00 
   49.00  0.79001E+00 -0.40572E+00 -0.22581E-03 -0.18005E-03  0.98944E+00  0.11861E-02  0.10763E-03  0.90292E+00 -0.61357E-02  0.89690E+00 
   50.00  0.75079E+00 -0.42213E+00 -0.24345E-03 -0.22656E-03  0.98903E+00  0.11282E-02  0.14326E-03  0.89480E+00 -0.55820E-02  0.88872E+00 
   51.00  0.71695E+00 -0.43862E+00 -0.25058E-03 -0.28118E-03  0.98866E+00  0.10288E-02  0.18046E-03  0.88628E+00 -0.47770E-02  0.88018E+00 
   52.00  0.68640E+00 -0.45515E+00 -0.24585E-03 -0.33859E-03  0.98831E+00  0.89383E-03  0.21754E-03  0.87733E+00 -0.36960E-02  0.87123E+00 
   53.00  0.65739E+00 -0.47174E+00 -0.22863E-03 -0.39482E-03  0.98795E+00  0.73088E-03  0.25334E-03  0.86789E+00 -0.23855E-02  0.86180E+00 
   54.00  0.62874E+00 -0.48842E+00 -0.19885E-03 -0.44789E-03  0.98755E+00  0.54762E-03  0.28723E-03  0.85791E+00 -0.95131E-03  0.85181E+00 
   55.00  0.59998E+00 -0.50523E+00 -0.15678E-03 -0.49780E-03  0.98710E+00  0.35160E-03  0.31911E-03  0.84731E+00  0.45913E-03  0.84118E+00 
   56.00  0.57120E+00 -0.52222E+00 -0.10305E-03 -0.54613E-03  0.98659E+00  0.15039E-03  0.34928E-03  0.83604E+00  0.16784E-02  0.82983E+00 
   57.00  0.54294E+00 -0.53944E+00 -0.38842E-04 -0.59527E-03  0.98603E+00 -0.47999E-04  0.37824E-03  0.82403E+00  0.25424E-02  0.81773E+00 
   58.00  0.51593E+00 -0.55691E+00  0.33936E-04 -0.64752E-03  0.98543E+00 -0.23499E-03  0.40658E-03  0.81127E+00  0.29157E-02  0.80483E+00 
   59.00  0.49087E+00 -0.57464E+00  0.11247E-03 -0.70416E-03  0.98480E+00 -0.40182E-03  0.43480E-03  0.79771E+00  0.27179E-02  0.79113E+00 
   60.00  0.46823E+00 -0.59262E+00  0.19311E-03 -0.76463E-03  0.98418E+00 -0.54057E-03  0.46316E-03  0.78337E+00  0.19434E-02  0.77663E+00 
   61.00  0.44822E+00 -0.61081E+00  0.27173E-03 -0.82625E-03  0.98358E+00 -0.64552E-03  0.49155E-03  0.76824E+00  0.66809E-03  0.76135E+00 
   62.00  0.43068E+00 -0.62913E+00  0.34426E-03 -0.88439E-03  0.98301E+00 -0.71441E-03  0.51944E-03  0.75234E+00 -0.96353E-03  0.74531E+00 
   63.00  0.41524E+00 -0.64751E+00  0.40731E-03 -0.93336E-03  0.98248E+00 -0.74896E-03  0.54595E-03  0.73569E+00 -0.27673E-02  0.72854E+00 
   64.00  0.40135E+00 -0.66583E+00  0.45860E-03 -0.96757E-03  0.98197E+00 -0.75457E-03  0.56994E-03  0.71830E+00 -0.45561E-02  0.71105E+00 
   65.00  0.38841E+00 -0.68401E+00  0.49707E-03 -0.98260E-03  0.98147E+00 -0.73913E-03  0.59020E-03  0.70017E+00 -0.61712E-02  0.69285E+00 
   66.00  0.37591E+00 -0.70195E+00  0.52274E-03 -0.97606E-03  0.98097E+00 -0.71166E-03  0.60559E-03  0.68131E+00 -0.75007E-02  0.67393E+00 
   67.00  0.36346E+00 -0.71959E+00  0.53642E-03 -0.94802E-03  0.98043E+00 -0.68090E-03  0.61521E-03  0.66170E+00 -0.84843E-02  0.65429E+00 
   68.00  0.35087E+00 -0.73687E+00  0.53933E-03 -0.90102E-03  0.97986E+00 -0.65426E-03  0.61849E-03  0.64133E+00 -0.91064E-02  0.63392E+00 
   69.00  0.33812E+00 -0.75374E+00  0.53279E-03 -0.83991E-03  0.97925E+00 -0.63705E-03  0.61533E-03  0.62020E+00 -0.93854E-02  0.61282E+00 
   70.00  0.32536E+00 -0.77019E+00  0.51797E-03 -0.77128E-03  0.97859E+00 -0.63201E-03  0.60610E-03  0.59830E+00 -0.93614E-02  0.59096E+00 
   71.00  0.31282E+00 -0.78620E+00  0.49575E-03 -0.70283E-03  0.97790E+00 -0.63910E-03  0.59167E-03  0.57560E+00 -0.90857E-02  0.56834E+00 
   72.00  0.30079E+00 -0.80176E+00  0.46662E-03 -0.64240E-03  0.97719E+00 -0.65546E-03  0.57338E-03  0.55210E+00 -0.86133E-02  0.54494E+00 
   73.00  0.28954E+00 -0.81689E+00  0.43066E-03 -0.59682E-03  0.97648E+00 -0.67573E-03  0.55281E-03  0.52776E+00 -0.79977E-02  0.52076E+00 
   74.00  0.27930E+00 -0.83158E+00  0.38760E-03 -0.57080E-03  0.97578E+00 -0.69277E-03  0.53163E-03  0.50258E+00 -0.72875E-02  0.49575E+00 
   75.00  0.27019E+00 -0.84582E+00  0.33696E-03 -0.56608E-03  0.97511E+00 -0.69872E-03  0.51123E-03  0.47652E+00 -0.65247E-02  0.46992E+00 
   76.00  0.26227E+00 -0.85958E+00  0.27826E-03 -0.58103E-03  0.97449E+00 -0.68625E-03  0.49251E-03  0.44957E+00 -0.57434E-02  0.44322E+00 
   77.00  0.25551E+00 -0.87282E+00  0.21125E-03 -0.61096E-03  0.97393E+00 -0.64985E-03  0.47566E-03  0.42173E+00 -0.49704E-02  0.41567E+00 
   78.00  0.24979E+00 -0.88547E+00  0.13623E-03 -0.64903E-03  0.97341E+00 -0.58675E-03  0.46017E-03  0.39301E+00 -0.42243E-02  0.38726E+00 
   79.00  0.24499E+00 -0.89745E+00  0.54174E-04 -0.68752E-03  0.97294E+00 -0.49731E-03  0.44491E-03  0.36344E+00 -0.35164E-02  0.35802E+00 
   80.00  0.24092E+00 -0.90867E+00 -0.33112E-04 -0.71916E-03  0.97252E+00 -0.38493E-03  0.42844E-03  0.33308E+00 -0.28508E-02  0.32799E+00 
   81.00  0.23741E+00 -0.91903E+00 -0.12303E-03 -0.73820E-03  0.97212E+00 -0.25535E-03  0.40923E-03  0.30200E+00 -0.22249E-02  0.29725E+00 
   82.00  0.23429E+00 -0.92846E+00 -0.21233E-03 -0.74106E-03  0.97175E+00 -0.11584E-03  0.38597E-03  0.27027E+00 -0.16301E-02  0.26588E+00 
   83.00  0.23142E+00 -0.93686E+00 -0.29735E-03 -0.72643E-03  0.97139E+00  0.25825E-04  0.35773E-03  0.23800E+00 -0.10535E-02  0.23397E+00 
   84.00  0.22867E+00 -0.94418E+00 -0.37436E-03 -0.69512E-03  0.97104E+00  0.16223E-03  0.32407E-03  0.20528E+00 -0.47905E-03  0.20161E+00 
   85.00  0.22595E+00 -0.95036E+00 -0.43990E-03 -0.64948E-03  0.97069E+00  0.28708E-03  0.28499E-03  0.17220E+00  0.11002E-03  0.16890E+00 
   86.00  0.22317E+00 -0.95537E+00 -0.49117E-03 -0.59284E-03  0.97034E+00  0.39567E-03  0.24088E-03  0.13886E+00  0.72888E-03  0.13593E+00 
   87.00  0.22029E+00 -0.95919E+00 -0.52632E-03 -0.52886E-03  0.96998E+00  0.48510E-03  0.19235E-03  0.10535E+00  0.13890E-02  0.10279E+00 
   88.00  0.21725E+00 -0.96179E+00 -0.54469E-03 -0.46099E-03  0.96960E+00  0.55435E-03  0.14010E-03  0.71738E-01  0.20962E-02  0.69553E-01 
   89.00  0.21404E+00 -0.96317E+00 -0.54693E-03 -0.39218E-03  0.96921E+00  0.60406E-03  0.84768E-04  0.38105E-01  0.28497E-02  0.36303E-01 
   90.00  0.21064E+00 -0.96333E+00 -0.53498E-03 -0.32461E-03  0.96880E+00  0.63622E-03  0.26875E-04  0.45183E-02  0.36410E-02  0.31048E-02 
   91.00  0.20706E+00 -0.96229E+00 -0.51195E-03 -0.25971E-03  0.96836E+00  0.65377E-03 -0.33235E-04 -0.28960E-01  0.44553E-02 -0.29978E-01 
   92.00  0.20333E+00 -0.96006E+00 -0.48189E-03 -0.19830E-03  0.96789E+00  0.66016E-03 -0.95360E-04 -0.62270E-01  0.52715E-02 -0.62883E-01 
   93.00  0.19946E+00 -0.95666E+00 -0.44942E-03 -0.14072E-03  0.96739E+00  0.65893E-03 -0.15937E-03 -0.95353E-01  0.60648E-02 -0.95550E-01 
   94.00  0.19552E+00 -0.95212E+00 -0.41941E-03 -0.87092E-04  0.96686E+00  0.65332E-03 -0.22510E-03 -0.12815E+00  0.68078E-02 -0.12792E+00 
   95.00  0.19156E+00 -0.94647E+00 -0.39650E-03 -0.37501E-04  0.96631E+00  0.64604E-03 -0.29224E-03 -0.16061E+00  0.74732E-02 -0.15994E+00 
   96.00  0.18765E+00 -0.93976E+00 -0.38470E-03  0.78333E-05  0.96573E+00  0.63902E-03 -0.36020E-03 -0.19268E+00  0.80357E-02 -0.19155E+00 
   97.00  0.18385E+00 -0.93203E+00 -0.38698E-03  0.48502E-04  0.96515E+00  0.63333E-03 -0.42805E-03 -0.22431E+00  0.84739E-02 -0.22270E+00 
   98.00  0.18024E+00 -0.92334E+00 -0.40493E-03  0.83912E-04  0.96456E+00  0.62914E-03 -0.49451E-03 -0.25544E+00  0.87717E-02 -0.25333E+00 
   99.00  0.17687E+00 -0.91373E+00 -0.43854E-03  0.11338E-03  0.96398E+00  0.62579E-03 -0.55793E-03 -0.28604E+00  0.89198E-02 -0.28342E+00 
  100.00  0.17379E+00 -0.90327E+00 -0.48609E-03  0.13626E-03  0.96344E+00  0.62195E-03 -0.61643E-03 -0.31606E+00  0.89160E-02 -0.31291E+00 
  101.00  0.17106E+00 -0.89200E+00 -0.54424E-03  0.15212E-03  0.96293E+00  0.61578E-03 -0.66800E-03 -0.34546E+00  0.87657E-02 -0.34176E+00 
  102.00  0.16869E+00 -0.87999E+00 -0.60827E-03  0.16088E-03  0.96248E+00  0.60523E-03 -0.71073E-03 -0.37421E+00  0.84813E-02 -0.36996E+00 
  103.00  0.16669E+00 -0.86728E+00 -0.67250E-03  0.16290E-03  0.96209E+00  0.58822E-03 -0.74291E-03 -0.40227E+00  0.80812E-02 -0.39746E+00 
  104.00  0.16506E+00 -0.85392E+00 -0.73077E-03  0.15902E-03  0.96177E+00  0.56295E-03 -0.76324E-03 -0.42962E+00  0.75883E-02 -0.42424E+00 
  105.00  0.16376E+00 -0.83996E+00 -0.77707E-03  0.15052E-03  0.96152E+00  0.52807E-03 -0.77089E-03 -0.45623E+00  0.70284E-02 -0.45028E+00 
  106.00  0.16277E+00 -0.82543E+00 -0.80596E-03  0.13898E-03  0.96134E+00  0.48284E-03 -0.76555E-03 -0.48206E+00  0.64287E-02 -0.47556E+00 
  107.00  0.16203E+00 -0.81038E+00 -0.81308E-03  0.12619E-03  0.96123E+00  0.42721E-03 -0.74742E-03 -0.50710E+00  0.58153E-02 -0.50005E+00 
  108.00  0.16151E+00 -0.79485E+00 -0.79536E-03  0.11394E-03  0.96117E+00  0.36181E-03 -0.71708E-03 -0.53134E+00  0.52128E-02 -0.52374E+00 
  109.00  0.16115E+00 -0.77888E+00 -0.75115E-03  0.10394E-03  0.96116E+00  0.28792E-03 -0.67546E-03 -0.55475E+00  0.46423E-02 -0.54662E+00 
  110.00  0.16089E+00 -0.76250E+00 -0.68025E-03  0.97665E-04  0.96119E+00  0.20738E-03 -0.62366E-03 -0.57732E+00  0.41212E-02 -0.56867E+00 
  111.00  0.16070E+00 -0.74576E+00 -0.58374E-03  0.96311E-04  0.96124E+00  0.12241E-03 -0.56291E-03 -0.59905E+00  0.36624E-02 -0.58988E+00 
  112.00  0.16054E+00 -0.72869E+00 -0.46376E-03  0.10076E-03  0.96130E+00  0.35507E-04 -0.49444E-03 -0.61994E+00  0.32746E-02 -0.61025E+00 
  113.00  0.16037E+00 -0.71134E+00 -0.32332E-03  0.11161E-03  0.96137E+00 -0.50702E-04 -0.41946E-03 -0.63998E+00  0.29625E-02 -0.62979E+00 
  114.00  0.16018E+00 -0.69375E+00 -0.16603E-03  0.12913E-03  0.96144E+00 -0.13365E-03 -0.33912E-03 -0.65919E+00  0.27264E-02 -0.64849E+00 
  115.00  0.15996E+00 -0.67594E+00  0.42009E-05  0.15339E-03  0.96151E+00 -0.21093E-03 -0.25453E-03 -0.67757E+00  0.25636E-02 -0.66636E+00 
  116.00  0.15970E+00 -0.65797E+00  0.18331E-03  0.18422E-03  0.96157E+00 -0.28047E-03 -0.16670E-03 -0.69514E+00  0.24683E-02 -0.68342E+00 
  117.00  0.15942E+00 -0.63985E+00  0.36733E-03  0.22130E-03  0.96163E+00 -0.34057E-03 -0.76626E-04 -0.71192E+00  0.24322E-02 -0.69969E+00 
  118.00  0.15913E+00 -0.62163E+00  0.55255E-03  0.26417E-03  0.96168E+00 -0.39006E-03  0.14742E-04 -0.72793E+00  0.24453E-02 -0.71519E+00 
  119.00  0.15884E+00 -0.60335E+00  0.73564E-03  0.31227E-03  0.96173E+00 -0.42828E-03  0.10649E-03 -0.74320E+00  0.24965E-02 -0.72994E+00 
  120.00  0.15858E+00 -0.58502E+00  0.91371E-03  0.36496E-03  0.96177E+00 -0.45514E-03  0.19774E-03 -0.75774E+00  0.25736E-02 -0.74396E+00 
  121.00  0.15837E+00 -0.56667E+00  0.10844E-02  0.42155E-03  0.96182E+00 -0.47105E-03  0.28766E-03 -0.77159E+00  0.26646E-02 -0.75729E+00 
  122.00  0.15823E+00 -0.54835E+00  0.12460E-02  0.48134E-03  0.96188E+00 -0.47693E-03  0.37547E-03 -0.78477E+00  0.27575E-02 -0.76995E+00 
  123.00  0.15818E+00 -0.53006E+00  0.13971E-02  0.54362E-03  0.96195E+00 -0.47405E-03  0.46049E-03 -0.79730E+00  0.28411E-02 -0.78196E+00 
  124.00  0.15825E+00 -0.51185E+00  0.15368E-02  0.60772E-03  0.96204E+00 -0.46395E-03  0.54216E-03 -0.80922E+00  0.29054E-02 -0.79336E+00 
  125.00  0.15844E+00 -0.49372E+00  0.16648E-02  0.67305E-03  0.96214E+00 -0.44833E-03  0.62000E-03 -0.82054E+00  0.29415E-02 -0.80417E+00 
  126.00  0.15876E+00 -0.47572E+00  0.17808E-02  0.73909E-03  0.96226E+00 -0.42889E-03  0.69371E-03 -0.83128E+00  0.29423E-02 -0.81440E+00 
  127.00  0.15923E+00 -0.45785E+00  0.18848E-02  0.80546E-03  0.96240E+00 -0.40726E-03  0.76312E-03 -0.84146E+00  0.29024E-02 -0.82408E+00 
  128.00  0.15984E+00 -0.44016E+00  0.19770E-02  0.87193E-03  0.96255E+00 -0.38489E-03  0.82816E-03 -0.85109E+00  0.28184E-02 -0.83322E+00 
  129.00  0.16059E+00 -0.42267E+00  0.20576E-02  0.93841E-03  0.96273E+00 -0.36299E-03  0.88890E-03 -0.86019E+00  0.26885E-02 -0.84184E+00 
  130.00  0.16147E+00 -0.40540E+00  0.21267E-02  0.10050E-02  0.96291E+00 -0.34248E-03  0.94551E-03 -0.86877E+00  0.25132E-02 -0.84994E+00 
  131.00  0.16249E+00 -0.38838E+00  0.21845E-02  0.10719E-02  0.96310E+00 -0.32399E-03  0.99818E-03 -0.87685E+00  0.22943E-02 -0.85755E+00 
  132.00  0.16362E+00 -0.37163E+00  0.22311E-02  0.11395E-02  0.96331E+00 -0.30789E-03  0.10471E-02 -0.88442E+00  0.20356E-02 -0.86466E+00 
  133.00  0.16486E+00 -0.35519E+00  0.22666E-02  0.12083E-02  0.96351E+00 -0.29428E-03  0.10926E-02 -0.89150E+00  0.17418E-02 -0.87128E+00 
  134.00  0.16620E+00 -0.33907E+00  0.22911E-02  0.12789E-02  0.96372E+00 -0.28307E-03  0.11349E-02 -0.89811E+00  0.14190E-02 -0.87744E+00 
  135.00  0.16761E+00 -0.32329E+00  0.23048E-02  0.13519E-02  0.96393E+00 -0.27398E-03  0.11739E-02 -0.90426E+00  0.10738E-02 -0.88315E+00 
  136.00  0.16909E+00 -0.30789E+00  0.23079E-02  0.14280E-02  0.96413E+00 -0.26666E-03  0.12099E-02 -0.90997E+00  0.71324E-03 -0.88841E+00 
  137.00  0.17061E+00 -0.29286E+00  0.23006E-02  0.15078E-02  0.96433E+00 -0.26066E-03  0.12427E-02 -0.91524E+00  0.34444E-03 -0.89325E+00 
  138.00  0.17218E+00 -0.27823E+00  0.22834E-02  0.15919E-02  0.96451E+00 -0.25552E-03  0.12723E-02 -0.92011E+00 -0.25758E-04 -0.89768E+00 
  139.00  0.17377E+00 -0.26401E+00  0.22569E-02  0.16807E-02  0.96469E+00 -0.25079E-03  0.12984E-02 -0.92459E+00 -0.39105E-03 -0.90173E+00 
  140.00  0.17537E+00 -0.25019E+00  0.22218E-02  0.17746E-02  0.96485E+00 -0.24604E-03  0.13208E-02 -0.92870E+00 -0.74588E-03 -0.90541E+00 
  141.00  0.17697E+00 -0.23679E+00  0.21788E-02  0.18737E-02  0.96501E+00 -0.24093E-03  0.13392E-02 -0.93247E+00 -0.10856E-02 -0.90876E+00 
  142.00  0.17857E+00 -0.22381E+00  0.21290E-02  0.19780E-02  0.96514E+00 -0.23518E-03  0.13532E-02 -0.93591E+00 -0.14067E-02 -0.91178E+00 
  143.00  0.18014E+00 -0.21123E+00  0.20732E-02  0.20873E-02  0.96526E+00 -0.22860E-03  0.13625E-02 -0.93905E+00 -0.17065E-02 -0.91449E+00 
  144.00  0.18169E+00 -0.19907E+00  0.20126E-02  0.22013E-02  0.96537E+00 -0.22108E-03  0.13669E-02 -0.94191E+00 -0.19834E-02 -0.91693E+00 
  145.00  0.18321E+00 -0.18731E+00  0.19484E-02  0.23194E-02  0.96546E+00 -0.21259E-03  0.13660E-02 -0.94450E+00 -0.22368E-02 -0.91910E+00 
  146.00  0.18469E+00 -0.17594E+00  0.18815E-02  0.24408E-02  0.96553E+00 -0.20318E-03  0.13596E-02 -0.94685E+00 -0.24668E-02 -0.92102E+00 
  147.00  0.18613E+00 -0.16497E+00  0.18130E-02  0.25649E-02  0.96558E+00 -0.19294E-03  0.13477E-02 -0.94897E+00 -0.26740E-02 -0.92272E+00 
  148.00  0.18753E+00 -0.15439E+00  0.17439E-02  0.26905E-02  0.96562E+00 -0.18201E-03  0.13302E-02 -0.95087E+00 -0.28597E-02 -0.92420E+00 
  149.00  0.18888E+00 -0.14419E+00  0.16750E-02  0.28169E-02  0.96564E+00 -0.17057E-03  0.13074E-02 -0.95258E+00 -0.30251E-02 -0.92548E+00 
  150.00  0.19018E+00 -0.13436E+00  0.16070E-02  0.29429E-02  0.96564E+00 -0.15879E-03  0.12794E-02 -0.95410E+00 -0.31718E-02 -0.92657E+00 
  151.00  0.19143E+00 -0.12490E+00  0.15404E-02  0.30675E-02  0.96563E+00 -0.14686E-03  0.12464E-02 -0.95545E+00 -0.33010E-02 -0.92750E+00 
  152.00  0.19264E+00 -0.11580E+00  0.14756E-02  0.31900E-02  0.96560E+00 -0.13494E-03  0.12090E-02 -0.95664E+00 -0.34140E-02 -0.92826E+00 
  153.00  0.19380E+00 -0.10706E+00  0.14127E-02  0.33095E-02  0.96556E+00 -0.12319E-03  0.11676E-02 -0.95769E+00 -0.35115E-02 -0.92887E+00 
  154.00  0.19491E+00 -0.98667E-01  0.13517E-02  0.34254E-02  0.96549E+00 -0.11172E-03  0.11227E-02 -0.95860E+00 -0.35939E-02 -0.92935E+00 
  155.00  0.19598E+00 -0.90628E-01  0.12924E-02  0.35372E-02  0.96542E+00 -0.10064E-03  0.10748E-02 -0.95939E+00 -0.36612E-02 -0.92971E+00 
  156.00  0.19701E+00 -0.82934E-01  0.12345E-02  0.36446E-02  0.96532E+00 -0.90034E-04  0.10245E-02 -0.96007E+00 -0.37128E-02 -0.92995E+00 
  157.00  0.19799E+00 -0.75586E-01  0.11776E-02  0.37474E-02  0.96522E+00 -0.79957E-04  0.97226E-03 -0.96064E+00 -0.37478E-02 -0.93008E+00 
  158.00  0.19894E+00 -0.68580E-01  0.11212E-02  0.38457E-02  0.96509E+00 -0.70453E-04  0.91857E-03 -0.96112E+00 -0.37647E-02 -0.93012E+00 
  159.00  0.19985E+00 -0.61917E-01  0.10648E-02  0.39395E-02  0.96495E+00 -0.61550E-04  0.86383E-03 -0.96152E+00 -0.37618E-02 -0.93006E+00 
  160.00  0.20073E+00 -0.55597E-01  0.10079E-02  0.40291E-02  0.96478E+00 -0.53270E-04  0.80841E-03 -0.96183E+00 -0.37372E-02 -0.92992E+00 
  161.00  0.20159E+00 -0.49622E-01  0.95011E-03  0.41148E-02  0.96460E+00 -0.45627E-04  0.75260E-03 -0.96207E+00 -0.36890E-02 -0.92970E+00 
  162.00  0.20241E+00 -0.43994E-01  0.89105E-03  0.41970E-02  0.96440E+00 -0.38627E-04  0.69666E-03 -0.96225E+00 -0.36151E-02 -0.92940E+00 
  163.00  0.20321E+00 -0.38715E-01  0.83050E-03  0.42760E-02  0.96417E+00 -0.32275E-04  0.64079E-03 -0.96236E+00 -0.35139E-02 -0.92903E+00 
  164.00  0.20399E+00 -0.33789E-01  0.76836E-03  0.43520E-02  0.96393E+00 -0.26571E-04  0.58519E-03 -0.96241E+00 -0.33843E-02 -0.92858E+00 
  165.00  0.20474E+00 -0.29218E-01  0.70472E-03  0.44254E-02  0.96366E+00 -0.21510E-04  0.53005E-03 -0.96241E+00 -0.32256E-02 -0.92807E+00 
  166.00  0.20548E+00 -0.25004E-01  0.63981E-03  0.44963E-02  0.96337E+00 -0.17080E-04  0.47557E-03 -0.96235E+00 -0.30381E-02 -0.92750E+00 
  167.00  0.20619E+00 -0.21149E-01  0.57402E-03  0.45647E-02  0.96305E+00 -0.13265E-04  0.42202E-03 -0.96225E+00 -0.28230E-02 -0.92686E+00 
  168.00  0.20689E+00 -0.17652E-01  0.50792E-03  0.46305E-02  0.96272E+00 -0.10042E-04  0.36969E-03 -0.96210E+00 -0.25826E-02 -0.92618E+00 
  169.00  0.20756E+00 -0.14511E-01  0.44221E-03  0.46934E-02  0.96238E+00 -0.73758E-05  0.31895E-03 -0.96191E+00 -0.23206E-02 -0.92545E+00 
  170.00  0.20820E+00 -0.11721E-01  0.37772E-03  0.47533E-02  0.96203E+00 -0.52280E-05  0.27023E-03 -0.96168E+00 -0.20419E-02 -0.92468E+00 
  171.00  0.20882E+00 -0.92719E-02  0.31536E-03  0.48095E-02  0.96167E+00 -0.35500E-05  0.22398E-03 -0.96143E+00 -0.17525E-02 -0.92390E+00 
  172.00  0.20940E+00 -0.71529E-02  0.25609E-03  0.48617E-02  0.96131E+00 -0.22870E-05  0.18073E-03 -0.96116E+00 -0.14598E-02 -0.92312E+00 
  173.00  0.20994E+00 -0.53488E-02  0.20090E-03  0.49094E-02  0.96097E+00 -0.13791E-05  0.14101E-03 -0.96087E+00 -0.11720E-02 -0.92235E+00 
  174.00  0.21043E+00 -0.38418E-02  0.15077E-03  0.49519E-02  0.96065E+00 -0.76318E-06  0.10532E-03 -0.96060E+00 -0.89773E-03 -0.92163E+00 
  175.00  0.21086E+00 -0.26126E-02  0.10661E-03  0.49889E-02  0.96036E+00 -0.37601E-06  0.74177E-04 -0.96033E+00 -0.64613E-03 -0.92096E+00 
  176.00  0.21123E+00 -0.16414E-02  0.69249E-04  0.50198E-02  0.96011E+00 -0.15677E-06  0.48026E-04 -0.96010E+00 -0.42594E-03 -0.92038E+00 
  177.00  0.21152E+00 -0.90921E-03  0.39405E-04  0.50442E-02  0.95990E+00 -0.50299E-07  0.27260E-04 -0.95990E+00 -0.24522E-03 -0.91990E+00 
  178.00  0.21174E+00 -0.39947E-03  0.17658E-04  0.50619E-02  0.95975E+00 -0.10036E-07  0.12194E-04 -0.95975E+00 -0.11082E-03 -0.91955E+00 
  179.00  0.21187E+00 -0.99158E-04  0.44365E-05  0.50726E-02  0.95966E+00 -0.63103E-09  0.30604E-05 -0.95966E+00 -0.27985E-04 -0.91933E+00 
  180.00  0.21191E+00 -0.24516E-14  0.11014E-15  0.50762E-02  0.95963E+00 -0.38839E-30  0.75946E-16 -0.95963E+00 -0.69592E-15 -0.91926E+00 
 scattering matrix expansion coefficients
    w  a11         a22         a33         a23         a32         a44         a12         a34         a13         a24         a14
    0  0.1000E+01  0.0000E+00  0.0000E+00  0.0000E+00  0.0000E+00  0.8031E+00  0.0000E+00  0.0000E+00  0.0000E+00  0.0000E+00 -0.5069E-04
    1  0.2245E+01  0.0000E+00  0.0000E+00  0.0000E+00  0.0000E+00  0.2427E+01  0.0000E+00  0.0000E+00  0.0000E+00  0.0000E+00 -0.5285E-03
    2  0.3187E+01  0.2371E+00  0.3977E+01  0.1055E-06  0.4808E-03  0.3183E+01 -0.3855E+00 -0.2518E-02  0.6179E-04  0.1227E-03  0.1453E-03
    3  0.3713E+01  0.6253E-01  0.4132E+01 -0.1452E-06  0.4439E-03  0.3726E+01 -0.2360E+00 -0.7460E-02 -0.1604E-03  0.7293E-04 -0.2295E-03
    4  0.4145E+01  0.3740E-01  0.4409E+01 -0.8062E-07  0.3354E-03  0.4132E+01 -0.1618E+00 -0.1013E-01  0.3059E-03  0.2131E-03  0.9311E-04
    5  0.4472E+01  0.9399E-02  0.4675E+01  0.3089E-06  0.1540E-03  0.4480E+01 -0.1200E+00 -0.9398E-02 -0.3514E-03 -0.3158E-03 -0.1823E-03
    6  0.4744E+01  0.7886E-02  0.4906E+01 -0.6100E-06  0.4520E-04  0.4752E+01 -0.8610E-01 -0.9594E-02  0.3009E-04  0.7012E-05 -0.5935E-04
    7  0.4947E+01  0.1196E-01  0.5081E+01 -0.5163E-06  0.5710E-03  0.4936E+01 -0.4617E-01 -0.6783E-02  0.1605E-03  0.3489E-04  0.4233E-04
    8  0.5028E+01  0.4559E-02  0.5161E+01  0.3945E-06  0.8051E-03  0.5020E+01 -0.2395E-01 -0.1994E-02  0.8639E-04  0.5464E-04  0.7917E-04
    9  0.4971E+01  0.2546E-03  0.5108E+01  0.1923E-06  0.4869E-03  0.4967E+01 -0.3186E-01  0.4810E-02  0.3774E-04  0.5305E-04  0.5476E-04
   10  0.4784E+01 -0.2535E-02  0.4920E+01  0.9299E-07 -0.6585E-04  0.4787E+01 -0.5052E-01  0.6833E-02 -0.8436E-04  0.8616E-04  0.9567E-05
   11  0.4501E+01 -0.3393E-03  0.4628E+01 -0.7853E-07 -0.5321E-03  0.4502E+01 -0.6203E-01  0.4611E-02 -0.2396E-03  0.2403E-04 -0.2751E-04
   12  0.4152E+01  0.3268E-02  0.4264E+01  0.1028E-06 -0.8144E-03  0.4144E+01 -0.7021E-01  0.5273E-03 -0.8007E-04 -0.2044E-04 -0.7985E-04
   13  0.3756E+01 -0.2867E-02  0.3860E+01 -0.1739E-06 -0.7621E-03  0.3760E+01 -0.8647E-01 -0.3451E-02  0.4667E-04  0.9263E-05 -0.1620E-04
   14  0.3365E+01 -0.3793E-02  0.3456E+01 -0.1928E-06 -0.5333E-03  0.3376E+01 -0.9197E-01 -0.6182E-02  0.2157E-04  0.2632E-04  0.1334E-03
   15  0.3011E+01  0.2618E-02  0.3081E+01 -0.2247E-06 -0.2787E-03  0.3011E+01 -0.7488E-01 -0.6520E-02 -0.3385E-04  0.1612E-04  0.1470E-03
   16  0.2680E+01  0.3807E-02  0.2737E+01 -0.1109E-06 -0.8395E-04  0.2674E+01 -0.5449E-01 -0.6358E-02  0.3238E-05  0.1401E-04  0.6261E-04
   17  0.2354E+01  0.3849E-03  0.2406E+01 -0.2874E-07 -0.9023E-04  0.2354E+01 -0.4630E-01 -0.6476E-02 -0.2323E-04  0.4020E-05 -0.4479E-04
   18  0.2037E+01  0.2954E-04  0.2084E+01 -0.9858E-08 -0.2100E-03  0.2038E+01 -0.4246E-01 -0.6264E-02 -0.5985E-04  0.3202E-05 -0.8573E-04
   19  0.1730E+01  0.1179E-02  0.1770E+01 -0.5297E-08 -0.2183E-03  0.1729E+01 -0.3741E-01 -0.4818E-02 -0.1229E-04 -0.5055E-05 -0.8016E-04
   20  0.1435E+01  0.1170E-02  0.1469E+01 -0.2473E-07 -0.1110E-03  0.1433E+01 -0.3493E-01 -0.2770E-02  0.3916E-04 -0.1534E-04 -0.7440E-04
   21  0.1159E+01  0.3984E-03  0.1188E+01 -0.3317E-07 -0.1731E-04  0.1158E+01 -0.3728E-01 -0.1436E-02  0.3535E-04 -0.2042E-04 -0.7205E-04
   22  0.9147E+00 -0.4700E-03  0.9389E+00 -0.3813E-07  0.9555E-05  0.9157E+00 -0.4094E-01 -0.1501E-02  0.1167E-04 -0.9743E-05 -0.3947E-04
   23  0.7166E+00 -0.1008E-02  0.7354E+00 -0.4225E-07  0.8529E-05  0.7193E+00 -0.4038E-01 -0.2418E-02  0.1958E-05  0.1129E-04  0.2758E-04
   24  0.5704E+00 -0.4261E-03  0.5835E+00 -0.1802E-07  0.2193E-04  0.5725E+00 -0.3189E-01 -0.3073E-02  0.2596E-05  0.2212E-04  0.7446E-04
   25  0.4672E+00  0.8264E-03  0.4754E+00  0.8859E-08  0.4872E-04  0.4668E+00 -0.1796E-01 -0.2640E-02  0.2248E-05  0.1497E-04  0.5739E-04
   26  0.3872E+00  0.1463E-02  0.3928E+00  0.4683E-08  0.6534E-04  0.3850E+00 -0.5893E-02 -0.1162E-02 -0.6724E-06  0.2009E-05 -0.1297E-05
   27  0.3126E+00  0.9897E-03  0.3179E+00 -0.8045E-08  0.6304E-04  0.3106E+00 -0.1212E-02  0.6344E-03 -0.1652E-05 -0.3192E-05 -0.4710E-04
   28  0.2370E+00  0.1015E-03  0.2426E+00 -0.1446E-07  0.5125E-04  0.2365E+00 -0.3250E-02  0.1906E-02  0.4550E-06 -0.1077E-05 -0.5489E-04
   29  0.1649E+00 -0.4148E-03  0.1703E+00 -0.1287E-07  0.3831E-04  0.1656E+00 -0.7328E-02  0.2272E-02  0.2312E-05  0.1891E-05 -0.3820E-04
   30  0.1042E+00 -0.3955E-03  0.1084E+00 -0.7681E-08  0.2624E-04  0.1051E+00 -0.9491E-02  0.1922E-02  0.2269E-05  0.2500E-05 -0.1904E-04
   31  0.5970E-01 -0.1391E-03  0.6237E-01 -0.3705E-08  0.1598E-04  0.6013E-01 -0.8824E-02  0.1297E-02  0.1344E-05  0.1731E-05 -0.7315E-05
   32  0.3103E-01  0.6994E-04  0.3246E-01 -0.1891E-08  0.8490E-05  0.3107E-01 -0.6506E-02  0.7337E-03  0.5403E-06  0.8808E-06 -0.2354E-05
   33  0.1469E-01  0.1436E-03  0.1533E-01 -0.1717E-08  0.3944E-05  0.1454E-01 -0.4009E-02  0.3587E-03  0.1556E-06  0.4170E-06 -0.6994E-06
   34  0.6359E-02  0.1261E-03  0.6603E-02 -0.2228E-08  0.1636E-05  0.6193E-02 -0.2131E-02  0.1545E-03  0.2035E-07  0.1978E-06 -0.2183E-06
   35  0.2528E-02  0.8061E-04  0.2604E-02 -0.2273E-08  0.6169E-06  0.2411E-02 -0.9975E-03  0.5964E-04 -0.1205E-07  0.9200E-07 -0.5783E-07
   36  0.9265E-03  0.4210E-04  0.9449E-03 -0.1623E-08  0.2123E-06  0.8622E-03 -0.4173E-03  0.2084E-04 -0.1336E-07  0.3808E-07 -0.8856E-08
   37  0.3142E-03  0.1887E-04  0.3167E-03 -0.8274E-09  0.6707E-07  0.2844E-03 -0.1578E-03  0.6645E-05 -0.7849E-08  0.1427E-07  0.2019E-08
   38  0.9895E-04  0.7456E-05  0.9843E-04 -0.2831E-09  0.1918E-07  0.8688E-04 -0.5441E-04  0.1947E-05 -0.3864E-08  0.5120E-08  0.1311E-08
   39  0.2903E-04  0.2638E-05  0.2848E-04 -0.4711E-10  0.4693E-08  0.2468E-04 -0.1722E-04  0.5309E-06 -0.1693E-08  0.2044E-08 -0.5418E-10
   40  0.7973E-05  0.8457E-06  0.7708E-05  0.1543E-10  0.1044E-08  0.6558E-05 -0.5038E-05  0.1360E-06 -0.6978E-09  0.9146E-09 -0.4274E-09
   41  0.2064E-05  0.2484E-06  0.1967E-05  0.1852E-10  0.3406E-09  0.1643E-05 -0.1374E-05  0.3345E-07 -0.2989E-09  0.3642E-09 -0.3442E-09
   42  0.5107E-06  0.6751E-07  0.4803E-06  0.1084E-10  0.1380E-09  0.3954E-06 -0.3541E-06  0.8230E-08 -0.1435E-09  0.1011E-09 -0.8295E-10
   43  0.1244E-06  0.1720E-07  0.1159E-06  0.4971E-11  0.5875E-11  0.9484E-07 -0.8839E-07  0.2147E-08 -0.3630E-10  0.5388E-11  0.3782E-10
   44  0.3188E-07  0.4233E-08  0.2972E-07  0.2044E-11 -0.2483E-10  0.2463E-07 -0.2257E-07  0.6652E-09 -0.9467E-13 -0.8295E-11  0.3151E-10
   45  0.9444E-08  0.1053E-08  0.8919E-08  0.8625E-12 -0.1522E-10  0.7668E-08 -0.6470E-08  0.2870E-09  0.2432E-11 -0.3425E-11  0.1260E-10
   46  0.3676E-08  0.3065E-09  0.3558E-08  0.3765E-12 -0.5355E-11  0.3170E-08 -0.2308E-08  0.1311E-09  0.1149E-11 -0.8003E-12  0.2656E-11
   47  0.1253E-08  0.1040E-09  0.1200E-08  0.1444E-12 -0.1282E-11  0.1089E-08 -0.8363E-09  0.6300E-10 -0.2676E-14 -0.4943E-13  0.4158E-12
   48  0.8433E-09  0.7116E-10  0.8178E-09  0.4375E-13  0.2054E-13  0.7224E-09 -0.5243E-09  0.2052E-10 -0.1333E-12  0.6137E-13 -0.1918E-13
   49  0.1431E-09  0.1387E-10  0.1341E-09  0.1227E-13  0.8385E-15  0.1220E-09 -0.1014E-09  0.7910E-11 -0.4681E-13 -0.1376E-14  0.2212E-13
   50  0.1609E-09  0.1974E-10  0.1505E-09  0.3626E-14  0.4851E-13  0.1259E-09 -0.1098E-09  0.1522E-11 -0.2836E-13 -0.7090E-15  0.1670E-13
   51  0.9302E-11  0.1120E-11  0.8384E-11  0.9849E-15  0.2492E-14  0.7661E-11 -0.6985E-11  0.4975E-12 -0.4238E-14 -0.9322E-15  0.1504E-14
   52  0.1888E-10  0.3030E-11  0.1705E-10  0.2133E-15  0.4190E-14  0.1347E-10 -0.1402E-10  0.4577E-13 -0.2188E-14 -0.1561E-14  0.4001E-14
   53  0.3338E-12  0.4964E-13  0.2875E-12  0.3550E-16  0.2518E-16  0.2630E-12 -0.2622E-12  0.1520E-13 -0.1034E-15 -0.4288E-16  0.5836E-16
   54  0.1322E-11  0.2472E-12  0.1146E-11  0.3028E-17  0.2448E-15  0.8688E-12 -0.1035E-11  0.2445E-16 -0.1121E-15 -0.1574E-15  0.3452E-15
   55  0.5310E-14  0.8585E-15  0.4024E-14 -0.6232E-19  0.3792E-18  0.4599E-14 -0.4037E-14  0.1954E-15 -0.3613E-18 -0.3459E-17  0.3844E-17
   56  0.7026E-13  0.1561E-13  0.6071E-13 -0.4263E-19  0.1135E-16  0.4286E-13 -0.5856E-13 -0.3750E-16 -0.5304E-17 -0.9936E-17  0.1907E-16
