 input file is 
mstm1_256_04400_157_00110.inp 
 input file comments follow:
***********************************************************
  This is the default mstm input file for v.3.0.
  The run is for a 7-sphere cluster of identical spheres.   The positions
  are embedded in the input file.

  The run makes use of the new_run and multiple_run options.

  14 April 2013
***********************************************************
 number of processors:
   1
 input parameters for run number 
    1
 number of spheres, volume size parameter:
  256  0.27938E+01
 position file:
position/n256/a1.out                                        
 output file:
output/256/x04400/157/00110/mt_1_256_04400_157_00110.dat    
 length, ref. indx. scale factors:
   0.440   1.570   0.011
 chiral factors:
  0.00000E+00  0.00000E+00
 scattering matrix directions based on incident frame
 automatic scattering angle calculation
 thetamin, thetamax:
      0.0    180.0
 number scattering angles:
      181
 epsmie, epssoln, max number iterations:
  0.1000E-05  0.1000E-07 5000
 medium refractive index:
  1.0000  0.0000
 target euler rotation angles:
    0.0000    0.0000    0.0000
 far field kr, iterations/correction:
 -0.1000E+01   20
 plane wave incidence
 random orientation calculations
 t matrix calculated, stored in file 
tmatrixfiles/12560440015700110                              
 t matrix convergence epsilon:
  0.1000E-06
 all spheres excited (total T matrix) 
 calculation results for run 
    1
 total ext, abs, scat efficiencies, w.r.t. xv, and asym. parm
  0.90671E+00  0.77255E-01  0.82945E+00  0.72552E+00
 scattering matrix elements (normalized w/ S11)
   theta      11           12           13           14           22           23           24           33           34           44     
    0.00  0.39731E+02  0.00000E+00  0.00000E+00 -0.51460E-04  0.99993E+00 -0.61625E-04  0.00000E+00  0.99993E+00  0.00000E+00  0.99986E+00
    1.00  0.39486E+02 -0.13006E-03 -0.14029E-08 -0.52026E-04  0.99993E+00 -0.62966E-04  0.11989E-08  0.99993E+00  0.93313E-05  0.99986E+00
    2.00  0.38760E+02 -0.52040E-03 -0.43962E-08 -0.53746E-04  0.99993E+00 -0.67004E-04  0.44180E-08  0.99993E+00  0.36990E-04  0.99985E+00
    3.00  0.37583E+02 -0.11716E-02 -0.52806E-08 -0.56687E-04  0.99992E+00 -0.73783E-04  0.85703E-08  0.99992E+00  0.81948E-04  0.99984E+00
    4.00  0.36001E+02 -0.20845E-02  0.22845E-08 -0.60958E-04  0.99992E+00 -0.83369E-04  0.11999E-07  0.99991E+00  0.14242E-03  0.99983E+00
    5.00  0.34074E+02 -0.32607E-02  0.27526E-07 -0.66719E-04  0.99991E+00 -0.95842E-04  0.12727E-07  0.99990E+00  0.21574E-03  0.99982E+00
    6.00  0.31873E+02 -0.47023E-02  0.82866E-07 -0.74172E-04  0.99990E+00 -0.11128E-03  0.88423E-08  0.99989E+00  0.29825E-03  0.99979E+00
    7.00  0.29477E+02 -0.64127E-02  0.18423E-06 -0.83569E-04  0.99989E+00 -0.12974E-03 -0.95492E-09  0.99987E+00  0.38508E-03  0.99976E+00
    8.00  0.26964E+02 -0.83962E-02  0.35126E-06 -0.95201E-04  0.99987E+00 -0.15121E-03 -0.16614E-07  0.99984E+00  0.46997E-03  0.99972E+00
    9.00  0.24413E+02 -0.10659E-01  0.60729E-06 -0.10939E-03  0.99985E+00 -0.17558E-03 -0.35793E-07  0.99980E+00  0.54510E-03  0.99966E+00
   10.00  0.21893E+02 -0.13210E-01  0.97883E-06 -0.12648E-03  0.99983E+00 -0.20256E-03 -0.52739E-07  0.99975E+00  0.60104E-03  0.99959E+00
   11.00  0.19466E+02 -0.16059E-01  0.14942E-05 -0.14677E-03  0.99980E+00 -0.23160E-03 -0.57117E-07  0.99967E+00  0.62677E-03  0.99949E+00
   12.00  0.17184E+02 -0.19222E-01  0.21809E-05 -0.17052E-03  0.99977E+00 -0.26181E-03 -0.33020E-07  0.99958E+00  0.61021E-03  0.99936E+00
   13.00  0.15082E+02 -0.22715E-01  0.30614E-05 -0.19782E-03  0.99972E+00 -0.29186E-03  0.41379E-07  0.99947E+00  0.53905E-03  0.99921E+00
   14.00  0.13185E+02 -0.26559E-01  0.41471E-05 -0.22854E-03  0.99967E+00 -0.31989E-03  0.19288E-06  0.99932E+00  0.40234E-03  0.99901E+00
   15.00  0.11504E+02 -0.30778E-01  0.54303E-05 -0.26225E-03  0.99961E+00 -0.34354E-03  0.45020E-06  0.99914E+00  0.19271E-03  0.99878E+00
   16.00  0.10039E+02 -0.35392E-01  0.68768E-05 -0.29809E-03  0.99953E+00 -0.36004E-03  0.83826E-06  0.99891E+00 -0.90900E-04  0.99849E+00
   17.00  0.87803E+01 -0.40423E-01  0.84195E-05 -0.33483E-03  0.99945E+00 -0.36650E-03  0.13698E-05  0.99864E+00 -0.44061E-03  0.99814E+00
   18.00  0.77124E+01 -0.45882E-01  0.99580E-05 -0.37090E-03  0.99936E+00 -0.36026E-03  0.20355E-05  0.99831E+00 -0.83797E-03  0.99773E+00
   19.00  0.68138E+01 -0.51773E-01  0.11366E-04 -0.40459E-03  0.99926E+00 -0.33945E-03  0.27955E-05  0.99792E+00 -0.12543E-02  0.99726E+00
   20.00  0.60611E+01 -0.58088E-01  0.12505E-04 -0.43434E-03  0.99915E+00 -0.30338E-03  0.35761E-05  0.99747E+00 -0.16536E-02  0.99671E+00
   21.00  0.54305E+01 -0.64809E-01  0.13247E-04 -0.45900E-03  0.99903E+00 -0.25280E-03  0.42729E-05  0.99694E+00 -0.19979E-02  0.99609E+00
   22.00  0.48996E+01 -0.71910E-01  0.13493E-04 -0.47803E-03  0.99891E+00 -0.18981E-03  0.47631E-05  0.99633E+00 -0.22526E-02  0.99538E+00
   23.00  0.44483E+01 -0.79362E-01  0.13188E-04 -0.49161E-03  0.99879E+00 -0.11757E-03  0.49224E-05  0.99564E+00 -0.23924E-02  0.99459E+00
   24.00  0.40599E+01 -0.87140E-01  0.12324E-04 -0.50051E-03  0.99866E+00 -0.39776E-04  0.46444E-05  0.99486E+00 -0.24031E-02  0.99372E+00
   25.00  0.37211E+01 -0.95219E-01  0.10939E-04 -0.50593E-03  0.99853E+00  0.39768E-04  0.38586E-05  0.99398E+00 -0.22825E-02  0.99274E+00
   26.00  0.34219E+01 -0.10358E+00  0.91047E-05 -0.50926E-03  0.99839E+00  0.11752E-03  0.25453E-05  0.99300E+00 -0.20378E-02  0.99166E+00
   27.00  0.31555E+01 -0.11222E+00  0.69227E-05 -0.51185E-03  0.99824E+00  0.19040E-03  0.74750E-06  0.99192E+00 -0.16832E-02  0.99047E+00
   28.00  0.29172E+01 -0.12112E+00  0.45093E-05 -0.51486E-03  0.99809E+00  0.25586E-03 -0.14217E-05  0.99071E+00 -0.12363E-02  0.98916E+00
   29.00  0.27041E+01 -0.13028E+00  0.19897E-05 -0.51907E-03  0.99793E+00  0.31194E-03 -0.37771E-05  0.98939E+00 -0.71511E-03  0.98773E+00
   30.00  0.25142E+01 -0.13969E+00 -0.51116E-06 -0.52485E-03  0.99777E+00  0.35727E-03 -0.60685E-05  0.98793E+00 -0.13570E-03  0.98616E+00
   31.00  0.23463E+01 -0.14934E+00 -0.28776E-05 -0.53210E-03  0.99759E+00  0.39111E-03 -0.80000E-05  0.98635E+00  0.49017E-03  0.98446E+00
   32.00  0.21988E+01 -0.15924E+00 -0.50128E-05 -0.54028E-03  0.99742E+00  0.41344E-03 -0.92636E-05  0.98462E+00  0.11562E-02  0.98263E+00
   33.00  0.20699E+01 -0.16938E+00 -0.68475E-05 -0.54851E-03  0.99724E+00  0.42490E-03 -0.95820E-05  0.98276E+00  0.18621E-02  0.98065E+00
   34.00  0.19576E+01 -0.17976E+00 -0.83449E-05 -0.55571E-03  0.99707E+00  0.42678E-03 -0.87535E-05  0.98075E+00  0.26130E-02  0.97853E+00
   35.00  0.18592E+01 -0.19041E+00 -0.95005E-05 -0.56080E-03  0.99690E+00  0.42081E-03 -0.66866E-05  0.97857E+00  0.34176E-02  0.97625E+00
   36.00  0.17719E+01 -0.20132E+00 -0.10335E-04 -0.56285E-03  0.99673E+00  0.40892E-03 -0.34154E-05  0.97622E+00  0.42861E-02  0.97380E+00
   37.00  0.16928E+01 -0.21252E+00 -0.10885E-04 -0.56121E-03  0.99655E+00  0.39299E-03  0.90819E-06  0.97369E+00  0.52275E-02  0.97116E+00
   38.00  0.16191E+01 -0.22404E+00 -0.11184E-04 -0.55554E-03  0.99638E+00  0.37461E-03  0.60409E-05  0.97094E+00  0.62470E-02  0.96831E+00
   39.00  0.15484E+01 -0.23589E+00 -0.11257E-04 -0.54581E-03  0.99620E+00  0.35494E-03  0.11683E-04  0.96795E+00  0.73442E-02  0.96521E+00
   40.00  0.14786E+01 -0.24810E+00 -0.11110E-04 -0.53222E-03  0.99600E+00  0.33465E-03  0.17516E-04  0.96470E+00  0.85123E-02  0.96184E+00
   41.00  0.14086E+01 -0.26070E+00 -0.10724E-04 -0.51516E-03  0.99579E+00  0.31398E-03  0.23227E-04  0.96115E+00  0.97365E-02  0.95817E+00
   42.00  0.13376E+01 -0.27371E+00 -0.10060E-04 -0.49505E-03  0.99555E+00  0.29277E-03  0.28533E-04  0.95728E+00  0.10994E-01  0.95416E+00
   43.00  0.12655E+01 -0.28716E+00 -0.90603E-05 -0.47237E-03  0.99529E+00  0.27065E-03  0.33193E-04  0.95305E+00  0.12255E-01  0.94977E+00
   44.00  0.11928E+01 -0.30105E+00 -0.76646E-05 -0.44757E-03  0.99500E+00  0.24710E-03  0.37013E-04  0.94843E+00  0.13480E-01  0.94498E+00
   45.00  0.11204E+01 -0.31542E+00 -0.58195E-05 -0.42101E-03  0.99468E+00  0.22165E-03  0.39853E-04  0.94338E+00  0.14621E-01  0.93974E+00
   46.00  0.10495E+01 -0.33027E+00 -0.34993E-05 -0.39300E-03  0.99433E+00  0.19396E-03  0.41634E-04  0.93786E+00  0.15628E-01  0.93403E+00
   47.00  0.98106E+00 -0.34561E+00 -0.72677E-06 -0.36374E-03  0.99395E+00  0.16400E-03  0.42338E-04  0.93186E+00  0.16446E-01  0.92781E+00
   48.00  0.91636E+00 -0.36145E+00  0.24036E-05 -0.33330E-03  0.99356E+00  0.13215E-03  0.42009E-04  0.92533E+00  0.17021E-01  0.92107E+00
   49.00  0.85631E+00 -0.37777E+00  0.57068E-05 -0.30163E-03  0.99314E+00  0.99283E-04  0.40749E-04  0.91826E+00  0.17311E-01  0.91378E+00
   50.00  0.80156E+00 -0.39456E+00  0.88981E-05 -0.26857E-03  0.99272E+00  0.66814E-04  0.38705E-04  0.91062E+00  0.17291E-01  0.90594E+00
   51.00  0.75247E+00 -0.41176E+00  0.11598E-04 -0.23380E-03  0.99230E+00  0.36604E-04  0.36035E-04  0.90243E+00  0.16960E-01  0.89755E+00
   52.00  0.70907E+00 -0.42933E+00  0.13360E-04 -0.19692E-03  0.99190E+00  0.10801E-04  0.32875E-04  0.89366E+00  0.16348E-01  0.88861E+00
   53.00  0.67109E+00 -0.44720E+00  0.13710E-04 -0.15749E-03  0.99151E+00 -0.84107E-05  0.29293E-04  0.88434E+00  0.15512E-01  0.87914E+00
   54.00  0.63804E+00 -0.46532E+00  0.12201E-04 -0.11508E-03  0.99115E+00 -0.19088E-04  0.25257E-04  0.87446E+00  0.14536E-01  0.86914E+00
   55.00  0.60923E+00 -0.48362E+00  0.84617E-05 -0.69347E-04  0.99081E+00 -0.19775E-04  0.20607E-04  0.86403E+00  0.13513E-01  0.85861E+00
   56.00  0.58388E+00 -0.50205E+00  0.22321E-05 -0.20077E-04  0.99049E+00 -0.96407E-05  0.15060E-04  0.85305E+00  0.12542E-01  0.84755E+00
   57.00  0.56118E+00 -0.52057E+00 -0.66235E-05  0.32748E-04  0.99019E+00  0.11491E-04  0.82290E-05  0.84148E+00  0.11708E-01  0.83593E+00
   58.00  0.54039E+00 -0.53915E+00 -0.18121E-04  0.88940E-04  0.98989E+00  0.43227E-04 -0.34456E-06  0.82932E+00  0.11076E-01  0.82372E+00
   59.00  0.52082E+00 -0.55776E+00 -0.32176E-04  0.14810E-03  0.98958E+00  0.84744E-04 -0.11145E-04  0.81652E+00  0.10692E-01  0.81087E+00
   60.00  0.50194E+00 -0.57640E+00 -0.48626E-04  0.20960E-03  0.98925E+00  0.13495E-03 -0.24638E-04  0.80305E+00  0.10576E-01  0.79735E+00
   61.00  0.48336E+00 -0.59506E+00 -0.67248E-04  0.27262E-03  0.98890E+00  0.19262E-03 -0.41230E-04  0.78884E+00  0.10725E-01  0.78309E+00
   62.00  0.46484E+00 -0.61372E+00 -0.87775E-04  0.33611E-03  0.98851E+00  0.25648E-03 -0.61231E-04  0.77386E+00  0.11122E-01  0.76803E+00
   63.00  0.44627E+00 -0.63237E+00 -0.10989E-03  0.39884E-03  0.98808E+00  0.32524E-03 -0.84811E-04  0.75804E+00  0.11735E-01  0.75213E+00
   64.00  0.42766E+00 -0.65100E+00 -0.13323E-03  0.45939E-03  0.98760E+00  0.39762E-03 -0.11198E-03  0.74135E+00  0.12523E-01  0.73534E+00
   65.00  0.40913E+00 -0.66957E+00 -0.15737E-03  0.51616E-03  0.98707E+00  0.47231E-03 -0.14253E-03  0.72374E+00  0.13439E-01  0.71760E+00
   66.00  0.39083E+00 -0.68806E+00 -0.18180E-03  0.56746E-03  0.98650E+00  0.54795E-03 -0.17604E-03  0.70517E+00  0.14432E-01  0.69890E+00
   67.00  0.37295E+00 -0.70643E+00 -0.20593E-03  0.61157E-03  0.98588E+00  0.62307E-03 -0.21185E-03  0.68562E+00  0.15450E-01  0.67919E+00
   68.00  0.35569E+00 -0.72461E+00 -0.22909E-03  0.64682E-03  0.98522E+00  0.69609E-03 -0.24905E-03  0.66506E+00  0.16445E-01  0.65847E+00
   69.00  0.33921E+00 -0.74256E+00 -0.25052E-03  0.67170E-03  0.98453E+00  0.76533E-03 -0.28653E-03  0.64351E+00  0.17371E-01  0.63674E+00
   70.00  0.32367E+00 -0.76022E+00 -0.26938E-03  0.68504E-03  0.98380E+00  0.82903E-03 -0.32300E-03  0.62095E+00  0.18189E-01  0.61401E+00
   71.00  0.30915E+00 -0.77750E+00 -0.28482E-03  0.68603E-03  0.98305E+00  0.88540E-03 -0.35710E-03  0.59742E+00  0.18867E-01  0.59029E+00
   72.00  0.29572E+00 -0.79436E+00 -0.29599E-03  0.67438E-03  0.98228E+00  0.93275E-03 -0.38747E-03  0.57294E+00  0.19381E-01  0.56564E+00
   73.00  0.28337E+00 -0.81071E+00 -0.30208E-03  0.65033E-03  0.98151E+00  0.96952E-03 -0.41286E-03  0.54754E+00  0.19719E-01  0.54007E+00
   74.00  0.27209E+00 -0.82649E+00 -0.30240E-03  0.61460E-03  0.98072E+00  0.99445E-03 -0.43222E-03  0.52128E+00  0.19874E-01  0.51365E+00
   75.00  0.26180E+00 -0.84163E+00 -0.29640E-03  0.56837E-03  0.97994E+00  0.10066E-02 -0.44478E-03  0.49418E+00  0.19846E-01  0.48641E+00
   76.00  0.25242E+00 -0.85608E+00 -0.28371E-03  0.51309E-03  0.97915E+00  0.10054E-02 -0.45008E-03  0.46629E+00  0.19640E-01  0.45840E+00
   77.00  0.24387E+00 -0.86977E+00 -0.26415E-03  0.45043E-03  0.97836E+00  0.99083E-03 -0.44794E-03  0.43764E+00  0.19264E-01  0.42966E+00
   78.00  0.23604E+00 -0.88267E+00 -0.23777E-03  0.38206E-03  0.97757E+00  0.96308E-03 -0.43848E-03  0.40828E+00  0.18723E-01  0.40022E+00
   79.00  0.22885E+00 -0.89471E+00 -0.20482E-03  0.30958E-03  0.97678E+00  0.92288E-03 -0.42203E-03  0.37821E+00  0.18022E-01  0.37011E+00
   80.00  0.22221E+00 -0.90587E+00 -0.16573E-03  0.23444E-03  0.97598E+00  0.87123E-03 -0.39907E-03  0.34748E+00  0.17163E-01  0.33935E+00
   81.00  0.21604E+00 -0.91608E+00 -0.12117E-03  0.15788E-03  0.97519E+00  0.80946E-03 -0.37016E-03  0.31611E+00  0.16145E-01  0.30799E+00
   82.00  0.21031E+00 -0.92532E+00 -0.71963E-04  0.80938E-04  0.97440E+00  0.73913E-03 -0.33589E-03  0.28412E+00  0.14965E-01  0.27605E+00
   83.00  0.20496E+00 -0.93356E+00 -0.19113E-04  0.44698E-05  0.97362E+00  0.66200E-03 -0.29679E-03  0.25156E+00  0.13622E-01  0.24357E+00
   84.00  0.19998E+00 -0.94074E+00  0.36230E-04 -0.70831E-04  0.97285E+00  0.57997E-03 -0.25337E-03  0.21845E+00  0.12114E-01  0.21058E+00
   85.00  0.19535E+00 -0.94685E+00  0.92794E-04 -0.14438E-03  0.97210E+00  0.49505E-03 -0.20604E-03  0.18485E+00  0.10443E-01  0.17714E+00
   86.00  0.19107E+00 -0.95186E+00  0.14923E-03 -0.21568E-03  0.97139E+00  0.40926E-03 -0.15514E-03  0.15081E+00  0.86158E-02  0.14330E+00
   87.00  0.18715E+00 -0.95574E+00  0.20415E-03 -0.28426E-03  0.97072E+00  0.32459E-03 -0.10093E-03  0.11640E+00  0.66466E-02  0.10914E+00
   88.00  0.18358E+00 -0.95848E+00  0.25621E-03 -0.34971E-03  0.97011E+00  0.24290E-03 -0.43631E-04  0.81696E-01  0.45554E-02  0.74723E-01
   89.00  0.18037E+00 -0.96007E+00  0.30414E-03 -0.41163E-03  0.96956E+00  0.16588E-03  0.16575E-04  0.46777E-01  0.23694E-02  0.40138E-01
   90.00  0.17753E+00 -0.96051E+00  0.34687E-03 -0.46969E-03  0.96909E+00  0.94938E-04  0.79523E-04  0.11734E-01  0.12201E-03  0.54727E-02
   91.00  0.17507E+00 -0.95979E+00  0.38353E-03 -0.52362E-03  0.96871E+00  0.31156E-04  0.14504E-03 -0.23337E-01 -0.21488E-02 -0.29183E-01
   92.00  0.17298E+00 -0.95793E+00  0.41357E-03 -0.57322E-03  0.96841E+00 -0.24764E-04  0.21292E-03 -0.58341E-01 -0.44021E-02 -0.63738E-01
   93.00  0.17125E+00 -0.95494E+00  0.43672E-03 -0.61842E-03  0.96821E+00 -0.72510E-04  0.28294E-03 -0.93180E-01 -0.65967E-02 -0.98098E-01
   94.00  0.16989E+00 -0.95085E+00  0.45309E-03 -0.65927E-03  0.96810E+00 -0.11216E-03  0.35481E-03 -0.12776E+00 -0.86929E-02 -0.13218E+00
   95.00  0.16886E+00 -0.94567E+00  0.46308E-03 -0.69591E-03  0.96807E+00 -0.14414E-03  0.42823E-03 -0.16199E+00 -0.10655E-01 -0.16589E+00
   96.00  0.16815E+00 -0.93943E+00  0.46736E-03 -0.72863E-03  0.96812E+00 -0.16918E-03  0.50284E-03 -0.19578E+00 -0.12454E-01 -0.19915E+00
   97.00  0.16775E+00 -0.93218E+00  0.46687E-03 -0.75777E-03  0.96825E+00 -0.18820E-03  0.57823E-03 -0.22907E+00 -0.14065E-01 -0.23190E+00
   98.00  0.16763E+00 -0.92394E+00  0.46266E-03 -0.78374E-03  0.96844E+00 -0.20227E-03  0.65398E-03 -0.26176E+00 -0.15474E-01 -0.26407E+00
   99.00  0.16776E+00 -0.91475E+00  0.45591E-03 -0.80695E-03  0.96869E+00 -0.21251E-03  0.72965E-03 -0.29382E+00 -0.16671E-01 -0.29559E+00
  100.00  0.16812E+00 -0.90467E+00  0.44777E-03 -0.82779E-03  0.96897E+00 -0.22000E-03  0.80478E-03 -0.32517E+00 -0.17655E-01 -0.32643E+00
  101.00  0.16869E+00 -0.89372E+00  0.43938E-03 -0.84657E-03  0.96929E+00 -0.22576E-03  0.87890E-03 -0.35577E+00 -0.18429E-01 -0.35652E+00
  102.00  0.16943E+00 -0.88196E+00  0.43173E-03 -0.86352E-03  0.96963E+00 -0.23062E-03  0.95153E-03 -0.38559E+00 -0.19004E-01 -0.38585E+00
  103.00  0.17034E+00 -0.86944E+00  0.42571E-03 -0.87871E-03  0.96998E+00 -0.23530E-03  0.10222E-02 -0.41459E+00 -0.19390E-01 -0.41437E+00
  104.00  0.17137E+00 -0.85620E+00  0.42199E-03 -0.89209E-03  0.97034E+00 -0.24031E-03  0.10905E-02 -0.44274E+00 -0.19604E-01 -0.44206E+00
  105.00  0.17251E+00 -0.84229E+00  0.42109E-03 -0.90345E-03  0.97070E+00 -0.24600E-03  0.11559E-02 -0.47003E+00 -0.19663E-01 -0.46890E+00
  106.00  0.17375E+00 -0.82777E+00  0.42333E-03 -0.91244E-03  0.97106E+00 -0.25253E-03  0.12181E-02 -0.49644E+00 -0.19583E-01 -0.49487E+00
  107.00  0.17505E+00 -0.81267E+00  0.42886E-03 -0.91859E-03  0.97140E+00 -0.25994E-03  0.12766E-02 -0.52196E+00 -0.19383E-01 -0.51996E+00
  108.00  0.17641E+00 -0.79706E+00  0.43769E-03 -0.92132E-03  0.97173E+00 -0.26816E-03  0.13311E-02 -0.54658E+00 -0.19080E-01 -0.54417E+00
  109.00  0.17780E+00 -0.78098E+00  0.44968E-03 -0.91996E-03  0.97205E+00 -0.27700E-03  0.13811E-02 -0.57031E+00 -0.18691E-01 -0.56750E+00
  110.00  0.17921E+00 -0.76448E+00  0.46460E-03 -0.91381E-03  0.97234E+00 -0.28622E-03  0.14265E-02 -0.59315E+00 -0.18231E-01 -0.58993E+00
  111.00  0.18062E+00 -0.74760E+00  0.48217E-03 -0.90216E-03  0.97263E+00 -0.29555E-03  0.14669E-02 -0.61510E+00 -0.17714E-01 -0.61149E+00
  112.00  0.18202E+00 -0.73040E+00  0.50202E-03 -0.88431E-03  0.97289E+00 -0.30471E-03  0.15021E-02 -0.63617E+00 -0.17156E-01 -0.63217E+00
  113.00  0.18340E+00 -0.71291E+00  0.52381E-03 -0.85961E-03  0.97313E+00 -0.31340E-03  0.15318E-02 -0.65637E+00 -0.16567E-01 -0.65198E+00
  114.00  0.18474E+00 -0.69518E+00  0.54717E-03 -0.82752E-03  0.97336E+00 -0.32135E-03  0.15560E-02 -0.67572E+00 -0.15961E-01 -0.67094E+00
  115.00  0.18604E+00 -0.67725E+00  0.57175E-03 -0.78759E-03  0.97357E+00 -0.32833E-03  0.15746E-02 -0.69423E+00 -0.15347E-01 -0.68905E+00
  116.00  0.18728E+00 -0.65916E+00  0.59725E-03 -0.73948E-03  0.97377E+00 -0.33414E-03  0.15873E-02 -0.71191E+00 -0.14735E-01 -0.70634E+00
  117.00  0.18846E+00 -0.64094E+00  0.62339E-03 -0.68302E-03  0.97395E+00 -0.33861E-03  0.15943E-02 -0.72879E+00 -0.14136E-01 -0.72282E+00
  118.00  0.18957E+00 -0.62264E+00  0.64992E-03 -0.61817E-03  0.97411E+00 -0.34163E-03  0.15955E-02 -0.74488E+00 -0.13555E-01 -0.73850E+00
  119.00  0.19061E+00 -0.60429E+00  0.67664E-03 -0.54507E-03  0.97425E+00 -0.34312E-03  0.15910E-02 -0.76019E+00 -0.13001E-01 -0.75341E+00
  120.00  0.19156E+00 -0.58592E+00  0.70338E-03 -0.46400E-03  0.97439E+00 -0.34305E-03  0.15807E-02 -0.77475E+00 -0.12480E-01 -0.76755E+00
  121.00  0.19244E+00 -0.56757E+00  0.72999E-03 -0.37538E-03  0.97450E+00 -0.34142E-03  0.15649E-02 -0.78859E+00 -0.11997E-01 -0.78096E+00
  122.00  0.19325E+00 -0.54926E+00  0.75633E-03 -0.27980E-03  0.97461E+00 -0.33827E-03  0.15436E-02 -0.80170E+00 -0.11555E-01 -0.79365E+00
  123.00  0.19397E+00 -0.53102E+00  0.78229E-03 -0.17795E-03  0.97470E+00 -0.33368E-03  0.15171E-02 -0.81413E+00 -0.11159E-01 -0.80564E+00
  124.00  0.19462E+00 -0.51289E+00  0.80773E-03 -0.70681E-04  0.97478E+00 -0.32774E-03  0.14856E-02 -0.82588E+00 -0.10809E-01 -0.81694E+00
  125.00  0.19521E+00 -0.49489E+00  0.83252E-03  0.41088E-04  0.97485E+00 -0.32057E-03  0.14493E-02 -0.83698E+00 -0.10506E-01 -0.82760E+00
  126.00  0.19573E+00 -0.47705E+00  0.85652E-03  0.15634E-03  0.97490E+00 -0.31231E-03  0.14085E-02 -0.84745E+00 -0.10250E-01 -0.83761E+00
  127.00  0.19620E+00 -0.45939E+00  0.87954E-03  0.27398E-03  0.97495E+00 -0.30311E-03  0.13636E-02 -0.85732E+00 -0.10040E-01 -0.84701E+00
  128.00  0.19662E+00 -0.44193E+00  0.90140E-03  0.39289E-03  0.97499E+00 -0.29314E-03  0.13151E-02 -0.86659E+00 -0.98717E-02 -0.85583E+00
  129.00  0.19700E+00 -0.42471E+00  0.92188E-03  0.51190E-03  0.97502E+00 -0.28255E-03  0.12633E-02 -0.87530E+00 -0.97426E-02 -0.86407E+00
  130.00  0.19736E+00 -0.40773E+00  0.94074E-03  0.62986E-03  0.97504E+00 -0.27149E-03  0.12088E-02 -0.88347E+00 -0.96478E-02 -0.87176E+00
  131.00  0.19770E+00 -0.39102E+00  0.95771E-03  0.74563E-03  0.97505E+00 -0.26012E-03  0.11521E-02 -0.89111E+00 -0.95822E-02 -0.87894E+00
  132.00  0.19804E+00 -0.37460E+00  0.97253E-03  0.85811E-03  0.97507E+00 -0.24858E-03  0.10938E-02 -0.89825E+00 -0.95399E-02 -0.88562E+00
  133.00  0.19837E+00 -0.35847E+00  0.98490E-03  0.96627E-03  0.97507E+00 -0.23698E-03  0.10345E-02 -0.90492E+00 -0.95147E-02 -0.89182E+00
  134.00  0.19872E+00 -0.34267E+00  0.99456E-03  0.10692E-02  0.97508E+00 -0.22543E-03  0.97478E-03 -0.91113E+00 -0.95002E-02 -0.89757E+00
  135.00  0.19909E+00 -0.32720E+00  0.10012E-02  0.11659E-02  0.97509E+00 -0.21401E-03  0.91531E-03 -0.91691E+00 -0.94900E-02 -0.90290E+00
  136.00  0.19949E+00 -0.31206E+00  0.10046E-02  0.12559E-02  0.97509E+00 -0.20279E-03  0.85670E-03 -0.92228E+00 -0.94779E-02 -0.90781E+00
  137.00  0.19992E+00 -0.29728E+00  0.10046E-02  0.13384E-02  0.97510E+00 -0.19180E-03  0.79951E-03 -0.92725E+00 -0.94580E-02 -0.91235E+00
  138.00  0.20040E+00 -0.28286E+00  0.10009E-02  0.14130E-02  0.97511E+00 -0.18108E-03  0.74429E-03 -0.93186E+00 -0.94249E-02 -0.91653E+00
  139.00  0.20092E+00 -0.26881E+00  0.99334E-03  0.14795E-02  0.97513E+00 -0.17061E-03  0.69152E-03 -0.93612E+00 -0.93740E-02 -0.92037E+00
  140.00  0.20150E+00 -0.25513E+00  0.98192E-03  0.15376E-02  0.97515E+00 -0.16040E-03  0.64161E-03 -0.94004E+00 -0.93013E-02 -0.92390E+00
  141.00  0.20214E+00 -0.24182E+00  0.96657E-03  0.15874E-02  0.97517E+00 -0.15042E-03  0.59488E-03 -0.94366E+00 -0.92038E-02 -0.92713E+00
  142.00  0.20283E+00 -0.22889E+00  0.94732E-03  0.16291E-02  0.97520E+00 -0.14066E-03  0.55158E-03 -0.94699E+00 -0.90794E-02 -0.93008E+00
  143.00  0.20358E+00 -0.21634E+00  0.92427E-03  0.16628E-02  0.97524E+00 -0.13108E-03  0.51184E-03 -0.95004E+00 -0.89267E-02 -0.93278E+00
  144.00  0.20439E+00 -0.20418E+00  0.89758E-03  0.16890E-02  0.97529E+00 -0.12166E-03  0.47570E-03 -0.95284E+00 -0.87454E-02 -0.93523E+00
  145.00  0.20526E+00 -0.19239E+00  0.86748E-03  0.17081E-02  0.97534E+00 -0.11240E-03  0.44313E-03 -0.95540E+00 -0.85360E-02 -0.93747E+00
  146.00  0.20619E+00 -0.18098E+00  0.83425E-03  0.17206E-02  0.97541E+00 -0.10327E-03  0.41399E-03 -0.95774E+00 -0.82997E-02 -0.93950E+00
  147.00  0.20717E+00 -0.16994E+00  0.79825E-03  0.17272E-02  0.97548E+00 -0.94289E-04  0.38806E-03 -0.95987E+00 -0.80384E-02 -0.94134E+00
  148.00  0.20820E+00 -0.15929E+00  0.75986E-03  0.17286E-02  0.97555E+00 -0.85469E-04  0.36507E-03 -0.96181E+00 -0.77545E-02 -0.94301E+00
  149.00  0.20928E+00 -0.14900E+00  0.71952E-03  0.17252E-02  0.97563E+00 -0.76842E-04  0.34470E-03 -0.96358E+00 -0.74508E-02 -0.94451E+00
  150.00  0.21041E+00 -0.13908E+00  0.67770E-03  0.17178E-02  0.97572E+00 -0.68446E-04  0.32657E-03 -0.96517E+00 -0.71304E-02 -0.94587E+00
  151.00  0.21157E+00 -0.12952E+00  0.63486E-03  0.17070E-02  0.97581E+00 -0.60332E-04  0.31031E-03 -0.96662E+00 -0.67967E-02 -0.94709E+00
  152.00  0.21276E+00 -0.12033E+00  0.59149E-03  0.16933E-02  0.97591E+00 -0.52558E-04  0.29554E-03 -0.96792E+00 -0.64529E-02 -0.94818E+00
  153.00  0.21398E+00 -0.11149E+00  0.54807E-03  0.16773E-02  0.97600E+00 -0.45183E-04  0.28187E-03 -0.96910E+00 -0.61024E-02 -0.94916E+00
  154.00  0.21523E+00 -0.10301E+00  0.50506E-03  0.16594E-02  0.97610E+00 -0.38268E-04  0.26897E-03 -0.97015E+00 -0.57482E-02 -0.95002E+00
  155.00  0.21649E+00 -0.94882E-01  0.46287E-03  0.16401E-02  0.97620E+00 -0.31867E-04  0.25651E-03 -0.97110E+00 -0.53932E-02 -0.95079E+00
  156.00  0.21776E+00 -0.87104E-01  0.42190E-03  0.16197E-02  0.97629E+00 -0.26028E-04  0.24425E-03 -0.97195E+00 -0.50400E-02 -0.95147E+00
  157.00  0.21904E+00 -0.79676E-01  0.38248E-03  0.15985E-02  0.97639E+00 -0.20789E-04  0.23196E-03 -0.97270E+00 -0.46909E-02 -0.95206E+00
  158.00  0.22031E+00 -0.72594E-01  0.34487E-03  0.15769E-02  0.97647E+00 -0.16173E-04  0.21948E-03 -0.97336E+00 -0.43478E-02 -0.95256E+00
  159.00  0.22158E+00 -0.65857E-01  0.30930E-03  0.15549E-02  0.97655E+00 -0.12188E-04  0.20671E-03 -0.97395E+00 -0.40124E-02 -0.95300E+00
  160.00  0.22284E+00 -0.59465E-01  0.27592E-03  0.15329E-02  0.97662E+00 -0.88262E-05  0.19361E-03 -0.97446E+00 -0.36859E-02 -0.95336E+00
  161.00  0.22408E+00 -0.53415E-01  0.24483E-03  0.15110E-02  0.97669E+00 -0.60649E-05  0.18016E-03 -0.97491E+00 -0.33693E-02 -0.95366E+00
  162.00  0.22530E+00 -0.47707E-01  0.21605E-03  0.14893E-02  0.97674E+00 -0.38665E-05  0.16642E-03 -0.97529E+00 -0.30633E-02 -0.95389E+00
  163.00  0.22650E+00 -0.42340E-01  0.18959E-03  0.14680E-02  0.97678E+00 -0.21810E-05  0.15246E-03 -0.97562E+00 -0.27686E-02 -0.95407E+00
  164.00  0.22766E+00 -0.37312E-01  0.16536E-03  0.14472E-02  0.97682E+00 -0.94863E-06  0.13840E-03 -0.97589E+00 -0.24856E-02 -0.95419E+00
  165.00  0.22879E+00 -0.32620E-01  0.14330E-03  0.14270E-02  0.97684E+00 -0.10336E-06  0.12436E-03 -0.97611E+00 -0.22145E-02 -0.95426E+00
  166.00  0.22988E+00 -0.28263E-01  0.12327E-03  0.14075E-02  0.97685E+00  0.42402E-06  0.11049E-03 -0.97629E+00 -0.19559E-02 -0.95429E+00
  167.00  0.23092E+00 -0.24238E-01  0.10516E-03  0.13889E-02  0.97685E+00  0.70230E-06  0.96946E-04 -0.97643E+00 -0.17100E-02 -0.95427E+00
  168.00  0.23190E+00 -0.20541E-01  0.88821E-04  0.13712E-02  0.97684E+00  0.79666E-06  0.83863E-04 -0.97653E+00 -0.14773E-02 -0.95422E+00
  169.00  0.23284E+00 -0.17168E-01  0.74131E-04  0.13545E-02  0.97682E+00  0.76595E-06  0.71386E-04 -0.97660E+00 -0.12584E-02 -0.95415E+00
  170.00  0.23371E+00 -0.14114E-01  0.60969E-04  0.13390E-02  0.97680E+00  0.66054E-06  0.59645E-04 -0.97665E+00 -0.10539E-02 -0.95405E+00
  171.00  0.23452E+00 -0.11375E-01  0.49233E-04  0.13248E-02  0.97677E+00  0.52096E-06  0.48752E-04 -0.97667E+00 -0.86456E-03 -0.95393E+00
  172.00  0.23525E+00 -0.89452E-02  0.38841E-04  0.13118E-02  0.97674E+00  0.37735E-06  0.38805E-04 -0.97667E+00 -0.69136E-03 -0.95380E+00
  173.00  0.23591E+00 -0.68185E-02  0.29729E-04  0.13003E-02  0.97670E+00  0.24970E-06  0.29886E-04 -0.97666E+00 -0.53523E-03 -0.95367E+00
  174.00  0.23650E+00 -0.49895E-02  0.21857E-04  0.12902E-02  0.97667E+00  0.14878E-06  0.22059E-04 -0.97665E+00 -0.39719E-03 -0.95354E+00
  175.00  0.23700E+00 -0.34527E-02  0.15197E-04  0.12816E-02  0.97664E+00  0.77698E-07  0.15373E-04 -0.97663E+00 -0.27826E-03 -0.95342E+00
  176.00  0.23741E+00 -0.22032E-02  0.97415E-05  0.12745E-02  0.97661E+00  0.33888E-07  0.98647E-05 -0.97660E+00 -0.17941E-03 -0.95331E+00
  177.00  0.23774E+00 -0.12363E-02  0.54880E-05  0.12689E-02  0.97658E+00  0.11244E-07  0.55593E-05 -0.97658E+00 -0.10152E-03 -0.95322E+00
  178.00  0.23797E+00 -0.54853E-03  0.24423E-05  0.12650E-02  0.97656E+00  0.22961E-08  0.24738E-05 -0.97656E+00 -0.45312E-04 -0.95315E+00
  179.00  0.23811E+00 -0.13699E-03  0.61108E-06  0.12626E-02  0.97655E+00  0.14636E-09  0.61889E-06 -0.97655E+00 -0.11357E-04 -0.95311E+00
  180.00  0.23816E+00 -0.33939E-14  0.15149E-16  0.12618E-02  0.97655E+00  0.90490E-31  0.15342E-16 -0.97655E+00 -0.28172E-15 -0.95310E+00
 scattering matrix expansion coefficients
    w  a11         a22         a33         a23         a32         a44         a12         a34         a13         a24         a14
    0  0.1000E+01  0.0000E+00  0.0000E+00  0.0000E+00  0.0000E+00  0.7907E+00  0.0000E+00  0.0000E+00  0.0000E+00  0.0000E+00 -0.1911E-03
    1  0.2177E+01  0.0000E+00  0.0000E+00  0.0000E+00  0.0000E+00  0.2400E+01  0.0000E+00  0.0000E+00  0.0000E+00  0.0000E+00 -0.7095E-03
    2  0.3024E+01  0.2675E+00  0.3898E+01  0.2870E-05 -0.2261E-03  0.2992E+01 -0.3847E+00  0.3346E-02  0.8681E-04  0.1455E-03 -0.6285E-03
    3  0.3302E+01  0.5083E-01  0.3824E+01 -0.1721E-05 -0.6779E-03  0.3296E+01 -0.2326E+00  0.1135E-01 -0.1914E-03 -0.2783E-03 -0.1004E-02
    4  0.3370E+01  0.1533E-01  0.3752E+01 -0.4114E-06 -0.9656E-03  0.3394E+01 -0.2083E+00  0.5142E-02  0.1186E-03  0.1457E-03 -0.5515E-03
    5  0.3354E+01  0.2081E-01  0.3619E+01 -0.1825E-05 -0.8503E-03  0.3360E+01 -0.1577E+00 -0.4889E-03 -0.4868E-05  0.1435E-03  0.7323E-05
    6  0.3275E+01  0.2062E-01  0.3467E+01 -0.4102E-06 -0.9958E-03  0.3253E+01 -0.1012E+00 -0.2899E-02  0.5994E-04 -0.9839E-04 -0.6070E-04
    7  0.3095E+01 -0.2805E-02  0.3269E+01  0.2205E-06 -0.1004E-02  0.3105E+01 -0.8949E-01 -0.3520E-02 -0.1741E-04 -0.5024E-04  0.2228E-04
    8  0.2875E+01  0.2220E-02  0.3019E+01 -0.5476E-06 -0.7559E-03  0.2880E+01 -0.8352E-01 -0.6898E-02 -0.4970E-04  0.1726E-05  0.1169E-04
    9  0.2618E+01  0.5797E-02  0.2735E+01  0.6406E-06 -0.2732E-03  0.2613E+01 -0.6373E-01 -0.6848E-02  0.5973E-04 -0.6932E-05  0.1818E-04
   10  0.2319E+01  0.1742E-02  0.2422E+01  0.5741E-06  0.1628E-03  0.2318E+01 -0.5287E-01 -0.2222E-02  0.7096E-04  0.5026E-04  0.1780E-03
   11  0.1996E+01  0.1206E-02  0.2085E+01  0.1466E-06  0.3624E-03  0.1996E+01 -0.5085E-01  0.2348E-02  0.3152E-04  0.1584E-04  0.2074E-03
   12  0.1668E+01  0.9678E-03  0.1742E+01  0.5051E-06  0.4177E-03  0.1667E+01 -0.5165E-01  0.4877E-02 -0.1166E-04 -0.4829E-05  0.1699E-03
   13  0.1357E+01 -0.2897E-03  0.1417E+01  0.1561E-06  0.4624E-03  0.1358E+01 -0.5399E-01  0.5116E-02 -0.4176E-05  0.1471E-05  0.1709E-03
   14  0.1090E+01 -0.5300E-03  0.1136E+01 -0.2353E-06  0.4849E-03  0.1093E+01 -0.5087E-01  0.3870E-02  0.6447E-05  0.5943E-05  0.1641E-03
   15  0.8769E+00  0.3036E-03  0.9097E+00 -0.1702E-06  0.4471E-03  0.8784E+00 -0.3864E-01  0.2698E-02 -0.2992E-05  0.3028E-05  0.1452E-03
   16  0.7080E+00  0.1614E-02  0.7314E+00 -0.2400E-07  0.3757E-03  0.7065E+00 -0.2237E-01  0.2474E-02 -0.4194E-05 -0.1464E-04  0.1040E-03
   17  0.5606E+00  0.1701E-02  0.5792E+00  0.7846E-07  0.2822E-03  0.5577E+00 -0.1214E-01  0.3271E-02 -0.4454E-05 -0.2162E-04  0.4224E-04
   18  0.4197E+00  0.4432E-03  0.4366E+00  0.8536E-07  0.1827E-03  0.4184E+00 -0.1226E-01  0.4114E-02 -0.6738E-05 -0.1546E-04 -0.1371E-04
   19  0.2880E+00 -0.6690E-03  0.3028E+00  0.4326E-07  0.9357E-04  0.2889E+00 -0.1767E-01  0.4086E-02 -0.9905E-05 -0.3189E-05 -0.4074E-04
   20  0.1779E+00 -0.7105E-03  0.1891E+00  0.2355E-07  0.3395E-04  0.1794E+00 -0.2063E-01  0.3165E-02 -0.8273E-05  0.5626E-05 -0.3879E-04
   21  0.9822E-01 -0.1501E-03  0.1051E+00  0.2432E-07  0.5289E-05  0.9900E-01 -0.1831E-01  0.1969E-02 -0.4880E-05  0.7652E-05 -0.2540E-04
   22  0.4843E-01  0.2969E-03  0.5192E-01  0.2053E-07 -0.3406E-05  0.4838E-01 -0.1284E-01  0.1011E-02 -0.1895E-05  0.5715E-05 -0.1296E-04
   23  0.2138E-01  0.4013E-03  0.2283E-01  0.1178E-07 -0.3802E-05  0.2097E-01 -0.7393E-02  0.4389E-03 -0.3803E-06  0.3193E-05 -0.5652E-05
   24  0.8479E-02  0.3016E-03  0.8970E-02  0.5101E-08 -0.2236E-05  0.8097E-02 -0.3595E-02  0.1636E-03  0.9045E-07  0.1472E-05 -0.2255E-05
   25  0.3032E-02  0.1679E-03  0.3165E-02  0.1619E-08 -0.9826E-06  0.2799E-02 -0.1507E-02  0.5307E-04  0.1171E-06  0.5790E-06 -0.8574E-06
   26  0.9819E-03  0.7559E-04  0.1008E-02  0.4239E-09 -0.3587E-06  0.8706E-03 -0.5528E-03  0.1523E-04  0.6291E-07  0.1989E-06 -0.2890E-06
   27  0.2892E-03  0.2866E-04  0.2911E-03  0.7654E-10 -0.1132E-06  0.2453E-03 -0.1797E-03  0.3945E-05  0.2584E-07  0.6096E-07 -0.8388E-07
   28  0.7791E-04  0.9412E-05  0.7688E-04  0.2671E-11 -0.3028E-07  0.6313E-04 -0.5233E-04  0.9367E-06  0.7913E-08  0.1743E-07 -0.2164E-07
   29  0.1934E-04  0.2738E-05  0.1870E-04 -0.5566E-11 -0.7129E-08  0.1495E-04 -0.1382E-04  0.2025E-06  0.2189E-08  0.4650E-08 -0.5366E-08
   30  0.4454E-05  0.7174E-06  0.4218E-05 -0.3004E-11 -0.1288E-08  0.3284E-05 -0.3340E-05  0.4047E-07  0.3713E-09  0.1066E-08 -0.8795E-09
   31  0.9542E-06  0.1715E-06  0.8852E-06 -0.1047E-11 -0.2071E-09  0.6706E-06 -0.7447E-06  0.6920E-08  0.8230E-10  0.1928E-09 -0.1244E-09
   32  0.1913E-06  0.3771E-07  0.1740E-06 -0.2838E-12 -0.1205E-10  0.1281E-06 -0.1542E-06  0.1028E-08  0.1205E-11  0.2474E-10  0.8871E-11
   33  0.3463E-07  0.7415E-08  0.3087E-07 -0.6569E-13  0.4813E-12  0.2205E-07 -0.2874E-07  0.1412E-09  0.6102E-12 -0.9602E-12  0.9844E-11
   34  0.5983E-08  0.1371E-08  0.5244E-08 -0.1323E-13  0.7717E-12  0.3627E-08 -0.5085E-08  0.1101E-10 -0.3092E-12 -0.6216E-12  0.2212E-11
   35  0.7812E-09  0.1914E-09  0.6710E-09 -0.1811E-14  0.1761E-12  0.4487E-09 -0.6802E-09  0.1711E-11 -0.5935E-13 -0.2548E-12  0.5446E-12
   36  0.1146E-09  0.2949E-10  0.9693E-10 -0.2283E-15  0.1559E-13  0.6269E-10 -0.1015E-09 -0.4310E-13 -0.4815E-14 -0.3240E-13  0.6148E-13
   37  0.6652E-11  0.1810E-11  0.5516E-11 -0.6504E-17  0.2694E-14  0.3467E-11 -0.6010E-11  0.9431E-14 -0.1226E-14 -0.4155E-14  0.6849E-14
   38  0.1454E-11  0.4250E-12  0.1210E-11 -0.6246E-18 -0.1031E-15  0.7276E-12 -0.1344E-11 -0.3655E-14  0.5996E-16 -0.1636E-15  0.2745E-15
