 input file is 
mstm18_1024_6398_171_00226.inp
 input file comments follow:
***********************************************************
  This is the default mstm input file for v.3.0.
  The run is for a 7-sphere cluster of identical spheres.   The positions
  are embedded in the input file.

  The run makes use of the new_run and multiple_run options.

  14 April 2013
***********************************************************
 number of processors:
   1
 input parameters for run number 
    1
 number of spheres, volume size parameter:
 1024  0.64488E+01
 position file:
position/n1024/a18.out                                      
 output file:
output/1024/x6398/171/00226/mt_18_1024_6398_171_00226.dat   
 length, ref. indx. scale factors:
   0.640   1.710   0.023
 chiral factors:
  0.00000E+00  0.00000E+00
 scattering matrix directions based on incident frame
 automatic scattering angle calculation
 thetamin, thetamax:
      0.0    180.0
 number scattering angles:
      181
 epsmie, epssoln, max number iterations:
  0.1000E-05  0.1000E-07 5000
 medium refractive index:
  1.0000  0.0000
 target euler rotation angles:
    0.0000    0.0000    0.0000
 far field kr, iterations/correction:
  0.1000E-07   20
 plane wave incidence
 random orientation calculations
 t matrix calculated, stored in file 
tmatrixfiles/181024639817100226                             
 t matrix convergence epsilon:
  0.1000E-06
 all spheres excited (total T matrix) 
 calculation results for run 
    1
 total ext, abs, scat efficiencies, w.r.t. xv, and asym. parm
  0.57862E+01  0.40052E+00  0.53856E+01  0.77642E+00
 scattering matrix elements (normalized w/ S11)
   theta      11           12           13           14           22           23           24           33           34           44      
    0.00  0.24589E+03  0.00000E+00  0.00000E+00  0.75282E-04  0.99991E+00  0.14919E-04  0.00000E+00  0.99991E+00  0.00000E+00  0.99982E+00 
    1.00  0.22911E+03 -0.93973E-04  0.81578E-07  0.64458E-04  0.99990E+00 -0.43489E-05  0.15470E-08  0.99990E+00 -0.13597E-03  0.99981E+00 
    2.00  0.18665E+03 -0.39427E-03  0.30134E-06  0.32542E-04  0.99988E+00 -0.58923E-04  0.62398E-07  0.99989E+00 -0.58824E-03  0.99978E+00 
    3.00  0.13639E+03 -0.96581E-03  0.59037E-06 -0.15793E-04  0.99985E+00 -0.13233E-03  0.37665E-06  0.99985E+00 -0.14569E-02  0.99972E+00 
    4.00  0.94294E+02 -0.19202E-02  0.89324E-06 -0.64075E-04  0.99979E+00 -0.18029E-03  0.12748E-05  0.99980E+00 -0.27337E-02  0.99961E+00 
    5.00  0.66247E+02 -0.33099E-02  0.13222E-05 -0.87170E-04  0.99971E+00 -0.14885E-03  0.29371E-05  0.99972E+00 -0.40229E-02  0.99946E+00 
    6.00  0.49101E+02 -0.49756E-02  0.21420E-05 -0.86379E-04  0.99962E+00 -0.61303E-04  0.49457E-05  0.99962E+00 -0.47773E-02  0.99928E+00 
    7.00  0.37290E+02 -0.67410E-02  0.33344E-05 -0.10086E-03  0.99949E+00 -0.26833E-04  0.66024E-05  0.99948E+00 -0.51173E-02  0.99904E+00 
    8.00  0.27883E+02 -0.87532E-02  0.44104E-05 -0.15525E-03  0.99929E+00 -0.11235E-03  0.73448E-05  0.99928E+00 -0.57318E-02  0.99865E+00 
    9.00  0.20740E+02 -0.11487E-01  0.48057E-05 -0.22361E-03  0.99899E+00 -0.26053E-03  0.63026E-05  0.99898E+00 -0.70678E-02  0.99809E+00 
   10.00  0.16067E+02 -0.15360E-01  0.47123E-05 -0.25364E-03  0.99868E+00 -0.30513E-03  0.25731E-05  0.99858E+00 -0.87801E-02  0.99742E+00 
   11.00  0.13091E+02 -0.20207E-01  0.52270E-05 -0.25139E-03  0.99844E+00 -0.15708E-03 -0.33286E-05  0.99814E+00 -0.10162E-01  0.99678E+00 
   12.00  0.10765E+02 -0.25604E-01  0.65102E-05 -0.28242E-03  0.99821E+00  0.70254E-04 -0.10080E-04  0.99764E+00 -0.11165E-01  0.99611E+00 
   13.00  0.87762E+01 -0.31277E-01  0.62667E-05 -0.34794E-03  0.99785E+00  0.21419E-03 -0.17366E-04  0.99706E+00 -0.11935E-01  0.99526E+00 
   14.00  0.74254E+01 -0.36603E-01  0.49871E-06 -0.31791E-03  0.99741E+00  0.19862E-03 -0.25387E-04  0.99652E+00 -0.11762E-01  0.99437E+00 
   15.00  0.68328E+01 -0.40799E-01 -0.11661E-04 -0.81905E-04  0.99710E+00  0.87837E-04 -0.33198E-04  0.99616E+00 -0.99088E-02  0.99377E+00 
   16.00  0.66042E+01 -0.44205E-01 -0.25507E-04  0.23905E-03  0.99697E+00 -0.71054E-05 -0.38793E-04  0.99590E+00 -0.73456E-02  0.99343E+00 
   17.00  0.62346E+01 -0.47760E-01 -0.36772E-04  0.45735E-03  0.99682E+00 -0.59160E-04 -0.40105E-04  0.99549E+00 -0.55894E-02  0.99295E+00 
   18.00  0.55742E+01 -0.51867E-01 -0.43627E-04  0.49919E-03  0.99647E+00 -0.64119E-04 -0.34764E-04  0.99484E+00 -0.51951E-02  0.99206E+00 
   19.00  0.48188E+01 -0.56463E-01 -0.45458E-04  0.40035E-03  0.99588E+00  0.31170E-04 -0.21317E-04  0.99399E+00 -0.56855E-02  0.99077E+00 
   20.00  0.41923E+01 -0.61552E-01 -0.44722E-04  0.27792E-03  0.99519E+00  0.27448E-03 -0.20192E-05  0.99306E+00 -0.59012E-02  0.98933E+00 
   21.00  0.37577E+01 -0.67560E-01 -0.47190E-04  0.23181E-03  0.99461E+00  0.58002E-03  0.18445E-04  0.99211E+00 -0.51368E-02  0.98798E+00 
   22.00  0.34729E+01 -0.74907E-01 -0.55709E-04  0.24155E-03  0.99420E+00  0.73632E-03  0.37636E-04  0.99110E+00 -0.40420E-02  0.98674E+00 
   23.00  0.32930E+01 -0.83185E-01 -0.65624E-04  0.23092E-03  0.99391E+00  0.59378E-03  0.53466E-04  0.99006E+00 -0.37231E-02  0.98555E+00 
   24.00  0.31752E+01 -0.91252E-01 -0.69681E-04  0.19362E-03  0.99361E+00  0.21439E-03  0.59673E-04  0.98911E+00 -0.43799E-02  0.98443E+00 
   25.00  0.30502E+01 -0.98444E-01 -0.66467E-04  0.19296E-03  0.99321E+00 -0.18992E-03  0.49944E-04  0.98824E+00 -0.53497E-02  0.98328E+00 
   26.00  0.28542E+01 -0.10532E+00 -0.61679E-04  0.27147E-03  0.99262E+00 -0.44224E-03  0.25498E-04  0.98720E+00 -0.61371E-02  0.98184E+00 
   27.00  0.25893E+01 -0.11313E+00 -0.62876E-04  0.40695E-03  0.99184E+00 -0.48332E-03 -0.31033E-05  0.98574E+00 -0.68179E-02  0.97986E+00 
   28.00  0.23218E+01 -0.12277E+00 -0.73253E-04  0.53159E-03  0.99099E+00 -0.36212E-03 -0.19936E-04  0.98377E+00 -0.75688E-02  0.97738E+00 
   29.00  0.21137E+01 -0.13368E+00 -0.85760E-04  0.58437E-03  0.99024E+00 -0.22163E-03 -0.15285E-04  0.98150E+00 -0.81295E-02  0.97472E+00 
   30.00  0.19673E+01 -0.14426E+00 -0.84645E-04  0.56606E-03  0.98960E+00 -0.22360E-03  0.26190E-05  0.97926E+00 -0.80320E-02  0.97216E+00 
   31.00  0.18416E+01 -0.15366E+00 -0.57902E-04  0.52530E-03  0.98886E+00 -0.42959E-03  0.15938E-04  0.97708E+00 -0.73653E-02  0.96956E+00 
   32.00  0.17055E+01 -0.16268E+00 -0.69380E-05  0.49434E-03  0.98782E+00 -0.78165E-03  0.15621E-04  0.97472E+00 -0.68404E-02  0.96656E+00 
   33.00  0.15634E+01 -0.17261E+00  0.52641E-04  0.46285E-03  0.98651E+00 -0.11612E-02  0.52409E-05  0.97197E+00 -0.70726E-02  0.96301E+00 
   34.00  0.14360E+01 -0.18380E+00  0.98053E-04  0.40030E-03  0.98517E+00 -0.14515E-02 -0.87716E-05  0.96877E+00 -0.78995E-02  0.95908E+00 
   35.00  0.13320E+01 -0.19505E+00  0.11589E-03  0.29879E-03  0.98396E+00 -0.15997E-02 -0.28838E-04  0.96532E+00 -0.84684E-02  0.95507E+00 
   36.00  0.12448E+01 -0.20489E+00  0.11238E-03  0.20058E-03  0.98285E+00 -0.16241E-02 -0.67419E-04  0.96181E+00 -0.81573E-02  0.95112E+00 
   37.00  0.11689E+01 -0.21339E+00  0.10120E-03  0.18407E-03  0.98170E+00 -0.15505E-02 -0.13502E-03  0.95833E+00 -0.71744E-02  0.94719E+00 
   38.00  0.11073E+01 -0.22232E+00  0.85724E-04  0.31536E-03  0.98060E+00 -0.13742E-02 -0.22739E-03  0.95481E+00 -0.61381E-02  0.94325E+00 
   39.00  0.10622E+01 -0.23365E+00  0.59302E-04  0.59200E-03  0.97972E+00 -0.11052E-02 -0.32547E-03  0.95102E+00 -0.53284E-02  0.93918E+00 
   40.00  0.10245E+01 -0.24753E+00  0.21407E-04  0.93539E-03  0.97900E+00 -0.81398E-03 -0.41106E-03  0.94665E+00 -0.45635E-02  0.93468E+00 
   41.00  0.97810E+00 -0.26233E+00 -0.14192E-04  0.12506E-02  0.97810E+00 -0.59521E-03 -0.47868E-03  0.94155E+00 -0.37664E-02  0.92939E+00 
   42.00  0.91650E+00 -0.27632E+00 -0.28695E-04  0.14723E-02  0.97670E+00 -0.50125E-03 -0.52723E-03  0.93584E+00 -0.33479E-02  0.92323E+00 
   43.00  0.85081E+00 -0.28903E+00 -0.11673E-04  0.15585E-02  0.97488E+00 -0.51964E-03 -0.54509E-03  0.92991E+00 -0.39069E-02  0.91666E+00 
   44.00  0.80045E+00 -0.30153E+00  0.31399E-04  0.14907E-02  0.97322E+00 -0.59395E-03 -0.51343E-03  0.92421E+00 -0.55096E-02  0.91041E+00 
   45.00  0.77532E+00 -0.31530E+00  0.83451E-04  0.13131E-02  0.97226E+00 -0.67399E-03 -0.43396E-03  0.91881E+00 -0.73554E-02  0.90483E+00 
   46.00  0.76750E+00 -0.33066E+00  0.13078E-03  0.11342E-02  0.97194E+00 -0.75131E-03 -0.34413E-03  0.91331E+00 -0.85540E-02  0.89942E+00 
   47.00  0.75917E+00 -0.34656E+00  0.16960E-03  0.10512E-02  0.97160E+00 -0.82890E-03 -0.28955E-03  0.90725E+00 -0.90038E-02  0.89338E+00 
   48.00  0.73748E+00 -0.36196E+00  0.19978E-03  0.10879E-02  0.97073E+00 -0.87229E-03 -0.29202E-03  0.90041E+00 -0.91422E-02  0.88631E+00 
   49.00  0.70263E+00 -0.37674E+00  0.22363E-03  0.11924E-02  0.96926E+00 -0.81415E-03 -0.34300E-03  0.89277E+00 -0.92447E-02  0.87821E+00 
   50.00  0.66412E+00 -0.39166E+00  0.25401E-03  0.12710E-02  0.96751E+00 -0.61886E-03 -0.41173E-03  0.88428E+00 -0.91769E-02  0.86926E+00 
   51.00  0.63130E+00 -0.40757E+00  0.31478E-03  0.12509E-02  0.96592E+00 -0.35378E-03 -0.46253E-03  0.87490E+00 -0.87144E-02  0.85965E+00 
   52.00  0.60698E+00 -0.42450E+00  0.41941E-03  0.11396E-02  0.96470E+00 -0.16911E-03 -0.47596E-03  0.86478E+00 -0.79941E-02  0.84956E+00 
   53.00  0.58774E+00 -0.44156E+00  0.54686E-03  0.10093E-02  0.96367E+00 -0.17158E-03 -0.45508E-03  0.85427E+00 -0.74784E-02  0.83919E+00 
   54.00  0.56822E+00 -0.45782E+00  0.64807E-03  0.91838E-03  0.96252E+00 -0.33176E-03 -0.41214E-03  0.84363E+00 -0.74781E-02  0.82862E+00 
   55.00  0.54518E+00 -0.47314E+00  0.68010E-03  0.85591E-03  0.96099E+00 -0.52227E-03 -0.35636E-03  0.83278E+00 -0.78674E-02  0.81767E+00 
   56.00  0.51872E+00 -0.48814E+00  0.63762E-03  0.75365E-03  0.95905E+00 -0.62933E-03 -0.29485E-03  0.82136E+00 -0.82492E-02  0.80594E+00 
   57.00  0.49108E+00 -0.50354E+00  0.55832E-03  0.54200E-03  0.95680E+00 -0.63702E-03 -0.23818E-03  0.80902E+00 -0.82952E-02  0.79314E+00 
   58.00  0.46458E+00 -0.51952E+00  0.49777E-03  0.20799E-03  0.95440E+00 -0.62324E-03 -0.19900E-03  0.79580E+00 -0.79282E-02  0.77939E+00 
   59.00  0.44031E+00 -0.53562E+00  0.49194E-03 -0.18558E-03  0.95201E+00 -0.67513E-03 -0.18316E-03  0.78206E+00 -0.72675E-02  0.76514E+00 
   60.00  0.41810E+00 -0.55129E+00  0.53876E-03 -0.53685E-03  0.94966E+00 -0.80432E-03 -0.18342E-03  0.76807E+00 -0.65114E-02  0.75074E+00 
   61.00  0.39752E+00 -0.56649E+00  0.61081E-03 -0.76847E-03  0.94736E+00 -0.94168E-03 -0.18305E-03  0.75367E+00 -0.59086E-02  0.73606E+00 
   62.00  0.37881E+00 -0.58171E+00  0.67859E-03 -0.87089E-03  0.94512E+00 -0.10022E-02 -0.16522E-03  0.73840E+00 -0.57215E-02  0.72064E+00 
   63.00  0.36289E+00 -0.59750E+00  0.72100E-03 -0.90067E-03  0.94308E+00 -0.94666E-03 -0.12053E-03  0.72198E+00 -0.60291E-02  0.70425E+00 
   64.00  0.35041E+00 -0.61392E+00  0.72303E-03 -0.93836E-03  0.94140E+00 -0.78933E-03 -0.50097E-04  0.70466E+00 -0.65013E-02  0.68717E+00 
   65.00  0.34090E+00 -0.63048E+00  0.67591E-03 -0.10337E-02  0.94012E+00 -0.56421E-03  0.35396E-04  0.68697E+00 -0.65111E-02  0.66994E+00 
   66.00  0.33299E+00 -0.64663E+00  0.58604E-03 -0.11809E-02  0.93910E+00 -0.30032E-03  0.12171E-03  0.66925E+00 -0.56442E-02  0.65282E+00 
   67.00  0.32533E+00 -0.66214E+00  0.48272E-03 -0.13409E-02  0.93806E+00 -0.32972E-04  0.20073E-03  0.65131E+00 -0.41299E-02  0.63551E+00 
   68.00  0.31749E+00 -0.67726E+00  0.41255E-03 -0.14857E-02  0.93685E+00  0.17586E-03  0.27824E-03  0.63270E+00 -0.27478E-02  0.61743E+00 
   69.00  0.30995E+00 -0.69242E+00  0.41898E-03 -0.16222E-02  0.93549E+00  0.24895E-03  0.37201E-03  0.61306E+00 -0.22734E-02  0.59819E+00 
   70.00  0.30323E+00 -0.70786E+00  0.51797E-03 -0.17803E-02  0.93415E+00  0.14057E-03  0.49685E-03  0.59231E+00 -0.29119E-02  0.57770E+00 
   71.00  0.29717E+00 -0.72349E+00  0.68872E-03 -0.19765E-02  0.93290E+00 -0.12536E-03  0.64556E-03  0.57049E+00 -0.41943E-02  0.55614E+00 
   72.00  0.29094E+00 -0.73889E+00  0.88941E-03 -0.21859E-02  0.93165E+00 -0.46890E-03  0.78312E-03  0.54769E+00 -0.53916E-02  0.53363E+00 
   73.00  0.28381E+00 -0.75358E+00  0.10836E-02 -0.23430E-02  0.93016E+00 -0.80663E-03  0.86065E-03  0.52400E+00 -0.59983E-02  0.51023E+00 
   74.00  0.27572E+00 -0.76727E+00  0.12555E-02 -0.23677E-02  0.92831E+00 -0.10922E-02  0.83771E-03  0.49958E+00 -0.58682E-02  0.48607E+00 
   75.00  0.26730E+00 -0.77993E+00  0.14059E-02 -0.21977E-02  0.92616E+00 -0.13172E-02  0.69760E-03  0.47469E+00 -0.50547E-02  0.46134E+00 
   76.00  0.25932E+00 -0.79182E+00  0.15369E-02 -0.18145E-02  0.92396E+00 -0.14848E-02  0.44812E-03  0.44946E+00 -0.36585E-02  0.43620E+00 
   77.00  0.25219E+00 -0.80327E+00  0.16389E-02 -0.12541E-02  0.92193E+00 -0.15837E-02  0.11123E-03  0.42368E+00 -0.18589E-02  0.41054E+00 
   78.00  0.24577E+00 -0.81445E+00  0.16876E-02 -0.59572E-03  0.92011E+00 -0.15842E-02 -0.28668E-03  0.39684E+00 -0.12376E-04  0.38392E+00 
   79.00  0.23961E+00 -0.82518E+00  0.16538E-02  0.65338E-04  0.91830E+00 -0.14529E-02 -0.71409E-03  0.36848E+00  0.14052E-02  0.35589E+00 
   80.00  0.23323E+00 -0.83501E+00  0.15166E-02  0.64964E-03  0.91622E+00 -0.11703E-02 -0.11286E-02  0.33856E+00  0.20569E-02  0.32637E+00 
   81.00  0.22627E+00 -0.84343E+00  0.12728E-02  0.11183E-02  0.91368E+00 -0.74002E-03 -0.14800E-02  0.30753E+00  0.19925E-02  0.29574E+00 
   82.00  0.21863E+00 -0.85015E+00  0.93858E-03  0.14806E-02  0.91064E+00 -0.19165E-03 -0.17273E-02  0.27609E+00  0.16444E-02  0.26468E+00 
   83.00  0.21044E+00 -0.85520E+00  0.54580E-03  0.17774E-02  0.90727E+00  0.41876E-03 -0.18585E-02  0.24484E+00  0.15339E-02  0.23383E+00 
   84.00  0.20216E+00 -0.85895E+00  0.13671E-03  0.20459E-02  0.90386E+00  0.10105E-02 -0.18979E-02  0.21406E+00  0.18962E-02  0.20354E+00 
   85.00  0.19449E+00 -0.86192E+00 -0.24307E-03  0.22862E-02  0.90072E+00  0.14916E-02 -0.18924E-02  0.18376E+00  0.25023E-02  0.17387E+00 
   86.00  0.18809E+00 -0.86458E+00 -0.55535E-03  0.24564E-02  0.89815E+00  0.17887E-02 -0.18864E-02  0.15390E+00  0.28279E-02  0.14477E+00 
   87.00  0.18327E+00 -0.86709E+00 -0.78255E-03  0.25040E-02  0.89623E+00  0.18826E-02 -0.19007E-02  0.12452E+00  0.24613E-02  0.11616E+00 
   88.00  0.17982E+00 -0.86929E+00 -0.93397E-03  0.24100E-02  0.89486E+00  0.18188E-02 -0.19290E-02  0.95647E-01  0.14294E-02  0.88038E-01 
   89.00  0.17709E+00 -0.87077E+00 -0.10358E-02  0.22048E-02  0.89373E+00  0.16765E-02 -0.19507E-02  0.67214E-01  0.17267E-03  0.60302E-01 
   90.00  0.17437E+00 -0.87111E+00 -0.11103E-02  0.19442E-02  0.89256E+00  0.15192E-02 -0.19456E-02  0.38958E-01 -0.77552E-03  0.32749E-01 
   91.00  0.17128E+00 -0.87011E+00 -0.11590E-02  0.16709E-02  0.89119E+00  0.13663E-02 -0.18996E-02  0.10492E-01 -0.11189E-02  0.50893E-02 
   92.00  0.16785E+00 -0.86783E+00 -0.11642E-02  0.13954E-02  0.88966E+00  0.12011E-02 -0.18047E-02 -0.18539E-01 -0.93272E-03 -0.22945E-01 
   93.00  0.16449E+00 -0.86452E+00 -0.11061E-02  0.11057E-02  0.88817E+00  0.10031E-02 -0.16598E-02 -0.48289E-01 -0.58265E-03 -0.51468E-01 
   94.00  0.16162E+00 -0.86045E+00 -0.98668E-03  0.79404E-03  0.88696E+00  0.77846E-03 -0.14755E-02 -0.78613E-01 -0.50352E-03 -0.80358E-01 
   95.00  0.15944E+00 -0.85580E+00 -0.84109E-03  0.47635E-03  0.88614E+00  0.56623E-03 -0.12760E-02 -0.10911E+00 -0.95824E-03 -0.10929E+00 
   96.00  0.15789E+00 -0.85056E+00 -0.72421E-03  0.18913E-03  0.88566E+00  0.41561E-03 -0.10917E-02 -0.13932E+00 -0.19113E-02 -0.13787E+00 
   97.00  0.15668E+00 -0.84462E+00 -0.68028E-03 -0.33133E-04  0.88535E+00  0.35336E-03 -0.94675E-03 -0.16889E+00 -0.30829E-02 -0.16583E+00 
   98.00  0.15557E+00 -0.83785E+00 -0.71603E-03 -0.17950E-03  0.88505E+00  0.36673E-03 -0.84887E-03 -0.19774E+00 -0.41245E-02 -0.19310E+00 
   99.00  0.15448E+00 -0.83026E+00 -0.79475E-03 -0.26757E-03  0.88472E+00  0.41078E-03 -0.79031E-03 -0.22597E+00 -0.47953E-02 -0.21979E+00 
  100.00  0.15349E+00 -0.82195E+00 -0.85325E-03 -0.33129E-03  0.88443E+00  0.43164E-03 -0.75645E-03 -0.25375E+00 -0.50557E-02 -0.24603E+00 
  101.00  0.15277E+00 -0.81310E+00 -0.83246E-03 -0.40228E-03  0.88434E+00  0.39050E-03 -0.73575E-03 -0.28118E+00 -0.50528E-02 -0.27189E+00 
  102.00  0.15237E+00 -0.80384E+00 -0.70533E-03 -0.49670E-03  0.88452E+00  0.27633E-03 -0.72358E-03 -0.30815E+00 -0.50240E-02 -0.29727E+00 
  103.00  0.15223E+00 -0.79416E+00 -0.48707E-03 -0.61417E-03  0.88493E+00  0.10300E-03 -0.71846E-03 -0.33443E+00 -0.51754E-02 -0.32193E+00 
  104.00  0.15211E+00 -0.78397E+00 -0.22303E-03 -0.74544E-03  0.88541E+00 -0.10402E-03 -0.71585E-03 -0.35978E+00 -0.56039E-02 -0.34565E+00 
  105.00  0.15174E+00 -0.77307E+00  0.35535E-04 -0.88046E-03  0.88573E+00 -0.32072E-03 -0.70714E-03 -0.38407E+00 -0.62941E-02 -0.36832E+00 
  106.00  0.15092E+00 -0.76130E+00  0.25215E-03 -0.10102E-02  0.88572E+00 -0.53053E-03 -0.68606E-03 -0.40737E+00 -0.71681E-02 -0.39001E+00 
  107.00  0.14962E+00 -0.74858E+00  0.41325E-03 -0.11235E-02  0.88533E+00 -0.72310E-03 -0.65829E-03 -0.42991E+00 -0.81419E-02 -0.41094E+00 
  108.00  0.14799E+00 -0.73494E+00  0.52424E-03 -0.12040E-02  0.88465E+00 -0.89074E-03 -0.64600E-03 -0.45197E+00 -0.91547E-02 -0.43139E+00 
  109.00  0.14627E+00 -0.72056E+00  0.59923E-03 -0.12328E-02  0.88387E+00 -0.10267E-02 -0.68104E-03 -0.47376E+00 -0.10166E-01 -0.45158E+00 
  110.00  0.14471E+00 -0.70566E+00  0.65091E-03 -0.11964E-02  0.88323E+00 -0.11266E-02 -0.78725E-03 -0.49538E+00 -0.11138E-01 -0.47161E+00 
  111.00  0.14345E+00 -0.69046E+00  0.68474E-03 -0.10958E-02  0.88289E+00 -0.11902E-02 -0.96087E-03 -0.51675E+00 -0.12022E-01 -0.49142E+00 
  112.00  0.14253E+00 -0.67511E+00  0.69891E-03 -0.94987E-03  0.88293E+00 -0.12218E-02 -0.11623E-02 -0.53770E+00 -0.12763E-01 -0.51085E+00 
  113.00  0.14187E+00 -0.65964E+00  0.68828E-03 -0.78934E-03  0.88328E+00 -0.12279E-02 -0.13267E-02 -0.55804E+00 -0.13317E-01 -0.52972E+00 
  114.00  0.14137E+00 -0.64398E+00  0.64910E-03 -0.64449E-03  0.88385E+00 -0.12134E-02 -0.13900E-02 -0.57764E+00 -0.13661E-01 -0.54792E+00 
  115.00  0.14095E+00 -0.62806E+00  0.58187E-03 -0.53374E-03  0.88449E+00 -0.11806E-02 -0.13161E-02 -0.59648E+00 -0.13802E-01 -0.56542E+00 
  116.00  0.14057E+00 -0.61180E+00  0.49146E-03 -0.45855E-03  0.88512E+00 -0.11294E-02 -0.11136E-02 -0.61459E+00 -0.13772E-01 -0.58224E+00 
  117.00  0.14028E+00 -0.59517E+00  0.38488E-03 -0.40623E-03  0.88574E+00 -0.10605E-02 -0.83362E-03 -0.63205E+00 -0.13618E-01 -0.59846E+00 
  118.00  0.14016E+00 -0.57822E+00  0.26817E-03 -0.35826E-03  0.88636E+00 -0.97731E-03 -0.55132E-03 -0.64893E+00 -0.13394E-01 -0.61414E+00 
  119.00  0.14027E+00 -0.56102E+00  0.14356E-03 -0.29970E-03  0.88704E+00 -0.88526E-03 -0.33788E-03 -0.66525E+00 -0.13158E-01 -0.62930E+00 
  120.00  0.14063E+00 -0.54365E+00  0.87467E-05 -0.22530E-03  0.88783E+00 -0.79066E-03 -0.23596E-03 -0.68098E+00 -0.12965E-01 -0.64391E+00 
  121.00  0.14120E+00 -0.52619E+00 -0.14115E-03 -0.14041E-03  0.88873E+00 -0.69861E-03 -0.24832E-03 -0.69607E+00 -0.12862E-01 -0.65791E+00 
  122.00  0.14192E+00 -0.50870E+00 -0.30951E-03 -0.57615E-04  0.88971E+00 -0.61238E-03 -0.34297E-03 -0.71044E+00 -0.12883E-01 -0.67119E+00 
  123.00  0.14269E+00 -0.49124E+00 -0.49379E-03  0.82410E-05  0.89073E+00 -0.53406E-03 -0.47010E-03 -0.72402E+00 -0.13043E-01 -0.68368E+00 
  124.00  0.14342E+00 -0.47389E+00 -0.68277E-03  0.44550E-04  0.89171E+00 -0.46550E-03 -0.58176E-03 -0.73676E+00 -0.13335E-01 -0.69532E+00 
  125.00  0.14407E+00 -0.45670E+00 -0.85668E-03  0.43714E-04  0.89262E+00 -0.40883E-03 -0.64623E-03 -0.74866E+00 -0.13731E-01 -0.70611E+00 
  126.00  0.14462E+00 -0.43973E+00 -0.99045E-03  0.40814E-05  0.89343E+00 -0.36640E-03 -0.65336E-03 -0.75974E+00 -0.14190E-01 -0.71608E+00 
  127.00  0.14507E+00 -0.42303E+00 -0.10590E-02 -0.70687E-04  0.89412E+00 -0.34048E-03 -0.61150E-03 -0.77007E+00 -0.14670E-01 -0.72530E+00 
  128.00  0.14546E+00 -0.40660E+00 -0.10437E-02 -0.17321E-03  0.89472E+00 -0.33285E-03 -0.53920E-03 -0.77976E+00 -0.15141E-01 -0.73388E+00 
  129.00  0.14581E+00 -0.39044E+00 -0.93755E-03 -0.29407E-03  0.89525E+00 -0.34429E-03 -0.45603E-03 -0.78888E+00 -0.15591E-01 -0.74192E+00 
  130.00  0.14615E+00 -0.37450E+00 -0.74831E-03 -0.42282E-03  0.89574E+00 -0.37387E-03 -0.37602E-03 -0.79753E+00 -0.16026E-01 -0.74950E+00 
  131.00  0.14649E+00 -0.35879E+00 -0.49807E-03 -0.54851E-03  0.89621E+00 -0.41828E-03 -0.30523E-03 -0.80575E+00 -0.16460E-01 -0.75667E+00 
  132.00  0.14682E+00 -0.34328E+00 -0.21890E-03 -0.66020E-03  0.89669E+00 -0.47181E-03 -0.24288E-03 -0.81357E+00 -0.16901E-01 -0.76344E+00 
  133.00  0.14715E+00 -0.32801E+00  0.54073E-04 -0.74808E-03  0.89718E+00 -0.52732E-03 -0.18465E-03 -0.82098E+00 -0.17347E-01 -0.76980E+00 
  134.00  0.14745E+00 -0.31301E+00  0.29032E-03 -0.80486E-03  0.89769E+00 -0.57788E-03 -0.12648E-03 -0.82796E+00 -0.17781E-01 -0.77572E+00 
  135.00  0.14772E+00 -0.29831E+00  0.47012E-03 -0.82653E-03  0.89821E+00 -0.61854E-03 -0.67670E-04 -0.83449E+00 -0.18177E-01 -0.78118E+00 
  136.00  0.14798E+00 -0.28395E+00  0.58758E-03 -0.81216E-03  0.89874E+00 -0.64739E-03 -0.12598E-04 -0.84057E+00 -0.18512E-01 -0.78617E+00 
  137.00  0.14821E+00 -0.26996E+00  0.64995E-03 -0.76335E-03  0.89927E+00 -0.66542E-03  0.29848E-04 -0.84618E+00 -0.18770E-01 -0.79070E+00 
  138.00  0.14845E+00 -0.25632E+00  0.67393E-03 -0.68426E-03  0.89981E+00 -0.67525E-03  0.49234E-04 -0.85137E+00 -0.18946E-01 -0.79481E+00 
  139.00  0.14871E+00 -0.24303E+00  0.68032E-03 -0.58239E-03  0.90035E+00 -0.67960E-03  0.38021E-04 -0.85614E+00 -0.19050E-01 -0.79853E+00 
  140.00  0.14902E+00 -0.23007E+00  0.68901E-03 -0.46914E-03  0.90089E+00 -0.68023E-03 -0.45029E-05 -0.86055E+00 -0.19101E-01 -0.80193E+00 
  141.00  0.14940E+00 -0.21740E+00  0.71531E-03 -0.35894E-03  0.90145E+00 -0.67786E-03 -0.70782E-04 -0.86464E+00 -0.19123E-01 -0.80506E+00 
  142.00  0.14987E+00 -0.20500E+00  0.76807E-03 -0.26656E-03  0.90203E+00 -0.67268E-03 -0.14675E-03 -0.86842E+00 -0.19143E-01 -0.80795E+00 
  143.00  0.15044E+00 -0.19287E+00  0.84902E-03 -0.20361E-03  0.90264E+00 -0.66457E-03 -0.21587E-03 -0.87194E+00 -0.19185E-01 -0.81064E+00 
  144.00  0.15113E+00 -0.18100E+00  0.95292E-03 -0.17546E-03  0.90329E+00 -0.65251E-03 -0.26349E-03 -0.87521E+00 -0.19269E-01 -0.81315E+00 
  145.00  0.15194E+00 -0.16942E+00  0.10687E-02 -0.17990E-03  0.90396E+00 -0.63392E-03 -0.27992E-03 -0.87827E+00 -0.19409E-01 -0.81550E+00 
  146.00  0.15288E+00 -0.15813E+00  0.11818E-02 -0.20767E-03  0.90467E+00 -0.60495E-03 -0.26139E-03 -0.88115E+00 -0.19607E-01 -0.81771E+00 
  147.00  0.15393E+00 -0.14717E+00  0.12778E-02 -0.24497E-03  0.90541E+00 -0.56234E-03 -0.20903E-03 -0.88387E+00 -0.19855E-01 -0.81981E+00 
  148.00  0.15509E+00 -0.13657E+00  0.13449E-02 -0.27702E-03  0.90617E+00 -0.50565E-03 -0.12671E-03 -0.88646E+00 -0.20132E-01 -0.82180E+00 
  149.00  0.15636E+00 -0.12638E+00  0.13760E-02 -0.29162E-03  0.90694E+00 -0.43829E-03 -0.18600E-04 -0.88890E+00 -0.20410E-01 -0.82367E+00 
  150.00  0.15773E+00 -0.11663E+00  0.13681E-02 -0.28131E-03  0.90771E+00 -0.36657E-03  0.11239E-03 -0.89122E+00 -0.20656E-01 -0.82543E+00 
  151.00  0.15919E+00 -0.10734E+00  0.13207E-02 -0.24381E-03  0.90847E+00 -0.29763E-03  0.26491E-03 -0.89341E+00 -0.20843E-01 -0.82706E+00 
  152.00  0.16073E+00 -0.98528E-01  0.12359E-02 -0.18139E-03  0.90921E+00 -0.23794E-03  0.43861E-03 -0.89547E+00 -0.20953E-01 -0.82856E+00 
  153.00  0.16235E+00 -0.90177E-01  0.11188E-02 -0.10033E-03  0.90992E+00 -0.19307E-03  0.63346E-03 -0.89738E+00 -0.20973E-01 -0.82990E+00 
  154.00  0.16402E+00 -0.82274E-01  0.97746E-03 -0.10519E-04  0.91060E+00 -0.16760E-03  0.84933E-03 -0.89914E+00 -0.20897E-01 -0.83108E+00 
  155.00  0.16574E+00 -0.74789E-01  0.82185E-03  0.75648E-04  0.91123E+00 -0.16435E-03  0.10855E-02 -0.90075E+00 -0.20720E-01 -0.83210E+00 
  156.00  0.16749E+00 -0.67689E-01  0.66095E-03  0.14605E-03  0.91181E+00 -0.18270E-03  0.13394E-02 -0.90221E+00 -0.20432E-01 -0.83296E+00 
  157.00  0.16927E+00 -0.60943E-01  0.50010E-03  0.19280E-03  0.91233E+00 -0.21747E-03  0.16046E-02 -0.90352E+00 -0.20022E-01 -0.83366E+00 
  158.00  0.17105E+00 -0.54533E-01  0.34002E-03  0.21535E-03  0.91277E+00 -0.25943E-03  0.18689E-02 -0.90470E+00 -0.19473E-01 -0.83419E+00 
  159.00  0.17285E+00 -0.48450E-01  0.17823E-03  0.22089E-03  0.91313E+00 -0.29761E-03  0.21151E-02 -0.90574E+00 -0.18768E-01 -0.83453E+00 
  160.00  0.17464E+00 -0.42689E-01  0.11900E-04  0.22143E-03  0.91339E+00 -0.32229E-03  0.23238E-02 -0.90664E+00 -0.17897E-01 -0.83469E+00 
  161.00  0.17643E+00 -0.37245E-01 -0.15940E-03  0.22952E-03  0.91356E+00 -0.32752E-03  0.24776E-02 -0.90740E+00 -0.16865E-01 -0.83464E+00 
  162.00  0.17821E+00 -0.32108E-01 -0.33215E-03  0.25463E-03  0.91364E+00 -0.31226E-03  0.25649E-02 -0.90803E+00 -0.15695E-01 -0.83440E+00 
  163.00  0.17999E+00 -0.27271E-01 -0.49900E-03  0.30170E-03  0.91362E+00 -0.27996E-03  0.25813E-02 -0.90852E+00 -0.14426E-01 -0.83398E+00 
  164.00  0.18174E+00 -0.22734E-01 -0.65016E-03  0.37150E-03  0.91351E+00 -0.23698E-03  0.25293E-02 -0.90889E+00 -0.13106E-01 -0.83336E+00 
  165.00  0.18349E+00 -0.18509E-01 -0.77505E-03  0.46167E-03  0.91331E+00 -0.19038E-03  0.24168E-02 -0.90913E+00 -0.11786E-01 -0.83255E+00 
  166.00  0.18523E+00 -0.14608E-01 -0.86383E-03  0.56791E-03  0.91301E+00 -0.14614E-03  0.22549E-02 -0.90924E+00 -0.10514E-01 -0.83155E+00 
  167.00  0.18696E+00 -0.11039E-01 -0.90871E-03  0.68538E-03  0.91263E+00 -0.10805E-03  0.20565E-02 -0.90923E+00 -0.93212E-02 -0.83036E+00 
  168.00  0.18869E+00 -0.78084E-02 -0.90519E-03  0.81040E-03  0.91216E+00 -0.77620E-04  0.18338E-02 -0.90912E+00 -0.82260E-02 -0.82902E+00 
  169.00  0.19042E+00 -0.49310E-02 -0.85342E-03  0.94158E-03  0.91161E+00 -0.54568E-04  0.15963E-02 -0.90893E+00 -0.72256E-02 -0.82752E+00 
  170.00  0.19216E+00 -0.24432E-02 -0.75900E-03  0.10792E-02  0.91097E+00 -0.37661E-04  0.13514E-02 -0.90866E+00 -0.63017E-02 -0.82587E+00 
  171.00  0.19391E+00 -0.39513E-03 -0.63309E-03  0.12228E-02  0.91025E+00 -0.25459E-04  0.11058E-02 -0.90830E+00 -0.54281E-02 -0.82405E+00 
  172.00  0.19568E+00  0.11742E-02 -0.49114E-03  0.13688E-02  0.90944E+00 -0.16776E-04  0.86849E-03 -0.90786E+00 -0.45828E-02 -0.82204E+00 
  173.00  0.19746E+00  0.22551E-02 -0.35036E-03  0.15105E-02  0.90856E+00 -0.10737E-04  0.65079E-03 -0.90732E+00 -0.37564E-02 -0.81987E+00 
  174.00  0.19922E+00  0.28561E-02 -0.22631E-03  0.16410E-02  0.90762E+00 -0.66307E-05  0.46337E-03 -0.90671E+00 -0.29543E-02 -0.81757E+00 
  175.00  0.20095E+00  0.29820E-02 -0.12958E-03  0.17564E-02  0.90664E+00 -0.38452E-05  0.31211E-03 -0.90603E+00 -0.21930E-02 -0.81517E+00 
  176.00  0.20259E+00  0.26445E-02 -0.63788E-04  0.18567E-02  0.90563E+00 -0.19533E-05  0.19618E-03 -0.90530E+00 -0.14955E-02 -0.81271E+00 
  177.00  0.20409E+00  0.19238E-02 -0.25731E-04  0.19424E-02  0.90466E+00 -0.76377E-06  0.11039E-03 -0.90453E+00 -0.89063E-03 -0.81029E+00 
  178.00  0.20532E+00  0.10315E-02 -0.77876E-05  0.20114E-02  0.90383E+00 -0.17957E-06  0.49771E-04 -0.90380E+00 -0.41454E-03 -0.80816E+00 
  179.00  0.20614E+00  0.28916E-03 -0.13585E-05  0.20576E-02  0.90327E+00 -0.12564E-07  0.12649E-04 -0.90327E+00 -0.10682E-03 -0.80667E+00 
  180.00  0.20643E+00  0.74477E-14 -0.28644E-16  0.20740E-02  0.90307E+00 -0.80231E-29  0.31572E-15 -0.90307E+00 -0.26755E-14 -0.80613E+00 
 scattering matrix expansion coefficients
    w  a11         a22         a33         a23         a32         a44         a12         a34         a13         a24         a14
    0  0.1000E+01  0.0000E+00  0.0000E+00  0.0000E+00  0.0000E+00  0.8280E+00  0.0000E+00  0.0000E+00  0.0000E+00  0.0000E+00  0.8017E-04
    1  0.2329E+01  0.0000E+00  0.0000E+00  0.0000E+00  0.0000E+00  0.2465E+01  0.0000E+00  0.0000E+00  0.0000E+00  0.0000E+00  0.2286E-03
    2  0.3374E+01  0.1916E+00  0.4073E+01 -0.1882E-07 -0.7419E-03  0.3368E+01 -0.3169E+00 -0.4228E-02  0.1412E-03 -0.2496E-03  0.1804E-03
    3  0.4043E+01  0.4822E-01  0.4427E+01 -0.1723E-07 -0.3948E-03  0.4056E+01 -0.1976E+00 -0.3648E-02  0.1905E-03 -0.5793E-04 -0.1277E-03
    4  0.4609E+01  0.3125E-01  0.4861E+01 -0.1935E-08 -0.1084E-03  0.4598E+01 -0.1366E+00 -0.1073E-01  0.1161E-03  0.1148E-04 -0.3776E-03
    5  0.5054E+01  0.7662E-02  0.5254E+01  0.1242E-07  0.1367E-03  0.5059E+01 -0.1032E+00 -0.8524E-02 -0.2520E-03 -0.2342E-03 -0.9481E-03
    6  0.5430E+01  0.1012E-01  0.5588E+01  0.3075E-08 -0.2983E-03  0.5421E+01 -0.8417E-01 -0.1134E-01 -0.1649E-03 -0.5399E-04 -0.1005E-02
    7  0.5714E+01 -0.1423E-02  0.5857E+01  0.1158E-07 -0.3491E-03  0.5723E+01 -0.8047E-01 -0.1136E-01 -0.8269E-04  0.2849E-04 -0.5641E-03
    8  0.5961E+01  0.5372E-02  0.6076E+01  0.6402E-08 -0.5006E-03  0.5957E+01 -0.7117E-01 -0.1569E-01  0.1198E-03  0.4349E-03  0.5674E-04
    9  0.6158E+01  0.1860E-02  0.6258E+01 -0.3639E-08 -0.9775E-03  0.6158E+01 -0.5966E-01 -0.1645E-01 -0.1020E-03  0.2589E-04 -0.2972E-03
   10  0.6320E+01  0.2491E-02  0.6408E+01  0.1729E-07 -0.1532E-02  0.6318E+01 -0.5403E-01 -0.1868E-01 -0.2796E-03 -0.5535E-04 -0.9790E-03
   11  0.6446E+01 -0.2197E-03  0.6526E+01 -0.1465E-07 -0.1385E-02  0.6448E+01 -0.5626E-01 -0.1980E-01  0.2372E-03 -0.3472E-03 -0.9502E-03
   12  0.6553E+01 -0.1862E-02  0.6625E+01 -0.8593E-08 -0.1184E-02  0.6561E+01 -0.4855E-01 -0.2165E-01  0.3863E-04  0.1452E-03 -0.3312E-03
   13  0.6648E+01  0.4292E-02  0.6708E+01  0.1191E-07 -0.1170E-02  0.6644E+01 -0.2764E-01 -0.2257E-01 -0.9177E-04 -0.4007E-04 -0.1458E-03
   14  0.6697E+01  0.4997E-02  0.6754E+01 -0.7987E-08 -0.9762E-03  0.6688E+01 -0.1437E-01 -0.2412E-01 -0.1199E-03 -0.1045E-03 -0.8172E-04
   15  0.6677E+01 -0.1782E-02  0.6740E+01 -0.2002E-07 -0.5656E-03  0.6679E+01 -0.2305E-01 -0.2584E-01  0.1070E-03 -0.2312E-03  0.1807E-04
   16  0.6610E+01 -0.1127E-02  0.6671E+01 -0.5740E-08 -0.1604E-03  0.6613E+01 -0.3456E-01 -0.2783E-01  0.1780E-03  0.2540E-04  0.3293E-03
   17  0.6512E+01  0.2472E-03  0.6568E+01  0.3461E-08 -0.2815E-04  0.6513E+01 -0.3824E-01 -0.3010E-01  0.2366E-03  0.1694E-03  0.6007E-03
   18  0.6396E+01  0.4512E-03  0.6447E+01 -0.6270E-08 -0.3652E-03  0.6397E+01 -0.3456E-01 -0.3016E-01 -0.4925E-04  0.6307E-04  0.5187E-03
   19  0.6267E+01  0.3099E-03  0.6315E+01 -0.8540E-08 -0.5213E-03  0.6268E+01 -0.2810E-01 -0.2889E-01 -0.1107E-03  0.4027E-04  0.3244E-03
   20  0.6123E+01  0.1838E-02  0.6166E+01  0.1485E-09 -0.3441E-03  0.6121E+01 -0.2173E-01 -0.2751E-01  0.5133E-04 -0.5786E-04  0.4903E-03
   21  0.5960E+01  0.3215E-03  0.6001E+01 -0.1398E-07 -0.2108E-03  0.5960E+01 -0.2090E-01 -0.2577E-01  0.3584E-04  0.1904E-04  0.6851E-03
   22  0.5786E+01 -0.5343E-03  0.5825E+01 -0.1092E-07 -0.4935E-03  0.5787E+01 -0.2020E-01 -0.2384E-01 -0.1781E-04  0.1144E-03  0.7747E-03
   23  0.5608E+01  0.7585E-04  0.5644E+01 -0.3271E-08 -0.7304E-03  0.5608E+01 -0.1713E-01 -0.2189E-01 -0.6675E-04  0.5017E-04  0.7092E-03
   24  0.5427E+01  0.4500E-03  0.5460E+01 -0.1061E-07 -0.5541E-03  0.5427E+01 -0.1359E-01 -0.2044E-01  0.1503E-04 -0.4735E-04  0.6874E-03
   25  0.5242E+01  0.3616E-04  0.5273E+01 -0.1008E-07 -0.1879E-03  0.5242E+01 -0.1118E-01 -0.1951E-01  0.1717E-03  0.8372E-04  0.8479E-03
   26  0.5054E+01  0.9303E-03  0.5082E+01  0.6047E-08 -0.3137E-04  0.5052E+01 -0.7282E-02 -0.1925E-01  0.6952E-04  0.1560E-03  0.8493E-03
   27  0.4857E+01  0.8815E-03  0.4884E+01  0.3144E-08 -0.1377E-03  0.4855E+01 -0.5475E-02 -0.1844E-01 -0.3438E-04  0.1835E-03  0.6989E-03
   28  0.4651E+01 -0.1315E-03  0.4677E+01 -0.7356E-08 -0.2417E-03  0.4651E+01 -0.8618E-02 -0.1681E-01  0.1657E-04  0.1392E-03  0.3573E-03
   29  0.4442E+01 -0.1202E-02  0.4467E+01 -0.1025E-07 -0.3391E-03  0.4443E+01 -0.1243E-01 -0.1532E-01 -0.3428E-04 -0.2729E-04 -0.7178E-04
   30  0.4238E+01 -0.1301E-03  0.4260E+01 -0.6864E-08 -0.3348E-03  0.4237E+01 -0.1135E-01 -0.1491E-01 -0.1021E-04 -0.9924E-04 -0.2713E-03
   31  0.4039E+01  0.9793E-03  0.4058E+01 -0.9156E-08 -0.2280E-03  0.4036E+01 -0.1006E-01 -0.1494E-01 -0.1174E-04 -0.2289E-04 -0.2337E-03
   32  0.3845E+01  0.5907E-04  0.3863E+01  0.1146E-08 -0.2700E-04  0.3844E+01 -0.1320E-01 -0.1520E-01 -0.3865E-04 -0.3238E-04 -0.1264E-03
   33  0.3663E+01 -0.8166E-03  0.3680E+01  0.1031E-07  0.2190E-03  0.3664E+01 -0.1769E-01 -0.1547E-01 -0.6722E-04 -0.1092E-03 -0.6421E-04
   34  0.3504E+01  0.5383E-04  0.3518E+01  0.8870E-08  0.4288E-03  0.3503E+01 -0.1814E-01 -0.1580E-01 -0.4780E-04 -0.2800E-05  0.6396E-04
   35  0.3367E+01  0.9059E-04  0.3379E+01  0.1734E-08  0.5389E-03  0.3366E+01 -0.1588E-01 -0.1599E-01  0.1587E-04  0.8309E-04  0.2111E-03
   36  0.3249E+01 -0.1725E-03  0.3260E+01  0.2635E-08  0.4642E-03  0.3249E+01 -0.1361E-01 -0.1576E-01  0.7425E-04  0.3706E-04  0.3010E-03
   37  0.3143E+01 -0.1009E-03  0.3153E+01  0.2157E-08  0.2380E-03  0.3143E+01 -0.1254E-01 -0.1506E-01  0.5391E-04  0.1771E-04  0.3476E-03
   38  0.3046E+01 -0.3705E-03  0.3055E+01  0.3259E-08 -0.7813E-04  0.3046E+01 -0.1170E-01 -0.1398E-01  0.2866E-04 -0.2180E-04  0.3614E-03
   39  0.2954E+01 -0.2061E-03  0.2963E+01  0.4357E-09 -0.4109E-03  0.2954E+01 -0.9902E-02 -0.1325E-01 -0.9040E-05 -0.3336E-04  0.4074E-03
   40  0.2866E+01  0.3880E-03  0.2873E+01  0.9370E-09 -0.6702E-03  0.2865E+01 -0.8520E-02 -0.1368E-01 -0.6388E-04  0.2916E-04  0.5197E-03
   41  0.2779E+01 -0.5790E-03  0.2786E+01  0.1078E-09 -0.7585E-03  0.2779E+01 -0.9397E-02 -0.1487E-01 -0.3980E-04  0.5350E-04  0.6491E-03
   42  0.2695E+01 -0.1393E-02  0.2702E+01  0.5036E-09 -0.7243E-03  0.2697E+01 -0.8180E-02 -0.1546E-01  0.4790E-04  0.2283E-04  0.7388E-03
   43  0.2614E+01 -0.2056E-04  0.2621E+01  0.5283E-09 -0.6815E-03  0.2614E+01 -0.1498E-02 -0.1509E-01  0.6744E-04  0.2462E-04  0.8057E-03
   44  0.2526E+01  0.1250E-02  0.2531E+01  0.2546E-08 -0.6185E-03  0.2523E+01  0.5214E-02 -0.1470E-01  0.1398E-04  0.1293E-04  0.8412E-03
   45  0.2419E+01  0.4152E-03  0.2425E+01  0.1602E-08 -0.4274E-03  0.2417E+01  0.5694E-02 -0.1478E-01 -0.1598E-04 -0.2464E-04  0.8024E-03
   46  0.2292E+01 -0.3822E-03  0.2300E+01  0.1344E-08 -0.8586E-04  0.2292E+01  0.2023E-02 -0.1468E-01  0.2642E-05 -0.3268E-04  0.6648E-03
   47  0.2153E+01  0.1202E-04  0.2160E+01  0.8909E-09  0.2900E-03  0.2152E+01 -0.2041E-02 -0.1389E-01  0.1463E-04 -0.1869E-04  0.4841E-03
   48  0.2008E+01  0.2021E-03  0.2016E+01  0.2492E-09  0.5968E-03  0.2008E+01 -0.6358E-02 -0.1272E-01  0.1608E-04 -0.2034E-04  0.3721E-03
   49  0.1869E+01 -0.4105E-03  0.1876E+01 -0.1321E-08  0.8138E-03  0.1870E+01 -0.1070E-01 -0.1149E-01  0.2493E-04 -0.2246E-04  0.3766E-03
   50  0.1745E+01 -0.6784E-03  0.1752E+01 -0.1179E-08  0.9435E-03  0.1747E+01 -0.1229E-01 -0.1021E-01  0.2855E-04 -0.7620E-05  0.4235E-03
   51  0.1642E+01 -0.2694E-03  0.1647E+01 -0.1476E-08  0.9776E-03  0.1643E+01 -0.9963E-02 -0.8920E-02  0.7501E-05  0.2895E-05  0.4051E-03
   52  0.1556E+01  0.1946E-03  0.1560E+01 -0.1091E-08  0.9521E-03  0.1556E+01 -0.5757E-02 -0.7825E-02 -0.2117E-04  0.8654E-05  0.3246E-03
   53  0.1481E+01  0.3179E-03  0.1484E+01  0.6834E-10  0.9284E-03  0.1480E+01 -0.2588E-02 -0.6860E-02 -0.3850E-04  0.5973E-05  0.2339E-03
   54  0.1411E+01  0.2492E-03  0.1415E+01  0.4338E-09  0.9253E-03  0.1411E+01 -0.1866E-02 -0.5846E-02 -0.4416E-04 -0.6289E-05  0.1647E-03
   55  0.1345E+01 -0.7189E-05  0.1348E+01 -0.2557E-09  0.9226E-03  0.1345E+01 -0.3383E-02 -0.4866E-02 -0.3514E-04 -0.1330E-04  0.1328E-03
   56  0.1283E+01 -0.3376E-03  0.1287E+01  0.2596E-09  0.9068E-03  0.1284E+01 -0.5263E-02 -0.4203E-02 -0.1521E-04 -0.5421E-05  0.1478E-03
   57  0.1229E+01 -0.4091E-03  0.1232E+01  0.1306E-08  0.8904E-03  0.1230E+01 -0.4973E-02 -0.3910E-02  0.3665E-05  0.6377E-06  0.1933E-03
   58  0.1182E+01  0.2440E-04  0.1185E+01  0.9304E-09  0.8885E-03  0.1183E+01 -0.1373E-02 -0.3721E-02  0.6886E-05 -0.7979E-05  0.2416E-03
   59  0.1139E+01  0.6141E-03  0.1141E+01  0.4409E-09  0.9210E-03  0.1139E+01  0.3735E-02 -0.3388E-02  0.1686E-05 -0.2178E-04  0.2908E-03
   60  0.1094E+01  0.8713E-03  0.1096E+01  0.7065E-09  0.9967E-03  0.1093E+01  0.7280E-02 -0.2968E-02  0.4261E-05 -0.2308E-04  0.3624E-03
   61  0.1042E+01  0.6426E-03  0.1043E+01  0.8856E-09  0.1085E-02  0.1041E+01  0.7577E-02 -0.2657E-02  0.1546E-04 -0.1527E-04  0.4555E-03
   62  0.9825E+00  0.2243E-03  0.9849E+00  0.9273E-09  0.1130E-02  0.9824E+00  0.5378E-02 -0.2508E-02  0.2438E-04 -0.6194E-05  0.5473E-03
   63  0.9198E+00 -0.1117E-03  0.9224E+00  0.9665E-09  0.1099E-02  0.9202E+00  0.2414E-02 -0.2402E-02  0.2094E-04  0.1006E-05  0.6119E-03
   64  0.8564E+00 -0.2683E-03  0.8591E+00  0.5471E-09  0.1006E-02  0.8570E+00  0.2808E-04 -0.2266E-02  0.7589E-05  0.1057E-04  0.6424E-03
   65  0.7946E+00 -0.3026E-03  0.7970E+00  0.3622E-10  0.8945E-03  0.7950E+00 -0.1234E-02 -0.2139E-02 -0.5403E-05  0.1859E-04  0.6390E-03
   66  0.7349E+00 -0.2374E-03  0.7371E+00  0.4449E-10  0.7955E-03  0.7352E+00 -0.1215E-02 -0.2044E-02 -0.1004E-04  0.2053E-04  0.6054E-03
   67  0.6768E+00 -0.1209E-03  0.6788E+00  0.4113E-09  0.7113E-03  0.6768E+00 -0.1755E-03 -0.1851E-02 -0.5082E-05  0.1339E-04  0.5453E-03
   68  0.6183E+00 -0.1010E-04  0.6202E+00  0.3908E-09  0.6276E-03  0.6181E+00  0.1237E-02 -0.1398E-02  0.3833E-05  0.3144E-05  0.4699E-03
   69  0.5573E+00  0.2217E-04  0.5592E+00 -0.5260E-10  0.5351E-03  0.5569E+00  0.2170E-02 -0.6542E-03  0.1065E-04 -0.4673E-05  0.3903E-03
   70  0.4926E+00 -0.2591E-04  0.4945E+00 -0.2592E-09  0.4352E-03  0.4922E+00  0.2106E-02  0.2195E-03  0.1190E-04 -0.7595E-05  0.3134E-03
   71  0.4247E+00 -0.1119E-03  0.4267E+00 -0.1644E-09  0.3365E-03  0.4245E+00  0.1083E-02  0.9880E-03  0.8419E-05 -0.7404E-05  0.2411E-03
   72  0.3561E+00 -0.1742E-03  0.3581E+00 -0.3230E-10  0.2473E-03  0.3560E+00 -0.4167E-03  0.1486E-02  0.3538E-05 -0.6574E-05  0.1732E-03
   73  0.2900E+00 -0.1907E-03  0.2918E+00 -0.1831E-10  0.1720E-03  0.2899E+00 -0.1860E-02  0.1679E-02  0.9826E-07 -0.6199E-05  0.1120E-03
   74  0.2293E+00 -0.1662E-03  0.2309E+00 -0.1038E-09  0.1119E-03  0.2292E+00 -0.2897E-02  0.1633E-02 -0.7843E-06 -0.5786E-05  0.6148E-04
   75  0.1760E+00 -0.1255E-03  0.1774E+00 -0.1350E-09  0.6634E-04  0.1760E+00 -0.3437E-02  0.1447E-02  0.2560E-06 -0.4854E-05  0.2446E-04
   76  0.1312E+00 -0.8460E-04  0.1323E+00 -0.1298E-09  0.3377E-04  0.1311E+00 -0.3541E-02  0.1207E-02  0.1835E-05 -0.3301E-05  0.1467E-05
   77  0.9489E-01 -0.5293E-04  0.9573E-01 -0.1071E-09  0.1236E-04  0.9484E-01 -0.3337E-02  0.9654E-03  0.3012E-05 -0.1630E-05 -0.9693E-05
   78  0.6654E-01 -0.2986E-04  0.6718E-01 -0.9398E-10 -0.1893E-06  0.6651E-01 -0.2944E-02  0.7480E-03  0.3371E-05 -0.3149E-06 -0.1265E-04
   79  0.4518E-01 -0.1421E-04  0.4564E-01 -0.7719E-10 -0.6150E-05  0.4516E-01 -0.2460E-02  0.5630E-03  0.3114E-05  0.4107E-06 -0.1115E-04
   80  0.2966E-01 -0.3514E-05  0.2998E-01 -0.5836E-10 -0.7838E-05  0.2964E-01 -0.1954E-02  0.4109E-03  0.2513E-05  0.6341E-06 -0.8102E-05
   81  0.1879E-01  0.3098E-05  0.1901E-01 -0.3763E-10 -0.7131E-05  0.1878E-01 -0.1479E-02  0.2897E-03  0.1856E-05  0.5605E-06 -0.5151E-05
   82  0.1148E-01  0.6643E-05  0.1162E-01 -0.2114E-10 -0.5480E-05  0.1147E-01 -0.1066E-02  0.1964E-03  0.1277E-05  0.3835E-06 -0.2955E-05
   83  0.6754E-02  0.7768E-05  0.6839E-02 -0.1122E-10 -0.3749E-05  0.6744E-02 -0.7320E-03  0.1276E-03  0.8314E-06  0.2190E-06 -0.1550E-05
   84  0.3823E-02  0.7340E-05  0.3872E-02 -0.4444E-11 -0.2349E-05  0.3813E-02 -0.4785E-03  0.7926E-04  0.5177E-06  0.1071E-06 -0.7499E-06
   85  0.2081E-02  0.6065E-05  0.2107E-02 -0.1851E-11 -0.1369E-05  0.2072E-02 -0.2978E-03  0.4695E-04  0.3087E-06  0.4424E-07 -0.3394E-06
   86  0.1089E-02  0.4543E-05  0.1102E-02 -0.3110E-12 -0.7517E-06  0.1082E-02 -0.1765E-03  0.2648E-04  0.1770E-06  0.1555E-07 -0.1442E-06
   87  0.5473E-03  0.3130E-05  0.5535E-03  0.6632E-12 -0.3914E-06  0.5423E-03 -0.9961E-04  0.1421E-04  0.9742E-07  0.4219E-08 -0.5844E-07
   88  0.2643E-03  0.2004E-05  0.2670E-03  0.1548E-11 -0.1938E-06  0.2610E-03 -0.5357E-04  0.7253E-05  0.5124E-07  0.8229E-09 -0.2229E-07
   89  0.1226E-03  0.1198E-05  0.1237E-03  0.1975E-11 -0.9167E-07  0.1206E-03 -0.2747E-04  0.3521E-05  0.2582E-07  0.1165E-10 -0.8021E-08
   90  0.5468E-04  0.6713E-06  0.5506E-04  0.1962E-11 -0.4133E-07  0.5351E-04 -0.1343E-04  0.1628E-05  0.1238E-07  0.6791E-10 -0.2638E-08
   91  0.2344E-04  0.3539E-06  0.2355E-04  0.1533E-11 -0.1788E-07  0.2281E-04 -0.6269E-05  0.7180E-06  0.5756E-08  0.1307E-09 -0.1004E-08
   92  0.9661E-05  0.1761E-06  0.9684E-05  0.1027E-11 -0.7404E-08  0.9345E-05 -0.2795E-05  0.3028E-06  0.2560E-08  0.1833E-09 -0.6309E-09
   93  0.3833E-05  0.8290E-07  0.3831E-05  0.5737E-12 -0.2949E-08  0.3682E-05 -0.1192E-05  0.1224E-06  0.1112E-08  0.1632E-09 -0.5271E-09
   94  0.1464E-05  0.3704E-07  0.1459E-05  0.2658E-12 -0.1128E-08  0.1396E-05 -0.4865E-06  0.4757E-07  0.4680E-09  0.1216E-09 -0.4315E-09
   95  0.5380E-06  0.1572E-07  0.5342E-06  0.9345E-13 -0.4131E-09  0.5090E-06 -0.1902E-06  0.1779E-07  0.1897E-09  0.7733E-10 -0.2996E-09
   96  0.1911E-06  0.6357E-08  0.1891E-06  0.1645E-13 -0.1455E-09  0.1793E-06 -0.7133E-07  0.6464E-08  0.7413E-10  0.4384E-10 -0.1815E-09
   97  0.6462E-07  0.2440E-08  0.6367E-07 -0.8859E-14 -0.4746E-10  0.6008E-07 -0.2552E-07  0.2222E-08  0.2744E-10  0.2172E-10 -0.9385E-10
   98  0.2162E-07  0.9007E-09  0.2123E-07 -0.1267E-13 -0.1587E-10  0.1994E-07 -0.8874E-08  0.7780E-09  0.9715E-11  0.1016E-10 -0.4470E-10
   99  0.6530E-08  0.3079E-09  0.6377E-08 -0.8910E-14 -0.4129E-11  0.5953E-08 -0.2843E-08  0.2339E-09  0.3136E-11  0.4028E-11 -0.1790E-10
  100  0.2135E-08  0.1065E-09  0.2081E-08 -0.4788E-14 -0.1554E-11  0.1935E-08 -0.9441E-09  0.8414E-10  0.1031E-11  0.1608E-11 -0.7044E-11
  101  0.5337E-09  0.3057E-10  0.5161E-09 -0.2320E-14 -0.2426E-12  0.4761E-09 -0.2534E-09  0.1976E-10  0.2679E-12  0.5101E-12 -0.2206E-11
  102  0.1854E-09  0.1063E-10  0.1796E-09 -0.1004E-14 -0.1557E-12  0.1654E-09 -0.8665E-10  0.8168E-11  0.9222E-13  0.1776E-12 -0.7448E-12
  103  0.3278E-10  0.2225E-11  0.3136E-10 -0.3767E-15 -0.7978E-14  0.2858E-10 -0.1680E-10  0.1241E-11  0.1687E-13  0.4335E-13 -0.1764E-12
  104  0.1451E-10  0.9319E-12  0.1400E-10 -0.1353E-15 -0.1696E-13  0.1278E-10 -0.7077E-11  0.7163E-12  0.7701E-14  0.1392E-13 -0.5430E-13
  105  0.1302E-11  0.1019E-12  0.1232E-11 -0.4858E-16  0.1870E-16  0.1110E-11 -0.7119E-12  0.5057E-13  0.7488E-15  0.2325E-14 -0.8329E-14
  106  0.1021E-11  0.7099E-13  0.9735E-12 -0.1967E-16 -0.1659E-14  0.8870E-12 -0.5146E-12  0.5363E-13  0.6372E-15  0.7864E-15 -0.2782E-14
  107  0.2079E-13  0.1703E-14  0.1877E-13 -0.6374E-17  0.1913E-16  0.1780E-13 -0.1145E-13  0.8841E-15  0.3530E-16  0.4847E-16 -0.1656E-15
  108  0.8766E-13  0.7276E-14  0.8427E-13 -0.1405E-18 -0.1602E-15  0.7481E-13 -0.4731E-13  0.4652E-14  0.5394E-16  0.3708E-16 -0.1284E-15
