 input file is 
mstm7_512_7299_145_00226.inp  
 input file comments follow:
***********************************************************
  This is the default mstm input file for v.3.0.
  The run is for a 7-sphere cluster of identical spheres.   The positions
  are embedded in the input file.

  The run makes use of the new_run and multiple_run options.

  14 April 2013
***********************************************************
 number of processors:
   1
 input parameters for run number 
    1
 number of spheres, volume size parameter:
  512  0.58392E+01
 position file:
position/n512/a7.out                                        
 output file:
output/512/x7299/145/00226/mt_7_512_7299_145_00226.dat      
 length, ref. indx. scale factors:
   0.730   1.450   0.023
 chiral factors:
  0.00000E+00  0.00000E+00
 scattering matrix directions based on incident frame
 automatic scattering angle calculation
 thetamin, thetamax:
      0.0    180.0
 number scattering angles:
      181
 epsmie, epssoln, max number iterations:
  0.1000E-05  0.1000E-07 5000
 medium refractive index:
  1.0000  0.0000
 target euler rotation angles:
    0.0000    0.0000    0.0000
 far field kr, iterations/correction:
 -0.1000E+01   20
 plane wave incidence
 random orientation calculations
 t matrix calculated, stored in file 
tmatrixfiles/7512729914500226                               
 t matrix convergence epsilon:
  0.1000E-06
 all spheres excited (total T matrix) 
 calculation results for run 
    1
 total ext, abs, scat efficiencies, w.r.t. xv, and asym. parm
  0.26937E+01  0.37325E+00  0.23205E+01  0.76583E+00
 scattering matrix elements (normalized w/ S11)
   theta      11           12           13           14           22           23           24           33           34           44      
    0.00  0.17653E+03  0.00000E+00  0.00000E+00 -0.11070E-04  0.99996E+00  0.19674E-04  0.00000E+00  0.99996E+00  0.00000E+00  0.99993E+00 
    1.00  0.16893E+03 -0.62326E-04 -0.42560E-07 -0.17153E-04  0.99996E+00  0.10896E-04  0.29067E-08  0.99996E+00  0.49685E-04  0.99992E+00 
    2.00  0.14811E+03 -0.24913E-03 -0.16536E-06 -0.36486E-04  0.99994E+00 -0.16798E-04 -0.26751E-08  0.99994E+00  0.18792E-03  0.99989E+00 
    3.00  0.11927E+03 -0.56447E-03 -0.35159E-06 -0.72287E-04  0.99992E+00 -0.67202E-04 -0.61085E-07  0.99992E+00  0.37602E-03  0.99985E+00 
    4.00  0.88873E+02 -0.10350E-02 -0.56837E-06 -0.12930E-03  0.99989E+00 -0.14479E-03 -0.24430E-06  0.99988E+00  0.52775E-03  0.99978E+00 
    5.00  0.62390E+02 -0.17547E-02 -0.77442E-06 -0.21037E-03  0.99985E+00 -0.24792E-03 -0.61494E-06  0.99983E+00  0.48228E-03  0.99969E+00 
    6.00  0.42850E+02 -0.29498E-02 -0.97995E-06 -0.30609E-03  0.99979E+00 -0.35175E-03 -0.10851E-05  0.99976E+00  0.22910E-04  0.99956E+00 
    7.00  0.30530E+02 -0.49412E-02 -0.13843E-05 -0.38091E-03  0.99972E+00 -0.39196E-03 -0.11865E-05  0.99967E+00 -0.91898E-03  0.99942E+00 
    8.00  0.23746E+02 -0.77968E-02 -0.23676E-05 -0.39029E-03  0.99965E+00 -0.30580E-03 -0.24391E-06  0.99958E+00 -0.19538E-02  0.99926E+00 
    9.00  0.20118E+02 -0.11096E-01 -0.40478E-05 -0.33696E-03  0.99956E+00 -0.11944E-03  0.17533E-05  0.99949E+00 -0.25087E-02  0.99909E+00 
   10.00  0.17658E+02 -0.14409E-01 -0.60022E-05 -0.26870E-03  0.99945E+00  0.78210E-04  0.39467E-05  0.99937E+00 -0.24956E-02  0.99887E+00 
   11.00  0.15296E+02 -0.17673E-01 -0.75117E-05 -0.22247E-03  0.99932E+00  0.22641E-03  0.52896E-05  0.99921E+00 -0.22524E-02  0.99859E+00 
   12.00  0.12820E+02 -0.21044E-01 -0.77157E-05 -0.20682E-03  0.99916E+00  0.30463E-03  0.48044E-05  0.99897E+00 -0.21517E-02  0.99822E+00 
   13.00  0.10494E+02 -0.24731E-01 -0.57401E-05 -0.20993E-03  0.99900E+00  0.31146E-03  0.16354E-05  0.99865E+00 -0.24299E-02  0.99776E+00 
   14.00  0.86511E+01 -0.28929E-01 -0.13442E-05 -0.20603E-03  0.99884E+00  0.26388E-03 -0.43246E-05  0.99826E+00 -0.30952E-02  0.99725E+00 
   15.00  0.74412E+01 -0.33757E-01  0.40780E-05 -0.16863E-03  0.99872E+00  0.20725E-03 -0.11482E-04  0.99787E+00 -0.38711E-02  0.99679E+00 
   16.00  0.67854E+01 -0.39199E-01  0.78839E-05 -0.94647E-04  0.99864E+00  0.19717E-03 -0.17119E-04  0.99753E+00 -0.44037E-02  0.99639E+00 
   17.00  0.64602E+01 -0.45169E-01  0.84792E-05 -0.78447E-05  0.99855E+00  0.25600E-03 -0.19834E-04  0.99723E+00 -0.46310E-02  0.99603E+00 
   18.00  0.62234E+01 -0.51634E-01  0.63406E-05  0.67944E-04  0.99841E+00  0.36514E-03 -0.20446E-04  0.99689E+00 -0.47943E-02  0.99558E+00 
   19.00  0.59105E+01 -0.58633E-01  0.27548E-05  0.12585E-03  0.99822E+00  0.49303E-03 -0.20554E-04  0.99643E+00 -0.51607E-02  0.99497E+00 
   20.00  0.54700E+01 -0.66201E-01 -0.14077E-05  0.17117E-03  0.99798E+00  0.61224E-03 -0.21247E-04  0.99582E+00 -0.58502E-02  0.99416E+00 
   21.00  0.49415E+01 -0.74282E-01 -0.59715E-05  0.21132E-03  0.99770E+00  0.69956E-03 -0.22760E-04  0.99503E+00 -0.67969E-02  0.99314E+00 
   22.00  0.44031E+01 -0.82656E-01 -0.11190E-04  0.24877E-03  0.99743E+00  0.73478E-03 -0.24617E-04  0.99407E+00 -0.77499E-02  0.99198E+00 
   23.00  0.39197E+01 -0.90947E-01 -0.17252E-04  0.27834E-03  0.99718E+00  0.70718E-03 -0.26000E-04  0.99300E+00 -0.83375E-02  0.99074E+00 
   24.00  0.35179E+01 -0.98759E-01 -0.23830E-04  0.29019E-03  0.99695E+00  0.62506E-03 -0.26260E-04  0.99190E+00 -0.82493E-02  0.98950E+00 
   25.00  0.31899E+01 -0.10590E+00 -0.30046E-04  0.27717E-03  0.99672E+00  0.51540E-03 -0.25197E-04  0.99082E+00 -0.74525E-02  0.98829E+00 
   26.00  0.29157E+01 -0.11253E+00 -0.34929E-04  0.24019E-03  0.99644E+00  0.40978E-03 -0.22842E-04  0.98976E+00 -0.62583E-02  0.98706E+00 
   27.00  0.26814E+01 -0.11908E+00 -0.37946E-04  0.18765E-03  0.99611E+00  0.32869E-03 -0.19113E-04  0.98868E+00 -0.51909E-02  0.98577E+00 
   28.00  0.24832E+01 -0.12622E+00 -0.39268E-04  0.13123E-03  0.99575E+00  0.27516E-03 -0.13935E-04  0.98749E+00 -0.47561E-02  0.98436E+00 
   29.00  0.23196E+01 -0.13459E+00 -0.39684E-04  0.81435E-04  0.99540E+00  0.23758E-03 -0.78261E-05  0.98609E+00 -0.52030E-02  0.98275E+00 
   30.00  0.21822E+01 -0.14455E+00 -0.40188E-04  0.44770E-04  0.99508E+00  0.19759E-03 -0.23023E-05  0.98436E+00 -0.63934E-02  0.98084E+00 
   31.00  0.20552E+01 -0.15601E+00 -0.41451E-04  0.23824E-04  0.99476E+00  0.13811E-03  0.54011E-06  0.98225E+00 -0.78970E-02  0.97856E+00 
   32.00  0.19234E+01 -0.16849E+00 -0.43530E-04  0.20104E-04  0.99439E+00  0.46822E-04 -0.96281E-06  0.97975E+00 -0.92429E-02  0.97585E+00 
   33.00  0.17812E+01 -0.18129E+00 -0.45903E-04  0.36560E-04  0.99392E+00 -0.84449E-04 -0.70896E-05  0.97694E+00 -0.10119E-01  0.97278E+00 
   34.00  0.16353E+01 -0.19371E+00 -0.47623E-04  0.76689E-04  0.99335E+00 -0.25910E-03 -0.16129E-04  0.97395E+00 -0.10428E-01  0.96946E+00 
   35.00  0.14990E+01 -0.20529E+00 -0.47471E-04  0.13964E-03  0.99270E+00 -0.47048E-03 -0.24346E-04  0.97093E+00 -0.10258E-01  0.96607E+00 
   36.00  0.13833E+01 -0.21601E+00 -0.44202E-04  0.21468E-03  0.99203E+00 -0.69541E-03 -0.27170E-04  0.96798E+00 -0.98038E-02  0.96275E+00 
   37.00  0.12915E+01 -0.22633E+00 -0.36961E-04  0.28176E-03  0.99141E+00 -0.89583E-03 -0.21706E-04  0.96508E+00 -0.92570E-02  0.95951E+00 
   38.00  0.12191E+01 -0.23696E+00 -0.25643E-04  0.32102E-03  0.99085E+00 -0.10320E-02 -0.89426E-05  0.96207E+00 -0.87223E-02  0.95620E+00 
   39.00  0.11588E+01 -0.24843E+00 -0.11021E-04  0.32419E-03  0.99032E+00 -0.10790E-02  0.63375E-05  0.95878E+00 -0.82190E-02  0.95265E+00 
   40.00  0.11049E+01 -0.26090E+00  0.53438E-05  0.29869E-03  0.98983E+00 -0.10352E-02  0.17789E-04  0.95510E+00 -0.77597E-02  0.94872E+00 
   41.00  0.10547E+01 -0.27427E+00  0.21302E-04  0.26259E-03  0.98938E+00 -0.92275E-03  0.20278E-04  0.95097E+00 -0.74131E-02  0.94439E+00 
   42.00  0.10077E+01 -0.28832E+00  0.34520E-04  0.23463E-03  0.98897E+00 -0.78023E-03  0.12003E-04  0.94637E+00 -0.72893E-02  0.93964E+00 
   43.00  0.96259E+00 -0.30287E+00  0.43055E-04  0.22451E-03  0.98860E+00 -0.64818E-03 -0.48589E-05  0.94128E+00 -0.74618E-02  0.93443E+00 
   44.00  0.91744E+00 -0.31786E+00  0.45767E-04  0.22911E-03  0.98821E+00 -0.55177E-03 -0.25386E-04  0.93567E+00 -0.78995E-02  0.92872E+00 
   45.00  0.87015E+00 -0.33320E+00  0.42322E-04  0.23694E-03  0.98776E+00 -0.49135E-03 -0.44308E-04  0.92949E+00 -0.84714E-02  0.92241E+00 
   46.00  0.82037E+00 -0.34883E+00  0.33050E-04  0.23711E-03  0.98718E+00 -0.44702E-03 -0.58069E-04  0.92275E+00 -0.90148E-02  0.91550E+00 
   47.00  0.77002E+00 -0.36464E+00  0.19142E-04  0.22701E-03  0.98646E+00 -0.39392E-03 -0.65674E-04  0.91550E+00 -0.94139E-02  0.90800E+00 
   48.00  0.72228E+00 -0.38055E+00  0.31880E-05  0.21449E-03  0.98562E+00 -0.31983E-03 -0.68477E-04  0.90778E+00 -0.96390E-02  0.90002E+00 
   49.00  0.67951E+00 -0.39652E+00 -0.10720E-04  0.21336E-03  0.98471E+00 -0.23509E-03 -0.69348E-04  0.89967E+00 -0.97357E-02  0.89161E+00 
   50.00  0.64185E+00 -0.41256E+00 -0.18136E-04  0.23501E-03  0.98374E+00 -0.16734E-03 -0.71622E-04  0.89118E+00 -0.97829E-02  0.88280E+00 
   51.00  0.60733E+00 -0.42869E+00 -0.16303E-04  0.28238E-03  0.98268E+00 -0.14307E-03 -0.78246E-04  0.88230E+00 -0.98652E-02  0.87354E+00 
   52.00  0.57345E+00 -0.44490E+00 -0.55869E-05  0.35101E-03  0.98150E+00 -0.17037E-03 -0.91464E-04  0.87299E+00 -0.10087E-01  0.86375E+00 
   53.00  0.53914E+00 -0.46118E+00  0.10705E-04  0.43526E-03  0.98016E+00 -0.23455E-03 -0.11288E-03  0.86319E+00 -0.10595E-01  0.85339E+00 
   54.00  0.50567E+00 -0.47753E+00  0.27813E-04  0.53367E-03  0.97873E+00 -0.30614E-03 -0.14345E-03  0.85291E+00 -0.11553E-01  0.84251E+00 
   55.00  0.47600E+00 -0.49403E+00  0.41628E-04  0.64950E-03  0.97735E+00 -0.35481E-03 -0.18334E-03  0.84215E+00 -0.13021E-01  0.83124E+00 
   56.00  0.45298E+00 -0.51077E+00  0.50776E-04  0.78651E-03  0.97621E+00 -0.36355E-03 -0.23211E-03  0.83098E+00 -0.14802E-01  0.81974E+00 
   57.00  0.43753E+00 -0.52778E+00  0.57545E-04  0.94326E-03  0.97541E+00 -0.33652E-03 -0.28957E-03  0.81943E+00 -0.16416E-01  0.80810E+00 
   58.00  0.42808E+00 -0.54499E+00  0.66718E-04  0.11110E-02  0.97494E+00 -0.29420E-03 -0.35683E-03  0.80746E+00 -0.17320E-01  0.79627E+00 
   59.00  0.42136E+00 -0.56223E+00  0.83212E-04  0.12768E-02  0.97461E+00 -0.25970E-03 -0.43563E-03  0.79501E+00 -0.17220E-01  0.78405E+00 
   60.00  0.41412E+00 -0.57941E+00  0.11061E-03  0.14265E-02  0.97424E+00 -0.24861E-03 -0.52582E-03  0.78195E+00 -0.16200E-01  0.77120E+00 
   61.00  0.40463E+00 -0.59654E+00  0.15111E-03  0.15459E-02  0.97371E+00 -0.26763E-03 -0.62206E-03  0.76814E+00 -0.14621E-01  0.75750E+00 
   62.00  0.39307E+00 -0.61374E+00  0.20552E-03  0.16195E-02  0.97301E+00 -0.31726E-03 -0.71196E-03  0.75345E+00 -0.12918E-01  0.74281E+00 
   63.00  0.38095E+00 -0.63121E+00  0.27254E-03  0.16332E-02  0.97224E+00 -0.39274E-03 -0.77790E-03  0.73776E+00 -0.11411E-01  0.72707E+00 
   64.00  0.36979E+00 -0.64907E+00  0.34743E-03  0.15792E-02  0.97151E+00 -0.48306E-03 -0.80345E-03  0.72100E+00 -0.10181E-01  0.71024E+00 
   65.00  0.36017E+00 -0.66729E+00  0.42186E-03  0.14618E-02  0.97087E+00 -0.57111E-03 -0.78169E-03  0.70311E+00 -0.90994E-02  0.69234E+00 
   66.00  0.35155E+00 -0.68568E+00  0.48561E-03  0.12960E-02  0.97031E+00 -0.63769E-03 -0.71931E-03  0.68407E+00 -0.79692E-02  0.67334E+00 
   67.00  0.34276E+00 -0.70400E+00  0.52897E-03  0.11018E-02  0.96973E+00 -0.66690E-03 -0.63303E-03  0.66386E+00 -0.67097E-02  0.65321E+00 
   68.00  0.33283E+00 -0.72200E+00  0.54438E-03  0.89707E-03  0.96903E+00 -0.64955E-03 -0.54207E-03  0.64250E+00 -0.54294E-02  0.63195E+00 
   69.00  0.32155E+00 -0.73951E+00  0.52693E-03  0.69632E-03  0.96815E+00 -0.58296E-03 -0.46190E-03  0.62007E+00 -0.43653E-02  0.60961E+00 
   70.00  0.30951E+00 -0.75644E+00  0.47458E-03  0.51264E-03  0.96710E+00 -0.46896E-03 -0.40182E-03  0.59677E+00 -0.37390E-02  0.58639E+00 
   71.00  0.29767E+00 -0.77270E+00  0.38862E-03  0.36054E-03  0.96596E+00 -0.31160E-03 -0.36521E-03  0.57290E+00 -0.36151E-02  0.56258E+00 
   72.00  0.28685E+00 -0.78828E+00  0.27405E-03  0.25511E-03  0.96481E+00 -0.11577E-03 -0.35078E-03  0.54873E+00 -0.38397E-02  0.53851E+00 
   73.00  0.27737E+00 -0.80320E+00  0.13875E-03  0.20710E-03  0.96371E+00  0.11319E-03 -0.35389E-03  0.52442E+00 -0.41037E-02  0.51435E+00 
   74.00  0.26911E+00 -0.81749E+00 -0.83046E-05  0.21713E-03  0.96268E+00  0.36882E-03 -0.36778E-03  0.49993E+00 -0.40942E-02  0.49007E+00 
   75.00  0.26170E+00 -0.83123E+00 -0.15911E-03  0.27321E-03  0.96170E+00  0.64225E-03 -0.38463E-03  0.47499E+00 -0.36334E-02  0.46539E+00 
   76.00  0.25483E+00 -0.84446E+00 -0.30769E-03  0.35355E-03  0.96073E+00  0.92123E-03 -0.39718E-03  0.44927E+00 -0.27234E-02  0.43999E+00 
   77.00  0.24844E+00 -0.85721E+00 -0.44996E-03  0.43339E-03  0.95978E+00  0.11901E-02 -0.40085E-03  0.42252E+00 -0.14985E-02  0.41358E+00 
   78.00  0.24264E+00 -0.86944E+00 -0.58295E-03  0.49277E-03  0.95885E+00  0.14312E-02 -0.39596E-03  0.39467E+00 -0.13988E-03  0.38608E+00 
   79.00  0.23760E+00 -0.88105E+00 -0.70370E-03  0.52211E-03  0.95800E+00  0.16272E-02 -0.38843E-03  0.36584E+00  0.11925E-02  0.35764E+00 
   80.00  0.23341E+00 -0.89192E+00 -0.80848E-03  0.52280E-03  0.95724E+00  0.17641E-02 -0.38782E-03  0.33632E+00  0.23857E-02  0.32851E+00 
   81.00  0.22993E+00 -0.90192E+00 -0.89259E-03  0.50254E-03  0.95658E+00  0.18331E-02 -0.40259E-03  0.30636E+00  0.33645E-02  0.29899E+00 
   82.00  0.22692E+00 -0.91095E+00 -0.95113E-03  0.46832E-03  0.95599E+00  0.18321E-02 -0.43519E-03  0.27615E+00  0.40718E-02  0.26927E+00 
   83.00  0.22402E+00 -0.91894E+00 -0.98060E-03  0.42180E-03  0.95543E+00  0.17654E-02 -0.47985E-03  0.24569E+00  0.44606E-02  0.23938E+00 
   84.00  0.22094E+00 -0.92587E+00 -0.98089E-03  0.35983E-03  0.95486E+00  0.16437E-02 -0.52457E-03  0.21489E+00  0.45034E-02  0.20918E+00 
   85.00  0.21745E+00 -0.93170E+00 -0.95654E-03  0.27961E-03  0.95423E+00  0.14832E-02 -0.55656E-03  0.18360E+00  0.42070E-02  0.17853E+00 
   86.00  0.21346E+00 -0.93640E+00 -0.91652E-03  0.18485E-03  0.95350E+00  0.13029E-02 -0.56849E-03  0.15176E+00  0.36191E-02  0.14731E+00 
   87.00  0.20899E+00 -0.93993E+00 -0.87222E-03  0.88926E-04  0.95268E+00  0.11207E-02 -0.56266E-03  0.11939E+00  0.28201E-02  0.11553E+00 
   88.00  0.20415E+00 -0.94226E+00 -0.83400E-03  0.12506E-04  0.95175E+00  0.94927E-03 -0.55115E-03  0.86672E-01  0.19056E-02  0.83327E-01 
   89.00  0.19910E+00 -0.94339E+00 -0.80775E-03 -0.24163E-04  0.95074E+00  0.79239E-03 -0.55153E-03  0.53856E-01  0.96924E-03  0.50967E-01 
   90.00  0.19399E+00 -0.94333E+00 -0.79283E-03 -0.11077E-04  0.94965E+00  0.64510E-03 -0.57973E-03  0.21213E-01  0.94710E-04  0.18738E-01 
   91.00  0.18901E+00 -0.94215E+00 -0.78237E-03  0.44189E-04  0.94855E+00  0.49691E-03 -0.64309E-03 -0.11058E-01 -0.64188E-03 -0.13125E-01 
   92.00  0.18430E+00 -0.93993E+00 -0.76601E-03  0.11575E-03  0.94746E+00  0.33757E-03 -0.73658E-03 -0.42879E-01 -0.11671E-02 -0.44507E-01 
   93.00  0.17996E+00 -0.93675E+00 -0.73379E-03  0.16663E-03  0.94645E+00  0.16286E-03 -0.84402E-03 -0.74304E-01 -0.14114E-02 -0.75438E-01 
   94.00  0.17605E+00 -0.93264E+00 -0.67978E-03  0.16155E-03  0.94554E+00 -0.22310E-04 -0.94383E-03 -0.10549E+00 -0.13209E-02 -0.10607E+00 
   95.00  0.17260E+00 -0.92761E+00 -0.60393E-03  0.80105E-04  0.94477E+00 -0.20480E-03 -0.10168E-02 -0.13661E+00 -0.87645E-03 -0.13659E+00 
   96.00  0.16962E+00 -0.92166E+00 -0.51179E-03 -0.75108E-04  0.94418E+00 -0.36756E-03 -0.10525E-02 -0.16781E+00 -0.11032E-03 -0.16716E+00 
   97.00  0.16711E+00 -0.91476E+00 -0.41279E-03 -0.27849E-03  0.94376E+00 -0.49516E-03 -0.10516E-02 -0.19913E+00  0.88999E-03 -0.19786E+00 
   98.00  0.16506E+00 -0.90690E+00 -0.31811E-03 -0.48923E-03  0.94353E+00 -0.57804E-03 -0.10239E-02 -0.23049E+00  0.19954E-02 -0.22862E+00 
   99.00  0.16344E+00 -0.89809E+00 -0.23893E-03 -0.66358E-03  0.94348E+00 -0.61397E-03 -0.98353E-03 -0.26174E+00  0.30634E-02 -0.25930E+00 
  100.00  0.16221E+00 -0.88837E+00 -0.18538E-03 -0.76701E-03  0.94358E+00 -0.60657E-03 -0.94264E-03 -0.29264E+00  0.39711E-02 -0.28964E+00 
  101.00  0.16128E+00 -0.87779E+00 -0.16574E-03 -0.78238E-03  0.94378E+00 -0.56221E-03 -0.90753E-03 -0.32299E+00  0.46413E-02 -0.31941E+00 
  102.00  0.16052E+00 -0.86639E+00 -0.18545E-03 -0.71217E-03  0.94403E+00 -0.48714E-03 -0.87717E-03 -0.35258E+00  0.50531E-02 -0.34838E+00 
  103.00  0.15979E+00 -0.85420E+00 -0.24571E-03 -0.57539E-03  0.94426E+00 -0.38614E-03 -0.84468E-03 -0.38129E+00  0.52351E-02 -0.37640E+00 
  104.00  0.15896E+00 -0.84125E+00 -0.34215E-03 -0.40129E-03  0.94442E+00 -0.26305E-03 -0.80052E-03 -0.40906E+00  0.52455E-02 -0.40338E+00 
  105.00  0.15793E+00 -0.82756E+00 -0.46385E-03 -0.22270E-03  0.94446E+00 -0.12255E-03 -0.73596E-03 -0.43587E+00  0.51496E-02 -0.42930E+00 
  106.00  0.15664E+00 -0.81313E+00 -0.59373E-03 -0.70419E-04  0.94436E+00  0.28141E-04 -0.64581E-03 -0.46176E+00  0.50013E-02 -0.45420E+00 
  107.00  0.15513E+00 -0.79801E+00 -0.71063E-03  0.30565E-04  0.94413E+00  0.17855E-03 -0.53000E-03 -0.48679E+00  0.48336E-02 -0.47815E+00 
  108.00  0.15345E+00 -0.78223E+00 -0.79297E-03  0.63506E-04  0.94379E+00  0.31581E-03 -0.39381E-03 -0.51102E+00  0.46588E-02 -0.50124E+00 
  109.00  0.15175E+00 -0.76589E+00 -0.82349E-03  0.21266E-04  0.94340E+00  0.42701E-03 -0.24706E-03 -0.53450E+00  0.44760E-02 -0.52355E+00 
  110.00  0.15013E+00 -0.74907E+00 -0.79363E-03 -0.93290E-04  0.94301E+00  0.50200E-03 -0.10229E-03 -0.55727E+00  0.42817E-02 -0.54515E+00 
  111.00  0.14874E+00 -0.73188E+00 -0.70615E-03 -0.26808E-03  0.94269E+00  0.53590E-03  0.27754E-04 -0.57933E+00  0.40787E-02 -0.56608E+00 
  112.00  0.14763E+00 -0.71443E+00 -0.57452E-03 -0.48401E-03  0.94247E+00  0.53006E-03  0.13274E-03 -0.60065E+00  0.38792E-02 -0.58633E+00 
  113.00  0.14685E+00 -0.69680E+00 -0.41920E-03 -0.71832E-03  0.94239E+00  0.49124E-03  0.20693E-03 -0.62119E+00  0.37016E-02 -0.60589E+00 
  114.00  0.14638E+00 -0.67908E+00 -0.26181E-03 -0.94844E-03  0.94244E+00  0.42942E-03  0.25031E-03 -0.64088E+00  0.35608E-02 -0.62472E+00 
  115.00  0.14617E+00 -0.66131E+00 -0.11941E-03 -0.11554E-02  0.94261E+00  0.35517E-03  0.26828E-03 -0.65969E+00  0.34590E-02 -0.64277E+00 
  116.00  0.14615E+00 -0.64353E+00 -0.83208E-06 -0.13257E-02  0.94286E+00  0.27756E-03  0.27018E-03 -0.67759E+00  0.33802E-02 -0.65999E+00 
  117.00  0.14623E+00 -0.62575E+00  0.94083E-04 -0.14522E-02  0.94317E+00  0.20313E-03  0.26716E-03 -0.69458E+00  0.32914E-02 -0.67637E+00 
  118.00  0.14636E+00 -0.60796E+00  0.17253E-03 -0.15334E-02  0.94349E+00  0.13588E-03  0.26990E-03 -0.71067E+00  0.31499E-02 -0.69190E+00 
  119.00  0.14647E+00 -0.59017E+00  0.24527E-03 -0.15714E-02  0.94379E+00  0.77778E-04  0.28669E-03 -0.72592E+00  0.29132E-02 -0.70660E+00 
  120.00  0.14655E+00 -0.57235E+00  0.32302E-03 -0.15714E-02  0.94407E+00  0.29320E-04  0.32209E-03 -0.74038E+00  0.25485E-02 -0.72050E+00 
  121.00  0.14659E+00 -0.55450E+00  0.41365E-03 -0.15391E-02  0.94431E+00 -0.99480E-05  0.37634E-03 -0.75412E+00  0.20380E-02 -0.73363E+00 
  122.00  0.14661E+00 -0.53660E+00  0.52063E-03 -0.14806E-02  0.94452E+00 -0.41142E-04  0.44537E-03 -0.76719E+00  0.13800E-02 -0.74604E+00 
  123.00  0.14663E+00 -0.51867E+00  0.64287E-03 -0.14015E-02  0.94470E+00 -0.65749E-04  0.52150E-03 -0.77963E+00  0.58657E-03 -0.75777E+00 
  124.00  0.14668E+00 -0.50072E+00  0.77531E-03 -0.13068E-02  0.94486E+00 -0.85275E-04  0.59467E-03 -0.79150E+00 -0.31994E-03 -0.76886E+00 
  125.00  0.14680E+00 -0.48277E+00  0.91002E-03 -0.12013E-02  0.94501E+00 -0.10080E-03  0.65406E-03 -0.80281E+00 -0.13106E-02 -0.77935E+00 
  126.00  0.14702E+00 -0.46486E+00  0.10375E-02 -0.10898E-02  0.94518E+00 -0.11260E-03  0.68991E-03 -0.81360E+00 -0.23525E-02 -0.78927E+00 
  127.00  0.14734E+00 -0.44704E+00  0.11477E-02 -0.97721E-03  0.94536E+00 -0.11990E-03  0.69510E-03 -0.82386E+00 -0.34106E-02 -0.79864E+00 
  128.00  0.14779E+00 -0.42935E+00  0.12315E-02 -0.86848E-03  0.94558E+00 -0.12104E-03  0.66630E-03 -0.83361E+00 -0.44502E-02 -0.80750E+00 
  129.00  0.14836E+00 -0.41187E+00  0.12815E-02 -0.76842E-03  0.94582E+00 -0.11392E-03  0.60433E-03 -0.84286E+00 -0.54394E-02 -0.81586E+00 
  130.00  0.14905E+00 -0.39465E+00  0.12930E-02 -0.68086E-03  0.94609E+00 -0.96696E-04  0.51376E-03 -0.85159E+00 -0.63524E-02 -0.82374E+00 
  131.00  0.14986E+00 -0.37775E+00  0.12648E-02 -0.60792E-03  0.94639E+00 -0.68450E-04  0.40181E-03 -0.85982E+00 -0.71725E-02 -0.83115E+00 
  132.00  0.15077E+00 -0.36120E+00  0.11992E-02 -0.54940E-03  0.94672E+00 -0.29691E-04  0.27690E-03 -0.86753E+00 -0.78930E-02 -0.83810E+00 
  133.00  0.15176E+00 -0.34505E+00  0.11017E-02 -0.50261E-03  0.94707E+00  0.17554E-04  0.14731E-03 -0.87475E+00 -0.85172E-02 -0.84461E+00 
  134.00  0.15282E+00 -0.32930E+00  0.97987E-03 -0.46282E-03  0.94743E+00  0.70034E-04  0.20141E-04 -0.88148E+00 -0.90561E-02 -0.85068E+00 
  135.00  0.15393E+00 -0.31396E+00  0.84198E-03 -0.42420E-03  0.94780E+00  0.12385E-03 -0.99117E-04 -0.88774E+00 -0.95256E-02 -0.85634E+00 
  136.00  0.15507E+00 -0.29903E+00  0.69590E-03 -0.38097E-03  0.94817E+00  0.17511E-03 -0.20653E-03 -0.89355E+00 -0.99435E-02 -0.86160E+00 
  137.00  0.15624E+00 -0.28450E+00  0.54799E-03 -0.32853E-03  0.94855E+00  0.22047E-03 -0.29935E-03 -0.89893E+00 -0.10326E-01 -0.86648E+00 
  138.00  0.15742E+00 -0.27036E+00  0.40278E-03 -0.26409E-03  0.94892E+00  0.25748E-03 -0.37562E-03 -0.90391E+00 -0.10689E-01 -0.87100E+00 
  139.00  0.15861E+00 -0.25660E+00  0.26302E-03 -0.18694E-03  0.94928E+00  0.28467E-03 -0.43392E-03 -0.90850E+00 -0.11043E-01 -0.87516E+00 
  140.00  0.15980E+00 -0.24323E+00  0.13020E-03 -0.98185E-04  0.94964E+00  0.30151E-03 -0.47330E-03 -0.91273E+00 -0.11395E-01 -0.87900E+00 
  141.00  0.16100E+00 -0.23024E+00  0.52245E-05 -0.27740E-06  0.95000E+00  0.30821E-03 -0.49346E-03 -0.91663E+00 -0.11749E-01 -0.88252E+00 
  142.00  0.16220E+00 -0.21763E+00 -0.11098E-03  0.10339E-03  0.95034E+00  0.30559E-03 -0.49494E-03 -0.92022E+00 -0.12106E-01 -0.88575E+00 
  143.00  0.16341E+00 -0.20540E+00 -0.21701E-03  0.20884E-03  0.95068E+00  0.29483E-03 -0.47915E-03 -0.92352E+00 -0.12459E-01 -0.88871E+00 
  144.00  0.16462E+00 -0.19355E+00 -0.31086E-03  0.31175E-03  0.95101E+00  0.27720E-03 -0.44837E-03 -0.92655E+00 -0.12800E-01 -0.89141E+00 
  145.00  0.16584E+00 -0.18208E+00 -0.38993E-03  0.40772E-03  0.95132E+00  0.25391E-03 -0.40558E-03 -0.92934E+00 -0.13115E-01 -0.89386E+00 
  146.00  0.16707E+00 -0.17099E+00 -0.45148E-03  0.49269E-03  0.95161E+00  0.22596E-03 -0.35420E-03 -0.93190E+00 -0.13387E-01 -0.89608E+00 
  147.00  0.16830E+00 -0.16026E+00 -0.49315E-03  0.56341E-03  0.95189E+00  0.19409E-03 -0.29801E-03 -0.93425E+00 -0.13599E-01 -0.89809E+00 
  148.00  0.16954E+00 -0.14988E+00 -0.51363E-03  0.61799E-03  0.95214E+00  0.15898E-03 -0.24088E-03 -0.93639E+00 -0.13734E-01 -0.89988E+00 
  149.00  0.17077E+00 -0.13985E+00 -0.51317E-03  0.65617E-03  0.95236E+00  0.12135E-03 -0.18673E-03 -0.93835E+00 -0.13780E-01 -0.90148E+00 
  150.00  0.17200E+00 -0.13016E+00 -0.49388E-03  0.67928E-03  0.95257E+00  0.82183E-04 -0.13914E-03 -0.94013E+00 -0.13731E-01 -0.90290E+00 
  151.00  0.17323E+00 -0.12081E+00 -0.45966E-03  0.68980E-03  0.95275E+00  0.42694E-04 -0.10105E-03 -0.94174E+00 -0.13583E-01 -0.90414E+00 
  152.00  0.17445E+00 -0.11182E+00 -0.41574E-03  0.69068E-03  0.95290E+00  0.42930E-05 -0.74360E-04 -0.94319E+00 -0.13340E-01 -0.90521E+00 
  153.00  0.17567E+00 -0.10319E+00 -0.36806E-03  0.68466E-03  0.95304E+00 -0.31582E-04 -0.59584E-04 -0.94449E+00 -0.13003E-01 -0.90612E+00 
  154.00  0.17688E+00 -0.94929E-01 -0.32245E-03  0.67382E-03  0.95316E+00 -0.63619E-04 -0.55901E-04 -0.94564E+00 -0.12577E-01 -0.90688E+00 
  155.00  0.17809E+00 -0.87055E-01 -0.28402E-03  0.65958E-03  0.95326E+00 -0.90725E-04 -0.61466E-04 -0.94665E+00 -0.12064E-01 -0.90749E+00 
  156.00  0.17930E+00 -0.79572E-01 -0.25658E-03  0.64296E-03  0.95335E+00 -0.11206E-03 -0.74013E-04 -0.94752E+00 -0.11465E-01 -0.90797E+00 
  157.00  0.18049E+00 -0.72482E-01 -0.24241E-03  0.62506E-03  0.95342E+00 -0.12698E-03 -0.91498E-04 -0.94827E+00 -0.10782E-01 -0.90832E+00 
  158.00  0.18167E+00 -0.65777E-01 -0.24209E-03  0.60740E-03  0.95349E+00 -0.13509E-03 -0.11253E-03 -0.94890E+00 -0.10022E-01 -0.90857E+00 
  159.00  0.18283E+00 -0.59445E-01 -0.25456E-03  0.59195E-03  0.95355E+00 -0.13618E-03 -0.13642E-03 -0.94944E+00 -0.91958E-02 -0.90872E+00 
  160.00  0.18397E+00 -0.53466E-01 -0.27730E-03  0.58081E-03  0.95359E+00 -0.13039E-03 -0.16280E-03 -0.94989E+00 -0.83210E-02 -0.90878E+00 
  161.00  0.18507E+00 -0.47819E-01 -0.30653E-03  0.57571E-03  0.95362E+00 -0.11831E-03 -0.19106E-03 -0.95027E+00 -0.74205E-02 -0.90878E+00 
  162.00  0.18614E+00 -0.42487E-01 -0.33767E-03  0.57749E-03  0.95362E+00 -0.10104E-03 -0.21982E-03 -0.95059E+00 -0.65206E-02 -0.90870E+00 
  163.00  0.18717E+00 -0.37456E-01 -0.36583E-03  0.58589E-03  0.95359E+00 -0.80190E-04 -0.24677E-03 -0.95085E+00 -0.56481E-02 -0.90855E+00 
  164.00  0.18817E+00 -0.32720E-01 -0.38648E-03  0.59971E-03  0.95353E+00 -0.57673E-04 -0.26888E-03 -0.95105E+00 -0.48272E-02 -0.90832E+00 
  165.00  0.18913E+00 -0.28279E-01 -0.39602E-03  0.61721E-03  0.95342E+00 -0.35467E-04 -0.28307E-03 -0.95119E+00 -0.40772E-02 -0.90801E+00 
  166.00  0.19006E+00 -0.24136E-01 -0.39231E-03  0.63667E-03  0.95327E+00 -0.15323E-04 -0.28696E-03 -0.95126E+00 -0.34108E-02 -0.90761E+00 
  167.00  0.19095E+00 -0.20291E-01 -0.37484E-03  0.65680E-03  0.95308E+00  0.14241E-05 -0.27944E-03 -0.95128E+00 -0.28337E-02 -0.90711E+00 
  168.00  0.19181E+00 -0.16747E-01 -0.34470E-03  0.67696E-03  0.95284E+00  0.13929E-04 -0.26095E-03 -0.95123E+00 -0.23449E-02 -0.90653E+00 
  169.00  0.19265E+00 -0.13501E-01 -0.30429E-03  0.69710E-03  0.95255E+00  0.21841E-04 -0.23331E-03 -0.95113E+00 -0.19381E-02 -0.90585E+00 
  170.00  0.19346E+00 -0.10558E-01 -0.25691E-03  0.71756E-03  0.95222E+00  0.25279E-04 -0.19932E-03 -0.95099E+00 -0.16024E-02 -0.90510E+00 
  171.00  0.19425E+00 -0.79294E-02 -0.20640E-03  0.73888E-03  0.95183E+00  0.24814E-04 -0.16217E-03 -0.95080E+00 -0.13245E-02 -0.90426E+00 
  172.00  0.19503E+00 -0.56407E-02 -0.15672E-03  0.76158E-03  0.95138E+00  0.21428E-04 -0.12504E-03 -0.95056E+00 -0.10900E-02 -0.90332E+00 
  173.00  0.19579E+00 -0.37278E-02 -0.11145E-03  0.78603E-03  0.95087E+00  0.16383E-04 -0.90682E-04 -0.95026E+00 -0.88518E-03 -0.90227E+00 
  174.00  0.19655E+00 -0.22249E-02 -0.73378E-04  0.81222E-03  0.95030E+00  0.10986E-04 -0.61194E-04 -0.94989E+00 -0.69902E-03 -0.90110E+00 
  175.00  0.19728E+00 -0.11467E-02 -0.44033E-04  0.83958E-03  0.94970E+00  0.63067E-05 -0.37850E-04 -0.94945E+00 -0.52508E-03 -0.89983E+00 
  176.00  0.19797E+00 -0.46969E-03 -0.23558E-04  0.86683E-03  0.94909E+00  0.29597E-05 -0.20985E-04 -0.94897E+00 -0.36299E-03 -0.89852E+00 
  177.00  0.19858E+00 -0.12419E-03 -0.10831E-04  0.89193E-03  0.94852E+00  0.10364E-05 -0.10043E-04 -0.94848E+00 -0.21862E-03 -0.89728E+00 
  178.00  0.19906E+00 -0.38260E-05 -0.39419E-05  0.91243E-03  0.94806E+00  0.21953E-06 -0.38081E-05 -0.94805E+00 -0.10249E-03 -0.89625E+00 
  179.00  0.19938E+00  0.75330E-05 -0.84368E-06  0.92592E-03  0.94776E+00  0.14292E-07 -0.84293E-06 -0.94776E+00 -0.26505E-04 -0.89556E+00 
  180.00  0.19948E+00  0.26032E-15 -0.19691E-16  0.93064E-03  0.94766E+00  0.88971E-29 -0.19942E-16 -0.94766E+00 -0.66454E-15 -0.89531E+00 
 scattering matrix expansion coefficients
    w  a11         a22         a33         a23         a32         a44         a12         a34         a13         a24         a14
    0  0.1000E+01  0.0000E+00  0.0000E+00  0.0000E+00  0.0000E+00  0.8190E+00  0.0000E+00  0.0000E+00  0.0000E+00  0.0000E+00  0.7047E-05
    1  0.2297E+01  0.0000E+00  0.0000E+00  0.0000E+00  0.0000E+00  0.2459E+01  0.0000E+00  0.0000E+00  0.0000E+00  0.0000E+00 -0.3846E-04
    2  0.3296E+01  0.2141E+00  0.4042E+01  0.2178E-06  0.1885E-04  0.3293E+01 -0.3493E+00 -0.3583E-02 -0.5637E-04 -0.1729E-03 -0.3230E-03
    3  0.3883E+01  0.5671E-01  0.4297E+01  0.4163E-07  0.3391E-04  0.3893E+01 -0.2103E+00 -0.7196E-02 -0.9221E-05 -0.1171E-03 -0.8647E-03
    4  0.4332E+01  0.3352E-01  0.4615E+01  0.1564E-06  0.2957E-03  0.4314E+01 -0.1442E+00 -0.1139E-01  0.1405E-03  0.5359E-04 -0.7784E-03
    5  0.4621E+01  0.5777E-02  0.4856E+01  0.3264E-07  0.2504E-03  0.4627E+01 -0.1254E+00 -0.8104E-02 -0.6530E-04  0.6153E-04 -0.8457E-03
    6  0.4826E+01  0.5699E-02  0.5015E+01 -0.2939E-06 -0.2526E-03  0.4833E+01 -0.1203E+00 -0.9830E-02 -0.2282E-03 -0.5803E-04 -0.9712E-03
    7  0.4983E+01  0.6673E-02  0.5130E+01 -0.1738E-06 -0.9085E-03  0.4985E+01 -0.1021E+00 -0.8182E-02  0.5756E-04  0.7785E-04 -0.1020E-02
    8  0.5112E+01  0.5489E-02  0.5230E+01 -0.1686E-06 -0.1205E-02  0.5112E+01 -0.7755E-01 -0.9651E-02 -0.1267E-04 -0.6474E-04 -0.1315E-02
    9  0.5215E+01  0.4281E-02  0.5313E+01 -0.5878E-07 -0.1394E-02  0.5213E+01 -0.5943E-01 -0.1037E-01  0.9859E-04 -0.1831E-03 -0.1394E-02
   10  0.5287E+01  0.2406E-02  0.5373E+01 -0.2939E-06 -0.1743E-02  0.5285E+01 -0.4965E-01 -0.8924E-02 -0.2953E-05 -0.1543E-05 -0.1202E-02
   11  0.5330E+01  0.2707E-04  0.5407E+01  0.3506E-06 -0.2051E-02  0.5332E+01 -0.4475E-01 -0.6499E-02 -0.1860E-03  0.5806E-04 -0.1054E-02
   12  0.5355E+01  0.1473E-02  0.5422E+01  0.1597E-06 -0.1703E-02  0.5355E+01 -0.3896E-01 -0.4936E-02  0.6013E-04  0.1971E-04 -0.8448E-03
   13  0.5364E+01  0.1326E-02  0.5423E+01 -0.7777E-07 -0.1005E-02  0.5364E+01 -0.3405E-01 -0.4933E-02  0.1696E-03  0.1485E-04 -0.7277E-03
   14  0.5365E+01 -0.2759E-04  0.5418E+01 -0.4473E-07 -0.8231E-03  0.5367E+01 -0.2783E-01 -0.4694E-02  0.1147E-04 -0.7321E-04 -0.7505E-03
   15  0.5359E+01  0.4631E-03  0.5407E+01 -0.5219E-07 -0.7883E-03  0.5361E+01 -0.1612E-01 -0.4404E-02 -0.2752E-04  0.1348E-04 -0.6837E-03
   16  0.5337E+01  0.2750E-02  0.5379E+01 -0.2022E-06 -0.7053E-03  0.5333E+01 -0.1597E-02 -0.3567E-02 -0.8548E-04  0.2135E-05 -0.2495E-03
   17  0.5274E+01  0.2373E-02  0.5315E+01 -0.3389E-06 -0.6127E-03  0.5268E+01  0.1139E-02 -0.2997E-02 -0.1709E-04  0.6445E-04  0.6279E-04
   18  0.5166E+01 -0.1983E-02  0.5210E+01  0.1184E-06 -0.5878E-03  0.5168E+01 -0.1175E-01 -0.1317E-02 -0.1885E-04  0.9382E-04  0.1270E-03
   19  0.5038E+01 -0.3433E-02  0.5082E+01 -0.6947E-07 -0.5881E-03  0.5045E+01 -0.2123E-01  0.3344E-03 -0.3134E-06 -0.2015E-04  0.2063E-03
   20  0.4915E+01  0.1631E-02  0.4950E+01 -0.4359E-06 -0.5604E-03  0.4913E+01 -0.1460E-01 -0.1700E-03 -0.7428E-05 -0.3503E-04  0.1149E-03
   21  0.4786E+01  0.2641E-02  0.4817E+01 -0.1152E-06 -0.4654E-03  0.4781E+01 -0.6785E-02 -0.1341E-02 -0.6970E-04  0.1586E-04  0.1649E-04
   22  0.4640E+01 -0.6208E-03  0.4673E+01 -0.1068E-06 -0.2231E-03  0.4642E+01 -0.7343E-02 -0.1484E-02 -0.3487E-04  0.3391E-04  0.1550E-03
   23  0.4483E+01 -0.4402E-03  0.4514E+01 -0.9806E-07 -0.2002E-06  0.4484E+01 -0.9691E-02 -0.1168E-02  0.3191E-04  0.5120E-04  0.2500E-03
   24  0.4314E+01  0.1047E-02  0.4341E+01 -0.1736E-06  0.6756E-04  0.4312E+01 -0.1134E-01 -0.1668E-02 -0.2809E-05  0.2774E-04  0.1437E-03
   25  0.4132E+01 -0.5339E-03  0.4160E+01 -0.1988E-06  0.6213E-04  0.4133E+01 -0.1605E-01 -0.2917E-02 -0.6744E-04 -0.4542E-04  0.8120E-04
   26  0.3950E+01 -0.1069E-02  0.3976E+01 -0.5444E-07  0.1210E-03  0.3952E+01 -0.2015E-01 -0.3968E-02 -0.7280E-05 -0.4494E-04  0.2207E-03
   27  0.3779E+01 -0.3055E-03  0.3801E+01 -0.1288E-06  0.2035E-03  0.3780E+01 -0.2048E-01 -0.3794E-02 -0.6733E-05 -0.1463E-04  0.3593E-03
   28  0.3622E+01 -0.2036E-03  0.3642E+01 -0.1749E-06  0.3428E-03  0.3623E+01 -0.1738E-01 -0.2478E-02 -0.1691E-04 -0.1098E-04  0.4038E-03
   29  0.3483E+01  0.2293E-04  0.3500E+01 -0.1588E-06  0.5439E-03  0.3484E+01 -0.1174E-01 -0.3362E-03  0.3121E-04  0.5142E-05  0.4789E-03
   30  0.3361E+01  0.8163E-03  0.3375E+01 -0.1568E-06  0.7865E-03  0.3360E+01 -0.4861E-02  0.1983E-02  0.4712E-04  0.1802E-04  0.5615E-03
   31  0.3251E+01  0.5409E-03  0.3264E+01 -0.3314E-06  0.1032E-02  0.3250E+01  0.6685E-03  0.3895E-02  0.1317E-04 -0.2211E-04  0.5544E-03
   32  0.3149E+01 -0.9405E-04  0.3161E+01 -0.2927E-06  0.1249E-02  0.3148E+01  0.5227E-02  0.5045E-02 -0.2273E-05 -0.3055E-04  0.5367E-03
   33  0.3049E+01  0.1294E-04  0.3060E+01 -0.1620E-06  0.1423E-02  0.3048E+01  0.9719E-02  0.5538E-02  0.3869E-05 -0.6736E-06  0.5616E-03
   34  0.2942E+01  0.2187E-03  0.2953E+01 -0.8161E-07  0.1556E-02  0.2941E+01  0.1272E-01  0.5505E-02  0.1050E-04  0.5271E-05  0.5797E-03
   35  0.2820E+01 -0.1252E-04  0.2832E+01 -0.1272E-06  0.1606E-02  0.2820E+01  0.1282E-01  0.5142E-02  0.1339E-04 -0.3295E-04  0.5549E-03
   36  0.2680E+01 -0.4190E-04  0.2692E+01 -0.8855E-07  0.1537E-02  0.2680E+01  0.1087E-01  0.4816E-02  0.1262E-04 -0.5481E-04  0.5387E-03
   37  0.2521E+01 -0.1411E-03  0.2533E+01 -0.1844E-07  0.1379E-02  0.2521E+01  0.7086E-02  0.4624E-02  0.2987E-05 -0.3111E-04  0.5549E-03
   38  0.2346E+01 -0.5171E-03  0.2359E+01 -0.6253E-07  0.1207E-02  0.2347E+01  0.2172E-02  0.4347E-02  0.2231E-05 -0.2405E-05  0.5640E-03
   39  0.2164E+01 -0.6647E-03  0.2177E+01 -0.4845E-07  0.1056E-02  0.2166E+01 -0.1328E-02  0.3978E-02  0.6995E-05  0.3921E-05  0.5373E-03
   40  0.1980E+01 -0.1393E-03  0.1992E+01 -0.6213E-08  0.9222E-03  0.1981E+01 -0.1068E-02  0.3872E-02 -0.5011E-06  0.3240E-05  0.5011E-03
   41  0.1797E+01  0.5440E-03  0.1808E+01 -0.5847E-07  0.8033E-03  0.1796E+01  0.1512E-02  0.4325E-02 -0.7914E-05  0.8735E-05  0.4728E-03
   42  0.1611E+01  0.8301E-03  0.1621E+01 -0.9035E-07  0.6953E-03  0.1610E+01  0.2769E-02  0.5241E-02 -0.3553E-05  0.6654E-05  0.4247E-03
   43  0.1422E+01  0.5307E-03  0.1432E+01 -0.6254E-07  0.5751E-03  0.1422E+01  0.5728E-03  0.6252E-02 -0.1422E-05 -0.1581E-05  0.3538E-03
   44  0.1236E+01  0.5578E-06  0.1246E+01 -0.3815E-07  0.4388E-03  0.1237E+01 -0.3559E-02  0.6909E-02 -0.6292E-05 -0.3977E-05  0.2918E-03
   45  0.1060E+01 -0.2566E-03  0.1069E+01 -0.3590E-07  0.3110E-03  0.1061E+01 -0.6453E-02  0.7053E-02 -0.9621E-05  0.2431E-05  0.2582E-03
   46  0.8990E+00  0.2347E-05  0.9069E+00 -0.3606E-07  0.2121E-03  0.8999E+00 -0.6492E-02  0.6879E-02 -0.1004E-04  0.8114E-05  0.2367E-03
   47  0.7535E+00  0.4006E-03  0.7600E+00 -0.4025E-07  0.1444E-03  0.7534E+00 -0.5183E-02  0.6626E-02 -0.1138E-04  0.6616E-05  0.2029E-03
   48  0.6208E+00  0.4383E-03  0.6264E+00 -0.3406E-07  0.1054E-03  0.6204E+00 -0.5098E-02  0.6280E-02 -0.1192E-04  0.5676E-05  0.1571E-03
   49  0.5005E+00  0.6269E-04  0.5056E+00 -0.4858E-08  0.8696E-04  0.5007E+00 -0.6974E-02  0.5681E-02 -0.1046E-04  0.8728E-05  0.1081E-03
   50  0.3958E+00 -0.2976E-03  0.4004E+00  0.1655E-07  0.7487E-04  0.3967E+00 -0.9063E-02  0.4806E-02 -0.7555E-05  0.1221E-04  0.6189E-04
   51  0.3104E+00 -0.3176E-03  0.3140E+00  0.1378E-07  0.5576E-04  0.3113E+00 -0.9297E-02  0.3885E-02 -0.5800E-05  0.1131E-04  0.2206E-04
   52  0.2448E+00 -0.6547E-04  0.2473E+00  0.4369E-08  0.2777E-04  0.2452E+00 -0.7303E-02  0.3188E-02 -0.5700E-05  0.7170E-05 -0.6133E-05
   53  0.1959E+00  0.1733E-03  0.1976E+00  0.1104E-08  0.1538E-08  0.1958E+00 -0.4386E-02  0.2784E-02 -0.5493E-05  0.3320E-05 -0.2008E-04
   54  0.1588E+00  0.2367E-03  0.1600E+00  0.1027E-08 -0.1775E-04  0.1585E+00 -0.2036E-02  0.2536E-02 -0.3877E-05  0.1698E-05 -0.2264E-04
   55  0.1291E+00  0.1597E-03  0.1300E+00  0.4304E-09 -0.2290E-04  0.1289E+00 -0.8602E-03  0.2276E-02 -0.1379E-05  0.1540E-05 -0.1999E-04
   56  0.1039E+00  0.5651E-04  0.1048E+00 -0.7792E-09 -0.2024E-04  0.1039E+00 -0.6071E-03  0.1938E-02  0.4911E-06  0.1495E-05 -0.1685E-04
   57  0.8212E-01 -0.7101E-05  0.8293E-01 -0.1967E-08 -0.1574E-04  0.8222E-01 -0.7663E-03  0.1557E-02  0.1096E-05  0.9595E-06 -0.1486E-04
   58  0.6319E-01 -0.2760E-04  0.6390E-01 -0.4638E-09 -0.1250E-04  0.6332E-01 -0.9841E-03  0.1200E-02  0.8352E-06  0.2303E-06 -0.1352E-04
   59  0.4704E-01 -0.2841E-04  0.4762E-01  0.2913E-08 -0.1064E-04  0.4715E-01 -0.1131E-02  0.9025E-03  0.4183E-06 -0.2702E-06 -0.1188E-04
   60  0.3365E-01 -0.2406E-04  0.3411E-01  0.4655E-08 -0.9253E-05  0.3374E-01 -0.1184E-02  0.6680E-03  0.1783E-06 -0.3915E-06 -0.9636E-05
   61  0.2300E-01 -0.1888E-04  0.2335E-01  0.4674E-08 -0.7601E-05  0.2306E-01 -0.1144E-02  0.4832E-03  0.1704E-06 -0.2673E-06 -0.7098E-05
   62  0.1494E-01 -0.1215E-04  0.1519E-01  0.3867E-08 -0.5721E-05  0.1498E-01 -0.1018E-02  0.3365E-03  0.2177E-06 -0.8052E-07 -0.4734E-05
   63  0.9195E-02 -0.4928E-05  0.9358E-02  0.3028E-08 -0.3883E-05  0.9216E-02 -0.8308E-03  0.2224E-03  0.2582E-06  0.5062E-07 -0.2873E-05
   64  0.5350E-02  0.1090E-05  0.5449E-02  0.2332E-08 -0.2394E-05  0.5355E-02 -0.6202E-03  0.1380E-03  0.2312E-06  0.1054E-06 -0.1603E-05
   65  0.2940E-02  0.4497E-05  0.2995E-02  0.1710E-08 -0.1335E-05  0.2936E-02 -0.4240E-03  0.8003E-04  0.1766E-06  0.1054E-06 -0.8269E-06
   66  0.1526E-02  0.5401E-05  0.1554E-02  0.1123E-08 -0.6800E-06  0.1519E-02 -0.2663E-03  0.4333E-04  0.1135E-06  0.8111E-07 -0.3956E-06
   67  0.7492E-03  0.4689E-05  0.7618E-03  0.7280E-09 -0.3168E-06  0.7419E-03 -0.1544E-03  0.2192E-04  0.6627E-07  0.5331E-07 -0.1753E-06
   68  0.3481E-03  0.3380E-05  0.3532E-03  0.4266E-09 -0.1368E-06  0.3425E-03 -0.8298E-04  0.1038E-04  0.3410E-07  0.3127E-07 -0.7310E-07
   69  0.1533E-03  0.2123E-05  0.1551E-03  0.2347E-09 -0.5453E-07  0.1497E-03 -0.4154E-04  0.4618E-05  0.1612E-07  0.1692E-07 -0.2848E-07
   70  0.6412E-04  0.1194E-05  0.6466E-04  0.1177E-09 -0.1995E-07  0.6206E-04 -0.1946E-04  0.1933E-05  0.6884E-08  0.8618E-08 -0.1058E-07
   71  0.2552E-04  0.6101E-06  0.2562E-04  0.5154E-10 -0.6468E-08  0.2445E-04 -0.8560E-05  0.7653E-06  0.2662E-08  0.4213E-08 -0.3890E-08
   72  0.9686E-05  0.2876E-06  0.9680E-05  0.2130E-10 -0.1854E-08  0.9178E-05 -0.3552E-05  0.2877E-06  0.9066E-09  0.2023E-08 -0.1429E-08
   73  0.3515E-05  0.1262E-06  0.3494E-05  0.9418E-11 -0.5071E-09  0.3291E-05 -0.1397E-05  0.1029E-06  0.3059E-09  0.9199E-09 -0.5536E-09
   74  0.1224E-05  0.5205E-07  0.1209E-05  0.4617E-11 -0.1510E-09  0.1130E-05 -0.5230E-06  0.3520E-07  0.7947E-10  0.3838E-09 -0.2050E-09
   75  0.4107E-06  0.2016E-07  0.4034E-06  0.2771E-11 -0.6853E-10  0.3745E-06 -0.1876E-06  0.1177E-07  0.2001E-10  0.1422E-09 -0.4880E-10
   76  0.1352E-06  0.7346E-08  0.1321E-06  0.1724E-11 -0.2995E-10  0.1220E-06 -0.6522E-07  0.4030E-08  0.5234E-11  0.4018E-10  0.1927E-10
   77  0.4491E-07  0.2520E-08  0.4373E-07  0.1046E-11 -0.1213E-10  0.4039E-07 -0.2259E-07  0.1508E-08  0.1449E-11  0.9232E-11  0.2132E-10
   78  0.1652E-07  0.8464E-09  0.1615E-07  0.6100E-12  0.2646E-12  0.1502E-07 -0.8167E-08  0.6806E-09 -0.1653E-12  0.2099E-11  0.1422E-10
   79  0.5888E-08  0.2876E-09  0.5740E-08  0.3056E-12  0.2025E-11  0.5384E-08 -0.3045E-08  0.2904E-09 -0.1016E-12  0.9953E-12  0.4171E-11
   80  0.3176E-08  0.1336E-09  0.3131E-08  0.1338E-12  0.2370E-11  0.2947E-08 -0.1488E-08  0.1569E-09 -0.7592E-12  0.9990E-12  0.1328E-11
   81  0.8904E-09  0.4355E-10  0.8631E-09  0.5924E-13  0.1021E-11  0.8167E-09 -0.4769E-09  0.5253E-10 -0.2039E-12  0.4805E-12 -0.2005E-12
   82  0.7347E-09  0.3904E-10  0.7182E-09  0.2588E-13  0.7695E-12  0.6671E-09 -0.3568E-09  0.2916E-10 -0.3435E-12  0.3491E-12 -0.3686E-12
   83  0.1325E-09  0.8320E-11  0.1262E-09  0.9229E-14  0.3505E-12  0.1184E-09 -0.7349E-10  0.6809E-11 -0.1153E-12  0.1759E-12 -0.3785E-12
   84  0.1450E-09  0.1035E-10  0.1393E-09  0.3406E-14  0.2338E-12  0.1265E-09 -0.7625E-10  0.4067E-11 -0.9343E-13  0.9877E-13 -0.2171E-12
   85  0.1803E-10  0.1449E-11  0.1689E-10  0.1245E-14  0.9334E-13  0.1547E-10 -0.1032E-10  0.6345E-12 -0.3323E-13  0.3944E-13 -0.9927E-13
   86  0.1997E-10  0.1794E-11  0.1889E-10  0.3616E-15  0.3730E-13  0.1672E-10 -0.1141E-10  0.4310E-12 -0.1445E-13  0.1375E-13 -0.3286E-13
   87  0.1417E-11  0.1370E-12  0.1312E-11  0.9669E-16  0.9130E-14  0.1167E-11 -0.8545E-12  0.3658E-13 -0.3367E-14  0.3400E-14 -0.8203E-14
   88  0.1705E-11  0.1779E-12  0.1579E-11  0.2822E-16  0.2249E-14  0.1373E-11 -0.1038E-11  0.3031E-13 -0.9391E-15  0.6837E-15 -0.1661E-14
   89  0.3767E-13  0.4047E-14  0.3352E-13  0.9284E-17  0.2525E-15  0.3064E-13 -0.2337E-13  0.8181E-15 -0.1076E-15  0.6899E-16 -0.1661E-15
   90  0.1301E-12  0.1641E-13  0.1207E-12  0.2785E-17  0.5679E-16  0.1009E-12 -0.8543E-13  0.1904E-14 -0.3095E-16  0.1193E-16 -0.4584E-16
