 input file is 
mstm4_64_0437.inp             
 input file comments follow:
***********************************************************
  This is the default mstm input file for v.3.0.
  The run is for a 7-sphere cluster of identical spheres.   The positions
  are embedded in the input file.

  The run makes use of the new_run and multiple_run options.

  14 April 2013
***********************************************************
 number of processors:
   1
 input parameters for run number 
    1
 number of spheres, volume size parameter:
   64  0.17480E+01
 position file:
position/n64/a4.out                                         
 output file:
output/64/x0437/mt_4_64_0437.dat                            
 length, ref. indx. scale factors:
   0.437   1.660   0.002
 chiral factors:
  0.00000E+00  0.00000E+00
 scattering matrix directions based on incident frame
 automatic scattering angle calculation
 thetamin, thetamax:
      0.0    180.0
 number scattering angles:
      181
 epsmie, epssoln, max number iterations:
  0.1000E-05  0.1000E-07 5000
 medium refractive index:
  1.0000  0.0000
 target euler rotation angles:
    0.0000    0.0000    0.0000
 far field kr, iterations/correction:
  0.1000E-07   20
 plane wave incidence
 random orientation calculations
 t matrix calculated, stored in file 
tmatrixfiles/tmf_4_64_0437_166_000219                       
 t matrix convergence epsilon:
  0.1000E-06
 all spheres excited (total T matrix) 
 calculation results for run 
    1
 total ext, abs, scat efficiencies, w.r.t. xv, and asym. parm
  0.50978E+00  0.93260E-02  0.50045E+00  0.62483E+00
 scattering matrix elements (normalized w/ S11)
   theta      11           12           13           14           22           23           24           33           34           44     
    0.00  0.13363E+02  0.00000E+00  0.00000E+00 -0.28111E-03  0.99952E+00  0.71331E-04  0.00000E+00  0.99952E+00  0.00000E+00  0.99905E+00
    1.00  0.13341E+02 -0.15358E-03 -0.10664E-07 -0.28053E-03  0.99952E+00  0.71873E-04  0.22075E-07  0.99952E+00  0.48649E-06  0.99905E+00
    2.00  0.13273E+02 -0.61439E-03 -0.43587E-07 -0.27879E-03  0.99952E+00  0.73503E-04  0.88455E-07  0.99952E+00  0.19483E-05  0.99905E+00
    3.00  0.13161E+02 -0.13826E-02 -0.10158E-06 -0.27588E-03  0.99951E+00  0.76229E-04  0.19960E-06  0.99951E+00  0.43925E-05  0.99904E+00
    4.00  0.13006E+02 -0.24584E-02 -0.18936E-06 -0.27177E-03  0.99951E+00  0.80071E-04  0.35628E-06  0.99950E+00  0.78308E-05  0.99903E+00
    5.00  0.12810E+02 -0.38423E-02 -0.31362E-06 -0.26644E-03  0.99950E+00  0.85051E-04  0.55951E-06  0.99949E+00  0.12280E-04  0.99901E+00
    6.00  0.12575E+02 -0.55347E-02 -0.48311E-06 -0.25986E-03  0.99949E+00  0.91200E-04  0.81056E-06  0.99948E+00  0.17761E-04  0.99899E+00
    7.00  0.12303E+02 -0.75361E-02 -0.70873E-06 -0.25197E-03  0.99948E+00  0.98557E-04  0.11109E-05  0.99946E+00  0.24300E-04  0.99896E+00
    8.00  0.11998E+02 -0.98471E-02 -0.10037E-05 -0.24272E-03  0.99947E+00  0.10717E-03  0.14622E-05  0.99942E+00  0.31928E-04  0.99892E+00
    9.00  0.11662E+02 -0.12468E-01 -0.13836E-05 -0.23206E-03  0.99946E+00  0.11708E-03  0.18661E-05  0.99938E+00  0.40680E-04  0.99887E+00
   10.00  0.11299E+02 -0.15400E-01 -0.18667E-05 -0.21991E-03  0.99944E+00  0.12836E-03  0.23243E-05  0.99933E+00  0.50596E-04  0.99880E+00
   11.00  0.10914E+02 -0.18644E-01 -0.24739E-05 -0.20620E-03  0.99943E+00  0.14107E-03  0.28384E-05  0.99926E+00  0.61719E-04  0.99871E+00
   12.00  0.10508E+02 -0.22199E-01 -0.32293E-05 -0.19084E-03  0.99941E+00  0.15528E-03  0.34096E-05  0.99917E+00  0.74095E-04  0.99860E+00
   13.00  0.10088E+02 -0.26067E-01 -0.41600E-05 -0.17376E-03  0.99939E+00  0.17108E-03  0.40389E-05  0.99905E+00  0.87773E-04  0.99847E+00
   14.00  0.96550E+01 -0.30247E-01 -0.52964E-05 -0.15484E-03  0.99936E+00  0.18854E-03  0.47266E-05  0.99891E+00  0.10280E-03  0.99831E+00
   15.00  0.92143E+01 -0.34739E-01 -0.66725E-05 -0.13400E-03  0.99933E+00  0.20778E-03  0.54722E-05  0.99874E+00  0.11923E-03  0.99811E+00
   16.00  0.87693E+01 -0.39544E-01 -0.83259E-05 -0.11113E-03  0.99930E+00  0.22887E-03  0.62740E-05  0.99853E+00  0.13709E-03  0.99788E+00
   17.00  0.83234E+01 -0.44661E-01 -0.10298E-04 -0.86123E-04  0.99926E+00  0.25192E-03  0.71290E-05  0.99828E+00  0.15642E-03  0.99760E+00
   18.00  0.78799E+01 -0.50089E-01 -0.12634E-04 -0.58882E-04  0.99922E+00  0.27705E-03  0.80326E-05  0.99799E+00  0.17725E-03  0.99727E+00
   19.00  0.74419E+01 -0.55826E-01 -0.15383E-04 -0.29306E-04  0.99918E+00  0.30435E-03  0.89777E-05  0.99764E+00  0.19956E-03  0.99689E+00
   20.00  0.70120E+01 -0.61872E-01 -0.18597E-04  0.26973E-05  0.99913E+00  0.33393E-03  0.99549E-05  0.99724E+00  0.22333E-03  0.99644E+00
   21.00  0.65929E+01 -0.68223E-01 -0.22332E-04  0.37209E-04  0.99907E+00  0.36589E-03  0.10952E-04  0.99678E+00  0.24848E-03  0.99593E+00
   22.00  0.61867E+01 -0.74878E-01 -0.26646E-04  0.74295E-04  0.99901E+00  0.40033E-03  0.11952E-04  0.99625E+00  0.27490E-03  0.99535E+00
   23.00  0.57951E+01 -0.81834E-01 -0.31600E-04  0.11400E-03  0.99894E+00  0.43732E-03  0.12936E-04  0.99564E+00  0.30240E-03  0.99468E+00
   24.00  0.54198E+01 -0.89086E-01 -0.37255E-04  0.15635E-03  0.99886E+00  0.47695E-03  0.13878E-04  0.99495E+00  0.33071E-03  0.99392E+00
   25.00  0.50618E+01 -0.96633E-01 -0.43672E-04  0.20133E-03  0.99877E+00  0.51925E-03  0.14750E-04  0.99417E+00  0.35945E-03  0.99307E+00
   26.00  0.47221E+01 -0.10447E+00 -0.50912E-04  0.24890E-03  0.99867E+00  0.56426E-03  0.15516E-04  0.99329E+00  0.38815E-03  0.99211E+00
   27.00  0.44012E+01 -0.11259E+00 -0.59032E-04  0.29897E-03  0.99856E+00  0.61197E-03  0.16136E-04  0.99231E+00  0.41617E-03  0.99104E+00
   28.00  0.40994E+01 -0.12100E+00 -0.68082E-04  0.35141E-03  0.99844E+00  0.66233E-03  0.16563E-04  0.99122E+00  0.44272E-03  0.98985E+00
   29.00  0.38169E+01 -0.12968E+00 -0.78109E-04  0.40604E-03  0.99831E+00  0.71528E-03  0.16746E-04  0.99000E+00  0.46681E-03  0.98853E+00
   30.00  0.35533E+01 -0.13864E+00 -0.89148E-04  0.46262E-03  0.99817E+00  0.77069E-03  0.16629E-04  0.98866E+00  0.48727E-03  0.98708E+00
   31.00  0.33084E+01 -0.14788E+00 -0.10122E-03  0.52089E-03  0.99801E+00  0.82839E-03  0.16151E-04  0.98718E+00  0.50272E-03  0.98547E+00
   32.00  0.30815E+01 -0.15740E+00 -0.11435E-03  0.58051E-03  0.99784E+00  0.88818E-03  0.15246E-04  0.98556E+00  0.51153E-03  0.98371E+00
   33.00  0.28720E+01 -0.16720E+00 -0.12853E-03  0.64113E-03  0.99766E+00  0.94979E-03  0.13850E-04  0.98377E+00  0.51188E-03  0.98178E+00
   34.00  0.26790E+01 -0.17729E+00 -0.14375E-03  0.70236E-03  0.99746E+00  0.10129E-02  0.11896E-04  0.98183E+00  0.50175E-03  0.97967E+00
   35.00  0.25017E+01 -0.18767E+00 -0.15998E-03  0.76380E-03  0.99724E+00  0.10773E-02  0.93175E-05  0.97970E+00  0.47894E-03  0.97737E+00
   36.00  0.23390E+01 -0.19835E+00 -0.17718E-03  0.82503E-03  0.99701E+00  0.11425E-02  0.60531E-05  0.97738E+00  0.44107E-03  0.97487E+00
   37.00  0.21901E+01 -0.20934E+00 -0.19531E-03  0.88567E-03  0.99677E+00  0.12082E-02  0.20449E-05  0.97486E+00  0.38572E-03  0.97216E+00
   38.00  0.20538E+01 -0.22067E+00 -0.21431E-03  0.94535E-03  0.99652E+00  0.12740E-02 -0.27590E-05  0.97211E+00  0.31038E-03  0.96921E+00
   39.00  0.19291E+01 -0.23235E+00 -0.23413E-03  0.10038E-02  0.99625E+00  0.13395E-02 -0.84031E-05  0.96912E+00  0.21258E-03  0.96602E+00
   40.00  0.18151E+01 -0.24438E+00 -0.25469E-03  0.10606E-02  0.99597E+00  0.14043E-02 -0.14924E-04  0.96588E+00  0.89941E-04  0.96256E+00
   41.00  0.17109E+01 -0.25680E+00 -0.27595E-03  0.11158E-02  0.99567E+00  0.14682E-02 -0.22352E-04  0.96236E+00 -0.59788E-04  0.95882E+00
   42.00  0.16154E+01 -0.26963E+00 -0.29786E-03  0.11690E-02  0.99537E+00  0.15309E-02 -0.30708E-04  0.95853E+00 -0.23863E-03  0.95476E+00
   43.00  0.15278E+01 -0.28287E+00 -0.32037E-03  0.12204E-02  0.99506E+00  0.15919E-02 -0.40007E-04  0.95438E+00 -0.44833E-03  0.95038E+00
   44.00  0.14474E+01 -0.29654E+00 -0.34345E-03  0.12698E-02  0.99474E+00  0.16512E-02 -0.50259E-04  0.94987E+00 -0.69033E-03  0.94564E+00
   45.00  0.13735E+01 -0.31067E+00 -0.36708E-03  0.13173E-02  0.99442E+00  0.17085E-02 -0.61471E-04  0.94498E+00 -0.96566E-03  0.94051E+00
   46.00  0.13052E+01 -0.32525E+00 -0.39126E-03  0.13629E-02  0.99409E+00  0.17635E-02 -0.73647E-04  0.93968E+00 -0.12750E-02  0.93497E+00
   47.00  0.12421E+01 -0.34031E+00 -0.41596E-03  0.14069E-02  0.99375E+00  0.18162E-02 -0.86789E-04  0.93393E+00 -0.16185E-02  0.92899E+00
   48.00  0.11836E+01 -0.35583E+00 -0.44121E-03  0.14492E-02  0.99341E+00  0.18663E-02 -0.10090E-03  0.92770E+00 -0.19958E-02  0.92254E+00
   49.00  0.11293E+01 -0.37183E+00 -0.46700E-03  0.14900E-02  0.99306E+00  0.19137E-02 -0.11599E-03  0.92097E+00 -0.24063E-02  0.91558E+00
   50.00  0.10786E+01 -0.38830E+00 -0.49335E-03  0.15294E-02  0.99272E+00  0.19582E-02 -0.13205E-03  0.91369E+00 -0.28484E-02  0.90808E+00
   51.00  0.10313E+01 -0.40523E+00 -0.52024E-03  0.15675E-02  0.99237E+00  0.19997E-02 -0.14911E-03  0.90584E+00 -0.33205E-02  0.90001E+00
   52.00  0.98695E+00 -0.42261E+00 -0.54767E-03  0.16041E-02  0.99202E+00  0.20378E-02 -0.16718E-03  0.89738E+00 -0.38199E-02  0.89133E+00
   53.00  0.94537E+00 -0.44041E+00 -0.57561E-03  0.16394E-02  0.99167E+00  0.20724E-02 -0.18626E-03  0.88827E+00 -0.43437E-02  0.88202E+00
   54.00  0.90630E+00 -0.45862E+00 -0.60403E-03  0.16732E-02  0.99132E+00  0.21033E-02 -0.20637E-03  0.87849E+00 -0.48881E-02  0.87205E+00
   55.00  0.86953E+00 -0.47720E+00 -0.63287E-03  0.17054E-02  0.99097E+00  0.21302E-02 -0.22754E-03  0.86800E+00 -0.54490E-02  0.86137E+00
   56.00  0.83487E+00 -0.49613E+00 -0.66204E-03  0.17356E-02  0.99063E+00  0.21529E-02 -0.24977E-03  0.85677E+00 -0.60214E-02  0.84998E+00
   57.00  0.80217E+00 -0.51537E+00 -0.69144E-03  0.17638E-02  0.99028E+00  0.21710E-02 -0.27308E-03  0.84478E+00 -0.66000E-02  0.83782E+00
   58.00  0.77130E+00 -0.53487E+00 -0.72095E-03  0.17896E-02  0.98994E+00  0.21843E-02 -0.29748E-03  0.83200E+00 -0.71788E-02  0.82490E+00
   59.00  0.74215E+00 -0.55460E+00 -0.75041E-03  0.18126E-02  0.98960E+00  0.21926E-02 -0.32298E-03  0.81841E+00 -0.77514E-02  0.81117E+00
   60.00  0.71460E+00 -0.57450E+00 -0.77965E-03  0.18326E-02  0.98926E+00  0.21956E-02 -0.34958E-03  0.80398E+00 -0.83111E-02  0.79662E+00
   61.00  0.68856E+00 -0.59453E+00 -0.80848E-03  0.18491E-02  0.98892E+00  0.21931E-02 -0.37727E-03  0.78870E+00 -0.88506E-02  0.78123E+00
   62.00  0.66394E+00 -0.61462E+00 -0.83669E-03  0.18617E-02  0.98859E+00  0.21849E-02 -0.40605E-03  0.77256E+00 -0.93628E-02  0.76500E+00
   63.00  0.64068E+00 -0.63473E+00 -0.86406E-03  0.18701E-02  0.98826E+00  0.21710E-02 -0.43590E-03  0.75554E+00 -0.98403E-02  0.74790E+00
   64.00  0.61868E+00 -0.65479E+00 -0.89035E-03  0.18739E-02  0.98793E+00  0.21512E-02 -0.46679E-03  0.73764E+00 -0.10276E-01  0.72993E+00
   65.00  0.59788E+00 -0.67474E+00 -0.91534E-03  0.18728E-02  0.98761E+00  0.21256E-02 -0.49867E-03  0.71885E+00 -0.10662E-01  0.71109E+00
   66.00  0.57822E+00 -0.69452E+00 -0.93880E-03  0.18665E-02  0.98728E+00  0.20942E-02 -0.53152E-03  0.69917E+00 -0.10993E-01  0.69137E+00
   67.00  0.55962E+00 -0.71408E+00 -0.96051E-03  0.18548E-02  0.98696E+00  0.20572E-02 -0.56528E-03  0.67860E+00 -0.11262E-01  0.67079E+00
   68.00  0.54203E+00 -0.73334E+00 -0.98025E-03  0.18374E-02  0.98664E+00  0.20148E-02 -0.59988E-03  0.65716E+00 -0.11463E-01  0.64933E+00
   69.00  0.52538E+00 -0.75226E+00 -0.99784E-03  0.18142E-02  0.98632E+00  0.19671E-02 -0.63526E-03  0.63485E+00 -0.11592E-01  0.62702E+00
   70.00  0.50962E+00 -0.77076E+00 -0.10131E-02  0.17851E-02  0.98601E+00  0.19147E-02 -0.67135E-03  0.61168E+00 -0.11644E-01  0.60387E+00
   71.00  0.49470E+00 -0.78878E+00 -0.10259E-02  0.17500E-02  0.98569E+00  0.18577E-02 -0.70806E-03  0.58768E+00 -0.11616E-01  0.57988E+00
   72.00  0.48055E+00 -0.80628E+00 -0.10361E-02  0.17089E-02  0.98536E+00  0.17966E-02 -0.74531E-03  0.56285E+00 -0.11506E-01  0.55509E+00
   73.00  0.46714E+00 -0.82320E+00 -0.10435E-02  0.16618E-02  0.98504E+00  0.17319E-02 -0.78299E-03  0.53722E+00 -0.11313E-01  0.52950E+00
   74.00  0.45441E+00 -0.83947E+00 -0.10482E-02  0.16088E-02  0.98471E+00  0.16640E-02 -0.82101E-03  0.51082E+00 -0.11037E-01  0.50314E+00
   75.00  0.44233E+00 -0.85505E+00 -0.10501E-02  0.15499E-02  0.98438E+00  0.15934E-02 -0.85926E-03  0.48367E+00 -0.10677E-01  0.47604E+00
   76.00  0.43084E+00 -0.86988E+00 -0.10492E-02  0.14852E-02  0.98404E+00  0.15205E-02 -0.89763E-03  0.45581E+00 -0.10236E-01  0.44823E+00
   77.00  0.41991E+00 -0.88393E+00 -0.10454E-02  0.14148E-02  0.98369E+00  0.14459E-02 -0.93597E-03  0.42726E+00 -0.97157E-02  0.41974E+00
   78.00  0.40950E+00 -0.89713E+00 -0.10389E-02  0.13388E-02  0.98334E+00  0.13701E-02 -0.97418E-03  0.39806E+00 -0.91201E-02  0.39061E+00
   79.00  0.39959E+00 -0.90946E+00 -0.10295E-02  0.12573E-02  0.98299E+00  0.12934E-02 -0.10121E-02  0.36825E+00 -0.84529E-02  0.36087E+00
   80.00  0.39014E+00 -0.92086E+00 -0.10175E-02  0.11704E-02  0.98262E+00  0.12163E-02 -0.10496E-02  0.33787E+00 -0.77189E-02  0.33055E+00
   81.00  0.38113E+00 -0.93131E+00 -0.10029E-02  0.10780E-02  0.98225E+00  0.11391E-02 -0.10865E-02  0.30696E+00 -0.69235E-02  0.29972E+00
   82.00  0.37253E+00 -0.94076E+00 -0.98564E-03  0.98027E-03  0.98187E+00  0.10624E-02 -0.11226E-02  0.27556E+00 -0.60724E-02  0.26840E+00
   83.00  0.36431E+00 -0.94918E+00 -0.96596E-03  0.87719E-03  0.98149E+00  0.98628E-03 -0.11578E-02  0.24373E+00 -0.51722E-02  0.23665E+00
   84.00  0.35647E+00 -0.95656E+00 -0.94389E-03  0.76877E-03  0.98110E+00  0.91117E-03 -0.11918E-02  0.21152E+00 -0.42294E-02  0.20452E+00
   85.00  0.34898E+00 -0.96285E+00 -0.91954E-03  0.65499E-03  0.98070E+00  0.83730E-03 -0.12245E-02  0.17897E+00 -0.32509E-02  0.17206E+00
   86.00  0.34183E+00 -0.96804E+00 -0.89297E-03  0.53581E-03  0.98030E+00  0.76488E-03 -0.12556E-02  0.14615E+00 -0.22440E-02  0.13933E+00
   87.00  0.33500E+00 -0.97211E+00 -0.86429E-03  0.41120E-03  0.97989E+00  0.69413E-03 -0.12849E-02  0.11310E+00 -0.12158E-02  0.10638E+00
   88.00  0.32849E+00 -0.97505E+00 -0.83356E-03  0.28112E-03  0.97948E+00  0.62520E-03 -0.13121E-02  0.79889E-01 -0.17369E-03  0.73274E-01
   89.00  0.32227E+00 -0.97685E+00 -0.80087E-03  0.14553E-03  0.97907E+00  0.55822E-03 -0.13371E-02  0.46571E-01  0.87515E-03  0.40070E-01
   90.00  0.31634E+00 -0.97751E+00 -0.76629E-03  0.44121E-05  0.97866E+00  0.49331E-03 -0.13596E-02  0.13207E-01  0.19236E-02  0.68302E-02
   91.00  0.31069E+00 -0.97701E+00 -0.72989E-03 -0.14225E-03  0.97825E+00  0.43056E-03 -0.13793E-02 -0.20142E-01  0.29646E-02 -0.26384E-01
   92.00  0.30532E+00 -0.97538E+00 -0.69173E-03 -0.29443E-03  0.97784E+00  0.37002E-03 -0.13960E-02 -0.53417E-01  0.39916E-02 -0.59511E-01
   93.00  0.30021E+00 -0.97261E+00 -0.65187E-03 -0.45207E-03  0.97744E+00  0.31175E-03 -0.14094E-02 -0.86556E-01  0.49980E-02 -0.92489E-01
   94.00  0.29535E+00 -0.96873E+00 -0.61038E-03 -0.61508E-03  0.97704E+00  0.25579E-03 -0.14193E-02 -0.11950E+00  0.59778E-02 -0.12526E+00
   95.00  0.29075E+00 -0.96373E+00 -0.56732E-03 -0.78331E-03  0.97664E+00  0.20216E-03 -0.14254E-02 -0.15219E+00  0.69254E-02 -0.15775E+00
   96.00  0.28639E+00 -0.95766E+00 -0.52276E-03 -0.95656E-03  0.97626E+00  0.15088E-03 -0.14276E-02 -0.18456E+00  0.78355E-02 -0.18992E+00
   97.00  0.28226E+00 -0.95053E+00 -0.47677E-03 -0.11346E-02  0.97589E+00  0.10195E-03 -0.14256E-02 -0.21657E+00  0.87034E-02 -0.22170E+00
   98.00  0.27837E+00 -0.94237E+00 -0.42943E-03 -0.13171E-02  0.97552E+00  0.55399E-04 -0.14193E-02 -0.24815E+00  0.95247E-02 -0.25303E+00
   99.00  0.27470E+00 -0.93322E+00 -0.38082E-03 -0.15036E-02  0.97517E+00  0.11212E-04 -0.14085E-02 -0.27926E+00  0.10296E-01 -0.28387E+00
  100.00  0.27125E+00 -0.92311E+00 -0.33105E-03 -0.16938E-02  0.97484E+00 -0.30607E-04 -0.13931E-02 -0.30985E+00  0.11013E-01 -0.31417E+00
  101.00  0.26802E+00 -0.91209E+00 -0.28022E-03 -0.18871E-02  0.97452E+00 -0.70059E-04 -0.13731E-02 -0.33987E+00  0.11675E-01 -0.34387E+00
  102.00  0.26499E+00 -0.90019E+00 -0.22846E-03 -0.20830E-02  0.97421E+00 -0.10715E-03 -0.13482E-02 -0.36927E+00  0.12278E-01 -0.37294E+00
  103.00  0.26216E+00 -0.88746E+00 -0.17591E-03 -0.22808E-02  0.97392E+00 -0.14187E-03 -0.13187E-02 -0.39803E+00  0.12822E-01 -0.40134E+00
  104.00  0.25952E+00 -0.87396E+00 -0.12271E-03 -0.24799E-02  0.97364E+00 -0.17423E-03 -0.12844E-02 -0.42610E+00  0.13304E-01 -0.42902E+00
  105.00  0.25708E+00 -0.85971E+00 -0.69049E-04 -0.26797E-02  0.97339E+00 -0.20425E-03 -0.12454E-02 -0.45344E+00  0.13725E-01 -0.45597E+00
  106.00  0.25482E+00 -0.84479E+00 -0.15095E-04 -0.28792E-02  0.97315E+00 -0.23191E-03 -0.12019E-02 -0.48004E+00  0.14085E-01 -0.48214E+00
  107.00  0.25273E+00 -0.82924E+00  0.38953E-04 -0.30779E-02  0.97292E+00 -0.25724E-03 -0.11540E-02 -0.50587E+00  0.14384E-01 -0.50752E+00
  108.00  0.25082E+00 -0.81310E+00  0.92888E-04 -0.32748E-02  0.97272E+00 -0.28025E-03 -0.11019E-02 -0.53090E+00  0.14622E-01 -0.53208E+00
  109.00  0.24908E+00 -0.79645E+00  0.14649E-03 -0.34693E-02  0.97253E+00 -0.30095E-03 -0.10458E-02 -0.55512E+00  0.14801E-01 -0.55581E+00
  110.00  0.24749E+00 -0.77931E+00  0.19953E-03 -0.36605E-02  0.97236E+00 -0.31937E-03 -0.98602E-03 -0.57852E+00  0.14923E-01 -0.57870E+00
  111.00  0.24606E+00 -0.76176E+00  0.25179E-03 -0.38476E-02  0.97220E+00 -0.33554E-03 -0.92279E-03 -0.60108E+00  0.14989E-01 -0.60073E+00
  112.00  0.24477E+00 -0.74385E+00  0.30301E-03 -0.40299E-02  0.97206E+00 -0.34949E-03 -0.85646E-03 -0.62280E+00  0.15001E-01 -0.62191E+00
  113.00  0.24363E+00 -0.72561E+00  0.35297E-03 -0.42067E-02  0.97194E+00 -0.36127E-03 -0.78738E-03 -0.64368E+00  0.14962E-01 -0.64223E+00
  114.00  0.24263E+00 -0.70711E+00  0.40143E-03 -0.43772E-02  0.97183E+00 -0.37091E-03 -0.71594E-03 -0.66371E+00  0.14874E-01 -0.66169E+00
  115.00  0.24176E+00 -0.68838E+00  0.44817E-03 -0.45408E-02  0.97173E+00 -0.37849E-03 -0.64253E-03 -0.68291E+00  0.14740E-01 -0.68029E+00
  116.00  0.24102E+00 -0.66949E+00  0.49295E-03 -0.46969E-02  0.97165E+00 -0.38406E-03 -0.56755E-03 -0.70127E+00  0.14563E-01 -0.69805E+00
  117.00  0.24040E+00 -0.65047E+00  0.53558E-03 -0.48449E-02  0.97158E+00 -0.38770E-03 -0.49144E-03 -0.71880E+00  0.14345E-01 -0.71497E+00
  118.00  0.23990E+00 -0.63138E+00  0.57585E-03 -0.49845E-02  0.97152E+00 -0.38949E-03 -0.41461E-03 -0.73551E+00  0.14091E-01 -0.73106E+00
  119.00  0.23951E+00 -0.61224E+00  0.61358E-03 -0.51151E-02  0.97147E+00 -0.38951E-03 -0.33750E-03 -0.75143E+00  0.13802E-01 -0.74635E+00
  120.00  0.23924E+00 -0.59310E+00  0.64861E-03 -0.52363E-02  0.97143E+00 -0.38785E-03 -0.26053E-03 -0.76655E+00  0.13481E-01 -0.76084E+00
  121.00  0.23906E+00 -0.57400E+00  0.68080E-03 -0.53480E-02  0.97140E+00 -0.38461E-03 -0.18412E-03 -0.78091E+00  0.13133E-01 -0.77456E+00
  122.00  0.23899E+00 -0.55498E+00  0.71002E-03 -0.54498E-02  0.97138E+00 -0.37989E-03 -0.10868E-03 -0.79451E+00  0.12759E-01 -0.78752E+00
  123.00  0.23901E+00 -0.53607E+00  0.73618E-03 -0.55417E-02  0.97137E+00 -0.37381E-03 -0.34602E-04 -0.80738E+00  0.12363E-01 -0.79975E+00
  124.00  0.23913E+00 -0.51730E+00  0.75919E-03 -0.56235E-02  0.97136E+00 -0.36647E-03  0.37730E-04 -0.81954E+00  0.11948E-01 -0.81127E+00
  125.00  0.23933E+00 -0.49869E+00  0.77901E-03 -0.56952E-02  0.97136E+00 -0.35798E-03  0.10796E-03 -0.83101E+00  0.11516E-01 -0.82210E+00
  126.00  0.23962E+00 -0.48029E+00  0.79560E-03 -0.57568E-02  0.97136E+00 -0.34846E-03  0.17575E-03 -0.84181E+00  0.11071E-01 -0.83226E+00
  127.00  0.23999E+00 -0.46211E+00  0.80896E-03 -0.58085E-02  0.97137E+00 -0.33802E-03  0.24078E-03 -0.85197E+00  0.10614E-01 -0.84179E+00
  128.00  0.24044E+00 -0.44417E+00  0.81911E-03 -0.58505E-02  0.97138E+00 -0.32677E-03  0.30277E-03 -0.86151E+00  0.10149E-01 -0.85069E+00
  129.00  0.24096E+00 -0.42650E+00  0.82609E-03 -0.58828E-02  0.97139E+00 -0.31484E-03  0.36146E-03 -0.87046E+00  0.96785E-02 -0.85901E+00
  130.00  0.24155E+00 -0.40912E+00  0.82996E-03 -0.59059E-02  0.97140E+00 -0.30233E-03  0.41662E-03 -0.87883E+00  0.92041E-02 -0.86676E+00
  131.00  0.24221E+00 -0.39204E+00  0.83079E-03 -0.59200E-02  0.97142E+00 -0.28934E-03  0.46805E-03 -0.88666E+00  0.87283E-02 -0.87397E+00
  132.00  0.24293E+00 -0.37528E+00  0.82870E-03 -0.59254E-02  0.97144E+00 -0.27600E-03  0.51558E-03 -0.89396E+00  0.82533E-02 -0.88066E+00
  133.00  0.24371E+00 -0.35885E+00  0.82378E-03 -0.59225E-02  0.97146E+00 -0.26239E-03  0.55907E-03 -0.90077E+00  0.77812E-02 -0.88687E+00
  134.00  0.24456E+00 -0.34277E+00  0.81619E-03 -0.59118E-02  0.97147E+00 -0.24861E-03  0.59840E-03 -0.90710E+00  0.73137E-02 -0.89260E+00
  135.00  0.24545E+00 -0.32705E+00  0.80605E-03 -0.58937E-02  0.97149E+00 -0.23477E-03  0.63351E-03 -0.91298E+00  0.68528E-02 -0.89790E+00
  136.00  0.24640E+00 -0.31169E+00  0.79352E-03 -0.58686E-02  0.97151E+00 -0.22093E-03  0.66434E-03 -0.91842E+00  0.64001E-02 -0.90277E+00
  137.00  0.24740E+00 -0.29670E+00  0.77878E-03 -0.58370E-02  0.97152E+00 -0.20720E-03  0.69088E-03 -0.92347E+00  0.59570E-02 -0.90725E+00
  138.00  0.24844E+00 -0.28209E+00  0.76198E-03 -0.57994E-02  0.97153E+00 -0.19363E-03  0.71312E-03 -0.92812E+00  0.55250E-02 -0.91135E+00
  139.00  0.24952E+00 -0.26787E+00  0.74331E-03 -0.57563E-02  0.97155E+00 -0.18031E-03  0.73112E-03 -0.93242E+00  0.51055E-02 -0.91509E+00
  140.00  0.25064E+00 -0.25404E+00  0.72295E-03 -0.57081E-02  0.97155E+00 -0.16729E-03  0.74492E-03 -0.93637E+00  0.46994E-02 -0.91851E+00
  141.00  0.25180E+00 -0.24060E+00  0.70108E-03 -0.56554E-02  0.97156E+00 -0.15463E-03  0.75461E-03 -0.94000E+00  0.43080E-02 -0.92161E+00
  142.00  0.25299E+00 -0.22755E+00  0.67788E-03 -0.55986E-02  0.97156E+00 -0.14238E-03  0.76031E-03 -0.94333E+00  0.39320E-02 -0.92442E+00
  143.00  0.25421E+00 -0.21490E+00  0.65354E-03 -0.55383E-02  0.97156E+00 -0.13059E-03  0.76215E-03 -0.94637E+00  0.35723E-02 -0.92695E+00
  144.00  0.25545E+00 -0.20265E+00  0.62824E-03 -0.54748E-02  0.97156E+00 -0.11928E-03  0.76026E-03 -0.94914E+00  0.32296E-02 -0.92923E+00
  145.00  0.25672E+00 -0.19079E+00  0.60215E-03 -0.54087E-02  0.97155E+00 -0.10850E-03  0.75483E-03 -0.95166E+00  0.29043E-02 -0.93127E+00
  146.00  0.25800E+00 -0.17933E+00  0.57544E-03 -0.53404E-02  0.97154E+00 -0.98266E-04  0.74603E-03 -0.95395E+00  0.25969E-02 -0.93308E+00
  147.00  0.25931E+00 -0.16826E+00  0.54828E-03 -0.52703E-02  0.97153E+00 -0.88594E-04  0.73406E-03 -0.95603E+00  0.23078E-02 -0.93469E+00
  148.00  0.26062E+00 -0.15759E+00  0.52082E-03 -0.51987E-02  0.97151E+00 -0.79500E-04  0.71914E-03 -0.95790E+00  0.20370E-02 -0.93611E+00
  149.00  0.26194E+00 -0.14730E+00  0.49321E-03 -0.51262E-02  0.97149E+00 -0.70991E-04  0.70148E-03 -0.95958E+00  0.17847E-02 -0.93735E+00
  150.00  0.26327E+00 -0.13740E+00  0.46561E-03 -0.50530E-02  0.97147E+00 -0.63067E-04  0.68130E-03 -0.96109E+00  0.15509E-02 -0.93842E+00
  151.00  0.26460E+00 -0.12789E+00  0.43813E-03 -0.49794E-02  0.97144E+00 -0.55728E-04  0.65886E-03 -0.96243E+00  0.13353E-02 -0.93935E+00
  152.00  0.26592E+00 -0.11875E+00  0.41090E-03 -0.49060E-02  0.97141E+00 -0.48964E-04  0.63438E-03 -0.96363E+00  0.11379E-02 -0.94013E+00
  153.00  0.26725E+00 -0.10999E+00  0.38405E-03 -0.48328E-02  0.97137E+00 -0.42764E-04  0.60812E-03 -0.96469E+00  0.95812E-03 -0.94079E+00
  154.00  0.26856E+00 -0.10161E+00  0.35767E-03 -0.47603E-02  0.97134E+00 -0.37114E-04  0.58031E-03 -0.96562E+00  0.79567E-03 -0.94134E+00
  155.00  0.26986E+00 -0.93586E-01  0.33185E-03 -0.46886E-02  0.97130E+00 -0.31994E-04  0.55121E-03 -0.96644E+00  0.64998E-03 -0.94178E+00
  156.00  0.27114E+00 -0.85929E-01  0.30670E-03 -0.46181E-02  0.97126E+00 -0.27383E-04  0.52106E-03 -0.96715E+00  0.52045E-03 -0.94213E+00
  157.00  0.27241E+00 -0.78631E-01  0.28229E-03 -0.45489E-02  0.97121E+00 -0.23256E-04  0.49009E-03 -0.96777E+00  0.40640E-03 -0.94239E+00
  158.00  0.27365E+00 -0.71687E-01  0.25868E-03 -0.44813E-02  0.97117E+00 -0.19589E-04  0.45856E-03 -0.96830E+00  0.30709E-03 -0.94258E+00
  159.00  0.27487E+00 -0.65093E-01  0.23593E-03 -0.44155E-02  0.97112E+00 -0.16353E-04  0.42669E-03 -0.96875E+00  0.22169E-03 -0.94270E+00
  160.00  0.27605E+00 -0.58843E-01  0.21411E-03 -0.43516E-02  0.97107E+00 -0.13520E-04  0.39470E-03 -0.96913E+00  0.14933E-03 -0.94276E+00
  161.00  0.27720E+00 -0.52934E-01  0.19324E-03 -0.42899E-02  0.97102E+00 -0.11060E-04  0.36283E-03 -0.96944E+00  0.89109E-04 -0.94278E+00
  162.00  0.27832E+00 -0.47360E-01  0.17338E-03 -0.42305E-02  0.97097E+00 -0.89424E-05  0.33128E-03 -0.96971E+00  0.40069E-04 -0.94275E+00
  163.00  0.27940E+00 -0.42117E-01  0.15455E-03 -0.41735E-02  0.97092E+00 -0.71378E-05  0.30025E-03 -0.96992E+00  0.12279E-05 -0.94268E+00
  164.00  0.28043E+00 -0.37200E-01  0.13677E-03 -0.41190E-02  0.97087E+00 -0.56163E-05  0.26994E-03 -0.97008E+00 -0.28414E-04 -0.94259E+00
  165.00  0.28142E+00 -0.32606E-01  0.12006E-03 -0.40673E-02  0.97082E+00 -0.43486E-05  0.24054E-03 -0.97021E+00 -0.49868E-04 -0.94247E+00
  166.00  0.28236E+00 -0.28330E-01  0.10444E-03 -0.40184E-02  0.97077E+00 -0.33063E-05  0.21221E-03 -0.97031E+00 -0.64145E-04 -0.94233E+00
  167.00  0.28324E+00 -0.24368E-01  0.89919E-04 -0.39724E-02  0.97072E+00 -0.24620E-05  0.18512E-03 -0.97038E+00 -0.72250E-04 -0.94218E+00
  168.00  0.28407E+00 -0.20715E-01  0.76493E-04 -0.39295E-02  0.97067E+00 -0.17898E-05  0.15943E-03 -0.97043E+00 -0.75165E-04 -0.94202E+00
  169.00  0.28485E+00 -0.17370E-01  0.64167E-04 -0.38896E-02  0.97063E+00 -0.12650E-05  0.13527E-03 -0.97046E+00 -0.73847E-04 -0.94186E+00
  170.00  0.28557E+00 -0.14327E-01  0.52941E-04 -0.38530E-02  0.97059E+00 -0.86469E-06  0.11278E-03 -0.97047E+00 -0.69217E-04 -0.94169E+00
  171.00  0.28622E+00 -0.11584E-01  0.42811E-04 -0.38196E-02  0.97055E+00 -0.56765E-06  0.92075E-04 -0.97047E+00 -0.62146E-04 -0.94154E+00
  172.00  0.28681E+00 -0.91381E-02  0.33773E-04 -0.37896E-02  0.97051E+00 -0.35453E-06  0.73260E-04 -0.97047E+00 -0.53455E-04 -0.94139E+00
  173.00  0.28734E+00 -0.69863E-02  0.25819E-04 -0.37629E-02  0.97048E+00 -0.20788E-06  0.56434E-04 -0.97045E+00 -0.43898E-04 -0.94125E+00
  174.00  0.28780E+00 -0.51264E-02  0.18943E-04 -0.37397E-02  0.97045E+00 -0.11223E-06  0.41681E-04 -0.97044E+00 -0.34161E-04 -0.94112E+00
  175.00  0.28819E+00 -0.35562E-02  0.13139E-04 -0.37200E-02  0.97043E+00 -0.54129E-07  0.29073E-04 -0.97042E+00 -0.24855E-04 -0.94101E+00
  176.00  0.28851E+00 -0.22740E-02  0.84006E-05 -0.37038E-02  0.97041E+00 -0.22173E-07  0.18674E-04 -0.97041E+00 -0.16503E-04 -0.94092E+00
  177.00  0.28877E+00 -0.12782E-02  0.47215E-05 -0.36912E-02  0.97039E+00 -0.70158E-08  0.10534E-04 -0.97039E+00 -0.95455E-05 -0.94084E+00
  178.00  0.28895E+00 -0.56783E-03  0.20972E-05 -0.36822E-02  0.97038E+00 -0.13858E-08  0.46909E-05 -0.97038E+00 -0.43261E-05 -0.94079E+00
  179.00  0.28905E+00 -0.14192E-03  0.52411E-06 -0.36767E-02  0.97038E+00 -0.86614E-10  0.11741E-05 -0.97038E+00 -0.10941E-05 -0.94076E+00
  180.00  0.28909E+00 -0.35169E-14  0.12988E-16 -0.36749E-02  0.97037E+00 -0.53202E-31  0.29111E-16 -0.97037E+00 -0.27220E-16 -0.94075E+00
 scattering matrix expansion coefficients
    w  a11         a22         a33         a23         a32         a44         a12         a34         a13         a24         a14
    0  0.1000E+01  0.0000E+00  0.0000E+00  0.0000E+00  0.0000E+00  0.7102E+00  0.0000E+00  0.0000E+00  0.0000E+00  0.0000E+00 -0.3510E-04
    1  0.1874E+01  0.0000E+00  0.0000E+00  0.0000E+00  0.0000E+00  0.2146E+01  0.0000E+00  0.0000E+00  0.0000E+00  0.0000E+00  0.1680E-02
    2  0.2273E+01  0.3487E+00  0.3479E+01 -0.3435E-06  0.2590E-02  0.2298E+01 -0.5848E+00 -0.7287E-03 -0.4293E-03 -0.4837E-03 -0.3350E-03
    3  0.2122E+01  0.1102E+00  0.2714E+01  0.2778E-06  0.5106E-03  0.2120E+01 -0.3327E+00 -0.6889E-02 -0.7029E-03 -0.1859E-03 -0.1320E-02
    4  0.1842E+01  0.4734E-01  0.2200E+01 -0.2318E-07 -0.7343E-03  0.1816E+01 -0.2021E+00  0.9185E-04 -0.4616E-04  0.3791E-03 -0.7712E-03
    5  0.1461E+01  0.7510E-02  0.1721E+01  0.1612E-06 -0.4966E-03  0.1464E+01 -0.1656E+00  0.5527E-02 -0.2339E-04 -0.5322E-04 -0.9045E-03
    6  0.1078E+01  0.4735E-02  0.1259E+01 -0.4784E-07 -0.3039E-03  0.1085E+01 -0.1542E+00  0.2781E-02 -0.1214E-04  0.6073E-04 -0.7690E-03
    7  0.7386E+00  0.6170E-02  0.8565E+00  0.7423E-07 -0.1854E-03  0.7423E+00 -0.1295E+00  0.1212E-03  0.9630E-05  0.4977E-04 -0.5302E-03
    8  0.4683E+00  0.6532E-02  0.5406E+00  0.1097E-06 -0.1683E-03  0.4683E+00 -0.9812E-01 -0.7044E-03 -0.4302E-05  0.1628E-04 -0.3903E-03
    9  0.2697E+00  0.4857E-02  0.3120E+00  0.6404E-07 -0.1398E-03  0.2692E+00 -0.6978E-01 -0.2469E-03  0.1589E-04  0.7007E-05 -0.2425E-03
   10  0.1384E+00  0.3377E-02  0.1609E+00  0.1325E-07 -0.7987E-04  0.1377E+00 -0.4623E-01  0.7368E-04  0.2573E-04  0.2625E-05 -0.1044E-03
   11  0.6226E-01  0.2508E-02  0.7238E-01  0.5594E-09 -0.3090E-04  0.6102E-01 -0.2705E-01  0.1212E-03  0.1708E-04 -0.9595E-06 -0.3038E-04
   12  0.2436E-01  0.1681E-02  0.2795E-01  0.1144E-08 -0.7760E-05  0.2297E-01 -0.1328E-01  0.6313E-04  0.6692E-05 -0.2124E-05 -0.4660E-05
   13  0.8227E-02  0.8829E-03  0.9206E-02  0.1485E-08 -0.1236E-05  0.7297E-02 -0.5353E-02  0.2200E-04  0.1886E-05 -0.1178E-05 -0.5083E-08
   14  0.2394E-02  0.3588E-03  0.2588E-02  0.7292E-09  0.2025E-07  0.1962E-02 -0.1775E-02  0.5468E-05  0.3493E-06 -0.4184E-06  0.2310E-06
   15  0.6004E-03  0.1154E-03  0.6234E-03  0.2093E-09  0.7410E-07  0.4491E-03 -0.4892E-03  0.9915E-06  0.3609E-07 -0.1215E-06  0.9782E-07
   16  0.1301E-03  0.3008E-04  0.1296E-03  0.4097E-10  0.2440E-07  0.8833E-04 -0.1134E-03  0.1404E-06 -0.2136E-08 -0.2667E-07  0.2956E-07
   17  0.2451E-04  0.6490E-05  0.2344E-04  0.5825E-11  0.3929E-08  0.1513E-04 -0.2240E-04  0.2433E-07 -0.3250E-09 -0.5217E-08  0.8347E-08
   18  0.4071E-05  0.1191E-05  0.3750E-05  0.5661E-12  0.7788E-09  0.2295E-05 -0.3845E-05  0.3486E-08 -0.1301E-09 -0.1465E-08  0.2799E-08
   19  0.6069E-06  0.1914E-06  0.5403E-06  0.1255E-13  0.1686E-09  0.3148E-06 -0.5866E-06  0.3815E-09 -0.3958E-10 -0.5271E-09  0.9068E-09
   20  0.8368E-07  0.2784E-07  0.7235E-07 -0.6371E-14  0.3174E-10  0.4037E-07 -0.8207E-07  0.2233E-10 -0.1016E-10 -0.1491E-09  0.2258E-09
   21  0.1036E-07  0.3628E-08  0.8687E-08  0.1325E-14  0.6789E-11  0.4647E-08 -0.1031E-07 -0.1784E-11 -0.3072E-11 -0.3178E-10  0.4401E-10
   22  0.1465E-08  0.5206E-09  0.1211E-08  0.1070E-14  0.1080E-11  0.6295E-09 -0.1460E-08 -0.1571E-11 -0.6027E-12 -0.5327E-11  0.6856E-11
   23  0.1187E-09  0.4476E-10  0.9450E-10  0.2413E-15  0.1391E-12  0.4658E-10 -0.1202E-09  0.9315E-14 -0.8443E-13 -0.6813E-12  0.8428E-12
   24  0.2291E-10  0.8619E-11  0.1810E-10  0.3916E-16  0.1263E-13  0.8629E-11 -0.2309E-10 -0.4470E-13 -0.8467E-14 -0.5891E-13  0.7017E-13
   25  0.4991E-12  0.1993E-12  0.3784E-12  0.6083E-17  0.7058E-15  0.1773E-12 -0.5105E-12  0.2572E-15 -0.4898E-15 -0.3265E-14  0.3837E-14
   26  0.2506E-12  0.1029E-12  0.1935E-12  0.5247E-18  0.1640E-16  0.8223E-13 -0.2585E-12 -0.5638E-15 -0.1425E-16 -0.5659E-16  0.6481E-16
