 input file is 
mstm8_1024_0235.inp           
 input file comments follow:
***********************************************************
  This is the default mstm input file for v.3.0.
  The run is for a 7-sphere cluster of identical spheres.   The positions
  are embedded in the input file.

  The run makes use of the new_run and multiple_run options.

  14 April 2013
***********************************************************
 number of processors:
   1
 input parameters for run number 
    1
 number of spheres, volume size parameter:
 1024  0.23687E+01
 position file:
position/n1024/a8.out                                       
 output file:
output/1024/x0235/mt_8_1024_0235.dat                        
 length, ref. indx. scale factors:
   0.235   1.660   0.002
 chiral factors:
  0.00000E+00  0.00000E+00
 scattering matrix directions based on incident frame
 automatic scattering angle calculation
 thetamin, thetamax:
      0.0    180.0
 number scattering angles:
      181
 epsmie, epssoln, max number iterations:
  0.1000E-05  0.1000E-07 5000
 medium refractive index:
  1.0000  0.0000
 target euler rotation angles:
    0.0000    0.0000    0.0000
 far field kr, iterations/correction:
  0.1000E-07   20
 plane wave incidence
 random orientation calculations
 t matrix calculated, stored in file 
tmatrixfiles/tmf_8_1024_0235_166_000219                     
 t matrix convergence epsilon:
  0.1000E-06
 all spheres excited (total T matrix) 
 calculation results for run 
    1
 total ext, abs, scat efficiencies, w.r.t. xv, and asym. parm
  0.45176E+00  0.11235E-01  0.44053E+00  0.72695E+00
 scattering matrix elements (normalized w/ S11)
   theta      11           12           13           14           22           23           24           33           34           44     
    0.00  0.46123E+02  0.00000E+00  0.00000E+00  0.39716E-04  0.99988E+00 -0.31923E-05  0.00000E+00  0.99988E+00  0.00000E+00  0.99976E+00
    1.00  0.45843E+02 -0.16479E-03  0.11440E-08  0.39609E-04  0.99988E+00 -0.34409E-05 -0.99101E-08  0.99988E+00 -0.29738E-05  0.99976E+00
    2.00  0.45013E+02 -0.65931E-03  0.50185E-08  0.39282E-04  0.99988E+00 -0.41897E-05 -0.39859E-07  0.99988E+00 -0.11907E-04  0.99976E+00
    3.00  0.43664E+02 -0.14840E-02  0.12975E-07  0.38727E-04  0.99988E+00 -0.54487E-05 -0.90509E-07  0.99988E+00 -0.26831E-04  0.99975E+00
    4.00  0.41848E+02 -0.26396E-02  0.27345E-07  0.37929E-04  0.99987E+00 -0.72332E-05 -0.16299E-06  0.99987E+00 -0.47794E-04  0.99974E+00
    5.00  0.39631E+02 -0.41270E-02  0.51557E-07  0.36864E-04  0.99987E+00 -0.95632E-05 -0.25893E-06  0.99986E+00 -0.74846E-04  0.99973E+00
    6.00  0.37090E+02 -0.59477E-02  0.90290E-07  0.35503E-04  0.99986E+00 -0.12461E-04 -0.38051E-06  0.99985E+00 -0.10802E-03  0.99971E+00
    7.00  0.34311E+02 -0.81033E-02  0.14965E-06  0.33808E-04  0.99986E+00 -0.15949E-04 -0.53050E-06  0.99983E+00 -0.14732E-03  0.99969E+00
    8.00  0.31383E+02 -0.10596E-01  0.23735E-06  0.31735E-04  0.99985E+00 -0.20042E-04 -0.71233E-06  0.99979E+00 -0.19265E-03  0.99965E+00
    9.00  0.28392E+02 -0.13428E-01  0.36281E-06  0.29231E-04  0.99984E+00 -0.24746E-04 -0.93012E-06  0.99975E+00 -0.24379E-03  0.99959E+00
   10.00  0.25417E+02 -0.16601E-01  0.53722E-06  0.26238E-04  0.99983E+00 -0.30044E-04 -0.11887E-05  0.99969E+00 -0.30034E-03  0.99952E+00
   11.00  0.22530E+02 -0.20121E-01  0.77324E-06  0.22696E-04  0.99981E+00 -0.35885E-04 -0.14934E-05  0.99961E+00 -0.36158E-03  0.99943E+00
   12.00  0.19788E+02 -0.23989E-01  0.10844E-05  0.18552E-04  0.99979E+00 -0.42172E-04 -0.18503E-05  0.99951E+00 -0.42639E-03  0.99931E+00
   13.00  0.17239E+02 -0.28211E-01  0.14841E-05  0.13764E-04  0.99977E+00 -0.48740E-04 -0.22652E-05  0.99938E+00 -0.49312E-03  0.99915E+00
   14.00  0.14912E+02 -0.32792E-01  0.19829E-05  0.83237E-05  0.99974E+00 -0.55340E-04 -0.27437E-05  0.99921E+00 -0.55944E-03  0.99896E+00
   15.00  0.12825E+02 -0.37738E-01  0.25865E-05  0.22720E-05  0.99971E+00 -0.61623E-04 -0.32900E-05  0.99901E+00 -0.62222E-03  0.99873E+00
   16.00  0.10984E+02 -0.43055E-01  0.32907E-05 -0.42715E-05  0.99967E+00 -0.67134E-04 -0.39058E-05  0.99876E+00 -0.67748E-03  0.99844E+00
   17.00  0.93846E+01 -0.48749E-01  0.40772E-05 -0.11083E-04  0.99963E+00 -0.71324E-04 -0.45889E-05  0.99845E+00 -0.72044E-03  0.99810E+00
   18.00  0.80121E+01 -0.54825E-01  0.49089E-05 -0.17808E-04  0.99958E+00 -0.73590E-04 -0.53318E-05  0.99809E+00 -0.74575E-03  0.99770E+00
   19.00  0.68476E+01 -0.61289E-01  0.57267E-05 -0.23953E-04  0.99953E+00 -0.73344E-04 -0.61201E-05  0.99766E+00 -0.74793E-03  0.99722E+00
   20.00  0.58682E+01 -0.68139E-01  0.64502E-05 -0.28896E-04  0.99946E+00 -0.70115E-04 -0.69322E-05  0.99716E+00 -0.72196E-03  0.99666E+00
   21.00  0.50490E+01 -0.75373E-01  0.69825E-05 -0.31921E-04  0.99940E+00 -0.63663E-04 -0.77392E-05  0.99658E+00 -0.66405E-03  0.99603E+00
   22.00  0.43657E+01 -0.82980E-01  0.72205E-05 -0.32290E-04  0.99933E+00 -0.54077E-04 -0.85058E-05  0.99592E+00 -0.57228E-03  0.99530E+00
   23.00  0.37954E+01 -0.90944E-01  0.70685E-05 -0.29317E-04  0.99925E+00 -0.41835E-04 -0.91917E-05  0.99516E+00 -0.44703E-03  0.99448E+00
   24.00  0.33178E+01 -0.99238E-01  0.64532E-05 -0.22449E-04  0.99918E+00 -0.27797E-04 -0.97523E-05  0.99430E+00 -0.29111E-03  0.99356E+00
   25.00  0.29153E+01 -0.10783E+00  0.53362E-05 -0.11328E-04  0.99910E+00 -0.13142E-04 -0.10139E-04  0.99334E+00 -0.10963E-03  0.99253E+00
   26.00  0.25737E+01 -0.11668E+00  0.37227E-05  0.41725E-05  0.99901E+00  0.73857E-06 -0.10298E-04  0.99227E+00  0.90223E-04  0.99140E+00
   27.00  0.22819E+01 -0.12575E+00  0.16665E-05  0.23916E-04  0.99892E+00  0.12363E-04 -0.10168E-04  0.99109E+00  0.29935E-03  0.99014E+00
   28.00  0.20313E+01 -0.13499E+00 -0.72965E-06  0.47487E-04  0.99882E+00  0.20288E-04 -0.96790E-05  0.98979E+00  0.50668E-03  0.98878E+00
   29.00  0.18154E+01 -0.14434E+00 -0.33149E-05  0.74158E-04  0.99871E+00  0.23228E-04 -0.87547E-05  0.98838E+00  0.69894E-03  0.98729E+00
   30.00  0.16298E+01 -0.15378E+00 -0.58959E-05  0.10286E-03  0.99859E+00  0.20194E-04 -0.73155E-05  0.98686E+00  0.86053E-03  0.98567E+00
   31.00  0.14710E+01 -0.16328E+00 -0.82474E-05  0.13217E-03  0.99846E+00  0.10633E-04 -0.52906E-05  0.98522E+00  0.97374E-03  0.98394E+00
   32.00  0.13364E+01 -0.17283E+00 -0.10132E-04  0.16034E-03  0.99832E+00 -0.54144E-05 -0.26349E-05  0.98347E+00  0.10199E-02  0.98208E+00
   33.00  0.12237E+01 -0.18248E+00 -0.11327E-04  0.18537E-03  0.99817E+00 -0.27188E-04  0.65075E-06  0.98159E+00  0.98143E-03  0.98010E+00
   34.00  0.11310E+01 -0.19230E+00 -0.11665E-04  0.20527E-03  0.99802E+00 -0.53168E-04  0.44994E-05  0.97958E+00  0.84502E-03  0.97797E+00
   35.00  0.10562E+01 -0.20239E+00 -0.11068E-04  0.21833E-03  0.99786E+00 -0.81176E-04  0.87678E-05  0.97742E+00  0.60499E-03  0.97569E+00
   36.00  0.99731E+00 -0.21287E+00 -0.95700E-05  0.22338E-03  0.99771E+00 -0.10865E-03  0.13241E-04  0.97506E+00  0.26593E-03  0.97322E+00
   37.00  0.95210E+00 -0.22388E+00 -0.73177E-05  0.22005E-03  0.99757E+00 -0.13301E-03  0.17656E-04  0.97247E+00 -0.15661E-03  0.97054E+00
   38.00  0.91840E+00 -0.23553E+00 -0.45459E-05  0.20880E-03  0.99744E+00 -0.15210E-03  0.21736E-04  0.96962E+00 -0.63781E-03  0.96759E+00
   39.00  0.89406E+00 -0.24787E+00 -0.15315E-05  0.19079E-03  0.99733E+00 -0.16446E-03  0.25231E-04  0.96644E+00 -0.11472E-02  0.96434E+00
   40.00  0.87697E+00 -0.26095E+00  0.14543E-05  0.16760E-03  0.99724E+00 -0.16944E-03  0.27947E-04  0.96291E+00 -0.16533E-02  0.96076E+00
   41.00  0.86520E+00 -0.27475E+00  0.41841E-05  0.14096E-03  0.99716E+00 -0.16714E-03  0.29762E-04  0.95900E+00 -0.21273E-02  0.95680E+00
   42.00  0.85698E+00 -0.28922E+00  0.64953E-05  0.11250E-03  0.99709E+00 -0.15822E-03  0.30625E-04  0.95467E+00 -0.25458E-02  0.95244E+00
   43.00  0.85080E+00 -0.30429E+00  0.82933E-05  0.83551E-04  0.99704E+00 -0.14368E-03  0.30553E-04  0.94991E+00 -0.28921E-02  0.94766E+00
   44.00  0.84537E+00 -0.31989E+00  0.95413E-05  0.55141E-04  0.99699E+00 -0.12463E-03  0.29612E-04  0.94471E+00 -0.31562E-02  0.94244E+00
   45.00  0.83966E+00 -0.33596E+00  0.10245E-04  0.27959E-04  0.99694E+00 -0.10217E-03  0.27908E-04  0.93905E+00 -0.33338E-02  0.93676E+00
   46.00  0.83289E+00 -0.35243E+00  0.10434E-04  0.24199E-05  0.99689E+00 -0.77241E-04  0.25576E-04  0.93292E+00 -0.34256E-02  0.93062E+00
   47.00  0.82449E+00 -0.36924E+00  0.10147E-04 -0.21278E-04  0.99683E+00 -0.50647E-04  0.22772E-04  0.92631E+00 -0.34363E-02  0.92400E+00
   48.00  0.81409E+00 -0.38636E+00  0.94180E-05 -0.43084E-04  0.99677E+00 -0.22989E-04  0.19664E-04  0.91921E+00 -0.33735E-02  0.91688E+00
   49.00  0.80151E+00 -0.40374E+00  0.82670E-05 -0.63042E-04  0.99670E+00  0.52986E-05  0.16430E-04  0.91160E+00 -0.32470E-02  0.90924E+00
   50.00  0.78670E+00 -0.42137E+00  0.66939E-05 -0.81241E-04  0.99661E+00  0.33928E-04  0.13253E-04  0.90347E+00 -0.30682E-02  0.90108E+00
   51.00  0.76974E+00 -0.43922E+00  0.46760E-05 -0.97782E-04  0.99651E+00  0.62722E-04  0.10313E-04  0.89479E+00 -0.28492E-02  0.89237E+00
   52.00  0.75080E+00 -0.45727E+00  0.21682E-05 -0.11275E-03  0.99640E+00  0.91578E-04  0.77841E-05  0.88554E+00 -0.26027E-02  0.88308E+00
   53.00  0.73013E+00 -0.47553E+00 -0.89364E-06 -0.12621E-03  0.99628E+00  0.12043E-03  0.58257E-05  0.87570E+00 -0.23410E-02  0.87319E+00
   54.00  0.70803E+00 -0.49398E+00 -0.45874E-05 -0.13817E-03  0.99614E+00  0.14922E-03  0.45773E-05  0.86525E+00 -0.20758E-02  0.86269E+00
   55.00  0.68484E+00 -0.51260E+00 -0.89962E-05 -0.14862E-03  0.99599E+00  0.17785E-03  0.41491E-05  0.85415E+00 -0.18176E-02  0.85154E+00
   56.00  0.66088E+00 -0.53138E+00 -0.14199E-04 -0.15747E-03  0.99583E+00  0.20617E-03  0.46151E-05  0.84239E+00 -0.15753E-02  0.83973E+00
   57.00  0.63650E+00 -0.55030E+00 -0.20261E-04 -0.16465E-03  0.99566E+00  0.23395E-03  0.60058E-05  0.82993E+00 -0.13560E-02  0.82722E+00
   58.00  0.61202E+00 -0.56935E+00 -0.27219E-04 -0.17001E-03  0.99548E+00  0.26087E-03  0.83026E-05  0.81675E+00 -0.11642E-02  0.81400E+00
   59.00  0.58772E+00 -0.58848E+00 -0.35075E-04 -0.17344E-03  0.99530E+00  0.28652E-03  0.11435E-04  0.80284E+00 -0.10021E-02  0.80004E+00
   60.00  0.56387E+00 -0.60768E+00 -0.43786E-04 -0.17481E-03  0.99511E+00  0.31039E-03  0.15280E-04  0.78816E+00 -0.86937E-03  0.78533E+00
   61.00  0.54067E+00 -0.62691E+00 -0.53260E-04 -0.17402E-03  0.99492E+00  0.33196E-03  0.19668E-04  0.77271E+00 -0.76310E-03  0.76984E+00
   62.00  0.51828E+00 -0.64612E+00 -0.63354E-04 -0.17101E-03  0.99473E+00  0.35062E-03  0.24390E-04  0.75646E+00 -0.67813E-03  0.75357E+00
   63.00  0.49682E+00 -0.66529E+00 -0.73877E-04 -0.16579E-03  0.99453E+00  0.36581E-03  0.29213E-04  0.73940E+00 -0.60746E-03  0.73650E+00
   64.00  0.47636E+00 -0.68436E+00 -0.84602E-04 -0.15842E-03  0.99434E+00  0.37703E-03  0.33891E-04  0.72152E+00 -0.54278E-03  0.71861E+00
   65.00  0.45696E+00 -0.70329E+00 -0.95274E-04 -0.14906E-03  0.99415E+00  0.38384E-03  0.38190E-04  0.70281E+00 -0.47507E-03  0.69989E+00
   66.00  0.43859E+00 -0.72205E+00 -0.10563E-03 -0.13795E-03  0.99395E+00  0.38596E-03  0.41903E-04  0.68325E+00 -0.39536E-03  0.68033E+00
   67.00  0.42126E+00 -0.74057E+00 -0.11540E-03 -0.12539E-03  0.99376E+00  0.38325E-03  0.44863E-04  0.66284E+00 -0.29533E-03  0.65993E+00
   68.00  0.40491E+00 -0.75881E+00 -0.12435E-03 -0.11178E-03  0.99356E+00  0.37574E-03  0.46965E-04  0.64157E+00 -0.16801E-03  0.63866E+00
   69.00  0.38950E+00 -0.77673E+00 -0.13226E-03 -0.97588E-04  0.99337E+00  0.36362E-03  0.48162E-04  0.61944E+00 -0.81996E-05  0.61654E+00
   70.00  0.37495E+00 -0.79428E+00 -0.13898E-03 -0.83327E-04  0.99317E+00  0.34721E-03  0.48479E-04  0.59644E+00  0.18709E-03  0.59356E+00
   71.00  0.36123E+00 -0.81139E+00 -0.14435E-03 -0.69560E-04  0.99297E+00  0.32697E-03  0.48000E-04  0.57258E+00  0.41846E-03  0.56971E+00
   72.00  0.34826E+00 -0.82803E+00 -0.14830E-03 -0.56876E-04  0.99276E+00  0.30344E-03  0.46866E-04  0.54787E+00  0.68403E-03  0.54501E+00
   73.00  0.33601E+00 -0.84414E+00 -0.15078E-03 -0.45876E-04  0.99255E+00  0.27719E-03  0.45260E-04  0.52231E+00  0.97952E-03  0.51946E+00
   74.00  0.32443E+00 -0.85966E+00 -0.15175E-03 -0.37149E-04  0.99234E+00  0.24883E-03  0.43393E-04  0.49593E+00  0.12984E-02  0.49309E+00
   75.00  0.31348E+00 -0.87453E+00 -0.15122E-03 -0.31256E-04  0.99213E+00  0.21894E-03  0.41490E-04  0.46873E+00  0.16321E-02  0.46592E+00
   76.00  0.30315E+00 -0.88871E+00 -0.14919E-03 -0.28705E-04  0.99192E+00  0.18807E-03  0.39772E-04  0.44076E+00  0.19706E-02  0.43797E+00
   77.00  0.29341E+00 -0.90214E+00 -0.14568E-03 -0.29926E-04  0.99170E+00  0.15670E-03  0.38443E-04  0.41203E+00  0.23025E-02  0.40929E+00
   78.00  0.28427E+00 -0.91477E+00 -0.14071E-03 -0.35249E-04  0.99150E+00  0.12528E-03  0.37677E-04  0.38260E+00  0.26159E-02  0.37990E+00
   79.00  0.27571E+00 -0.92655E+00 -0.13430E-03 -0.44874E-04  0.99130E+00  0.94159E-04  0.37611E-04  0.35249E+00  0.28988E-02  0.34985E+00
   80.00  0.26773E+00 -0.93743E+00 -0.12646E-03 -0.58857E-04  0.99111E+00  0.63664E-04  0.38337E-04  0.32176E+00  0.31399E-02  0.31919E+00
   81.00  0.26034E+00 -0.94736E+00 -0.11723E-03 -0.77085E-04  0.99092E+00  0.34060E-04  0.39902E-04  0.29045E+00  0.33291E-02  0.28796E+00
   82.00  0.25352E+00 -0.95632E+00 -0.10667E-03 -0.99275E-04  0.99075E+00  0.55881E-05  0.42307E-04  0.25860E+00  0.34584E-02  0.25622E+00
   83.00  0.24728E+00 -0.96426E+00 -0.94870E-04 -0.12497E-03  0.99060E+00 -0.21532E-04  0.45513E-04  0.22628E+00  0.35223E-02  0.22402E+00
   84.00  0.24160E+00 -0.97115E+00 -0.81948E-04 -0.15355E-03  0.99046E+00 -0.47085E-04  0.49453E-04  0.19354E+00  0.35185E-02  0.19140E+00
   85.00  0.23647E+00 -0.97697E+00 -0.68082E-04 -0.18425E-03  0.99033E+00 -0.70858E-04  0.54037E-04  0.16042E+00  0.34484E-02  0.15843E+00
   86.00  0.23187E+00 -0.98169E+00 -0.53503E-04 -0.21623E-03  0.99022E+00 -0.92635E-04  0.59166E-04  0.12699E+00  0.33168E-02  0.12515E+00
   87.00  0.22777E+00 -0.98528E+00 -0.38490E-04 -0.24856E-03  0.99012E+00 -0.11220E-03  0.64746E-04  0.93300E-01  0.31321E-02  0.91626E-01
   88.00  0.22414E+00 -0.98774E+00 -0.23369E-04 -0.28030E-03  0.99004E+00 -0.12936E-03  0.70694E-04  0.59411E-01  0.29055E-02  0.57912E-01
   89.00  0.22094E+00 -0.98905E+00 -0.84993E-05 -0.31056E-03  0.98997E+00 -0.14392E-03  0.76948E-04  0.25386E-01  0.26511E-02  0.24066E-01
   90.00  0.21813E+00 -0.98920E+00  0.57447E-05 -0.33849E-03  0.98990E+00 -0.15574E-03  0.83474E-04 -0.87139E-02  0.23842E-02 -0.98485E-02
   91.00  0.21566E+00 -0.98819E+00  0.18990E-04 -0.36339E-03  0.98985E+00 -0.16472E-03  0.90262E-04 -0.42821E-01  0.21209E-02 -0.43769E-01
   92.00  0.21348E+00 -0.98601E+00  0.30886E-04 -0.38465E-03  0.98979E+00 -0.17080E-03  0.97327E-04 -0.76870E-01  0.18772E-02 -0.77629E-01
   93.00  0.21155E+00 -0.98267E+00  0.41128E-04 -0.40185E-03  0.98974E+00 -0.17402E-03  0.10470E-03 -0.11079E+00  0.16675E-02 -0.11136E+00
   94.00  0.20980E+00 -0.97819E+00  0.49469E-04 -0.41469E-03  0.98969E+00 -0.17445E-03  0.11243E-03 -0.14451E+00  0.15048E-02 -0.14490E+00
   95.00  0.20820E+00 -0.97256E+00  0.55737E-04 -0.42303E-03  0.98963E+00 -0.17225E-03  0.12055E-03 -0.17797E+00  0.13991E-02 -0.17816E+00
   96.00  0.20670E+00 -0.96583E+00  0.59845E-04 -0.42688E-03  0.98957E+00 -0.16763E-03  0.12910E-03 -0.21109E+00  0.13579E-02 -0.21110E+00
   97.00  0.20525E+00 -0.95801E+00  0.61795E-04 -0.42635E-03  0.98950E+00 -0.16086E-03  0.13808E-03 -0.24380E+00  0.13854E-02 -0.24363E+00
   98.00  0.20382E+00 -0.94913E+00  0.61676E-04 -0.42164E-03  0.98943E+00 -0.15224E-03  0.14749E-03 -0.27605E+00  0.14827E-02 -0.27570E+00
   99.00  0.20238E+00 -0.93923E+00  0.59668E-04 -0.41305E-03  0.98935E+00 -0.14212E-03  0.15727E-03 -0.30778E+00  0.16479E-02 -0.30724E+00
  100.00  0.20091E+00 -0.92836E+00  0.56027E-04 -0.40092E-03  0.98927E+00 -0.13086E-03  0.16734E-03 -0.33892E+00  0.18762E-02 -0.33820E+00
  101.00  0.19939E+00 -0.91654E+00  0.51082E-04 -0.38561E-03  0.98917E+00 -0.11885E-03  0.17755E-03 -0.36942E+00  0.21606E-02 -0.36852E+00
  102.00  0.19781E+00 -0.90385E+00  0.45221E-04 -0.36752E-03  0.98907E+00 -0.10644E-03  0.18776E-03 -0.39924E+00  0.24918E-02 -0.39815E+00
  103.00  0.19617E+00 -0.89031E+00  0.38881E-04 -0.34702E-03  0.98897E+00 -0.94009E-04  0.19774E-03 -0.42834E+00  0.28590E-02 -0.42706E+00
  104.00  0.19448E+00 -0.87600E+00  0.32527E-04 -0.32448E-03  0.98886E+00 -0.81893E-04  0.20727E-03 -0.45668E+00  0.32501E-02 -0.45520E+00
  105.00  0.19274E+00 -0.86096E+00  0.26643E-04 -0.30022E-03  0.98875E+00 -0.70401E-04  0.21609E-03 -0.48422E+00  0.36521E-02 -0.48255E+00
  106.00  0.19099E+00 -0.84524E+00  0.21711E-04 -0.27452E-03  0.98863E+00 -0.59804E-04  0.22393E-03 -0.51094E+00  0.40517E-02 -0.50908E+00
  107.00  0.18922E+00 -0.82891E+00  0.18196E-04 -0.24764E-03  0.98852E+00 -0.50328E-04  0.23051E-03 -0.53683E+00  0.44356E-02 -0.53476E+00
  108.00  0.18748E+00 -0.81202E+00  0.16525E-04 -0.21976E-03  0.98841E+00 -0.42146E-04  0.23557E-03 -0.56185E+00  0.47912E-02 -0.55957E+00
  109.00  0.18579E+00 -0.79464E+00  0.17068E-04 -0.19102E-03  0.98830E+00 -0.35376E-04  0.23886E-03 -0.58600E+00  0.51064E-02 -0.58351E+00
  110.00  0.18417E+00 -0.77682E+00  0.20124E-04 -0.16153E-03  0.98820E+00 -0.30076E-04  0.24016E-03 -0.60927E+00  0.53707E-02 -0.60657E+00
  111.00  0.18265E+00 -0.75861E+00  0.25902E-04 -0.13135E-03  0.98811E+00 -0.26246E-04  0.23930E-03 -0.63165E+00  0.55752E-02 -0.62874E+00
  112.00  0.18125E+00 -0.74008E+00  0.34506E-04 -0.10054E-03  0.98803E+00 -0.23831E-04  0.23614E-03 -0.65314E+00  0.57128E-02 -0.65002E+00
  113.00  0.18001E+00 -0.72128E+00  0.45931E-04 -0.69136E-04  0.98796E+00 -0.22723E-04  0.23064E-03 -0.67375E+00  0.57787E-02 -0.67041E+00
  114.00  0.17895E+00 -0.70227E+00  0.60053E-04 -0.37177E-04  0.98790E+00 -0.22769E-04  0.22277E-03 -0.69346E+00  0.57703E-02 -0.68992E+00
  115.00  0.17807E+00 -0.68311E+00  0.76636E-04 -0.47277E-05  0.98786E+00 -0.23784E-04  0.21261E-03 -0.71231E+00  0.56874E-02 -0.70856E+00
  116.00  0.17740E+00 -0.66384E+00  0.95338E-04  0.28130E-04  0.98784E+00 -0.25554E-04  0.20029E-03 -0.73028E+00  0.55323E-02 -0.72633E+00
  117.00  0.17694E+00 -0.64451E+00  0.11573E-03  0.61284E-04  0.98783E+00 -0.27857E-04  0.18600E-03 -0.74740E+00  0.53092E-02 -0.74325E+00
  118.00  0.17671E+00 -0.62518E+00  0.13730E-03  0.94593E-04  0.98784E+00 -0.30468E-04  0.16998E-03 -0.76367E+00  0.50243E-02 -0.75933E+00
  119.00  0.17669E+00 -0.60588E+00  0.15950E-03  0.12789E-03  0.98786E+00 -0.33170E-04  0.15251E-03 -0.77913E+00  0.46853E-02 -0.77460E+00
  120.00  0.17690E+00 -0.58666E+00  0.18177E-03  0.16098E-03  0.98790E+00 -0.35770E-04  0.13393E-03 -0.79378E+00  0.43011E-02 -0.78907E+00
  121.00  0.17731E+00 -0.56756E+00  0.20356E-03  0.19366E-03  0.98796E+00 -0.38098E-04  0.11454E-03 -0.80764E+00  0.38813E-02 -0.80276E+00
  122.00  0.17793E+00 -0.54861E+00  0.22434E-03  0.22573E-03  0.98802E+00 -0.40018E-04  0.94701E-04 -0.82074E+00  0.34357E-02 -0.81570E+00
  123.00  0.17873E+00 -0.52984E+00  0.24364E-03  0.25698E-03  0.98810E+00 -0.41427E-04  0.74723E-04 -0.83311E+00  0.29740E-02 -0.82791E+00
  124.00  0.17970E+00 -0.51128E+00  0.26109E-03  0.28723E-03  0.98819E+00 -0.42258E-04  0.54911E-04 -0.84476E+00  0.25055E-02 -0.83941E+00
  125.00  0.18082E+00 -0.49296E+00  0.27638E-03  0.31631E-03  0.98828E+00 -0.42478E-04  0.35536E-04 -0.85572E+00  0.20385E-02 -0.85023E+00
  126.00  0.18207E+00 -0.47489E+00  0.28929E-03  0.34408E-03  0.98839E+00 -0.42083E-04  0.16832E-04 -0.86603E+00  0.15806E-02 -0.86040E+00
  127.00  0.18343E+00 -0.45709E+00  0.29971E-03  0.37042E-03  0.98849E+00 -0.41097E-04 -0.10069E-05 -0.87570E+00  0.11381E-02 -0.86995E+00
  128.00  0.18488E+00 -0.43959E+00  0.30759E-03  0.39522E-03  0.98860E+00 -0.39563E-04 -0.17831E-04 -0.88477E+00  0.71638E-03 -0.87889E+00
  129.00  0.18640E+00 -0.42239E+00  0.31298E-03  0.41842E-03  0.98871E+00 -0.37544E-04 -0.33528E-04 -0.89326E+00  0.31936E-03 -0.88726E+00
  130.00  0.18796E+00 -0.40550E+00  0.31598E-03  0.43994E-03  0.98882E+00 -0.35114E-04 -0.48027E-04 -0.90119E+00 -0.49930E-04 -0.89508E+00
  131.00  0.18954E+00 -0.38895E+00  0.31673E-03  0.45975E-03  0.98893E+00 -0.32355E-04 -0.61289E-04 -0.90860E+00 -0.38953E-03 -0.90238E+00
  132.00  0.19113E+00 -0.37272E+00  0.31541E-03  0.47780E-03  0.98903E+00 -0.29353E-04 -0.73307E-04 -0.91551E+00 -0.69834E-03 -0.90918E+00
  133.00  0.19271E+00 -0.35684E+00  0.31224E-03  0.49407E-03  0.98913E+00 -0.26194E-04 -0.84095E-04 -0.92195E+00 -0.97604E-03 -0.91551E+00
  134.00  0.19426E+00 -0.34130E+00  0.30742E-03  0.50854E-03  0.98923E+00 -0.22962E-04 -0.93689E-04 -0.92793E+00 -0.12229E-02 -0.92139E+00
  135.00  0.19577E+00 -0.32611E+00  0.30118E-03  0.52118E-03  0.98932E+00 -0.19735E-04 -0.10214E-03 -0.93349E+00 -0.14398E-02 -0.92684E+00
  136.00  0.19722E+00 -0.31127E+00  0.29373E-03  0.53198E-03  0.98940E+00 -0.16585E-04 -0.10950E-03 -0.93865E+00 -0.16277E-02 -0.93189E+00
  137.00  0.19861E+00 -0.29680E+00  0.28526E-03  0.54093E-03  0.98948E+00 -0.13575E-04 -0.11583E-03 -0.94342E+00 -0.17882E-02 -0.93656E+00
  138.00  0.19992E+00 -0.28268E+00  0.27596E-03  0.54805E-03  0.98955E+00 -0.10756E-04 -0.12120E-03 -0.94784E+00 -0.19228E-02 -0.94087E+00
  139.00  0.20116E+00 -0.26891E+00  0.26599E-03  0.55333E-03  0.98962E+00 -0.81684E-05 -0.12566E-03 -0.95191E+00 -0.20333E-02 -0.94485E+00
  140.00  0.20231E+00 -0.25551E+00  0.25552E-03  0.55681E-03  0.98968E+00 -0.58424E-05 -0.12928E-03 -0.95567E+00 -0.21214E-02 -0.94850E+00
  141.00  0.20338E+00 -0.24247E+00  0.24467E-03  0.55853E-03  0.98973E+00 -0.37956E-05 -0.13210E-03 -0.95912E+00 -0.21888E-02 -0.95185E+00
  142.00  0.20436E+00 -0.22979E+00  0.23356E-03  0.55854E-03  0.98978E+00 -0.20351E-05 -0.13416E-03 -0.96230E+00 -0.22372E-02 -0.95492E+00
  143.00  0.20525E+00 -0.21746E+00  0.22230E-03  0.55691E-03  0.98982E+00 -0.55836E-06 -0.13548E-03 -0.96521E+00 -0.22683E-02 -0.95772E+00
  144.00  0.20605E+00 -0.20550E+00  0.21097E-03  0.55371E-03  0.98986E+00  0.64558E-06 -0.13608E-03 -0.96787E+00 -0.22837E-02 -0.96028E+00
  145.00  0.20677E+00 -0.19389E+00  0.19965E-03  0.54905E-03  0.98989E+00  0.15944E-05 -0.13598E-03 -0.97031E+00 -0.22848E-02 -0.96260E+00
  146.00  0.20741E+00 -0.18263E+00  0.18840E-03  0.54303E-03  0.98991E+00  0.23104E-05 -0.13517E-03 -0.97252E+00 -0.22730E-02 -0.96471E+00
  147.00  0.20798E+00 -0.17173E+00  0.17728E-03  0.53575E-03  0.98993E+00  0.28190E-05 -0.13365E-03 -0.97454E+00 -0.22497E-02 -0.96662E+00
  148.00  0.20846E+00 -0.16118E+00  0.16633E-03  0.52734E-03  0.98995E+00  0.31470E-05 -0.13142E-03 -0.97636E+00 -0.22160E-02 -0.96834E+00
  149.00  0.20889E+00 -0.15099E+00  0.15557E-03  0.51789E-03  0.98996E+00  0.33207E-05 -0.12848E-03 -0.97801E+00 -0.21731E-02 -0.96988E+00
  150.00  0.20925E+00 -0.14114E+00  0.14504E-03  0.50754E-03  0.98997E+00  0.33651E-05 -0.12484E-03 -0.97950E+00 -0.21220E-02 -0.97126E+00
  151.00  0.20955E+00 -0.13163E+00  0.13475E-03  0.49638E-03  0.98998E+00  0.33034E-05 -0.12050E-03 -0.98084E+00 -0.20638E-02 -0.97249E+00
  152.00  0.20980E+00 -0.12247E+00  0.12472E-03  0.48452E-03  0.98998E+00  0.31561E-05 -0.11550E-03 -0.98204E+00 -0.19992E-02 -0.97358E+00
  153.00  0.21000E+00 -0.11366E+00  0.11496E-03  0.47205E-03  0.98997E+00  0.29413E-05 -0.10988E-03 -0.98311E+00 -0.19291E-02 -0.97454E+00
  154.00  0.21016E+00 -0.10519E+00  0.10549E-03  0.45908E-03  0.98997E+00  0.26752E-05 -0.10370E-03 -0.98406E+00 -0.18542E-02 -0.97539E+00
  155.00  0.21029E+00 -0.97055E-01  0.96320E-04  0.44570E-03  0.98996E+00  0.23722E-05 -0.97043E-04 -0.98490E+00 -0.17751E-02 -0.97612E+00
  156.00  0.21038E+00 -0.89262E-01  0.87464E-04  0.43199E-03  0.98995E+00  0.20453E-05 -0.90007E-04 -0.98564E+00 -0.16924E-02 -0.97676E+00
  157.00  0.21045E+00 -0.81806E-01  0.78945E-04  0.41805E-03  0.98993E+00  0.17069E-05 -0.82697E-04 -0.98629E+00 -0.16067E-02 -0.97730E+00
  158.00  0.21050E+00 -0.74686E-01  0.70788E-04  0.40398E-03  0.98991E+00  0.13687E-05 -0.75232E-04 -0.98685E+00 -0.15185E-02 -0.97776E+00
  159.00  0.21052E+00 -0.67901E-01  0.63019E-04  0.38988E-03  0.98989E+00  0.10417E-05 -0.67736E-04 -0.98734E+00 -0.14283E-02 -0.97814E+00
  160.00  0.21054E+00 -0.61449E-01  0.55668E-04  0.37586E-03  0.98986E+00  0.73618E-06 -0.60332E-04 -0.98775E+00 -0.13364E-02 -0.97845E+00
  161.00  0.21054E+00 -0.55330E-01  0.48762E-04  0.36203E-03  0.98983E+00  0.46120E-06 -0.53137E-04 -0.98811E+00 -0.12434E-02 -0.97869E+00
  162.00  0.21053E+00 -0.49543E-01  0.42328E-04  0.34852E-03  0.98980E+00  0.22408E-06 -0.46257E-04 -0.98840E+00 -0.11496E-02 -0.97888E+00
  163.00  0.21052E+00 -0.44085E-01  0.36388E-04  0.33545E-03  0.98976E+00  0.30023E-07 -0.39785E-04 -0.98864E+00 -0.10556E-02 -0.97901E+00
  164.00  0.21050E+00 -0.38957E-01  0.30959E-04  0.32293E-03  0.98972E+00 -0.11835E-06 -0.33792E-04 -0.98884E+00 -0.96177E-03 -0.97910E+00
  165.00  0.21048E+00 -0.34156E-01  0.26049E-04  0.31107E-03  0.98968E+00 -0.22115E-06 -0.28331E-04 -0.98899E+00 -0.86870E-03 -0.97914E+00
  166.00  0.21047E+00 -0.29681E-01  0.21658E-04  0.29998E-03  0.98963E+00 -0.28124E-06 -0.23434E-04 -0.98910E+00 -0.77693E-03 -0.97915E+00
  167.00  0.21045E+00 -0.25530E-01  0.17777E-04  0.28974E-03  0.98958E+00 -0.30387E-06 -0.19111E-04 -0.98919E+00 -0.68704E-03 -0.97913E+00
  168.00  0.21043E+00 -0.21701E-01  0.14390E-04  0.28042E-03  0.98953E+00 -0.29615E-06 -0.15354E-04 -0.98924E+00 -0.59968E-03 -0.97908E+00
  169.00  0.21042E+00 -0.18192E-01  0.11470E-04  0.27206E-03  0.98948E+00 -0.26631E-06 -0.12139E-04 -0.98927E+00 -0.51550E-03 -0.97901E+00
  170.00  0.21041E+00 -0.15000E-01  0.89857E-05  0.26468E-03  0.98942E+00 -0.22284E-06 -0.94301E-05 -0.98928E+00 -0.43523E-03 -0.97893E+00
  171.00  0.21040E+00 -0.12124E-01  0.69011E-05  0.25827E-03  0.98937E+00 -0.17371E-06 -0.71813E-05 -0.98928E+00 -0.35959E-03 -0.97883E+00
  172.00  0.21039E+00 -0.95599E-02  0.51763E-05  0.25280E-03  0.98932E+00 -0.12558E-06 -0.53428E-05 -0.98926E+00 -0.28932E-03 -0.97873E+00
  173.00  0.21039E+00 -0.73056E-02  0.37709E-05  0.24822E-03  0.98928E+00 -0.83366E-07 -0.38629E-05 -0.98924E+00 -0.22516E-03 -0.97863E+00
  174.00  0.21039E+00 -0.53583E-02  0.26451E-05  0.24447E-03  0.98923E+00 -0.49957E-07 -0.26916E-05 -0.98921E+00 -0.16782E-03 -0.97853E+00
  175.00  0.21039E+00 -0.37155E-02  0.17619E-05  0.24147E-03  0.98919E+00 -0.26263E-07 -0.17826E-05 -0.98919E+00 -0.11800E-03 -0.97844E+00
  176.00  0.21039E+00 -0.23750E-02  0.10878E-05  0.23916E-03  0.98916E+00 -0.11529E-07 -0.10955E-05 -0.98916E+00 -0.76300E-04 -0.97836E+00
  177.00  0.21039E+00 -0.13346E-02  0.59431E-06  0.23745E-03  0.98914E+00 -0.38465E-08 -0.59636E-06 -0.98913E+00 -0.43267E-04 -0.97829E+00
  178.00  0.21039E+00 -0.59273E-03  0.25851E-06  0.23628E-03  0.98912E+00 -0.78884E-09 -0.25876E-06 -0.98912E+00 -0.19342E-04 -0.97824E+00
  179.00  0.21039E+00 -0.14812E-03  0.63780E-07  0.23559E-03  0.98910E+00 -0.50416E-10 -0.63747E-07 -0.98910E+00 -0.48526E-05 -0.97821E+00
  180.00  0.21039E+00 -0.36704E-14  0.15737E-17  0.23537E-03  0.98910E+00 -0.31198E-31 -0.15721E-17 -0.98910E+00 -0.12041E-15 -0.97820E+00
 scattering matrix expansion coefficients
    w  a11         a22         a33         a23         a32         a44         a12         a34         a13         a24         a14
    0  0.1000E+01  0.0000E+00  0.0000E+00  0.0000E+00  0.0000E+00  0.7801E+00  0.0000E+00  0.0000E+00  0.0000E+00  0.0000E+00  0.1364E-04
    1  0.2181E+01  0.0000E+00  0.0000E+00  0.0000E+00  0.0000E+00  0.2398E+01  0.0000E+00  0.0000E+00  0.0000E+00  0.0000E+00 -0.5141E-05
    2  0.3076E+01  0.2723E+00  0.3904E+01 -0.8251E-07 -0.7727E-04  0.3082E+01 -0.4278E+00  0.2798E-03 -0.2100E-05  0.3367E-04  0.1666E-03
    3  0.3570E+01  0.7828E-01  0.3977E+01 -0.6128E-07 -0.1959E-03  0.3571E+01 -0.2364E+00 -0.1239E-02 -0.5936E-04  0.8674E-07  0.8880E-04
    4  0.3944E+01  0.3325E-01  0.4216E+01  0.1789E-06 -0.2392E-03  0.3940E+01 -0.1340E+00 -0.1783E-02  0.4569E-04 -0.2401E-04  0.2513E-04
    5  0.4174E+01  0.1674E-01  0.4401E+01 -0.7170E-07 -0.1007E-03  0.4161E+01 -0.7926E-01 -0.3383E-03  0.1127E-04  0.3240E-04  0.1056E-03
    6  0.4201E+01  0.2670E-02  0.4427E+01  0.3177E-08  0.8599E-05  0.4201E+01 -0.6352E-01 -0.5812E-03  0.1831E-04 -0.2949E-04  0.1998E-04
    7  0.4031E+01  0.7188E-02  0.4246E+01  0.1269E-06 -0.3680E-04  0.4013E+01 -0.7603E-01  0.3857E-03 -0.2694E-05 -0.2119E-04  0.2120E-04
    8  0.3658E+01 -0.6120E-02  0.3870E+01 -0.3696E-07 -0.1399E-03  0.3664E+01 -0.1168E+00 -0.6844E-04 -0.3156E-04 -0.3274E-05  0.1268E-03
    9  0.3191E+01 -0.5946E-02  0.3378E+01 -0.5741E-07 -0.1400E-03  0.3209E+01 -0.1484E+00 -0.1805E-02  0.2119E-04 -0.2509E-04  0.2360E-03
   10  0.2729E+01  0.6432E-02  0.2869E+01 -0.1675E-07 -0.3823E-04  0.2728E+01 -0.1386E+00 -0.2377E-02  0.3603E-04 -0.2569E-04  0.2667E-03
   11  0.2293E+01  0.3983E-02  0.2402E+01 -0.1673E-07  0.5532E-04  0.2293E+01 -0.1161E+00 -0.2589E-02  0.1104E-04 -0.1299E-04  0.2200E-03
   12  0.1906E+01  0.1293E-02  0.1991E+01 -0.6713E-08  0.1201E-03  0.1910E+01 -0.9540E-01 -0.3233E-02  0.1025E-04 -0.2270E-05  0.1761E-03
   13  0.1573E+01  0.4265E-02  0.1637E+01 -0.5014E-08  0.1538E-03  0.1571E+01 -0.7074E-01 -0.3029E-02  0.1121E-04  0.2969E-05  0.1414E-03
   14  0.1277E+01  0.3698E-02  0.1326E+01 -0.1471E-07  0.1484E-03  0.1272E+01 -0.5190E-01 -0.1931E-02 -0.1238E-05  0.7340E-05  0.9759E-04
   15  0.1004E+01  0.6963E-03  0.1046E+01 -0.7829E-08  0.1264E-03  0.1003E+01 -0.4623E-01 -0.9876E-03 -0.3271E-05 -0.1235E-05  0.5336E-04
   16  0.7599E+00 -0.2763E-03  0.7942E+00 -0.9125E-08  0.9968E-04  0.7612E+00 -0.4568E-01 -0.5994E-03 -0.2210E-05 -0.7258E-05  0.2618E-04
   17  0.5524E+00  0.1234E-03  0.5783E+00 -0.7009E-08  0.6705E-04  0.5531E+00 -0.4268E-01 -0.5080E-03 -0.5178E-05 -0.6171E-05  0.1294E-04
   18  0.3847E+00  0.3999E-03  0.4033E+00 -0.2660E-08  0.3406E-04  0.3849E+00 -0.3687E-01 -0.5002E-03 -0.7122E-05 -0.2278E-05  0.7475E-05
   19  0.2558E+00  0.4503E-03  0.2688E+00  0.5130E-09  0.1097E-04  0.2559E+00 -0.3005E-01 -0.4760E-03 -0.5522E-05  0.1824E-06  0.5570E-05
   20  0.1617E+00  0.4847E-03  0.1702E+00  0.2741E-08  0.4482E-06  0.1617E+00 -0.2323E-01 -0.3937E-03 -0.2738E-05  0.3268E-06  0.6397E-05
   21  0.9647E-01  0.4864E-03  0.1018E+00  0.2874E-08 -0.1841E-05  0.9626E-01 -0.1694E-01 -0.2669E-03 -0.4980E-06  0.2005E-06  0.6140E-05
   22  0.5387E-01  0.4330E-03  0.5692E-01  0.1508E-08 -0.1335E-05  0.5359E-01 -0.1156E-01 -0.1462E-03  0.4046E-06 -0.1448E-06  0.5251E-05
   23  0.2794E-01  0.3509E-03  0.2955E-01  0.2909E-09 -0.5112E-06  0.2764E-01 -0.7310E-02 -0.6597E-04  0.3599E-06 -0.1871E-06  0.3921E-05
   24  0.1337E-01  0.2612E-03  0.1412E-01 -0.2195E-09 -0.2125E-06  0.1310E-01 -0.4227E-02 -0.2550E-04  0.2719E-06 -0.1651E-06  0.2324E-05
   25  0.5881E-02  0.1740E-03  0.6184E-02 -0.2336E-09 -0.7205E-07  0.5673E-02 -0.2209E-02 -0.8758E-05  0.1166E-06 -0.6814E-07  0.1127E-05
   26  0.2370E-02  0.1015E-03  0.2473E-02 -0.1150E-09 -0.1191E-07  0.2237E-02 -0.1036E-02 -0.2781E-05  0.3631E-07 -0.2919E-07  0.5140E-06
   27  0.8753E-03  0.5138E-04  0.9032E-03 -0.3145E-10  0.4525E-08  0.8030E-03 -0.4355E-03 -0.7443E-06  0.1718E-07 -0.3269E-07  0.2253E-06
   28  0.2967E-03  0.2268E-04  0.3019E-03 -0.7219E-12  0.2285E-08  0.2633E-03 -0.1645E-03 -0.1640E-06  0.6118E-08 -0.1825E-07  0.6664E-07
   29  0.9265E-04  0.8823E-05  0.9274E-04  0.3432E-11  0.6398E-09  0.7917E-04 -0.5618E-04 -0.1882E-07  0.2599E-08 -0.4792E-08  0.1139E-07
   30  0.2683E-04  0.3039E-05  0.2640E-04  0.1894E-12  0.2516E-08  0.2206E-04 -0.1748E-04  0.1218E-07 -0.2800E-09 -0.1836E-08  0.4282E-08
   31  0.7335E-05  0.9349E-06  0.7104E-05 -0.1195E-11  0.1550E-08  0.5843E-05 -0.5028E-05  0.1172E-07 -0.6153E-09 -0.1660E-08  0.4037E-08
   32  0.1966E-05  0.2663E-06  0.1883E-05 -0.2141E-12  0.2360E-09  0.1538E-05 -0.1383E-05  0.5268E-08 -0.5776E-10 -0.1077E-08  0.2317E-08
   33  0.5423E-06  0.7464E-07  0.5157E-06  0.4529E-12 -0.1841E-10  0.4223E-06 -0.3838E-06  0.2105E-08  0.6219E-11 -0.4341E-09  0.6892E-09
   34  0.1614E-06  0.2209E-07  0.1527E-06  0.4884E-12 -0.1517E-10  0.1257E-06 -0.1137E-06  0.9050E-09  0.2067E-11 -0.1262E-09  0.1657E-09
   35  0.5246E-07  0.6593E-08  0.4964E-07  0.3620E-12 -0.4964E-11  0.4175E-07 -0.3665E-07  0.3338E-09 -0.2115E-12 -0.3452E-10  0.3965E-10
   36  0.2146E-07  0.1977E-08  0.2087E-07  0.2087E-12  0.1693E-12  0.1825E-07 -0.1324E-07  0.5980E-10 -0.2029E-11 -0.8319E-11  0.1696E-10
   37  0.6738E-08  0.5818E-09  0.6402E-08  0.9853E-13 -0.1392E-12  0.5903E-08 -0.4840E-08  0.5850E-10 -0.4296E-12 -0.3173E-11  0.7708E-11
   38  0.6847E-08  0.4757E-09  0.6819E-08  0.4078E-13 -0.1379E-12  0.6086E-08 -0.3985E-08 -0.1248E-10 -0.1694E-12 -0.1293E-11  0.5024E-11
   39  0.6499E-09  0.4174E-10  0.6073E-09  0.1374E-13  0.3590E-14  0.6254E-09 -0.4902E-09  0.6938E-11 -0.4779E-13 -0.3185E-12  0.9084E-12
   40  0.1596E-08  0.1998E-09  0.1526E-08  0.3777E-14 -0.1273E-13  0.1266E-08 -0.1086E-08 -0.3313E-11 -0.2852E-13 -0.3766E-12  0.1058E-11
   41  0.3006E-10  0.1982E-11  0.2707E-10  0.9980E-15  0.1836E-14  0.3070E-10 -0.2343E-10  0.3636E-12 -0.3365E-14 -0.1667E-13  0.4298E-13
   42  0.1754E-09  0.2935E-10  0.1578E-09  0.2134E-15 -0.1462E-14  0.1237E-09 -0.1316E-09 -0.2886E-12 -0.2189E-14 -0.4700E-13  0.1077E-12
   43  0.5773E-12  0.3628E-13  0.4080E-12  0.2536E-16  0.5674E-16  0.7661E-12 -0.3981E-12  0.7339E-14 -0.7269E-16 -0.2537E-15  0.4015E-15
   44  0.1231E-10  0.2718E-11  0.1100E-10  0.2255E-18 -0.1116E-15  0.7803E-11 -0.1020E-10 -0.1544E-13 -0.8151E-16 -0.3906E-14  0.7548E-14
