 input file is 
mstm14_64_8319_168_00226.inp  
 input file comments follow:
***********************************************************
  This is the default mstm input file for v.3.0.
  The run is for a 7-sphere cluster of identical spheres.   The positions
  are embedded in the input file.

  The run makes use of the new_run and multiple_run options.

  14 April 2013
***********************************************************
 number of processors:
   1
 input parameters for run number 
    1
 number of spheres, volume size parameter:
   64  0.33276E+01
 position file:
position/n64/a14.out                                        
 output file:
output/64/x8319/168/00226/mt_14_64_8319_168_00226.dat       
 length, ref. indx. scale factors:
   0.832   1.680   0.023
 chiral factors:
  0.00000E+00  0.00000E+00
 scattering matrix directions based on incident frame
 automatic scattering angle calculation
 thetamin, thetamax:
      0.0    180.0
 number scattering angles:
      181
 epsmie, epssoln, max number iterations:
  0.1000E-05  0.1000E-07 5000
 medium refractive index:
  1.0000  0.0000
 target euler rotation angles:
    0.0000    0.0000    0.0000
 far field kr, iterations/correction:
 -0.1000E+01   20
 plane wave incidence
 random orientation calculations
 t matrix calculated, stored in file 
tmatrixfiles/1464831916800226                               
 t matrix convergence epsilon:
  0.1000E-06
 all spheres excited (total T matrix) 
 calculation results for run 
    1
 total ext, abs, scat efficiencies, w.r.t. xv, and asym. parm
  0.29964E+01  0.23062E+00  0.27658E+01  0.69550E+00
 scattering matrix elements (normalized w/ S11)
   theta      11           12           13           14           22           23           24           33           34           44      
    0.00  0.35569E+02  0.00000E+00  0.00000E+00 -0.36899E-03  0.99895E+00  0.26404E-03  0.00000E+00  0.99895E+00  0.00000E+00  0.99797E+00 
    1.00  0.35364E+02 -0.22904E-03 -0.86660E-07 -0.36429E-03  0.99895E+00  0.26041E-03 -0.42315E-07  0.99895E+00 -0.74417E-04  0.99796E+00 
    2.00  0.34755E+02 -0.91697E-03 -0.34959E-06 -0.35022E-03  0.99894E+00  0.24942E-03 -0.17717E-06  0.99894E+00 -0.29822E-03  0.99794E+00 
    3.00  0.33765E+02 -0.20661E-02 -0.79766E-06 -0.32679E-03  0.99892E+00  0.23069E-03 -0.42831E-06  0.99892E+00 -0.67301E-03  0.99791E+00 
    4.00  0.32434E+02 -0.36802E-02 -0.14457E-05 -0.29413E-03  0.99890E+00  0.20364E-03 -0.83523E-06  0.99889E+00 -0.12012E-02  0.99787E+00 
    5.00  0.30809E+02 -0.57639E-02 -0.23146E-05 -0.25241E-03  0.99887E+00  0.16749E-03 -0.14528E-05  0.99885E+00 -0.18857E-02  0.99780E+00 
    6.00  0.28948E+02 -0.83219E-02 -0.34314E-05 -0.20201E-03  0.99882E+00  0.12128E-03 -0.23507E-05  0.99879E+00 -0.27291E-02  0.99770E+00 
    7.00  0.26915E+02 -0.11359E-01 -0.48292E-05 -0.14355E-03  0.99877E+00  0.63948E-04 -0.36109E-05  0.99870E+00 -0.37333E-02  0.99758E+00 
    8.00  0.24774E+02 -0.14877E-01 -0.65475E-05 -0.78047E-04  0.99870E+00 -0.55782E-05 -0.53245E-05  0.99859E+00 -0.48978E-02  0.99740E+00 
    9.00  0.22588E+02 -0.18875E-01 -0.86317E-05 -0.70440E-05  0.99862E+00 -0.88220E-04 -0.75852E-05  0.99843E+00 -0.62185E-02  0.99718E+00 
   10.00  0.20416E+02 -0.23346E-01 -0.11134E-04  0.67205E-04  0.99851E+00 -0.18454E-03 -0.10479E-04  0.99823E+00 -0.76853E-02  0.99689E+00 
   11.00  0.18309E+02 -0.28274E-01 -0.14111E-04  0.14156E-03  0.99838E+00 -0.29444E-03 -0.14070E-04  0.99796E+00 -0.92807E-02  0.99651E+00 
   12.00  0.16309E+02 -0.33634E-01 -0.17627E-04  0.21181E-03  0.99822E+00 -0.41682E-03 -0.18378E-04  0.99762E+00 -0.10976E-01  0.99604E+00 
   13.00  0.14447E+02 -0.39384E-01 -0.21751E-04  0.27263E-03  0.99802E+00 -0.54909E-03 -0.23353E-04  0.99720E+00 -0.12731E-01  0.99545E+00 
   14.00  0.12746E+02 -0.45467E-01 -0.26562E-04  0.31760E-03  0.99778E+00 -0.68681E-03 -0.28845E-04  0.99668E+00 -0.14491E-01  0.99474E+00 
   15.00  0.11218E+02 -0.51810E-01 -0.32144E-04  0.33949E-03  0.99750E+00 -0.82327E-03 -0.34579E-04  0.99604E+00 -0.16187E-01  0.99387E+00 
   16.00  0.98649E+01 -0.58326E-01 -0.38595E-04  0.33089E-03  0.99716E+00 -0.94950E-03 -0.40128E-04  0.99529E+00 -0.17742E-01  0.99285E+00 
   17.00  0.86830E+01 -0.64923E-01 -0.46029E-04  0.28508E-03  0.99678E+00 -0.10545E-02 -0.44921E-04  0.99442E+00 -0.19076E-01  0.99167E+00 
   18.00  0.76620E+01 -0.71511E-01 -0.54579E-04  0.19726E-03  0.99634E+00 -0.11262E-02 -0.48273E-04  0.99343E+00 -0.20114E-01  0.99032E+00 
   19.00  0.67875E+01 -0.78018E-01 -0.64399E-04  0.65717E-04  0.99584E+00 -0.11527E-02 -0.49453E-04  0.99232E+00 -0.20804E-01  0.98883E+00 
   20.00  0.60428E+01 -0.84404E-01 -0.75669E-04 -0.10717E-03  0.99530E+00 -0.11244E-02 -0.47781E-04  0.99111E+00 -0.21126E-01  0.98720E+00 
   21.00  0.54104E+01 -0.90669E-01 -0.88581E-04 -0.31460E-03  0.99471E+00 -0.10353E-02 -0.42744E-04  0.98980E+00 -0.21098E-01  0.98544E+00 
   22.00  0.48728E+01 -0.96857E-01 -0.10333E-03 -0.54573E-03  0.99409E+00 -0.88449E-03 -0.34097E-04  0.98841E+00 -0.20780E-01  0.98359E+00 
   23.00  0.44142E+01 -0.10305E+00 -0.12010E-03 -0.78679E-03  0.99344E+00 -0.67680E-03 -0.21929E-04  0.98694E+00 -0.20267E-01  0.98166E+00 
   24.00  0.40203E+01 -0.10936E+00 -0.13900E-03 -0.10226E-02  0.99277E+00 -0.42217E-03 -0.66802E-05  0.98540E+00 -0.19674E-01  0.97965E+00 
   25.00  0.36789E+01 -0.11591E+00 -0.16008E-03 -0.12384E-02  0.99208E+00 -0.13466E-03  0.10880E-04  0.98378E+00 -0.19124E-01  0.97756E+00 
   26.00  0.33803E+01 -0.12281E+00 -0.18328E-03 -0.14208E-02  0.99137E+00  0.16912E-03  0.29715E-04  0.98208E+00 -0.18731E-01  0.97539E+00 
   27.00  0.31164E+01 -0.13018E+00 -0.20836E-03 -0.15594E-02  0.99065E+00  0.47153E-03  0.48593E-04  0.98026E+00 -0.18590E-01  0.97313E+00 
   28.00  0.28814E+01 -0.13809E+00 -0.23493E-03 -0.16467E-02  0.98991E+00  0.75543E-03  0.66161E-04  0.97832E+00 -0.18765E-01  0.97075E+00 
   29.00  0.26705E+01 -0.14660E+00 -0.26239E-03 -0.16791E-02  0.98916E+00  0.10054E-02  0.81016E-04  0.97624E+00 -0.19291E-01  0.96824E+00 
   30.00  0.24804E+01 -0.15575E+00 -0.28997E-03 -0.16559E-02  0.98839E+00  0.12086E-02  0.91768E-04  0.97399E+00 -0.20166E-01  0.96557E+00 
   31.00  0.23084E+01 -0.16553E+00 -0.31670E-03 -0.15798E-02  0.98761E+00  0.13559E-02  0.97102E-04  0.97155E+00 -0.21361E-01  0.96272E+00 
   32.00  0.21525E+01 -0.17592E+00 -0.34149E-03 -0.14563E-02  0.98680E+00  0.14421E-02  0.95825E-04  0.96890E+00 -0.22814E-01  0.95967E+00 
   33.00  0.20110E+01 -0.18689E+00 -0.36319E-03 -0.12925E-02  0.98597E+00  0.14663E-02  0.86919E-04  0.96602E+00 -0.24447E-01  0.95639E+00 
   34.00  0.18826E+01 -0.19837E+00 -0.38064E-03 -0.10974E-02  0.98511E+00  0.14321E-02  0.69573E-04  0.96290E+00 -0.26162E-01  0.95288E+00 
   35.00  0.17658E+01 -0.21031E+00 -0.39279E-03 -0.87990E-03  0.98421E+00  0.13470E-02  0.43207E-04  0.95953E+00 -0.27859E-01  0.94910E+00 
   36.00  0.16596E+01 -0.22262E+00 -0.39875E-03 -0.64883E-03  0.98326E+00  0.12218E-02  0.74807E-05  0.95588E+00 -0.29435E-01  0.94504E+00 
   37.00  0.15629E+01 -0.23524E+00 -0.39788E-03 -0.41168E-03  0.98227E+00  0.10698E-02 -0.37706E-04  0.95196E+00 -0.30798E-01  0.94070E+00 
   38.00  0.14746E+01 -0.24808E+00 -0.38986E-03 -0.17416E-03  0.98121E+00  0.90539E-03 -0.92219E-04  0.94775E+00 -0.31871E-01  0.93604E+00 
   39.00  0.13939E+01 -0.26107E+00 -0.37468E-03  0.60058E-04  0.98009E+00  0.74319E-03 -0.15569E-03  0.94325E+00 -0.32592E-01  0.93106E+00 
   40.00  0.13201E+01 -0.27416E+00 -0.35268E-03  0.28940E-03  0.97889E+00  0.59696E-03 -0.22750E-03  0.93847E+00 -0.32924E-01  0.92576E+00 
   41.00  0.12523E+01 -0.28728E+00 -0.32453E-03  0.51406E-03  0.97761E+00  0.47874E-03 -0.30680E-03  0.93339E+00 -0.32849E-01  0.92014E+00 
   42.00  0.11901E+01 -0.30040E+00 -0.29118E-03  0.73551E-03  0.97626E+00  0.39828E-03 -0.39242E-03  0.92802E+00 -0.32370E-01  0.91419E+00 
   43.00  0.11329E+01 -0.31347E+00 -0.25384E-03  0.95581E-03  0.97482E+00  0.36262E-03 -0.48289E-03  0.92236E+00 -0.31509E-01  0.90792E+00 
   44.00  0.10803E+01 -0.32649E+00 -0.21389E-03  0.11769E-02  0.97332E+00  0.37589E-03 -0.57642E-03  0.91641E+00 -0.30304E-01  0.90135E+00 
   45.00  0.10319E+01 -0.33944E+00 -0.17278E-03  0.14000E-02  0.97175E+00  0.43937E-03 -0.67089E-03  0.91019E+00 -0.28804E-01  0.89447E+00 
   46.00  0.98717E+00 -0.35233E+00 -0.13197E-03  0.16250E-02  0.97013E+00  0.55157E-03 -0.76388E-03  0.90368E+00 -0.27066E-01  0.88730E+00 
   47.00  0.94588E+00 -0.36519E+00 -0.92795E-04  0.18500E-02  0.96846E+00  0.70855E-03 -0.85274E-03  0.89688E+00 -0.25153E-01  0.87985E+00 
   48.00  0.90762E+00 -0.37803E+00 -0.56370E-04  0.20717E-02  0.96676E+00  0.90423E-03 -0.93469E-03  0.88979E+00 -0.23124E-01  0.87213E+00 
   49.00  0.87208E+00 -0.39089E+00 -0.23494E-04  0.22852E-02  0.96504E+00  0.11308E-02 -0.10069E-02  0.88239E+00 -0.21038E-01  0.86411E+00 
   50.00  0.83893E+00 -0.40380E+00  0.54247E-05  0.24842E-02  0.96331E+00  0.13790E-02 -0.10668E-02  0.87466E+00 -0.18945E-01  0.85581E+00 
   51.00  0.80787E+00 -0.41680E+00  0.30412E-04  0.26623E-02  0.96158E+00  0.16388E-02 -0.11119E-02  0.86659E+00 -0.16887E-01  0.84719E+00 
   52.00  0.77863E+00 -0.42990E+00  0.51951E-04  0.28128E-02  0.95984E+00  0.18994E-02 -0.11401E-02  0.85813E+00 -0.14896E-01  0.83825E+00 
   53.00  0.75099E+00 -0.44314E+00  0.70958E-04  0.29299E-02  0.95812E+00  0.21499E-02 -0.11501E-02  0.84928E+00 -0.12994E-01  0.82896E+00 
   54.00  0.72473E+00 -0.45652E+00  0.88740E-04  0.30090E-02  0.95640E+00  0.23794E-02 -0.11409E-02  0.83999E+00 -0.11194E-01  0.81928E+00 
   55.00  0.69969E+00 -0.47005E+00  0.10691E-03  0.30472E-02  0.95468E+00  0.25773E-02 -0.11123E-02  0.83024E+00 -0.95016E-02  0.80918E+00 
   56.00  0.67571E+00 -0.48373E+00  0.12729E-03  0.30439E-02  0.95297E+00  0.27342E-02 -0.10648E-02  0.82001E+00 -0.79162E-02  0.79864E+00 
   57.00  0.65267E+00 -0.49754E+00  0.15176E-03  0.30006E-02  0.95125E+00  0.28415E-02 -0.99970E-03  0.80925E+00 -0.64346E-02  0.78762E+00 
   58.00  0.63048E+00 -0.51148E+00  0.18219E-03  0.29211E-02  0.94953E+00  0.28921E-02 -0.91883E-03  0.79795E+00 -0.50521E-02  0.77608E+00 
   59.00  0.60904E+00 -0.52553E+00  0.22020E-03  0.28109E-02  0.94779E+00  0.28810E-02 -0.82477E-03  0.78607E+00 -0.37648E-02  0.76399E+00 
   60.00  0.58828E+00 -0.53966E+00  0.26713E-03  0.26773E-02  0.94603E+00  0.28049E-02 -0.72054E-03  0.77359E+00 -0.25718E-02  0.75131E+00 
   61.00  0.56813E+00 -0.55388E+00  0.32385E-03  0.25285E-02  0.94423E+00  0.26630E-02 -0.60954E-03  0.76047E+00 -0.14763E-02  0.73801E+00 
   62.00  0.54854E+00 -0.56814E+00  0.39069E-03  0.23734E-02  0.94239E+00  0.24568E-02 -0.49541E-03  0.74668E+00 -0.48660E-03  0.72404E+00 
   63.00  0.52946E+00 -0.58245E+00  0.46738E-03  0.22207E-02  0.94050E+00  0.21902E-02 -0.38183E-03  0.73218E+00  0.38283E-03  0.70936E+00 
   64.00  0.51085E+00 -0.59677E+00  0.55305E-03  0.20787E-02  0.93854E+00  0.18688E-02 -0.27245E-03  0.71695E+00  0.11116E-02  0.69394E+00 
   65.00  0.49270E+00 -0.61108E+00  0.64615E-03  0.19544E-02  0.93651E+00  0.15004E-02 -0.17071E-03  0.70095E+00  0.16735E-02  0.67774E+00 
   66.00  0.47501E+00 -0.62537E+00  0.74457E-03  0.18539E-02  0.93441E+00  0.10941E-02 -0.79772E-04  0.68414E+00  0.20371E-02  0.66073E+00 
   67.00  0.45778E+00 -0.63959E+00  0.84566E-03  0.17815E-02  0.93222E+00  0.66016E-03 -0.24808E-05  0.66649E+00  0.21672E-02  0.64287E+00 
   68.00  0.44105E+00 -0.65371E+00  0.94635E-03  0.17403E-02  0.92995E+00  0.20951E-03  0.58677E-04  0.64799E+00  0.20259E-02  0.62415E+00 
   69.00  0.42486E+00 -0.66771E+00  0.10432E-02  0.17318E-02  0.92759E+00 -0.24669E-03  0.10157E-03  0.62861E+00  0.15751E-02  0.60455E+00 
   70.00  0.40928E+00 -0.68154E+00  0.11327E-02  0.17564E-02  0.92517E+00 -0.69746E-03  0.12442E-03  0.60835E+00  0.77825E-03  0.58409E+00 
   71.00  0.39437E+00 -0.69516E+00  0.12112E-02  0.18134E-02  0.92269E+00 -0.11323E-02  0.12575E-03  0.58722E+00 -0.39630E-03  0.56277E+00 
   72.00  0.38020E+00 -0.70853E+00  0.12753E-02  0.19014E-02  0.92016E+00 -0.15417E-02  0.10445E-03  0.56522E+00 -0.19727E-02  0.54062E+00 
   73.00  0.36684E+00 -0.72160E+00  0.13219E-02  0.20183E-02  0.91762E+00 -0.19175E-02  0.59695E-04  0.54239E+00 -0.39643E-02  0.51768E+00 
   74.00  0.35435E+00 -0.73435E+00  0.13485E-02  0.21618E-02  0.91510E+00 -0.22529E-02 -0.89535E-05  0.51875E+00 -0.63712E-02  0.49400E+00 
   75.00  0.34277E+00 -0.74672E+00  0.13532E-02  0.23294E-02  0.91261E+00 -0.25431E-02 -0.10154E-03  0.49436E+00 -0.91777E-02  0.46965E+00 
   76.00  0.33214E+00 -0.75870E+00  0.13352E-02  0.25186E-02  0.91020E+00 -0.27853E-02 -0.21761E-03  0.46927E+00 -0.12352E-01  0.44468E+00 
   77.00  0.32246E+00 -0.77024E+00  0.12944E-02  0.27265E-02  0.90789E+00 -0.29787E-02 -0.35620E-03  0.44351E+00 -0.15843E-01  0.41917E+00 
   78.00  0.31372E+00 -0.78133E+00  0.12317E-02  0.29502E-02  0.90572E+00 -0.31246E-02 -0.51568E-03  0.41715E+00 -0.19589E-01  0.39317E+00 
   79.00  0.30590E+00 -0.79192E+00  0.11489E-02  0.31864E-02  0.90369E+00 -0.32257E-02 -0.69376E-03  0.39023E+00 -0.23513E-01  0.36674E+00 
   80.00  0.29895E+00 -0.80200E+00  0.10484E-02  0.34314E-02  0.90183E+00 -0.32865E-02 -0.88744E-03  0.36279E+00 -0.27530E-01  0.33992E+00 
   81.00  0.29280E+00 -0.81153E+00  0.93315E-03  0.36809E-02  0.90015E+00 -0.33120E-02 -0.10930E-02  0.33487E+00 -0.31553E-01  0.31276E+00 
   82.00  0.28738E+00 -0.82048E+00  0.80642E-03  0.39300E-02  0.89864E+00 -0.33079E-02 -0.13061E-02  0.30650E+00 -0.35498E-01  0.28526E+00 
   83.00  0.28260E+00 -0.82880E+00  0.67138E-03  0.41730E-02  0.89729E+00 -0.32800E-02 -0.15217E-02  0.27771E+00 -0.39284E-01  0.25747E+00 
   84.00  0.27839E+00 -0.83644E+00  0.53104E-03  0.44036E-02  0.89609E+00 -0.32336E-02 -0.17345E-02  0.24852E+00 -0.42843E-01  0.22938E+00 
   85.00  0.27464E+00 -0.84336E+00  0.38806E-03  0.46151E-02  0.89503E+00 -0.31733E-02 -0.19387E-02  0.21897E+00 -0.46118E-01  0.20101E+00 
   86.00  0.27128E+00 -0.84950E+00  0.24467E-03  0.48004E-02  0.89409E+00 -0.31028E-02 -0.21283E-02  0.18909E+00 -0.49065E-01  0.17238E+00 
   87.00  0.26823E+00 -0.85482E+00  0.10257E-03  0.49525E-02  0.89324E+00 -0.30252E-02 -0.22973E-02  0.15891E+00 -0.51655E-01  0.14352E+00 
   88.00  0.26543E+00 -0.85925E+00 -0.36972E-04  0.50649E-02  0.89247E+00 -0.29422E-02 -0.24401E-02  0.12849E+00 -0.53869E-01  0.11445E+00 
   89.00  0.26281E+00 -0.86276E+00 -0.17312E-03  0.51314E-02  0.89177E+00 -0.28552E-02 -0.25511E-02  0.97881E-01 -0.55702E-01  0.85222E-01 
   90.00  0.26033E+00 -0.86529E+00 -0.30536E-03  0.51471E-02  0.89111E+00 -0.27647E-02 -0.26255E-02  0.67152E-01 -0.57158E-01  0.55876E-01 
   91.00  0.25794E+00 -0.86683E+00 -0.43341E-03  0.51082E-02  0.89049E+00 -0.26707E-02 -0.26591E-02  0.36375E-01 -0.58247E-01  0.26475E-01 
   92.00  0.25563E+00 -0.86735E+00 -0.55714E-03  0.50126E-02  0.88991E+00 -0.25729E-02 -0.26488E-02  0.56255E-02 -0.58989E-01 -0.29162E-02 
   93.00  0.25337E+00 -0.86683E+00 -0.67648E-03  0.48596E-02  0.88935E+00 -0.24710E-02 -0.25924E-02 -0.25015E-01 -0.59404E-01 -0.32226E-01 
   94.00  0.25115E+00 -0.86527E+00 -0.79134E-03  0.46506E-02  0.88881E+00 -0.23644E-02 -0.24890E-02 -0.55467E-01 -0.59520E-01 -0.61381E-01 
   95.00  0.24896E+00 -0.86268E+00 -0.90157E-03  0.43889E-02  0.88830E+00 -0.22527E-02 -0.23393E-02 -0.85650E-01 -0.59365E-01 -0.90308E-01 
   96.00  0.24681E+00 -0.85908E+00 -0.10069E-02  0.40791E-02  0.88782E+00 -0.21356E-02 -0.21450E-02 -0.11549E+00 -0.58968E-01 -0.11893E+00 
   97.00  0.24469E+00 -0.85449E+00 -0.11071E-02  0.37279E-02  0.88737E+00 -0.20132E-02 -0.19097E-02 -0.14493E+00 -0.58362E-01 -0.14719E+00 
   98.00  0.24260E+00 -0.84895E+00 -0.12018E-02  0.33429E-02  0.88695E+00 -0.18855E-02 -0.16380E-02 -0.17389E+00 -0.57576E-01 -0.17502E+00 
   99.00  0.24055E+00 -0.84248E+00 -0.12903E-02  0.29329E-02  0.88656E+00 -0.17529E-02 -0.13359E-02 -0.20233E+00 -0.56640E-01 -0.20237E+00 
  100.00  0.23854E+00 -0.83513E+00 -0.13724E-02  0.25073E-02  0.88620E+00 -0.16160E-02 -0.10106E-02 -0.23022E+00 -0.55585E-01 -0.22918E+00 
  101.00  0.23656E+00 -0.82693E+00 -0.14476E-02  0.20756E-02  0.88587E+00 -0.14754E-02 -0.66994E-03 -0.25751E+00 -0.54438E-01 -0.25542E+00 
  102.00  0.23463E+00 -0.81794E+00 -0.15154E-02  0.16472E-02  0.88558E+00 -0.13320E-02 -0.32261E-03 -0.28418E+00 -0.53226E-01 -0.28105E+00 
  103.00  0.23274E+00 -0.80818E+00 -0.15757E-02  0.12310E-02  0.88531E+00 -0.11865E-02  0.22589E-04 -0.31022E+00 -0.51972E-01 -0.30605E+00 
  104.00  0.23089E+00 -0.79770E+00 -0.16284E-02  0.83486E-03  0.88507E+00 -0.10398E-02  0.35676E-03 -0.33561E+00 -0.50699E-01 -0.33040E+00 
  105.00  0.22907E+00 -0.78654E+00 -0.16735E-02  0.46563E-03  0.88485E+00 -0.89272E-03  0.67128E-03 -0.36036E+00 -0.49427E-01 -0.35407E+00 
  106.00  0.22728E+00 -0.77473E+00 -0.17114E-02  0.12888E-03  0.88463E+00 -0.74582E-03  0.95806E-03 -0.38445E+00 -0.48173E-01 -0.37705E+00 
  107.00  0.22551E+00 -0.76231E+00 -0.17426E-02 -0.17120E-03  0.88443E+00 -0.59968E-03  0.12097E-02 -0.40789E+00 -0.46951E-01 -0.39933E+00 
  108.00  0.22377E+00 -0.74931E+00 -0.17677E-02 -0.43181E-03  0.88422E+00 -0.45472E-03  0.14198E-02 -0.43067E+00 -0.45773E-01 -0.42091E+00 
  109.00  0.22204E+00 -0.73577E+00 -0.17878E-02 -0.65146E-03  0.88400E+00 -0.31117E-03  0.15829E-02 -0.45280E+00 -0.44650E-01 -0.44176E+00 
  110.00  0.22032E+00 -0.72172E+00 -0.18038E-02 -0.82987E-03  0.88377E+00 -0.16914E-03  0.16948E-02 -0.47428E+00 -0.43587E-01 -0.46189E+00 
  111.00  0.21862E+00 -0.70719E+00 -0.18171E-02 -0.96778E-03  0.88353E+00 -0.28622E-04  0.17522E-02 -0.49509E+00 -0.42590E-01 -0.48128E+00 
  112.00  0.21693E+00 -0.69223E+00 -0.18290E-02 -0.10668E-02  0.88326E+00  0.11050E-03  0.17531E-02 -0.51525E+00 -0.41660E-01 -0.49993E+00 
  113.00  0.21524E+00 -0.67686E+00 -0.18408E-02 -0.11293E-02  0.88297E+00  0.24839E-03  0.16967E-02 -0.53475E+00 -0.40799E-01 -0.51782E+00 
  114.00  0.21358E+00 -0.66113E+00 -0.18542E-02 -0.11580E-02  0.88265E+00  0.38522E-03  0.15831E-02 -0.55357E+00 -0.40005E-01 -0.53496E+00 
  115.00  0.21193E+00 -0.64508E+00 -0.18705E-02 -0.11561E-02  0.88231E+00  0.52114E-03  0.14134E-02 -0.57173E+00 -0.39275E-01 -0.55135E+00 
  116.00  0.21030E+00 -0.62876E+00 -0.18912E-02 -0.11269E-02  0.88194E+00  0.65622E-03  0.11897E-02 -0.58922E+00 -0.38605E-01 -0.56697E+00 
  117.00  0.20870E+00 -0.61220E+00 -0.19176E-02 -0.10737E-02  0.88155E+00  0.79039E-03  0.91474E-03 -0.60603E+00 -0.37988E-01 -0.58184E+00 
  118.00  0.20714E+00 -0.59546E+00 -0.19510E-02 -0.10000E-02  0.88115E+00  0.92344E-03  0.59207E-03 -0.62216E+00 -0.37420E-01 -0.59596E+00 
  119.00  0.20562E+00 -0.57857E+00 -0.19925E-02 -0.90909E-03  0.88073E+00  0.10549E-02  0.22585E-03 -0.63763E+00 -0.36891E-01 -0.60933E+00 
  120.00  0.20415E+00 -0.56158E+00 -0.20428E-02 -0.80425E-03  0.88030E+00  0.11843E-02 -0.17922E-03 -0.65243E+00 -0.36396E-01 -0.62198E+00 
  121.00  0.20274E+00 -0.54454E+00 -0.21028E-02 -0.68869E-03  0.87987E+00  0.13106E-02 -0.61798E-03 -0.66657E+00 -0.35926E-01 -0.63391E+00 
  122.00  0.20139E+00 -0.52749E+00 -0.21729E-02 -0.56559E-03  0.87945E+00  0.14329E-02 -0.10849E-02 -0.68007E+00 -0.35474E-01 -0.64514E+00 
  123.00  0.20013E+00 -0.51047E+00 -0.22532E-02 -0.43812E-03  0.87904E+00  0.15499E-02 -0.15741E-02 -0.69293E+00 -0.35031E-01 -0.65571E+00 
  124.00  0.19894E+00 -0.49352E+00 -0.23437E-02 -0.30946E-03  0.87865E+00  0.16603E-02 -0.20796E-02 -0.70516E+00 -0.34592E-01 -0.66562E+00 
  125.00  0.19784E+00 -0.47666E+00 -0.24442E-02 -0.18283E-03  0.87828E+00  0.17625E-02 -0.25950E-02 -0.71679E+00 -0.34150E-01 -0.67492E+00 
  126.00  0.19685E+00 -0.45994E+00 -0.25540E-02 -0.61509E-04  0.87794E+00  0.18550E-02 -0.31140E-02 -0.72783E+00 -0.33699E-01 -0.68362E+00 
  127.00  0.19595E+00 -0.44338E+00 -0.26723E-02  0.51211E-04  0.87764E+00  0.19363E-02 -0.36303E-02 -0.73831E+00 -0.33236E-01 -0.69175E+00 
  128.00  0.19516E+00 -0.42701E+00 -0.27982E-02  0.15201E-03  0.87737E+00  0.20051E-02 -0.41377E-02 -0.74823E+00 -0.32756E-01 -0.69935E+00 
  129.00  0.19449E+00 -0.41085E+00 -0.29305E-02  0.23764E-03  0.87714E+00  0.20601E-02 -0.46300E-02 -0.75762E+00 -0.32257E-01 -0.70644E+00 
  130.00  0.19393E+00 -0.39491E+00 -0.30678E-02  0.30492E-03  0.87695E+00  0.21002E-02 -0.51013E-02 -0.76651E+00 -0.31739E-01 -0.71305E+00 
  131.00  0.19348E+00 -0.37921E+00 -0.32088E-02  0.35090E-03  0.87681E+00  0.21247E-02 -0.55463E-02 -0.77490E+00 -0.31200E-01 -0.71920E+00 
  132.00  0.19315E+00 -0.36376E+00 -0.33521E-02  0.37290E-03  0.87670E+00  0.21331E-02 -0.59598E-02 -0.78281E+00 -0.30643E-01 -0.72492E+00 
  133.00  0.19294E+00 -0.34857E+00 -0.34960E-02  0.36856E-03  0.87664E+00  0.21254E-02 -0.63374E-02 -0.79027E+00 -0.30069E-01 -0.73022E+00 
  134.00  0.19285E+00 -0.33366E+00 -0.36390E-02  0.33600E-03  0.87662E+00  0.21018E-02 -0.66749E-02 -0.79729E+00 -0.29481E-01 -0.73514E+00 
  135.00  0.19287E+00 -0.31902E+00 -0.37798E-02  0.27379E-03  0.87663E+00  0.20628E-02 -0.69692E-02 -0.80389E+00 -0.28882E-01 -0.73969E+00 
  136.00  0.19301E+00 -0.30466E+00 -0.39169E-02  0.18103E-03  0.87668E+00  0.20094E-02 -0.72176E-02 -0.81008E+00 -0.28276E-01 -0.74387E+00 
  137.00  0.19325E+00 -0.29059E+00 -0.40488E-02  0.57363E-04  0.87676E+00  0.19427E-02 -0.74180E-02 -0.81588E+00 -0.27668E-01 -0.74772E+00 
  138.00  0.19360E+00 -0.27680E+00 -0.41742E-02 -0.97022E-04  0.87686E+00  0.18640E-02 -0.75693E-02 -0.82130E+00 -0.27061E-01 -0.75125E+00 
  139.00  0.19405E+00 -0.26329E+00 -0.42919E-02 -0.28144E-03  0.87699E+00  0.17749E-02 -0.76708E-02 -0.82635E+00 -0.26461E-01 -0.75446E+00 
  140.00  0.19460E+00 -0.25008E+00 -0.44006E-02 -0.49473E-03  0.87713E+00  0.16771E-02 -0.77226E-02 -0.83106E+00 -0.25871E-01 -0.75737E+00 
  141.00  0.19523E+00 -0.23715E+00 -0.44990E-02 -0.73531E-03  0.87729E+00  0.15723E-02 -0.77253E-02 -0.83543E+00 -0.25294E-01 -0.75999E+00 
  142.00  0.19596E+00 -0.22451E+00 -0.45861E-02 -0.10012E-02  0.87746E+00  0.14622E-02 -0.76802E-02 -0.83948E+00 -0.24732E-01 -0.76233E+00 
  143.00  0.19676E+00 -0.21216E+00 -0.46607E-02 -0.12902E-02  0.87762E+00  0.13486E-02 -0.75889E-02 -0.84323E+00 -0.24189E-01 -0.76441E+00 
  144.00  0.19763E+00 -0.20010E+00 -0.47217E-02 -0.15997E-02  0.87779E+00  0.12330E-02 -0.74535E-02 -0.84668E+00 -0.23664E-01 -0.76623E+00 
  145.00  0.19858E+00 -0.18834E+00 -0.47681E-02 -0.19269E-02  0.87795E+00  0.11170E-02 -0.72768E-02 -0.84985E+00 -0.23157E-01 -0.76780E+00 
  146.00  0.19959E+00 -0.17687E+00 -0.47990E-02 -0.22688E-02  0.87811E+00  0.10021E-02 -0.70614E-02 -0.85277E+00 -0.22667E-01 -0.76913E+00 
  147.00  0.20065E+00 -0.16570E+00 -0.48134E-02 -0.26221E-02  0.87825E+00  0.88949E-03 -0.68108E-02 -0.85543E+00 -0.22191E-01 -0.77023E+00 
  148.00  0.20177E+00 -0.15483E+00 -0.48106E-02 -0.29833E-02  0.87837E+00  0.78048E-03 -0.65284E-02 -0.85786E+00 -0.21727E-01 -0.77112E+00 
  149.00  0.20294E+00 -0.14427E+00 -0.47900E-02 -0.33488E-02  0.87848E+00  0.67609E-03 -0.62180E-02 -0.86006E+00 -0.21269E-01 -0.77180E+00 
  150.00  0.20415E+00 -0.13402E+00 -0.47512E-02 -0.37147E-02  0.87856E+00  0.57726E-03 -0.58838E-02 -0.86206E+00 -0.20813E-01 -0.77227E+00 
  151.00  0.20540E+00 -0.12410E+00 -0.46939E-02 -0.40769E-02  0.87862E+00  0.48479E-03 -0.55300E-02 -0.86386E+00 -0.20353E-01 -0.77255E+00 
  152.00  0.20669E+00 -0.11451E+00 -0.46182E-02 -0.44312E-02  0.87865E+00  0.39935E-03 -0.51611E-02 -0.86548E+00 -0.19883E-01 -0.77265E+00 
  153.00  0.20802E+00 -0.10526E+00 -0.45241E-02 -0.47734E-02  0.87865E+00  0.32147E-03 -0.47818E-02 -0.86692E+00 -0.19396E-01 -0.77257E+00 
  154.00  0.20938E+00 -0.96353E-01 -0.44121E-02 -0.50991E-02  0.87861E+00  0.25153E-03 -0.43967E-02 -0.86820E+00 -0.18887E-01 -0.77232E+00 
  155.00  0.21076E+00 -0.87812E-01 -0.42829E-02 -0.54043E-02  0.87855E+00  0.18977E-03 -0.40108E-02 -0.86934E+00 -0.18348E-01 -0.77192E+00 
  156.00  0.21218E+00 -0.79643E-01 -0.41373E-02 -0.56851E-02  0.87845E+00  0.13626E-03 -0.36285E-02 -0.87033E+00 -0.17775E-01 -0.77136E+00 
  157.00  0.21362E+00 -0.71859E-01 -0.39763E-02 -0.59378E-02  0.87832E+00  0.90920E-04 -0.32544E-02 -0.87119E+00 -0.17163E-01 -0.77066E+00 
  158.00  0.21509E+00 -0.64470E-01 -0.38011E-02 -0.61596E-02  0.87815E+00  0.53495E-04 -0.28926E-02 -0.87193E+00 -0.16507E-01 -0.76983E+00 
  159.00  0.21658E+00 -0.57488E-01 -0.36132E-02 -0.63481E-02  0.87795E+00  0.23585E-04 -0.25470E-02 -0.87255E+00 -0.15805E-01 -0.76886E+00 
  160.00  0.21809E+00 -0.50922E-01 -0.34138E-02 -0.65017E-02  0.87771E+00  0.64697E-06 -0.22208E-02 -0.87306E+00 -0.15056E-01 -0.76778E+00 
  161.00  0.21961E+00 -0.44783E-01 -0.32046E-02 -0.66197E-02  0.87744E+00 -0.15986E-04 -0.19168E-02 -0.87346E+00 -0.14258E-01 -0.76657E+00 
  162.00  0.22115E+00 -0.39077E-01 -0.29873E-02 -0.67023E-02  0.87713E+00 -0.27080E-04 -0.16369E-02 -0.87377E+00 -0.13413E-01 -0.76527E+00 
  163.00  0.22270E+00 -0.33809E-01 -0.27635E-02 -0.67507E-02  0.87679E+00 -0.33466E-04 -0.13826E-02 -0.87399E+00 -0.12524E-01 -0.76386E+00 
  164.00  0.22425E+00 -0.28981E-01 -0.25351E-02 -0.67668E-02  0.87642E+00 -0.36010E-04 -0.11544E-02 -0.87412E+00 -0.11596E-01 -0.76237E+00 
  165.00  0.22580E+00 -0.24593E-01 -0.23040E-02 -0.67535E-02  0.87603E+00 -0.35575E-04 -0.95250E-03 -0.87416E+00 -0.10635E-01 -0.76081E+00 
  166.00  0.22734E+00 -0.20638E-01 -0.20722E-02 -0.67141E-02  0.87562E+00 -0.32986E-04 -0.77611E-03 -0.87413E+00 -0.96494E-02 -0.75919E+00 
  167.00  0.22886E+00 -0.17109E-01 -0.18418E-02 -0.66528E-02  0.87519E+00 -0.29001E-04 -0.62412E-03 -0.87403E+00 -0.86480E-02 -0.75752E+00 
  168.00  0.23035E+00 -0.13992E-01 -0.16149E-02 -0.65739E-02  0.87475E+00 -0.24281E-04 -0.49491E-03 -0.87387E+00 -0.76422E-02 -0.75583E+00 
  169.00  0.23180E+00 -0.11269E-01 -0.13939E-02 -0.64818E-02  0.87431E+00 -0.19374E-04 -0.38655E-03 -0.87366E+00 -0.66441E-02 -0.75414E+00 
  170.00  0.23320E+00 -0.89183E-02 -0.11812E-02 -0.63813E-02  0.87387E+00 -0.14703E-04 -0.29691E-03 -0.87341E+00 -0.56671E-02 -0.75246E+00 
  171.00  0.23452E+00 -0.69159E-02 -0.97901E-03 -0.62766E-02  0.87344E+00 -0.10564E-04 -0.22376E-03 -0.87313E+00 -0.47251E-02 -0.75084E+00 
  172.00  0.23577E+00 -0.52342E-02 -0.78989E-03 -0.61720E-02  0.87303E+00 -0.71298E-05 -0.16489E-03 -0.87283E+00 -0.38325E-02 -0.74928E+00 
  173.00  0.23691E+00 -0.38439E-02 -0.61620E-03 -0.60711E-02  0.87265E+00 -0.44666E-05 -0.11818E-03 -0.87253E+00 -0.30035E-02 -0.74783E+00 
  174.00  0.23794E+00 -0.27153E-02 -0.46023E-03 -0.59774E-02  0.87230E+00 -0.25498E-05 -0.81704E-04 -0.87223E+00 -0.22521E-02 -0.74650E+00 
  175.00  0.23884E+00 -0.18192E-02 -0.32413E-03 -0.58935E-02  0.87199E+00 -0.12878E-05 -0.53742E-04 -0.87196E+00 -0.15914E-02 -0.74533E+00 
  176.00  0.23959E+00 -0.11284E-02 -0.20987E-03 -0.58219E-02  0.87173E+00 -0.54742E-06 -0.32835E-04 -0.87171E+00 -0.10332E-02 -0.74433E+00 
  177.00  0.24020E+00 -0.61866E-03 -0.11913E-03 -0.57644E-02  0.87152E+00 -0.17820E-06 -0.17792E-04 -0.87151E+00 -0.58770E-03 -0.74354E+00 
  178.00  0.24063E+00 -0.26975E-03 -0.53296E-04 -0.57224E-02  0.87136E+00 -0.35913E-07 -0.76936E-05 -0.87136E+00 -0.26330E-03 -0.74295E+00 
  179.00  0.24090E+00 -0.66648E-04 -0.13377E-04 -0.56968E-02  0.87127E+00 -0.22715E-08 -0.18914E-05 -0.87127E+00 -0.66143E-04 -0.74260E+00 
  180.00  0.24099E+00 -0.16452E-14 -0.33196E-15 -0.56882E-02  0.87124E+00 -0.14008E-29 -0.46613E-16 -0.87124E+00 -0.16419E-14 -0.74248E+00 
 scattering matrix expansion coefficients
    w  a11         a22         a33         a23         a32         a44         a12         a34         a13         a24         a14
    0  0.1000E+01  0.0000E+00  0.0000E+00  0.0000E+00  0.0000E+00  0.7639E+00  0.0000E+00  0.0000E+00  0.0000E+00  0.0000E+00  0.2682E-03
    1  0.2087E+01  0.0000E+00  0.0000E+00  0.0000E+00  0.0000E+00  0.2257E+01  0.0000E+00  0.0000E+00  0.0000E+00  0.0000E+00  0.3707E-03
    2  0.2795E+01  0.2521E+00  0.3734E+01 -0.5570E-06 -0.1029E-03  0.2812E+01 -0.4434E+00 -0.2260E-01 -0.2899E-03 -0.6931E-03 -0.1671E-02
    3  0.3080E+01  0.8359E-01  0.3542E+01  0.4580E-06 -0.4501E-03  0.3062E+01 -0.2561E+00 -0.1297E-01  0.6926E-03  0.1772E-03 -0.1054E-02
    4  0.3194E+01  0.2838E-01  0.3515E+01  0.8049E-08 -0.2065E-02  0.3179E+01 -0.1935E+00 -0.2841E-01 -0.8698E-03 -0.9314E-03 -0.6788E-03
    5  0.3147E+01  0.1859E-02  0.3416E+01  0.4389E-06 -0.2732E-02  0.3176E+01 -0.1847E+00 -0.4373E-01 -0.2568E-03  0.8540E-03  0.5871E-03
    6  0.3046E+01  0.2294E-01  0.3244E+01  0.1302E-06 -0.5497E-03  0.3034E+01 -0.1495E+00 -0.4974E-01 -0.7767E-03 -0.7249E-03  0.5341E-03
    7  0.2834E+01  0.1185E-01  0.3002E+01  0.2352E-06 -0.4898E-04  0.2824E+01 -0.1253E+00 -0.3798E-01  0.2249E-03  0.3699E-03  0.1601E-02
    8  0.2549E+01  0.2187E-02  0.2698E+01  0.3242E-06  0.1656E-03  0.2555E+01 -0.1341E+00 -0.3238E-01 -0.1524E-03  0.9932E-03  0.2047E-02
    9  0.2248E+01  0.2898E-02  0.2368E+01  0.6633E-06  0.1772E-03  0.2255E+01 -0.1380E+00 -0.3453E-01 -0.8820E-04 -0.4557E-03  0.1429E-03
   10  0.1962E+01  0.6376E-02  0.2054E+01  0.2500E-06  0.9351E-03  0.1962E+01 -0.1211E+00 -0.3997E-01 -0.5798E-04 -0.5725E-03 -0.1001E-02
   11  0.1686E+01  0.5147E-02  0.1760E+01  0.1846E-06  0.2396E-02  0.1685E+01 -0.1054E+00 -0.4028E-01  0.1064E-03 -0.3105E-03 -0.1519E-02
   12  0.1417E+01  0.3722E-02  0.1478E+01 -0.7067E-07  0.3321E-02  0.1415E+01 -0.9635E-01 -0.4009E-01  0.1149E-03 -0.1157E-03 -0.1693E-02
   13  0.1155E+01  0.1179E-02  0.1207E+01  0.5921E-07  0.3392E-02  0.1156E+01 -0.9286E-01 -0.3894E-01  0.6507E-04 -0.1392E-03 -0.2033E-02
   14  0.9199E+00  0.2022E-02  0.9597E+00  0.1075E-06  0.2599E-02  0.9199E+00 -0.8306E-01 -0.3604E-01 -0.7189E-04 -0.2066E-05 -0.2088E-02
   15  0.7181E+00  0.3067E-02  0.7472E+00  0.1249E-06  0.1633E-02  0.7155E+00 -0.6706E-01 -0.3014E-01 -0.1192E-03  0.4978E-04 -0.1954E-02
   16  0.5468E+00  0.2688E-02  0.5688E+00  0.7502E-07  0.8979E-03  0.5440E+00 -0.5204E-01 -0.2277E-01 -0.7793E-04  0.9511E-05 -0.1755E-02
   17  0.4020E+00  0.1532E-02  0.4194E+00  0.5426E-07  0.4334E-03  0.4009E+00 -0.4186E-01 -0.1575E-01 -0.1487E-04 -0.9323E-05 -0.1417E-02
   18  0.2851E+00  0.1168E-02  0.2978E+00  0.4063E-07  0.1040E-03  0.2844E+00 -0.3320E-01 -0.1025E-01  0.1087E-05  0.2016E-04 -0.9318E-03
   19  0.1953E+00  0.1085E-02  0.2039E+00  0.1449E-07 -0.9914E-04  0.1944E+00 -0.2471E-01 -0.6300E-02  0.2690E-05  0.4884E-04 -0.4781E-03
   20  0.1288E+00  0.8572E-03  0.1346E+00  0.2906E-08 -0.1895E-03  0.1279E+00 -0.1749E-01 -0.3658E-02 -0.3448E-05  0.3967E-04 -0.2160E-03
   21  0.8076E-01  0.5106E-03  0.8461E-01  0.1964E-08 -0.1809E-03  0.8019E-01 -0.1242E-01 -0.1981E-02  0.9371E-06  0.2803E-04 -0.9159E-04
   22  0.4730E-01  0.3111E-03  0.4976E-01  0.3874E-08 -0.1260E-03  0.4696E-01 -0.8821E-02 -0.1006E-02  0.2844E-05  0.1383E-04 -0.4691E-04
   23  0.2545E-01  0.2301E-03  0.2688E-01  0.4608E-08 -0.7029E-04  0.2520E-01 -0.5969E-02 -0.4722E-03  0.3786E-05  0.7511E-05 -0.2507E-04
   24  0.1247E-01  0.1923E-03  0.1317E-01  0.3012E-08 -0.3237E-04  0.1224E-01 -0.3648E-02 -0.2068E-03  0.2718E-05  0.3388E-05 -0.1318E-04
   25  0.5532E-02  0.1404E-03  0.5824E-02  0.1714E-08 -0.1278E-04  0.5346E-02 -0.1969E-02 -0.8310E-04  0.1480E-05  0.1630E-05 -0.6077E-05
   26  0.2220E-02  0.8629E-04  0.2321E-02  0.7864E-09 -0.4330E-05  0.2099E-02 -0.9322E-03 -0.3117E-04  0.6191E-06  0.6615E-06 -0.2447E-05
   27  0.8068E-03  0.4410E-04  0.8344E-03  0.3220E-09 -0.1315E-05  0.7417E-03 -0.3886E-03 -0.1061E-04  0.2245E-06  0.2458E-06 -0.8347E-06
   28  0.2662E-03  0.1923E-04  0.2716E-03  0.1093E-09 -0.3609E-06  0.2368E-03 -0.1435E-03 -0.3310E-05  0.7355E-07  0.7730E-07 -0.2524E-06
   29  0.7995E-04  0.7248E-05  0.8035E-04  0.2981E-10 -0.8978E-07  0.6858E-04 -0.4732E-04 -0.9516E-06  0.2038E-07  0.2442E-07 -0.7210E-07
   30  0.2192E-04  0.2406E-05  0.2166E-04  0.5804E-11 -0.2021E-07  0.1807E-04 -0.1402E-04 -0.2569E-06  0.5018E-08  0.7249E-08 -0.1940E-07
   31  0.5495E-05  0.7079E-06  0.5332E-05  0.5805E-12 -0.3879E-08  0.4341E-05 -0.3748E-05 -0.6360E-07  0.9635E-09  0.2137E-08 -0.5173E-08
   32  0.1259E-05  0.1861E-06  0.1199E-05 -0.1720E-12 -0.5936E-09  0.9506E-06 -0.9062E-06 -0.1495E-07  0.1291E-09  0.5245E-09 -0.1145E-08
   33  0.2628E-06  0.4371E-07  0.2455E-06 -0.1325E-12 -0.9089E-10  0.1895E-06 -0.1981E-06 -0.2997E-08  0.1417E-10  0.1082E-09 -0.2274E-09
   34  0.5015E-07  0.9188E-08  0.4601E-07 -0.5799E-13 -0.8213E-11  0.3456E-07 -0.3924E-07 -0.5671E-09  0.1503E-11  0.1673E-10 -0.3066E-10
   35  0.8577E-08  0.1714E-08  0.7721E-08 -0.1784E-13 -0.1482E-11  0.5643E-08 -0.6948E-08 -0.8109E-10  0.2302E-12  0.2482E-11 -0.4777E-11
   36  0.1435E-08  0.3015E-09  0.1276E-08 -0.4076E-14 -0.4735E-13  0.9137E-09 -0.1184E-08 -0.1455E-10  0.1041E-13  0.1841E-12 -0.2295E-12
   37  0.1829E-09  0.4158E-10  0.1590E-09 -0.7485E-15 -0.2646E-13  0.1107E-09 -0.1559E-09 -0.9874E-12  0.1247E-13  0.1997E-13 -0.3314E-13
   38  0.3571E-10  0.8066E-11  0.3108E-10 -0.1304E-15 -0.3976E-14  0.2159E-10 -0.3025E-10 -0.3829E-12  0.2017E-14  0.6089E-15  0.7148E-15
   39  0.2269E-11  0.5655E-12  0.1909E-11  0.3443E-17 -0.2956E-15  0.1285E-11 -0.2005E-11 -0.1755E-14  0.1437E-15 -0.7132E-16  0.2263E-15
   40  0.9351E-12  0.2242E-12  0.7920E-12  0.2340E-17 -0.2340E-15  0.5365E-12 -0.8064E-12 -0.1138E-13  0.1074E-15  0.4334E-16 -0.6454E-16
   41  0.1150E-13  0.3009E-14  0.9229E-14  0.8622E-18 -0.2876E-17  0.6581E-14 -0.1027E-13  0.4876E-16  0.1740E-18 -0.1203E-17  0.2602E-17
   42  0.2488E-13  0.6766E-14  0.2093E-13  0.2761E-18 -0.5542E-17  0.1323E-13 -0.2239E-13 -0.2880E-15  0.2500E-17  0.1511E-17 -0.2756E-17
