 input file is 
mstm23_256_5795_20_00226.inp  
 input file comments follow:
***********************************************************
  This is the default mstm input file for v.3.0.
  The run is for a 7-sphere cluster of identical spheres.   The positions
  are embedded in the input file.

  The run makes use of the new_run and multiple_run options.

  14 April 2013
***********************************************************
 number of processors:
   1
 input parameters for run number 
    1
 number of spheres, volume size parameter:
  256  0.36796E+01
 position file:
position/n256/a23.out                                       
 output file:
output/256/x5795/20/00226/mt_23_256_5795_20_00226.dat       
 length, ref. indx. scale factors:
   0.580   2.000   0.023
 chiral factors:
  0.00000E+00  0.00000E+00
 scattering matrix directions based on incident frame
 automatic scattering angle calculation
 thetamin, thetamax:
      0.0    180.0
 number scattering angles:
      181
 epsmie, epssoln, max number iterations:
  0.1000E-05  0.1000E-07 5000
 medium refractive index:
  1.0000  0.0000
 target euler rotation angles:
    0.0000    0.0000    0.0000
 far field kr, iterations/correction:
 -0.1000E+01   20
 plane wave incidence
 random orientation calculations
 t matrix calculated, stored in file 
tmatrixfiles/2325657952000226                               
 t matrix convergence epsilon:
  0.1000E-06
 all spheres excited (total T matrix) 
 calculation results for run 
    1
 total ext, abs, scat efficiencies, w.r.t. xv, and asym. parm
  0.47143E+01  0.21671E+00  0.44976E+01  0.73819E+00
 scattering matrix elements (normalized w/ S11)
   theta      11           12           13           14           22           23           24           33           34           44      
    0.00  0.57605E+02  0.00000E+00  0.00000E+00 -0.15471E-02  0.99958E+00 -0.40971E-03  0.00000E+00  0.99958E+00  0.00000E+00  0.99921E+00 
    1.00  0.57072E+02 -0.15581E-03  0.16580E-07 -0.15462E-02  0.99958E+00 -0.41149E-03  0.17780E-07  0.99958E+00 -0.93775E-05  0.99919E+00 
    2.00  0.55508E+02 -0.62422E-03  0.59627E-07 -0.15437E-02  0.99956E+00 -0.41679E-03  0.62032E-07  0.99956E+00 -0.38234E-04  0.99916E+00 
    3.00  0.53003E+02 -0.14083E-02  0.10830E-06 -0.15394E-02  0.99953E+00 -0.42537E-03  0.10530E-06  0.99953E+00 -0.88752E-04  0.99910E+00 
    4.00  0.49702E+02 -0.25134E-02  0.12518E-06 -0.15334E-02  0.99948E+00 -0.43680E-03  0.10134E-06  0.99948E+00 -0.16459E-03  0.99901E+00 
    5.00  0.45787E+02 -0.39475E-02  0.51924E-07 -0.15257E-02  0.99942E+00 -0.45034E-03 -0.15225E-07  0.99941E+00 -0.27091E-03  0.99889E+00 
    6.00  0.41462E+02 -0.57217E-02 -0.19771E-06 -0.15161E-02  0.99934E+00 -0.46471E-03 -0.32818E-06  0.99932E+00 -0.41427E-03  0.99872E+00 
    7.00  0.36937E+02 -0.78511E-02 -0.74792E-06 -0.15049E-02  0.99923E+00 -0.47794E-03 -0.93685E-06  0.99920E+00 -0.60246E-03  0.99851E+00 
    8.00  0.32408E+02 -0.10355E-01 -0.17746E-05 -0.14920E-02  0.99909E+00 -0.48699E-03 -0.19488E-05  0.99904E+00 -0.84396E-03  0.99823E+00 
    9.00  0.28047E+02 -0.13257E-01 -0.35227E-05 -0.14778E-02  0.99891E+00 -0.48742E-03 -0.34652E-05  0.99883E+00 -0.11469E-02  0.99787E+00 
   10.00  0.23990E+02 -0.16586E-01 -0.63248E-05 -0.14625E-02  0.99869E+00 -0.47309E-03 -0.55557E-05  0.99856E+00 -0.15176E-02  0.99741E+00 
   11.00  0.20331E+02 -0.20374E-01 -0.10616E-04 -0.14468E-02  0.99842E+00 -0.43593E-03 -0.82208E-05  0.99822E+00 -0.19578E-02  0.99683E+00 
   12.00  0.17125E+02 -0.24652E-01 -0.16934E-04 -0.14312E-02  0.99808E+00 -0.36624E-03 -0.11343E-04  0.99779E+00 -0.24617E-02  0.99612E+00 
   13.00  0.14386E+02 -0.29443E-01 -0.25889E-04 -0.14162E-02  0.99767E+00 -0.25357E-03 -0.14636E-04  0.99725E+00 -0.30127E-02  0.99525E+00 
   14.00  0.12099E+02 -0.34758E-01 -0.38080E-04 -0.14020E-02  0.99719E+00 -0.88659E-04 -0.17620E-04  0.99661E+00 -0.35820E-02  0.99421E+00 
   15.00  0.10226E+02 -0.40580E-01 -0.53966E-04 -0.13880E-02  0.99664E+00  0.13394E-03 -0.19648E-04  0.99584E+00 -0.41302E-02  0.99300E+00 
   16.00  0.87116E+01 -0.46866E-01 -0.73689E-04 -0.13725E-02  0.99602E+00  0.41312E-03 -0.20013E-04  0.99495E+00 -0.46136E-02  0.99162E+00 
   17.00  0.74986E+01 -0.53539E-01 -0.96913E-04 -0.13525E-02  0.99535E+00  0.73964E-03 -0.18125E-04  0.99395E+00 -0.49950E-02  0.99009E+00 
   18.00  0.65281E+01 -0.60506E-01 -0.12274E-03 -0.13240E-02  0.99464E+00  0.10968E-02 -0.13709E-04  0.99284E+00 -0.52545E-02  0.98844E+00 
   19.00  0.57478E+01 -0.67665E-01 -0.14972E-03 -0.12822E-02  0.99390E+00  0.14635E-02 -0.69422E-05  0.99163E+00 -0.53957E-02  0.98669E+00 
   20.00  0.51137E+01 -0.74917E-01 -0.17598E-03 -0.12227E-02  0.99314E+00  0.18182E-02  0.15296E-05  0.99034E+00 -0.54446E-02  0.98486E+00 
   21.00  0.45915E+01 -0.82181E-01 -0.19938E-03 -0.11424E-02  0.99236E+00  0.21429E-02  0.10683E-04  0.98898E+00 -0.54417E-02  0.98296E+00 
   22.00  0.41554E+01 -0.89389E-01 -0.21773E-03 -0.10398E-02  0.99158E+00  0.24253E-02  0.19289E-04  0.98755E+00 -0.54308E-02  0.98100E+00 
   23.00  0.37871E+01 -0.96491E-01 -0.22904E-03 -0.91583E-03  0.99078E+00  0.26602E-02  0.26109E-04  0.98606E+00 -0.54482E-02  0.97901E+00 
   24.00  0.34735E+01 -0.10346E+00 -0.23184E-03 -0.77418E-03  0.98998E+00  0.28489E-02  0.30090E-04  0.98453E+00 -0.55149E-02  0.97698E+00 
   25.00  0.32050E+01 -0.11028E+00 -0.22552E-03 -0.62087E-03  0.98918E+00  0.29987E-02  0.30531E-04  0.98297E+00 -0.56334E-02  0.97495E+00 
   26.00  0.29741E+01 -0.11698E+00 -0.21065E-03 -0.46369E-03  0.98839E+00  0.31215E-02  0.27197E-04  0.98139E+00 -0.57886E-02  0.97291E+00 
   27.00  0.27741E+01 -0.12361E+00 -0.18910E-03 -0.31104E-03  0.98761E+00  0.32317E-02  0.20346E-04  0.97978E+00 -0.59533E-02  0.97088E+00 
   28.00  0.25988E+01 -0.13024E+00 -0.16400E-03 -0.17049E-03  0.98685E+00  0.33439E-02  0.10663E-04  0.97814E+00 -0.60966E-02  0.96884E+00 
   29.00  0.24426E+01 -0.13697E+00 -0.13934E-03 -0.47603E-04  0.98609E+00  0.34707E-02 -0.89582E-06  0.97645E+00 -0.61926E-02  0.96676E+00 
   30.00  0.23003E+01 -0.14388E+00 -0.11955E-03  0.54948E-04  0.98532E+00  0.36209E-02 -0.13288E-04  0.97466E+00 -0.62275E-02  0.96460E+00 
   31.00  0.21679E+01 -0.15106E+00 -0.10898E-03  0.13752E-03  0.98453E+00  0.37984E-02 -0.25558E-04  0.97275E+00 -0.62036E-02  0.96231E+00 
   32.00  0.20423E+01 -0.15859E+00 -0.11150E-03  0.20319E-03  0.98370E+00  0.40023E-02 -0.36949E-04  0.97066E+00 -0.61401E-02  0.95982E+00 
   33.00  0.19218E+01 -0.16653E+00 -0.13018E-03  0.25719E-03  0.98281E+00  0.42269E-02 -0.46936E-04  0.96834E+00 -0.60708E-02  0.95709E+00 
   34.00  0.18055E+01 -0.17497E+00 -0.16717E-03  0.30608E-03  0.98185E+00  0.44631E-02 -0.55211E-04  0.96575E+00 -0.60411E-02  0.95406E+00 
   35.00  0.16935E+01 -0.18395E+00 -0.22347E-03  0.35694E-03  0.98080E+00  0.46994E-02 -0.61607E-04  0.96285E+00 -0.61024E-02  0.95067E+00 
   36.00  0.15866E+01 -0.19357E+00 -0.29891E-03  0.41651E-03  0.97966E+00  0.49228E-02 -0.66011E-04  0.95958E+00 -0.63075E-02  0.94689E+00 
   37.00  0.14853E+01 -0.20391E+00 -0.39210E-03  0.49024E-03  0.97842E+00  0.51207E-02 -0.68256E-04  0.95591E+00 -0.67036E-02  0.94266E+00 
   38.00  0.13904E+01 -0.21508E+00 -0.50050E-03  0.58125E-03  0.97709E+00  0.52814E-02 -0.68022E-04  0.95178E+00 -0.73270E-02  0.93793E+00 
   39.00  0.13019E+01 -0.22715E+00 -0.62067E-03  0.68946E-03  0.97566E+00  0.53961E-02 -0.64747E-04  0.94716E+00 -0.81983E-02  0.93267E+00 
   40.00  0.12198E+01 -0.24020E+00 -0.74861E-03  0.81096E-03  0.97412E+00  0.54586E-02 -0.57569E-04  0.94200E+00 -0.93198E-02  0.92683E+00 
   41.00  0.11436E+01 -0.25427E+00 -0.88011E-03  0.93781E-03  0.97246E+00  0.54656E-02 -0.45307E-04  0.93624E+00 -0.10675E-01  0.92034E+00 
   42.00  0.10727E+01 -0.26933E+00 -0.10111E-02  0.10584E-02  0.97068E+00  0.54156E-02 -0.26492E-04  0.92986E+00 -0.12233E-01  0.91316E+00 
   43.00  0.10065E+01 -0.28530E+00 -0.11377E-02  0.11584E-02  0.96874E+00  0.53081E-02  0.55243E-06  0.92282E+00 -0.13950E-01  0.90525E+00 
   44.00  0.94431E+00 -0.30206E+00 -0.12564E-02  0.12216E-02  0.96665E+00  0.51422E-02  0.37572E-04  0.91511E+00 -0.15772E-01  0.89661E+00 
   45.00  0.88593E+00 -0.31938E+00 -0.13635E-02  0.12321E-02  0.96440E+00  0.49165E-02  0.86176E-04  0.90675E+00 -0.17640E-01  0.88726E+00 
   46.00  0.83128E+00 -0.33702E+00 -0.14550E-02  0.11759E-02  0.96199E+00  0.46293E-02  0.14756E-03  0.89780E+00 -0.19487E-01  0.87725E+00 
   47.00  0.78054E+00 -0.35466E+00 -0.15267E-02  0.10429E-02  0.95944E+00  0.42797E-02  0.22216E-03  0.88836E+00 -0.21240E-01  0.86673E+00 
   48.00  0.73400E+00 -0.37200E+00 -0.15740E-02  0.83017E-03  0.95680E+00  0.38701E-02  0.30928E-03  0.87857E+00 -0.22816E-01  0.85585E+00 
   49.00  0.69198E+00 -0.38872E+00 -0.15930E-02  0.54320E-03  0.95415E+00  0.34082E-02  0.40680E-03  0.86860E+00 -0.24130E-01  0.84485E+00 
   50.00  0.65470E+00 -0.40458E+00 -0.15808E-02  0.19785E-03  0.95155E+00  0.29080E-02  0.51103E-03  0.85862E+00 -0.25103E-01  0.83395E+00 
   51.00  0.62218E+00 -0.41945E+00 -0.15370E-02 -0.18045E-03  0.94908E+00  0.23906E-02  0.61694E-03  0.84880E+00 -0.25667E-01  0.82335E+00 
   52.00  0.59418E+00 -0.43333E+00 -0.14641E-02 -0.55949E-03  0.94681E+00  0.18814E-02  0.71870E-03  0.83922E+00 -0.25785E-01  0.81317E+00 
   53.00  0.57024E+00 -0.44635E+00 -0.13676E-02 -0.90501E-03  0.94477E+00  0.14068E-02  0.81058E-03  0.82988E+00 -0.25452E-01  0.80344E+00 
   54.00  0.54968E+00 -0.45877E+00 -0.12559E-02 -0.11864E-02  0.94296E+00  0.98964E-03  0.88788E-03  0.82069E+00 -0.24704E-01  0.79404E+00 
   55.00  0.53171E+00 -0.47091E+00 -0.11388E-02 -0.13817E-02  0.94136E+00  0.64527E-03  0.94762E-03  0.81147E+00 -0.23608E-01  0.78477E+00 
   56.00  0.51550E+00 -0.48311E+00 -0.10259E-02 -0.14800E-02  0.93988E+00  0.37951E-03  0.98897E-03  0.80197E+00 -0.22252E-01  0.77536E+00 
   57.00  0.50029E+00 -0.49563E+00 -0.92590E-03 -0.14828E-02  0.93845E+00  0.18855E-03  0.10132E-02  0.79193E+00 -0.20734E-01  0.76549E+00 
   58.00  0.48547E+00 -0.50869E+00 -0.84539E-03 -0.14019E-02  0.93700E+00  0.60638E-04  0.10235E-02  0.78112E+00 -0.19147E-01  0.75488E+00 
   59.00  0.47063E+00 -0.52240E+00 -0.78855E-03 -0.12574E-02  0.93544E+00 -0.21426E-04  0.10242E-02  0.76933E+00 -0.17576E-01  0.74330E+00 
   60.00  0.45558E+00 -0.53679E+00 -0.75711E-03 -0.10750E-02  0.93373E+00 -0.77405E-04  0.10209E-02  0.75643E+00 -0.16090E-01  0.73059E+00 
   61.00  0.44030E+00 -0.55178E+00 -0.75059E-03 -0.88282E-03  0.93183E+00 -0.12694E-03  0.10195E-02  0.74234E+00 -0.14741E-01  0.71666E+00 
   62.00  0.42496E+00 -0.56728E+00 -0.76657E-03 -0.70927E-03  0.92974E+00 -0.18713E-03  0.10261E-02  0.72706E+00 -0.13566E-01  0.70153E+00 
   63.00  0.40985E+00 -0.58312E+00 -0.80116E-03 -0.58033E-03  0.92749E+00 -0.27052E-03  0.10464E-02  0.71066E+00 -0.12582E-01  0.68528E+00 
   64.00  0.39527E+00 -0.59913E+00 -0.84947E-03 -0.51700E-03  0.92511E+00 -0.38355E-03  0.10850E-02  0.69327E+00 -0.11792E-01  0.66807E+00 
   65.00  0.38153E+00 -0.61511E+00 -0.90623E-03 -0.53304E-03  0.92267E+00 -0.52571E-03  0.11453E-02  0.67507E+00 -0.11184E-01  0.65009E+00 
   66.00  0.36890E+00 -0.63090E+00 -0.96639E-03 -0.63320E-03  0.92023E+00 -0.68963E-03  0.12285E-02  0.65625E+00 -0.10734E-01  0.63157E+00 
   67.00  0.35752E+00 -0.64636E+00 -0.10257E-02 -0.81248E-03  0.91787E+00 -0.86221E-03  0.13336E-02  0.63699E+00 -0.10408E-01  0.61271E+00 
   68.00  0.34748E+00 -0.66140E+00 -0.10813E-02 -0.10569E-02  0.91565E+00 -0.10269E-02  0.14574E-02  0.61745E+00 -0.10171E-01  0.59367E+00 
   69.00  0.33873E+00 -0.67596E+00 -0.11318E-02 -0.13455E-02  0.91360E+00 -0.11664E-02  0.15948E-02  0.59772E+00 -0.99872E-02  0.57456E+00 
   70.00  0.33115E+00 -0.69003E+00 -0.11769E-02 -0.16539E-02  0.91175E+00 -0.12658E-02  0.17395E-02  0.57783E+00 -0.98328E-02  0.55541E+00 
   71.00  0.32457E+00 -0.70361E+00 -0.12177E-02 -0.19575E-02  0.91008E+00 -0.13149E-02  0.18849E-02  0.55778E+00 -0.96939E-02  0.53617E+00 
   72.00  0.31878E+00 -0.71672E+00 -0.12554E-02 -0.22352E-02  0.90858E+00 -0.13095E-02  0.20247E-02  0.53747E+00 -0.95708E-02  0.51673E+00 
   73.00  0.31355E+00 -0.72939E+00 -0.12912E-02 -0.24709E-02  0.90721E+00 -0.12516E-02  0.21537E-02  0.51680E+00 -0.94769E-02  0.49698E+00 
   74.00  0.30870E+00 -0.74162E+00 -0.13258E-02 -0.26553E-02  0.90592E+00 -0.11491E-02  0.22680E-02  0.49566E+00 -0.94358E-02  0.47677E+00 
   75.00  0.30404E+00 -0.75343E+00 -0.13589E-02 -0.27854E-02  0.90469E+00 -0.10138E-02  0.23653E-02  0.47395E+00 -0.94778E-02  0.45597E+00 
   76.00  0.29947E+00 -0.76480E+00 -0.13892E-02 -0.28635E-02  0.90346E+00 -0.86021E-03  0.24444E-02  0.45157E+00 -0.96356E-02  0.43449E+00 
   77.00  0.29488E+00 -0.77570E+00 -0.14150E-02 -0.28958E-02  0.90223E+00 -0.70342E-03  0.25053E-02  0.42847E+00 -0.99393E-02  0.41224E+00 
   78.00  0.29025E+00 -0.78611E+00 -0.14337E-02 -0.28912E-02  0.90097E+00 -0.55783E-03  0.25482E-02  0.40461E+00 -0.10413E-01  0.38919E+00 
   79.00  0.28557E+00 -0.79600E+00 -0.14431E-02 -0.28591E-02  0.89968E+00 -0.43567E-03  0.25740E-02  0.37998E+00 -0.11072E-01  0.36533E+00 
   80.00  0.28086E+00 -0.80532E+00 -0.14412E-02 -0.28085E-02  0.89836E+00 -0.34597E-03  0.25831E-02  0.35458E+00 -0.11919E-01  0.34068E+00 
   81.00  0.27615E+00 -0.81406E+00 -0.14269E-02 -0.27468E-02  0.89702E+00 -0.29392E-03  0.25756E-02  0.32844E+00 -0.12944E-01  0.31526E+00 
   82.00  0.27149E+00 -0.82218E+00 -0.14004E-02 -0.26788E-02  0.89567E+00 -0.28052E-03  0.25512E-02  0.30158E+00 -0.14122E-01  0.28912E+00 
   83.00  0.26691E+00 -0.82966E+00 -0.13633E-02 -0.26066E-02  0.89431E+00 -0.30271E-03  0.25088E-02  0.27405E+00 -0.15418E-01  0.26231E+00 
   84.00  0.26244E+00 -0.83647E+00 -0.13187E-02 -0.25295E-02  0.89297E+00 -0.35373E-03  0.24469E-02  0.24586E+00 -0.16784E-01  0.23487E+00 
   85.00  0.25812E+00 -0.84257E+00 -0.12713E-02 -0.24445E-02  0.89165E+00 -0.42390E-03  0.23635E-02  0.21706E+00 -0.18166E-01  0.20685E+00 
   86.00  0.25396E+00 -0.84792E+00 -0.12264E-02 -0.23468E-02  0.89035E+00 -0.50159E-03  0.22568E-02  0.18767E+00 -0.19503E-01  0.17831E+00 
   87.00  0.24995E+00 -0.85249E+00 -0.11906E-02 -0.22308E-02  0.88906E+00 -0.57434E-03  0.21253E-02  0.15775E+00 -0.20736E-01  0.14930E+00 
   88.00  0.24609E+00 -0.85621E+00 -0.11700E-02 -0.20906E-02  0.88778E+00 -0.62997E-03  0.19681E-02  0.12733E+00 -0.21810E-01  0.11988E+00 
   89.00  0.24235E+00 -0.85902E+00 -0.11708E-02 -0.19215E-02  0.88650E+00 -0.65761E-03  0.17854E-02  0.96490E-01 -0.22675E-01  0.90105E-01 
   90.00  0.23873E+00 -0.86086E+00 -0.11981E-02 -0.17205E-02  0.88520E+00 -0.64859E-03  0.15785E-02  0.65294E-01 -0.23292E-01  0.60064E-01 
   91.00  0.23520E+00 -0.86167E+00 -0.12558E-02 -0.14865E-02  0.88387E+00 -0.59704E-03  0.13504E-02  0.33838E-01 -0.23633E-01  0.29841E-01 
   92.00  0.23174E+00 -0.86138E+00 -0.13459E-02 -0.12210E-02  0.88249E+00 -0.50023E-03  0.11054E-02  0.22278E-02 -0.23684E-01 -0.46365E-03 
   93.00  0.22832E+00 -0.85994E+00 -0.14690E-02 -0.92825E-03  0.88104E+00 -0.35874E-03  0.84892E-03 -0.29415E-01 -0.23445E-01 -0.30739E-01 
   94.00  0.22492E+00 -0.85730E+00 -0.16232E-02 -0.61465E-03  0.87952E+00 -0.17628E-03  0.58789E-03 -0.60960E-01 -0.22929E-01 -0.60869E-01 
   95.00  0.22154E+00 -0.85345E+00 -0.18049E-02 -0.28872E-03  0.87791E+00  0.40573E-04  0.32995E-03 -0.92272E-01 -0.22162E-01 -0.90729E-01 
   96.00  0.21816E+00 -0.84835E+00 -0.20085E-02  0.39552E-04  0.87621E+00  0.28291E-03  0.83282E-04 -0.12321E+00 -0.21183E-01 -0.12020E+00 
   97.00  0.21477E+00 -0.84203E+00 -0.22269E-02  0.35933E-03  0.87441E+00  0.53998E-03 -0.14371E-03 -0.15366E+00 -0.20041E-01 -0.14916E+00 
   98.00  0.21139E+00 -0.83451E+00 -0.24511E-02  0.65959E-03  0.87252E+00  0.79988E-03 -0.34287E-03 -0.18347E+00 -0.18793E-01 -0.17751E+00 
   99.00  0.20801E+00 -0.82581E+00 -0.26713E-02  0.92981E-03  0.87056E+00  0.10502E-02 -0.50659E-03 -0.21256E+00 -0.17502E-01 -0.20514E+00 
  100.00  0.20465E+00 -0.81601E+00 -0.28764E-02  0.11606E-02  0.86852E+00  0.12785E-02 -0.62818E-03 -0.24083E+00 -0.16236E-01 -0.23196E+00 
  101.00  0.20131E+00 -0.80516E+00 -0.30551E-02  0.13442E-02  0.86644E+00  0.14734E-02 -0.70218E-03 -0.26820E+00 -0.15064E-01 -0.25793E+00 
  102.00  0.19802E+00 -0.79335E+00 -0.31959E-02  0.14752E-02  0.86433E+00  0.16242E-02 -0.72454E-03 -0.29462E+00 -0.14052E-01 -0.28297E+00 
  103.00  0.19480E+00 -0.78068E+00 -0.32877E-02  0.15505E-02  0.86221E+00  0.17225E-02 -0.69284E-03 -0.32007E+00 -0.13263E-01 -0.30706E+00 
  104.00  0.19167E+00 -0.76724E+00 -0.33204E-02  0.15694E-02  0.86012E+00  0.17615E-02 -0.60636E-03 -0.34454E+00 -0.12749E-01 -0.33019E+00 
  105.00  0.18864E+00 -0.75313E+00 -0.32851E-02  0.15341E-02  0.85809E+00  0.17369E-02 -0.46612E-03 -0.36802E+00 -0.12554E-01 -0.35235E+00 
  106.00  0.18574E+00 -0.73847E+00 -0.31748E-02  0.14490E-02  0.85613E+00  0.16468E-02 -0.27484E-03 -0.39055E+00 -0.12710E-01 -0.37355E+00 
  107.00  0.18300E+00 -0.72335E+00 -0.29850E-02  0.13207E-02  0.85429E+00  0.14919E-02 -0.36818E-04 -0.41216E+00 -0.13230E-01 -0.39381E+00 
  108.00  0.18042E+00 -0.70788E+00 -0.27139E-02  0.11571E-02  0.85259E+00  0.12753E-02  0.24225E-03 -0.43289E+00 -0.14115E-01 -0.41319E+00 
  109.00  0.17803E+00 -0.69215E+00 -0.23627E-02  0.96749E-03  0.85104E+00  0.10022E-02  0.55551E-03 -0.45282E+00 -0.15347E-01 -0.43171E+00 
  110.00  0.17583E+00 -0.67625E+00 -0.19357E-02  0.76124E-03  0.84967E+00  0.67988E-03  0.89521E-03 -0.47198E+00 -0.16892E-01 -0.44942E+00 
  111.00  0.17383E+00 -0.66025E+00 -0.14405E-02  0.54773E-03  0.84850E+00  0.31731E-03  0.12530E-02 -0.49045E+00 -0.18705E-01 -0.46638E+00 
  112.00  0.17204E+00 -0.64421E+00 -0.88766E-03  0.33557E-03  0.84752E+00 -0.75449E-04  0.16204E-02 -0.50829E+00 -0.20727E-01 -0.48263E+00 
  113.00  0.17045E+00 -0.62817E+00 -0.29020E-03  0.13226E-03  0.84674E+00 -0.48753E-03  0.19888E-02 -0.52555E+00 -0.22894E-01 -0.49823E+00 
  114.00  0.16905E+00 -0.61217E+00  0.33678E-03 -0.56140E-04  0.84616E+00 -0.90781E-03  0.23500E-02 -0.54227E+00 -0.25135E-01 -0.51322E+00 
  115.00  0.16784E+00 -0.59623E+00  0.97685E-03 -0.22512E-03  0.84575E+00 -0.13253E-02  0.26964E-02 -0.55850E+00 -0.27382E-01 -0.52764E+00 
  116.00  0.16681E+00 -0.58034E+00  0.16130E-02 -0.37171E-03  0.84552E+00 -0.17296E-02  0.30208E-02 -0.57427E+00 -0.29571E-01 -0.54152E+00 
  117.00  0.16593E+00 -0.56451E+00  0.22283E-02 -0.49431E-03  0.84543E+00 -0.21113E-02  0.33173E-02 -0.58961E+00 -0.31644E-01 -0.55489E+00 
  118.00  0.16520E+00 -0.54872E+00  0.28069E-02 -0.59246E-03  0.84547E+00 -0.24620E-02  0.35805E-02 -0.60453E+00 -0.33556E-01 -0.56776E+00 
  119.00  0.16459E+00 -0.53295E+00  0.33343E-02 -0.66652E-03  0.84562E+00 -0.27749E-02  0.38058E-02 -0.61902E+00 -0.35271E-01 -0.58016E+00 
  120.00  0.16409E+00 -0.51717E+00  0.37982E-02 -0.71741E-03  0.84585E+00 -0.30448E-02  0.39898E-02 -0.63309E+00 -0.36765E-01 -0.59207E+00 
  121.00  0.16369E+00 -0.50136E+00  0.41885E-02 -0.74631E-03  0.84614E+00 -0.32680E-02  0.41297E-02 -0.64673E+00 -0.38028E-01 -0.60349E+00 
  122.00  0.16337E+00 -0.48551E+00  0.44982E-02 -0.75445E-03  0.84648E+00 -0.34423E-02  0.42235E-02 -0.65992E+00 -0.39060E-01 -0.61443E+00 
  123.00  0.16311E+00 -0.46960E+00  0.47227E-02 -0.74304E-03  0.84684E+00 -0.35672E-02  0.42700E-02 -0.67265E+00 -0.39871E-01 -0.62486E+00 
  124.00  0.16291E+00 -0.45361E+00  0.48603E-02 -0.71317E-03  0.84721E+00 -0.36436E-02  0.42689E-02 -0.68489E+00 -0.40477E-01 -0.63478E+00 
  125.00  0.16277E+00 -0.43755E+00  0.49116E-02 -0.66592E-03  0.84759E+00 -0.36733E-02  0.42205E-02 -0.69662E+00 -0.40903E-01 -0.64416E+00 
  126.00  0.16266E+00 -0.42142E+00  0.48799E-02 -0.60240E-03  0.84796E+00 -0.36597E-02  0.41262E-02 -0.70782E+00 -0.41174E-01 -0.65301E+00 
  127.00  0.16260E+00 -0.40523E+00  0.47702E-02 -0.52395E-03  0.84833E+00 -0.36063E-02  0.39879E-02 -0.71848E+00 -0.41319E-01 -0.66131E+00 
  128.00  0.16258E+00 -0.38901E+00  0.45891E-02 -0.43221E-03  0.84868E+00 -0.35178E-02  0.38088E-02 -0.72860E+00 -0.41367E-01 -0.66906E+00 
  129.00  0.16260E+00 -0.37277E+00  0.43446E-02 -0.32930E-03  0.84902E+00 -0.33988E-02  0.35925E-02 -0.73816E+00 -0.41346E-01 -0.67626E+00 
  130.00  0.16267E+00 -0.35654E+00  0.40453E-02 -0.21788E-03  0.84935E+00 -0.32541E-02  0.33436E-02 -0.74716E+00 -0.41282E-01 -0.68293E+00 
  131.00  0.16279E+00 -0.34037E+00  0.37005E-02 -0.10112E-03  0.84968E+00 -0.30886E-02  0.30674E-02 -0.75563E+00 -0.41195E-01 -0.68907E+00 
  132.00  0.16296E+00 -0.32429E+00  0.33197E-02  0.17315E-04  0.85000E+00 -0.29069E-02  0.27697E-02 -0.76356E+00 -0.41104E-01 -0.69470E+00 
  133.00  0.16318E+00 -0.30834E+00  0.29121E-02  0.13340E-03  0.85033E+00 -0.27133E-02  0.24564E-02 -0.77099E+00 -0.41023E-01 -0.69986E+00 
  134.00  0.16348E+00 -0.29256E+00  0.24870E-02  0.24295E-03  0.85066E+00 -0.25119E-02  0.21338E-02 -0.77793E+00 -0.40962E-01 -0.70456E+00 
  135.00  0.16384E+00 -0.27701E+00  0.20529E-02  0.34182E-03  0.85099E+00 -0.23066E-02  0.18077E-02 -0.78440E+00 -0.40924E-01 -0.70883E+00 
  136.00  0.16428E+00 -0.26171E+00  0.16178E-02  0.42612E-03  0.85134E+00 -0.21009E-02  0.14840E-02 -0.79044E+00 -0.40909E-01 -0.71271E+00 
  137.00  0.16480E+00 -0.24673E+00  0.11893E-02  0.49245E-03  0.85169E+00 -0.18982E-02  0.11677E-02 -0.79607E+00 -0.40914E-01 -0.71621E+00 
  138.00  0.16541E+00 -0.23211E+00  0.77401E-03  0.53809E-03  0.85206E+00 -0.17017E-02  0.86342E-03 -0.80130E+00 -0.40931E-01 -0.71936E+00 
  139.00  0.16611E+00 -0.21788E+00  0.37773E-03  0.56108E-03  0.85244E+00 -0.15145E-02  0.57484E-03 -0.80616E+00 -0.40947E-01 -0.72219E+00 
  140.00  0.16690E+00 -0.20409E+00  0.54418E-05  0.56028E-03  0.85284E+00 -0.13393E-02  0.30507E-03 -0.81067E+00 -0.40950E-01 -0.72471E+00 
  141.00  0.16780E+00 -0.19078E+00 -0.33885E-03  0.53542E-03  0.85325E+00 -0.11787E-02  0.56502E-04 -0.81484E+00 -0.40924E-01 -0.72695E+00 
  142.00  0.16880E+00 -0.17797E+00 -0.65218E-03  0.48699E-03  0.85368E+00 -0.10347E-02 -0.16904E-03 -0.81870E+00 -0.40854E-01 -0.72892E+00 
  143.00  0.16990E+00 -0.16568E+00 -0.93263E-03  0.41616E-03  0.85413E+00 -0.90872E-03 -0.37019E-03 -0.82226E+00 -0.40723E-01 -0.73064E+00 
  144.00  0.17109E+00 -0.15394E+00 -0.11793E-02  0.32465E-03  0.85459E+00 -0.80179E-03 -0.54595E-03 -0.82553E+00 -0.40517E-01 -0.73213E+00 
  145.00  0.17239E+00 -0.14275E+00 -0.13924E-02  0.21464E-03  0.85508E+00 -0.71397E-03 -0.69554E-03 -0.82854E+00 -0.40225E-01 -0.73342E+00 
  146.00  0.17378E+00 -0.13211E+00 -0.15729E-02  0.88644E-04  0.85558E+00 -0.64465E-03 -0.81841E-03 -0.83131E+00 -0.39835E-01 -0.73451E+00 
  147.00  0.17525E+00 -0.12200E+00 -0.17225E-02 -0.50575E-04  0.85609E+00 -0.59247E-03 -0.91417E-03 -0.83385E+00 -0.39342E-01 -0.73544E+00 
  148.00  0.17680E+00 -0.11242E+00 -0.18434E-02 -0.20004E-03  0.85661E+00 -0.55546E-03 -0.98264E-03 -0.83620E+00 -0.38742E-01 -0.73622E+00 
  149.00  0.17843E+00 -0.10334E+00 -0.19384E-02 -0.35657E-03  0.85714E+00 -0.53117E-03 -0.10239E-02 -0.83837E+00 -0.38033E-01 -0.73687E+00 
  150.00  0.18012E+00 -0.94741E-01 -0.20098E-02 -0.51684E-03  0.85767E+00 -0.51692E-03 -0.10385E-02 -0.84038E+00 -0.37218E-01 -0.73740E+00 
  151.00  0.18187E+00 -0.86598E-01 -0.20604E-02 -0.67735E-03  0.85818E+00 -0.50992E-03 -0.10274E-02 -0.84225E+00 -0.36300E-01 -0.73782E+00 
  152.00  0.18367E+00 -0.78890E-01 -0.20924E-02 -0.83445E-03  0.85868E+00 -0.50754E-03 -0.99207E-03 -0.84399E+00 -0.35285E-01 -0.73814E+00 
  153.00  0.18552E+00 -0.71597E-01 -0.21078E-02 -0.98443E-03  0.85915E+00 -0.50742E-03 -0.93461E-03 -0.84561E+00 -0.34178E-01 -0.73835E+00 
  154.00  0.18740E+00 -0.64701E-01 -0.21081E-02 -0.11236E-02  0.85957E+00 -0.50759E-03 -0.85769E-03 -0.84711E+00 -0.32986E-01 -0.73845E+00 
  155.00  0.18932E+00 -0.58188E-01 -0.20949E-02 -0.12482E-02  0.85995E+00 -0.50649E-03 -0.76455E-03 -0.84850E+00 -0.31717E-01 -0.73843E+00 
  156.00  0.19126E+00 -0.52046E-01 -0.20692E-02 -0.13551E-02  0.86027E+00 -0.50297E-03 -0.65879E-03 -0.84977E+00 -0.30378E-01 -0.73827E+00 
  157.00  0.19323E+00 -0.46265E-01 -0.20320E-02 -0.14411E-02  0.86051E+00 -0.49625E-03 -0.54433E-03 -0.85092E+00 -0.28976E-01 -0.73797E+00 
  158.00  0.19522E+00 -0.40838E-01 -0.19845E-02 -0.15039E-02  0.86068E+00 -0.48581E-03 -0.42515E-03 -0.85195E+00 -0.27518E-01 -0.73751E+00 
  159.00  0.19723E+00 -0.35758E-01 -0.19276E-02 -0.15417E-02  0.86076E+00 -0.47135E-03 -0.30519E-03 -0.85285E+00 -0.26011E-01 -0.73688E+00 
  160.00  0.19925E+00 -0.31020E-01 -0.18624E-02 -0.15534E-02  0.86075E+00 -0.45272E-03 -0.18817E-03 -0.85363E+00 -0.24463E-01 -0.73606E+00 
  161.00  0.20128E+00 -0.26621E-01 -0.17900E-02 -0.15387E-02  0.86065E+00 -0.42986E-03 -0.77448E-04 -0.85427E+00 -0.22882E-01 -0.73506E+00 
  162.00  0.20331E+00 -0.22556E-01 -0.17114E-02 -0.14980E-02  0.86045E+00 -0.40286E-03  0.24069E-04 -0.85479E+00 -0.21274E-01 -0.73387E+00 
  163.00  0.20535E+00 -0.18826E-01 -0.16273E-02 -0.14324E-02  0.86016E+00 -0.37192E-03  0.11397E-03 -0.85517E+00 -0.19648E-01 -0.73248E+00 
  164.00  0.20738E+00 -0.15432E-01 -0.15384E-02 -0.13437E-02  0.85976E+00 -0.33747E-03  0.19036E-03 -0.85544E+00 -0.18012E-01 -0.73089E+00 
  165.00  0.20940E+00 -0.12376E-01 -0.14447E-02 -0.12341E-02  0.85928E+00 -0.30017E-03  0.25191E-03 -0.85558E+00 -0.16375E-01 -0.72912E+00 
  166.00  0.21140E+00 -0.96639E-02 -0.13463E-02 -0.11064E-02  0.85870E+00 -0.26091E-03  0.29780E-03 -0.85560E+00 -0.14745E-01 -0.72716E+00 
  167.00  0.21338E+00 -0.72985E-02 -0.12429E-02 -0.96345E-03  0.85805E+00 -0.22083E-03  0.32775E-03 -0.85550E+00 -0.13132E-01 -0.72502E+00 
  168.00  0.21534E+00 -0.52815E-02 -0.11343E-02 -0.80865E-03  0.85732E+00 -0.18127E-03  0.34199E-03 -0.85529E+00 -0.11548E-01 -0.72274E+00 
  169.00  0.21725E+00 -0.36104E-02 -0.10204E-02 -0.64549E-03  0.85655E+00 -0.14358E-03  0.34132E-03 -0.85497E+00 -0.10003E-01 -0.72032E+00 
  170.00  0.21911E+00 -0.22760E-02 -0.90149E-03 -0.47768E-03  0.85573E+00 -0.10909E-03  0.32706E-03 -0.85456E+00 -0.85110E-02 -0.71781E+00 
  171.00  0.22090E+00 -0.12606E-02 -0.77871E-03 -0.30909E-03  0.85490E+00 -0.78912E-04  0.30106E-03 -0.85406E+00 -0.70860E-02 -0.71524E+00 
  172.00  0.22261E+00 -0.53765E-03 -0.65384E-03 -0.14369E-03  0.85406E+00 -0.53802E-04  0.26567E-03 -0.85350E+00 -0.57440E-02 -0.71268E+00 
  173.00  0.22420E+00 -0.70811E-04 -0.52956E-03  0.14528E-04  0.85325E+00 -0.34106E-04  0.22367E-03 -0.85290E+00 -0.45020E-02 -0.71018E+00 
  174.00  0.22565E+00  0.18413E-03 -0.40930E-03  0.16158E-03  0.85249E+00 -0.19709E-04  0.17812E-03 -0.85229E+00 -0.33777E-02 -0.70782E+00 
  175.00  0.22694E+00  0.27710E-03 -0.29712E-03  0.29366E-03  0.85180E+00 -0.10071E-04  0.13229E-03 -0.85170E+00 -0.23888E-02 -0.70565E+00 
  176.00  0.22804E+00  0.26038E-03 -0.19737E-03  0.40722E-03  0.85121E+00 -0.43259E-05  0.89386E-04 -0.85116E+00 -0.15524E-02 -0.70377E+00 
  177.00  0.22893E+00  0.18460E-03 -0.11435E-03  0.49910E-03  0.85072E+00 -0.14203E-05  0.52428E-04 -0.85070E+00 -0.88389E-03 -0.70222E+00 
  178.00  0.22958E+00  0.94605E-04 -0.51923E-04  0.56671E-03  0.85036E+00 -0.28808E-06  0.24004E-04 -0.85036E+00 -0.39630E-03 -0.70107E+00 
  179.00  0.22998E+00  0.25581E-04 -0.13150E-04  0.60809E-03  0.85014E+00 -0.18293E-07  0.61085E-05 -0.85014E+00 -0.99603E-04 -0.70037E+00 
  180.00  0.23011E+00  0.65014E-15 -0.32733E-15  0.62202E-03  0.85006E+00 -0.11296E-28  0.15229E-15 -0.85006E+00 -0.24730E-14 -0.70013E+00 
 scattering matrix expansion coefficients
    w  a11         a22         a33         a23         a32         a44         a12         a34         a13         a24         a14
    0  0.1000E+01  0.0000E+00  0.0000E+00  0.0000E+00  0.0000E+00  0.7971E+00  0.0000E+00  0.0000E+00  0.0000E+00  0.0000E+00 -0.9524E-03
    1  0.2215E+01  0.0000E+00  0.0000E+00  0.0000E+00  0.0000E+00  0.2353E+01  0.0000E+00  0.0000E+00  0.0000E+00  0.0000E+00 -0.2439E-02
    2  0.3099E+01  0.2120E+00  0.3904E+01  0.6837E-06  0.3657E-02  0.3109E+01 -0.3678E+00 -0.1206E-01 -0.5888E-03  0.7065E-03 -0.3598E-02
    3  0.3581E+01  0.6715E-01  0.4009E+01  0.2049E-06  0.2223E-02  0.3582E+01 -0.2138E+00 -0.5102E-02 -0.8223E-03  0.1100E-03 -0.4735E-02
    4  0.3901E+01  0.3720E-01  0.4200E+01  0.2108E-06 -0.8920E-03  0.3867E+01 -0.1334E+00 -0.1515E-01 -0.1258E-03  0.6755E-04 -0.6440E-02
    5  0.3991E+01 -0.5374E-02  0.4269E+01 -0.7994E-06 -0.3371E-02  0.4014E+01 -0.1431E+00 -0.6950E-02 -0.3811E-03 -0.3502E-03 -0.7383E-02
    6  0.4002E+01  0.9002E-02  0.4218E+01 -0.3266E-06 -0.5668E-02  0.4008E+01 -0.1440E+00 -0.9495E-02 -0.7184E-03 -0.4704E-03 -0.7180E-02
    7  0.3949E+01  0.1018E-01  0.4115E+01 -0.1001E-05 -0.4731E-02  0.3947E+01 -0.1173E+00 -0.4743E-02  0.7413E-03  0.5585E-03 -0.6432E-02
    8  0.3854E+01  0.8022E-02  0.3990E+01 -0.1332E-06 -0.4034E-02  0.3847E+01 -0.9018E-01 -0.4923E-02 -0.2233E-03 -0.6070E-04 -0.6166E-02
    9  0.3691E+01 -0.1229E-02  0.3819E+01  0.6079E-07 -0.3344E-02  0.3698E+01 -0.8975E-01 -0.7948E-02 -0.1826E-03 -0.3646E-03 -0.5895E-02
   10  0.3480E+01  0.1415E-02  0.3593E+01 -0.1028E-06 -0.2134E-02  0.3486E+01 -0.8737E-01 -0.1405E-01  0.2149E-03  0.3511E-03 -0.4665E-02
   11  0.3223E+01  0.3721E-02  0.3322E+01  0.1542E-06 -0.2019E-02  0.3223E+01 -0.7579E-01 -0.1206E-01 -0.4548E-03  0.1350E-03 -0.4408E-02
   12  0.2922E+01  0.6727E-03  0.3014E+01  0.1232E-06 -0.2307E-02  0.2926E+01 -0.6856E-01 -0.8960E-02 -0.6571E-03 -0.9337E-04 -0.4374E-02
   13  0.2593E+01  0.6797E-03  0.2675E+01 -0.2626E-06 -0.1788E-02  0.2596E+01 -0.6365E-01 -0.8009E-02 -0.7279E-04 -0.2028E-03 -0.4188E-02
   14  0.2258E+01  0.3423E-02  0.2325E+01  0.1166E-07 -0.1446E-02  0.2255E+01 -0.5465E-01 -0.5907E-02  0.5329E-04 -0.1177E-03 -0.3648E-02
   15  0.1932E+01  0.1585E-02  0.1989E+01 -0.1816E-06 -0.1014E-02  0.1931E+01 -0.5005E-01 -0.3514E-02  0.1441E-03 -0.1154E-03 -0.3013E-02
   16  0.1637E+01  0.4745E-03  0.1684E+01 -0.1303E-06 -0.3297E-03  0.1638E+01 -0.4572E-01 -0.3996E-02  0.2491E-03 -0.2023E-04 -0.2333E-02
   17  0.1377E+01  0.7045E-03  0.1415E+01 -0.1907E-06  0.4799E-03  0.1377E+01 -0.3903E-01 -0.4914E-02  0.2613E-03  0.2504E-04 -0.1881E-02
   18  0.1145E+01  0.7467E-03  0.1176E+01 -0.1250E-06  0.7825E-03  0.1145E+01 -0.3262E-01 -0.4765E-02  0.1264E-03  0.1914E-04 -0.1864E-02
   19  0.9327E+00 -0.1823E-03  0.9592E+00 -0.1655E-06  0.6983E-03  0.9338E+00 -0.3060E-01 -0.3555E-02  0.3820E-04 -0.5101E-04 -0.1993E-02
   20  0.7420E+00 -0.4037E-03  0.7639E+00 -0.2436E-06  0.5248E-03  0.7435E+00 -0.2959E-01 -0.2181E-02 -0.7365E-05 -0.5121E-04 -0.1801E-02
   21  0.5799E+00 -0.9545E-06  0.5966E+00 -0.1889E-06  0.4802E-03  0.5806E+00 -0.2597E-01 -0.9976E-03  0.3913E-05  0.1280E-04 -0.1310E-02
   22  0.4491E+00  0.5611E-03  0.4611E+00 -0.7463E-07  0.4586E-03  0.4486E+00 -0.1953E-01 -0.1921E-03 -0.3125E-05  0.5232E-04 -0.8239E-03
   23  0.3442E+00  0.5978E-03  0.3531E+00 -0.8946E-08  0.3613E-03  0.3434E+00 -0.1373E-01  0.3968E-03 -0.2104E-04  0.5228E-04 -0.5071E-03
   24  0.2570E+00  0.2893E-03  0.2642E+00  0.6528E-08  0.1761E-03  0.2565E+00 -0.1091E-01  0.8139E-03 -0.4396E-04  0.3796E-04 -0.3518E-03
   25  0.1823E+00 -0.8755E-04  0.1884E+00  0.3985E-08  0.9852E-05  0.1826E+00 -0.1080E-01  0.1008E-02 -0.3011E-04  0.2211E-04 -0.2757E-03
   26  0.1204E+00 -0.1594E-03  0.1252E+00 -0.5150E-09 -0.9444E-04  0.1209E+00 -0.1092E-01  0.9294E-03 -0.1254E-04  0.1884E-04 -0.2033E-03
   27  0.7288E-01 -0.5432E-04  0.7621E-01  0.1928E-08 -0.1097E-03  0.7325E-01 -0.9883E-02  0.7047E-03  0.8647E-05  0.1336E-04 -0.1321E-03
   28  0.4020E-01  0.1019E-03  0.4217E-01  0.4792E-09 -0.8410E-04  0.4027E-01 -0.7592E-02  0.4387E-03  0.1395E-04  0.9559E-05 -0.7190E-04
   29  0.2014E-01  0.1673E-03  0.2114E-01 -0.7596E-09 -0.4789E-04  0.2001E-01 -0.4987E-02  0.2338E-03  0.1261E-04  0.4961E-05 -0.3374E-04
   30  0.9181E-02  0.1556E-03  0.9604E-02 -0.1431E-08 -0.2257E-04  0.9000E-02 -0.2825E-02  0.1055E-03  0.7543E-05  0.2316E-05 -0.1376E-04
   31  0.3812E-02  0.1056E-03  0.3965E-02 -0.1285E-08 -0.8897E-05  0.3671E-02 -0.1401E-02  0.4175E-04  0.3752E-05  0.8664E-06 -0.5081E-05
   32  0.1447E-02  0.5863E-04  0.1492E-02 -0.7673E-09 -0.3072E-05  0.1362E-02 -0.6146E-03  0.1421E-04  0.1503E-05  0.3102E-06 -0.1725E-05
   33  0.5038E-03  0.2749E-04  0.5141E-03 -0.3249E-09 -0.9337E-06  0.4621E-03 -0.2412E-03  0.4276E-05  0.5322E-06  0.9888E-07 -0.5444E-06
   34  0.1615E-03  0.1124E-04  0.1628E-03 -0.1071E-09 -0.2575E-06  0.1439E-03 -0.8533E-04  0.1142E-05  0.1622E-06  0.2997E-07 -0.1551E-06
   35  0.4784E-04  0.4057E-05  0.4758E-04 -0.2496E-10 -0.6709E-07  0.4132E-04 -0.2745E-04  0.2840E-06  0.4572E-07  0.8645E-08 -0.4001E-07
   36  0.1317E-04  0.1318E-05  0.1291E-04 -0.4935E-11 -0.1640E-07  0.1101E-04 -0.8089E-05  0.6548E-07  0.1156E-07  0.2666E-08 -0.9403E-08
   37  0.3382E-05  0.3890E-06  0.3269E-05 -0.1744E-11 -0.3604E-08  0.2737E-05 -0.2201E-05  0.1411E-07  0.2687E-08  0.7320E-09 -0.1766E-08
   38  0.8150E-06  0.1057E-06  0.7761E-06 -0.9764E-12 -0.6302E-09  0.6376E-06 -0.5564E-06  0.2770E-08  0.4943E-09  0.1465E-09 -0.2136E-09
   39  0.1849E-06  0.2651E-07  0.1736E-06 -0.3838E-12 -0.5559E-10  0.1399E-06 -0.1314E-06  0.5736E-09  0.7416E-10  0.6102E-11  0.5491E-10
   40  0.3984E-07  0.6176E-08  0.3690E-07 -0.1057E-13  0.1475E-10  0.2928E-07 -0.2919E-07  0.1206E-09  0.9619E-12 -0.1239E-10  0.3925E-10
   41  0.8164E-08  0.1338E-08  0.7477E-08  0.8019E-13  0.8717E-11  0.5863E-08 -0.6142E-08  0.5159E-10 -0.2419E-11 -0.6414E-11  0.1497E-10
   42  0.1793E-08  0.2844E-09  0.1646E-08  0.6105E-13  0.2057E-11  0.1304E-08 -0.1329E-08  0.1346E-10 -0.8931E-12 -0.2026E-11  0.4113E-11
   43  0.3418E-09  0.5483E-10  0.3114E-09  0.2904E-13  0.4196E-12  0.2478E-09 -0.2587E-09  0.6153E-11 -0.2730E-12  0.1526E-12 -0.3905E-12
   44  0.1123E-09  0.1652E-10  0.1039E-09  0.1066E-13  0.2222E-13  0.8408E-10 -0.8124E-10  0.5695E-12 -0.1830E-13 -0.1907E-12  0.2539E-12
   45  0.1601E-10  0.2435E-11  0.1451E-10  0.3246E-14 -0.3043E-13  0.1190E-10 -0.1194E-10  0.3557E-12 -0.5235E-14  0.1383E-12 -0.2301E-12
   46  0.8783E-11  0.1471E-11  0.7999E-11  0.8167E-15 -0.5798E-14  0.6237E-11 -0.6616E-11 -0.2461E-13  0.3224E-14 -0.1067E-13  0.3650E-14
   47  0.5250E-12  0.8631E-13  0.4592E-12  0.1822E-15 -0.2626E-14  0.3830E-12 -0.3965E-12  0.1017E-13  0.1247E-15  0.9570E-14 -0.1356E-13
   48  0.5199E-12  0.1008E-12  0.4573E-12  0.3664E-16 -0.8034E-15  0.3399E-12 -0.4122E-12 -0.2067E-14  0.4094E-15  0.4332E-15 -0.1529E-14
   49  0.5658E-14  0.8963E-15  0.4437E-14  0.5991E-17 -0.5092E-16  0.4577E-14 -0.3998E-14  0.1698E-15 -0.1653E-17  0.1980E-15 -0.2229E-15
   50  0.2141E-13  0.4835E-14  0.1859E-13  0.8300E-18 -0.4880E-16  0.1296E-13 -0.1795E-13 -0.6733E-16  0.2375E-16  0.6125E-16 -0.1146E-15
