 input file is 
mstm3_256_3360_18_0045.inp    
 input file comments follow:
***********************************************************
  This is the default mstm input file for v.3.0.
  The run is for a 7-sphere cluster of identical spheres.   The positions
  are embedded in the input file.

  The run makes use of the new_run and multiple_run options.

  14 April 2013
***********************************************************
 number of processors:
   1
 input parameters for run number 
    1
 number of spheres, volume size parameter:
  256  0.21335E+01
 position file:
position/n256/a3.out                                        
 output file:
output/256/x3360/18/0045/mt_3_256_3360_18_0045.dat          
 length, ref. indx. scale factors:
   0.336   1.800   0.045
 chiral factors:
  0.00000E+00  0.00000E+00
 scattering matrix directions based on incident frame
 automatic scattering angle calculation
 thetamin, thetamax:
      0.0    180.0
 number scattering angles:
      181
 epsmie, epssoln, max number iterations:
  0.1000E-05  0.1000E-07 5000
 medium refractive index:
  1.0000  0.0000
 target euler rotation angles:
    0.0000    0.0000    0.0000
 far field kr, iterations/correction:
 -0.1000E+01   20
 plane wave incidence
 random orientation calculations
 t matrix calculated, stored in file 
tmatrixfiles/32563360180045                                 
 t matrix convergence epsilon:
  0.1000E-06
 all spheres excited (total T matrix) 
 calculation results for run 
    1
 total ext, abs, scat efficiencies, w.r.t. xv, and asym. parm
  0.96218E+00  0.20891E+00  0.75326E+00  0.70021E+00
 scattering matrix elements (normalized w/ S11)
   theta      11           12           13           14           22           23           24           33           34           44      
    0.00  0.26072E+02  0.00000E+00  0.00000E+00 -0.11511E-03  0.99983E+00  0.11440E-04  0.00000E+00  0.99983E+00  0.00000E+00  0.99966E+00 
    1.00  0.25973E+02 -0.15065E-03  0.15151E-07 -0.11584E-03  0.99983E+00  0.11284E-04  0.42073E-09  0.99983E+00  0.24921E-05  0.99966E+00 
    2.00  0.25680E+02 -0.60282E-03  0.60872E-07 -0.11801E-03  0.99983E+00  0.10812E-04  0.22635E-08  0.99983E+00  0.99393E-05  0.99966E+00 
    3.00  0.25199E+02 -0.13571E-02  0.13798E-06 -0.12164E-03  0.99982E+00  0.10020E-04  0.72917E-08  0.99982E+00  0.22254E-04  0.99965E+00 
    4.00  0.24541E+02 -0.24147E-02  0.24784E-06 -0.12676E-03  0.99982E+00  0.88946E-05  0.18515E-07  0.99982E+00  0.39287E-04  0.99964E+00 
    5.00  0.23722E+02 -0.37769E-02  0.39242E-06 -0.13339E-03  0.99981E+00  0.74235E-05  0.40299E-07  0.99981E+00  0.60829E-04  0.99963E+00 
    6.00  0.22760E+02 -0.54458E-02  0.57426E-06 -0.14158E-03  0.99981E+00  0.55898E-05  0.78512E-07  0.99979E+00  0.86606E-04  0.99961E+00 
    7.00  0.21675E+02 -0.74238E-02  0.79656E-06 -0.15136E-03  0.99980E+00  0.33764E-05  0.14072E-06  0.99977E+00  0.11628E-03  0.99958E+00 
    8.00  0.20491E+02 -0.97138E-02  0.10631E-05 -0.16276E-03  0.99979E+00  0.76750E-06  0.23640E-06  0.99974E+00  0.14944E-03  0.99954E+00 
    9.00  0.19233E+02 -0.12319E-01  0.13783E-05 -0.17580E-03  0.99978E+00 -0.22484E-05  0.37721E-06  0.99970E+00  0.18562E-03  0.99948E+00 
   10.00  0.17925E+02 -0.15243E-01  0.17471E-05 -0.19049E-03  0.99976E+00 -0.56736E-05  0.57723E-06  0.99964E+00  0.22431E-03  0.99941E+00 
   11.00  0.16592E+02 -0.18491E-01  0.21746E-05 -0.20679E-03  0.99974E+00 -0.94957E-05  0.85322E-06  0.99957E+00  0.26494E-03  0.99932E+00 
   12.00  0.15257E+02 -0.22067E-01  0.26659E-05 -0.22462E-03  0.99972E+00 -0.13679E-04  0.12247E-05  0.99947E+00  0.30696E-03  0.99920E+00 
   13.00  0.13941E+02 -0.25975E-01  0.32254E-05 -0.24382E-03  0.99969E+00 -0.18154E-04  0.17141E-05  0.99935E+00  0.34986E-03  0.99906E+00 
   14.00  0.12666E+02 -0.30221E-01  0.38561E-05 -0.26413E-03  0.99966E+00 -0.22803E-04  0.23463E-05  0.99920E+00  0.39325E-03  0.99888E+00 
   15.00  0.11447E+02 -0.34808E-01  0.45576E-05 -0.28514E-03  0.99962E+00 -0.27446E-04  0.31480E-05  0.99901E+00  0.43700E-03  0.99866E+00 
   16.00  0.10298E+02 -0.39740E-01  0.53249E-05 -0.30629E-03  0.99958E+00 -0.31818E-04  0.41461E-05  0.99878E+00  0.48134E-03  0.99839E+00 
   17.00  0.92311E+01 -0.45019E-01  0.61456E-05 -0.32679E-03  0.99953E+00 -0.35551E-04  0.53658E-05  0.99850E+00  0.52713E-03  0.99807E+00 
   18.00  0.82526E+01 -0.50644E-01  0.69963E-05 -0.34561E-03  0.99948E+00 -0.38156E-04  0.68268E-05  0.99817E+00  0.57602E-03  0.99769E+00 
   19.00  0.73673E+01 -0.56611E-01  0.78398E-05 -0.36149E-03  0.99941E+00 -0.39015E-04  0.85388E-05  0.99779E+00  0.63075E-03  0.99725E+00 
   20.00  0.65768E+01 -0.62912E-01  0.86208E-05 -0.37291E-03  0.99934E+00 -0.37385E-04  0.10496E-04  0.99733E+00  0.69532E-03  0.99673E+00 
   21.00  0.58799E+01 -0.69534E-01  0.92643E-05 -0.37823E-03  0.99926E+00 -0.32433E-04  0.12670E-04  0.99681E+00  0.77512E-03  0.99615E+00 
   22.00  0.52731E+01 -0.76456E-01  0.96743E-05 -0.37581E-03  0.99918E+00 -0.23297E-04  0.15008E-04  0.99621E+00  0.87676E-03  0.99548E+00 
   23.00  0.47509E+01 -0.83657E-01  0.97381E-05 -0.36422E-03  0.99910E+00 -0.91849E-05  0.17427E-04  0.99554E+00  0.10077E-02  0.99474E+00 
   24.00  0.43065E+01 -0.91111E-01  0.93328E-05 -0.34249E-03  0.99901E+00  0.10500E-04  0.19818E-04  0.99479E+00  0.11753E-02  0.99393E+00 
   25.00  0.39317E+01 -0.98792E-01  0.83373E-05 -0.31038E-03  0.99893E+00  0.36041E-04  0.22056E-04  0.99396E+00  0.13861E-02  0.99304E+00 
   26.00  0.36180E+01 -0.10668E+00  0.66452E-05 -0.26847E-03  0.99884E+00  0.67318E-04  0.24015E-04  0.99305E+00  0.16442E-02  0.99207E+00 
   27.00  0.33564E+01 -0.11477E+00  0.41766E-05 -0.21823E-03  0.99877E+00  0.10378E-03  0.25581E-04  0.99206E+00  0.19508E-02  0.99103E+00 
   28.00  0.31383E+01 -0.12304E+00  0.88523E-06 -0.16182E-03  0.99869E+00  0.14453E-03  0.26673E-04  0.99099E+00  0.23034E-02  0.98992E+00 
   29.00  0.29552E+01 -0.13152E+00 -0.32414E-05 -0.10181E-03  0.99863E+00  0.18838E-03  0.27248E-04  0.98982E+00  0.26961E-02  0.98873E+00 
   30.00  0.27996E+01 -0.14021E+00 -0.81883E-05 -0.40870E-04  0.99857E+00  0.23409E-03  0.27303E-04  0.98856E+00  0.31201E-02  0.98744E+00 
   31.00  0.26645E+01 -0.14915E+00 -0.13923E-04  0.18570E-04  0.99851E+00  0.28045E-03  0.26874E-04  0.98719E+00  0.35645E-02  0.98605E+00 
   32.00  0.25442E+01 -0.15834E+00 -0.20405E-04  0.74497E-04  0.99845E+00  0.32641E-03  0.26019E-04  0.98570E+00  0.40177E-02  0.98454E+00 
   33.00  0.24338E+01 -0.16783E+00 -0.27599E-04  0.12541E-03  0.99839E+00  0.37110E-03  0.24812E-04  0.98407E+00  0.44675E-02  0.98289E+00 
   34.00  0.23296E+01 -0.17762E+00 -0.35476E-04  0.17031E-03  0.99833E+00  0.41386E-03  0.23329E-04  0.98229E+00  0.49016E-02  0.98108E+00 
   35.00  0.22287E+01 -0.18776E+00 -0.44016E-04  0.20863E-03  0.99825E+00  0.45422E-03  0.21643E-04  0.98033E+00  0.53081E-02  0.97910E+00 
   36.00  0.21293E+01 -0.19824E+00 -0.53210E-04  0.24016E-03  0.99817E+00  0.49179E-03  0.19815E-04  0.97819E+00  0.56754E-02  0.97692E+00 
   37.00  0.20303E+01 -0.20910E+00 -0.63052E-04  0.26491E-03  0.99807E+00  0.52627E-03  0.17899E-04  0.97583E+00  0.59919E-02  0.97452E+00 
   38.00  0.19313E+01 -0.22034E+00 -0.73535E-04  0.28304E-03  0.99795E+00  0.55740E-03  0.15935E-04  0.97324E+00  0.62459E-02  0.97188E+00 
   39.00  0.18324E+01 -0.23197E+00 -0.84646E-04  0.29481E-03  0.99782E+00  0.58489E-03  0.13953E-04  0.97041E+00  0.64264E-02  0.96897E+00 
   40.00  0.17340E+01 -0.24402E+00 -0.96354E-04  0.30054E-03  0.99767E+00  0.60842E-03  0.11977E-04  0.96729E+00  0.65225E-02  0.96579E+00 
   41.00  0.16371E+01 -0.25649E+00 -0.10861E-03  0.30052E-03  0.99749E+00  0.62765E-03  0.10030E-04  0.96389E+00  0.65248E-02  0.96229E+00 
   42.00  0.15424E+01 -0.26940E+00 -0.12133E-03  0.29509E-03  0.99730E+00  0.64218E-03  0.81341E-05  0.96016E+00  0.64256E-02  0.95845E+00 
   43.00  0.14510E+01 -0.28275E+00 -0.13439E-03  0.28455E-03  0.99708E+00  0.65163E-03  0.63210E-05  0.95608E+00  0.62205E-02  0.95426E+00 
   44.00  0.13637E+01 -0.29656E+00 -0.14765E-03  0.26920E-03  0.99684E+00  0.65564E-03  0.46381E-05  0.95163E+00  0.59094E-02  0.94967E+00 
   45.00  0.12813E+01 -0.31083E+00 -0.16090E-03  0.24934E-03  0.99658E+00  0.65392E-03  0.31566E-05  0.94677E+00  0.54980E-02  0.94468E+00 
   46.00  0.12045E+01 -0.32557E+00 -0.17393E-03  0.22526E-03  0.99630E+00  0.64633E-03  0.19793E-05  0.94149E+00  0.49990E-02  0.93924E+00 
   47.00  0.11335E+01 -0.34078E+00 -0.18648E-03  0.19723E-03  0.99600E+00  0.63292E-03  0.12481E-05  0.93575E+00  0.44331E-02  0.93335E+00 
   48.00  0.10686E+01 -0.35646E+00 -0.19830E-03  0.16553E-03  0.99569E+00  0.61399E-03  0.11488E-05  0.92953E+00  0.38285E-02  0.92696E+00 
   49.00  0.10098E+01 -0.37260E+00 -0.20917E-03  0.13039E-03  0.99536E+00  0.59012E-03  0.19118E-05  0.92281E+00  0.32208E-02  0.92007E+00 
   50.00  0.95685E+00 -0.38916E+00 -0.21889E-03  0.92038E-04  0.99504E+00  0.56219E-03  0.38086E-05  0.91556E+00  0.26508E-02  0.91266E+00 
   51.00  0.90951E+00 -0.40614E+00 -0.22736E-03  0.50653E-04  0.99471E+00  0.53133E-03  0.71427E-05  0.90777E+00  0.21616E-02  0.90470E+00 
   52.00  0.86727E+00 -0.42350E+00 -0.23455E-03  0.63809E-05  0.99438E+00  0.49886E-03  0.12235E-04  0.89942E+00  0.17957E-02  0.89619E+00 
   53.00  0.82956E+00 -0.44119E+00 -0.24052E-03 -0.40667E-04  0.99406E+00  0.46623E-03  0.19410E-04  0.89049E+00  0.15916E-02  0.88711E+00 
   54.00  0.79578E+00 -0.45919E+00 -0.24545E-03 -0.90401E-04  0.99374E+00  0.43491E-03  0.28972E-04  0.88097E+00  0.15808E-02  0.87745E+00 
   55.00  0.76530E+00 -0.47745E+00 -0.24960E-03 -0.14273E-03  0.99343E+00  0.40627E-03  0.41194E-04  0.87084E+00  0.17859E-02  0.86718E+00 
   56.00  0.73748E+00 -0.49593E+00 -0.25328E-03 -0.19755E-03  0.99311E+00  0.38157E-03  0.56300E-04  0.86009E+00  0.22196E-02  0.85630E+00 
   57.00  0.71176E+00 -0.51459E+00 -0.25690E-03 -0.25471E-03  0.99280E+00  0.36187E-03  0.74453E-04  0.84870E+00  0.28850E-02  0.84477E+00 
   58.00  0.68759E+00 -0.53341E+00 -0.26087E-03 -0.31397E-03  0.99249E+00  0.34801E-03  0.95744E-04  0.83664E+00  0.37761E-02  0.83259E+00 
   59.00  0.66451E+00 -0.55235E+00 -0.26563E-03 -0.37499E-03  0.99217E+00  0.34066E-03  0.12019E-03  0.82389E+00  0.48794E-02  0.81971E+00 
   60.00  0.64215E+00 -0.57137E+00 -0.27162E-03 -0.43731E-03  0.99184E+00  0.34028E-03  0.14771E-03  0.81043E+00  0.61753E-02  0.80612E+00 
   61.00  0.62021E+00 -0.59046E+00 -0.27929E-03 -0.50030E-03  0.99150E+00  0.34718E-03  0.17814E-03  0.79622E+00  0.76398E-02  0.79177E+00 
   62.00  0.59848E+00 -0.60957E+00 -0.28907E-03 -0.56319E-03  0.99113E+00  0.36156E-03  0.21119E-03  0.78123E+00  0.92452E-02  0.77664E+00 
   63.00  0.57683E+00 -0.62869E+00 -0.30138E-03 -0.62500E-03  0.99075E+00  0.38353E-03  0.24647E-03  0.76543E+00  0.10961E-01  0.76070E+00 
   64.00  0.55519E+00 -0.64779E+00 -0.31663E-03 -0.68456E-03  0.99034E+00  0.41308E-03  0.28343E-03  0.74879E+00  0.12757E-01  0.74391E+00 
   65.00  0.53357E+00 -0.66682E+00 -0.33519E-03 -0.74051E-03  0.98990E+00  0.45017E-03  0.32139E-03  0.73128E+00  0.14597E-01  0.72623E+00 
   66.00  0.51202E+00 -0.68577E+00 -0.35742E-03 -0.79131E-03  0.98943E+00  0.49465E-03  0.35948E-03  0.71285E+00  0.16449E-01  0.70763E+00 
   67.00  0.49063E+00 -0.70458E+00 -0.38364E-03 -0.83524E-03  0.98893E+00  0.54631E-03  0.39667E-03  0.69349E+00  0.18275E-01  0.68809E+00 
   68.00  0.46951E+00 -0.72322E+00 -0.41411E-03 -0.87044E-03  0.98840E+00  0.60481E-03  0.43175E-03  0.67315E+00  0.20041E-01  0.66757E+00 
   69.00  0.44881E+00 -0.74164E+00 -0.44901E-03 -0.89497E-03  0.98783E+00  0.66970E-03  0.46333E-03  0.65182E+00  0.21709E-01  0.64606E+00 
   70.00  0.42865E+00 -0.75980E+00 -0.48844E-03 -0.90687E-03  0.98724E+00  0.74035E-03  0.48986E-03  0.62947E+00  0.23242E-01  0.62353E+00 
   71.00  0.40918E+00 -0.77763E+00 -0.53237E-03 -0.90424E-03  0.98662E+00  0.81599E-03  0.50967E-03  0.60608E+00  0.24606E-01  0.59996E+00 
   72.00  0.39052E+00 -0.79509E+00 -0.58063E-03 -0.88535E-03  0.98598E+00  0.89561E-03  0.52103E-03  0.58165E+00  0.25767E-01  0.57536E+00 
   73.00  0.37278E+00 -0.81210E+00 -0.63290E-03 -0.84879E-03  0.98531E+00  0.97800E-03  0.52221E-03  0.55617E+00  0.26696E-01  0.54973E+00 
   74.00  0.35604E+00 -0.82861E+00 -0.68863E-03 -0.79353E-03  0.98464E+00  0.10618E-02  0.51158E-03  0.52965E+00  0.27368E-01  0.52308E+00 
   75.00  0.34039E+00 -0.84453E+00 -0.74712E-03 -0.71913E-03  0.98395E+00  0.11453E-02  0.48771E-03  0.50212E+00  0.27766E-01  0.49543E+00 
   76.00  0.32585E+00 -0.85981E+00 -0.80746E-03 -0.62576E-03  0.98327E+00  0.12268E-02  0.44949E-03  0.47360E+00  0.27880E-01  0.46683E+00 
   77.00  0.31246E+00 -0.87437E+00 -0.86855E-03 -0.51433E-03  0.98259E+00  0.13046E-02  0.39625E-03  0.44413E+00  0.27710E-01  0.43731E+00 
   78.00  0.30020E+00 -0.88814E+00 -0.92916E-03 -0.38652E-03  0.98192E+00  0.13767E-02  0.32781E-03  0.41377E+00  0.27265E-01  0.40694E+00 
   79.00  0.28907E+00 -0.90105E+00 -0.98798E-03 -0.24470E-03  0.98128E+00  0.14414E-02  0.24460E-03  0.38258E+00  0.26564E-01  0.37578E+00 
   80.00  0.27901E+00 -0.91303E+00 -0.10437E-02 -0.91903E-04  0.98065E+00  0.14972E-02  0.14764E-03  0.35065E+00  0.25637E-01  0.34390E+00 
   81.00  0.26998E+00 -0.92403E+00 -0.10948E-02  0.68341E-04  0.98006E+00  0.15428E-02  0.38537E-04  0.31803E+00  0.24519E-01  0.31139E+00 
   82.00  0.26192E+00 -0.93399E+00 -0.11403E-02  0.23219E-03  0.97949E+00  0.15770E-02 -0.80575E-04  0.28483E+00  0.23251E-01  0.27833E+00 
   83.00  0.25474E+00 -0.94286E+00 -0.11791E-02  0.39568E-03  0.97896E+00  0.15994E-02 -0.20715E-03  0.25113E+00  0.21880E-01  0.24481E+00 
   84.00  0.24836E+00 -0.95060E+00 -0.12102E-02  0.55494E-03  0.97845E+00  0.16097E-02 -0.33835E-03  0.21702E+00  0.20450E-01  0.21090E+00 
   85.00  0.24271E+00 -0.95718E+00 -0.12331E-02  0.70640E-03  0.97798E+00  0.16081E-02 -0.47120E-03  0.18258E+00  0.19006E-01  0.17669E+00 
   86.00  0.23770E+00 -0.96258E+00 -0.12474E-02  0.84691E-03  0.97754E+00  0.15950E-02 -0.60275E-03  0.14789E+00  0.17587E-01  0.14226E+00 
   87.00  0.23325E+00 -0.96676E+00 -0.12531E-02  0.97388E-03  0.97711E+00  0.15713E-02 -0.73017E-03  0.11305E+00  0.16226E-01  0.10768E+00 
   88.00  0.22928E+00 -0.96973E+00 -0.12502E-02  0.10853E-02  0.97671E+00  0.15379E-02 -0.85088E-03  0.78121E-01  0.14953E-01  0.73034E-01 
   89.00  0.22571E+00 -0.97146E+00 -0.12391E-02  0.11800E-02  0.97632E+00  0.14962E-02 -0.96266E-03  0.43183E-01  0.13787E-01  0.38381E-01 
   90.00  0.22248E+00 -0.97197E+00 -0.12205E-02  0.12570E-02  0.97594E+00  0.14473E-02 -0.10636E-02  0.83039E-02  0.12741E-01  0.37909E-02 
   91.00  0.21953E+00 -0.97125E+00 -0.11949E-02  0.13162E-02  0.97557E+00  0.13926E-02 -0.11524E-02 -0.26449E-01  0.11823E-01 -0.30675E-01 
   92.00  0.21680E+00 -0.96932E+00 -0.11632E-02  0.13580E-02  0.97520E+00  0.13334E-02 -0.12278E-02 -0.61013E-01  0.11035E-01 -0.64953E-01 
   93.00  0.21425E+00 -0.96618E+00 -0.11263E-02  0.13831E-02  0.97484E+00  0.12711E-02 -0.12894E-02 -0.95325E-01  0.10370E-01 -0.98986E-01 
   94.00  0.21183E+00 -0.96186E+00 -0.10851E-02  0.13926E-02  0.97447E+00  0.12068E-02 -0.13368E-02 -0.12933E+00  0.98237E-02 -0.13271E+00 
   95.00  0.20952E+00 -0.95638E+00 -0.10406E-02  0.13877E-02  0.97409E+00  0.11417E-02 -0.13701E-02 -0.16296E+00  0.93836E-02 -0.16608E+00 
   96.00  0.20729E+00 -0.94977E+00 -0.99376E-03  0.13699E-02  0.97372E+00  0.10767E-02 -0.13896E-02 -0.19617E+00  0.90374E-02 -0.19903E+00 
   97.00  0.20512E+00 -0.94206E+00 -0.94556E-03  0.13409E-02  0.97334E+00  0.10127E-02 -0.13961E-02 -0.22890E+00  0.87712E-02 -0.23150E+00 
   98.00  0.20300E+00 -0.93329E+00 -0.89695E-03  0.13023E-02  0.97295E+00  0.95056E-03 -0.13902E-02 -0.26110E+00  0.85706E-02 -0.26345E+00 
   99.00  0.20091E+00 -0.92350E+00 -0.84881E-03  0.12558E-02  0.97257E+00  0.89083E-03 -0.13731E-02 -0.29271E+00  0.84214E-02 -0.29482E+00 
  100.00  0.19886E+00 -0.91274E+00 -0.80201E-03  0.12031E-02  0.97218E+00  0.83412E-03 -0.13457E-02 -0.32371E+00  0.83097E-02 -0.32556E+00 
  101.00  0.19684E+00 -0.90105E+00 -0.75732E-03  0.11457E-02  0.97179E+00  0.78084E-03 -0.13095E-02 -0.35403E+00  0.82228E-02 -0.35563E+00 
  102.00  0.19486E+00 -0.88848E+00 -0.71547E-03  0.10853E-02  0.97141E+00  0.73136E-03 -0.12655E-02 -0.38364E+00  0.81489E-02 -0.38498E+00 
  103.00  0.19291E+00 -0.87510E+00 -0.67711E-03  0.10233E-02  0.97104E+00  0.68592E-03 -0.12153E-02 -0.41251E+00  0.80779E-02 -0.41358E+00 
  104.00  0.19102E+00 -0.86095E+00 -0.64277E-03  0.96110E-03  0.97067E+00  0.64469E-03 -0.11601E-02 -0.44059E+00  0.80008E-02 -0.44139E+00 
  105.00  0.18918E+00 -0.84609E+00 -0.61293E-03  0.90001E-03  0.97031E+00  0.60774E-03 -0.11011E-02 -0.46787E+00  0.79104E-02 -0.46837E+00 
  106.00  0.18741E+00 -0.83059E+00 -0.58792E-03  0.84120E-03  0.96997E+00  0.57510E-03 -0.10399E-02 -0.49431E+00  0.78008E-02 -0.49451E+00 
  107.00  0.18571E+00 -0.81451E+00 -0.56801E-03  0.78572E-03  0.96965E+00  0.54670E-03 -0.97738E-03 -0.51990E+00  0.76679E-02 -0.51977E+00 
  108.00  0.18410E+00 -0.79790E+00 -0.55331E-03  0.73452E-03  0.96934E+00  0.52241E-03 -0.91485E-03 -0.54463E+00  0.75085E-02 -0.54415E+00 
  109.00  0.18258E+00 -0.78082E+00 -0.54386E-03  0.68843E-03  0.96906E+00  0.50205E-03 -0.85329E-03 -0.56847E+00  0.73212E-02 -0.56763E+00 
  110.00  0.18116E+00 -0.76334E+00 -0.53954E-03  0.64814E-03  0.96881E+00  0.48540E-03 -0.79360E-03 -0.59143E+00  0.71054E-02 -0.59020E+00 
  111.00  0.17985E+00 -0.74551E+00 -0.54016E-03  0.61425E-03  0.96858E+00  0.47218E-03 -0.73656E-03 -0.61350E+00  0.68616E-02 -0.61185E+00 
  112.00  0.17866E+00 -0.72739E+00 -0.54538E-03  0.58719E-03  0.96838E+00  0.46206E-03 -0.68281E-03 -0.63468E+00  0.65911E-02 -0.63260E+00 
  113.00  0.17760E+00 -0.70903E+00 -0.55481E-03  0.56730E-03  0.96821E+00  0.45472E-03 -0.63286E-03 -0.65498E+00  0.62960E-02 -0.65243E+00 
  114.00  0.17666E+00 -0.69048E+00 -0.56792E-03  0.55479E-03  0.96807E+00  0.44978E-03 -0.58706E-03 -0.67440E+00  0.59790E-02 -0.67137E+00 
  115.00  0.17586E+00 -0.67179E+00 -0.58415E-03  0.54975E-03  0.96796E+00  0.44687E-03 -0.54564E-03 -0.69296E+00  0.56428E-02 -0.68942E+00 
  116.00  0.17520E+00 -0.65302E+00 -0.60285E-03  0.55216E-03  0.96788E+00  0.44560E-03 -0.50868E-03 -0.71067E+00  0.52909E-02 -0.70660E+00 
  117.00  0.17467E+00 -0.63419E+00 -0.62334E-03  0.56187E-03  0.96783E+00  0.44559E-03 -0.47616E-03 -0.72754E+00  0.49264E-02 -0.72293E+00 
  118.00  0.17429E+00 -0.61536E+00 -0.64493E-03  0.57866E-03  0.96781E+00  0.44646E-03 -0.44793E-03 -0.74360E+00  0.45528E-02 -0.73842E+00 
  119.00  0.17404E+00 -0.59656E+00 -0.66690E-03  0.60220E-03  0.96782E+00  0.44787E-03 -0.42376E-03 -0.75886E+00  0.41733E-02 -0.75310E+00 
  120.00  0.17393E+00 -0.57783E+00 -0.68856E-03  0.63209E-03  0.96786E+00  0.44946E-03 -0.40333E-03 -0.77335E+00  0.37910E-02 -0.76699E+00 
  121.00  0.17395E+00 -0.55919E+00 -0.70923E-03  0.66786E-03  0.96792E+00  0.45094E-03 -0.38628E-03 -0.78708E+00  0.34088E-02 -0.78011E+00 
  122.00  0.17410E+00 -0.54068E+00 -0.72829E-03  0.70898E-03  0.96800E+00  0.45203E-03 -0.37218E-03 -0.80009E+00  0.30294E-02 -0.79250E+00 
  123.00  0.17438E+00 -0.52232E+00 -0.74518E-03  0.75487E-03  0.96811E+00  0.45249E-03 -0.36058E-03 -0.81238E+00  0.26552E-02 -0.80417E+00 
  124.00  0.17478E+00 -0.50414E+00 -0.75939E-03  0.80493E-03  0.96823E+00  0.45210E-03 -0.35103E-03 -0.82400E+00  0.22883E-02 -0.81516E+00 
  125.00  0.17530E+00 -0.48616E+00 -0.77052E-03  0.85854E-03  0.96837E+00  0.45071E-03 -0.34307E-03 -0.83495E+00  0.19304E-02 -0.82548E+00 
  126.00  0.17593E+00 -0.46840E+00 -0.77820E-03  0.91508E-03  0.96852E+00  0.44819E-03 -0.33626E-03 -0.84528E+00  0.15831E-02 -0.83518E+00 
  127.00  0.17666E+00 -0.45088E+00 -0.78220E-03  0.97391E-03  0.96868E+00  0.44445E-03 -0.33019E-03 -0.85499E+00  0.12479E-02 -0.84427E+00 
  128.00  0.17749E+00 -0.43362E+00 -0.78233E-03  0.10344E-02  0.96885E+00  0.43942E-03 -0.32448E-03 -0.86412E+00  0.92559E-03 -0.85277E+00 
  129.00  0.17840E+00 -0.41663E+00 -0.77852E-03  0.10961E-02  0.96902E+00  0.43309E-03 -0.31880E-03 -0.87268E+00  0.61719E-03 -0.86073E+00 
  130.00  0.17940E+00 -0.39992E+00 -0.77075E-03  0.11583E-02  0.96920E+00  0.42547E-03 -0.31284E-03 -0.88071E+00  0.32335E-03 -0.86815E+00 
  131.00  0.18048E+00 -0.38350E+00 -0.75909E-03  0.12205E-02  0.96938E+00  0.41659E-03 -0.30638E-03 -0.88823E+00  0.44560E-04 -0.87507E+00 
  132.00  0.18162E+00 -0.36740E+00 -0.74366E-03  0.12823E-02  0.96957E+00  0.40650E-03 -0.29922E-03 -0.89525E+00 -0.21879E-03 -0.88151E+00 
  133.00  0.18282E+00 -0.35161E+00 -0.72468E-03  0.13433E-02  0.96974E+00  0.39530E-03 -0.29122E-03 -0.90181E+00 -0.46646E-03 -0.88750E+00 
  134.00  0.18408E+00 -0.33614E+00 -0.70236E-03  0.14030E-02  0.96992E+00  0.38307E-03 -0.28229E-03 -0.90792E+00 -0.69829E-03 -0.89304E+00 
  135.00  0.18538E+00 -0.32101E+00 -0.67701E-03  0.14611E-02  0.97009E+00  0.36993E-03 -0.27239E-03 -0.91360E+00 -0.91423E-03 -0.89818E+00 
  136.00  0.18672E+00 -0.30621E+00 -0.64893E-03  0.15173E-02  0.97025E+00  0.35597E-03 -0.26151E-03 -0.91888E+00 -0.11143E-02 -0.90292E+00 
  137.00  0.18810E+00 -0.29176E+00 -0.61848E-03  0.15714E-02  0.97041E+00  0.34134E-03 -0.24969E-03 -0.92378E+00 -0.12985E-02 -0.90730E+00 
  138.00  0.18950E+00 -0.27766E+00 -0.58603E-03  0.16232E-02  0.97056E+00  0.32614E-03 -0.23701E-03 -0.92832E+00 -0.14671E-02 -0.91132E+00 
  139.00  0.19092E+00 -0.26391E+00 -0.55194E-03  0.16725E-02  0.97070E+00  0.31051E-03 -0.22356E-03 -0.93251E+00 -0.16201E-02 -0.91501E+00 
  140.00  0.19235E+00 -0.25052E+00 -0.51659E-03  0.17191E-02  0.97083E+00  0.29457E-03 -0.20947E-03 -0.93638E+00 -0.17579E-02 -0.91839E+00 
  141.00  0.19380E+00 -0.23749E+00 -0.48036E-03  0.17630E-02  0.97095E+00  0.27843E-03 -0.19489E-03 -0.93995E+00 -0.18805E-02 -0.92147E+00 
  142.00  0.19524E+00 -0.22481E+00 -0.44363E-03  0.18041E-02  0.97106E+00  0.26221E-03 -0.17996E-03 -0.94322E+00 -0.19883E-02 -0.92428E+00 
  143.00  0.19669E+00 -0.21250E+00 -0.40674E-03  0.18424E-02  0.97116E+00  0.24601E-03 -0.16486E-03 -0.94622E+00 -0.20816E-02 -0.92682E+00 
  144.00  0.19813E+00 -0.20055E+00 -0.37004E-03  0.18778E-02  0.97124E+00  0.22993E-03 -0.14975E-03 -0.94897E+00 -0.21605E-02 -0.92911E+00 
  145.00  0.19957E+00 -0.18897E+00 -0.33384E-03  0.19103E-02  0.97132E+00  0.21405E-03 -0.13479E-03 -0.95147E+00 -0.22256E-02 -0.93118E+00 
  146.00  0.20099E+00 -0.17775E+00 -0.29845E-03  0.19401E-02  0.97138E+00  0.19848E-03 -0.12015E-03 -0.95375E+00 -0.22769E-02 -0.93302E+00 
  147.00  0.20240E+00 -0.16689E+00 -0.26412E-03  0.19670E-02  0.97143E+00  0.18326E-03 -0.10599E-03 -0.95582E+00 -0.23149E-02 -0.93467E+00 
  148.00  0.20378E+00 -0.15640E+00 -0.23112E-03  0.19913E-02  0.97147E+00  0.16848E-03 -0.92419E-04 -0.95769E+00 -0.23399E-02 -0.93612E+00 
  149.00  0.20515E+00 -0.14627E+00 -0.19965E-03  0.20128E-02  0.97150E+00  0.15418E-03 -0.79577E-04 -0.95938E+00 -0.23523E-02 -0.93740E+00 
  150.00  0.20649E+00 -0.13650E+00 -0.16989E-03  0.20319E-02  0.97152E+00  0.14043E-03 -0.67560E-04 -0.96090E+00 -0.23522E-02 -0.93851E+00 
  151.00  0.20780E+00 -0.12709E+00 -0.14200E-03  0.20484E-02  0.97152E+00  0.12726E-03 -0.56449E-04 -0.96226E+00 -0.23402E-02 -0.93946E+00 
  152.00  0.20909E+00 -0.11804E+00 -0.11611E-03  0.20626E-02  0.97151E+00  0.11470E-03 -0.46304E-04 -0.96346E+00 -0.23166E-02 -0.94028E+00 
  153.00  0.21035E+00 -0.10935E+00 -0.92313E-04  0.20745E-02  0.97149E+00  0.10280E-03 -0.37163E-04 -0.96454E+00 -0.22817E-02 -0.94095E+00 
  154.00  0.21157E+00 -0.10101E+00 -0.70670E-04  0.20843E-02  0.97146E+00  0.91568E-04 -0.29043E-04 -0.96548E+00 -0.22361E-02 -0.94151E+00 
  155.00  0.21277E+00 -0.93031E-01 -0.51218E-04  0.20921E-02  0.97142E+00  0.81030E-04 -0.21939E-04 -0.96630E+00 -0.21802E-02 -0.94195E+00 
  156.00  0.21392E+00 -0.85402E-01 -0.33967E-04  0.20980E-02  0.97137E+00  0.71199E-04 -0.15831E-04 -0.96702E+00 -0.21144E-02 -0.94229E+00 
  157.00  0.21505E+00 -0.78123E-01 -0.18897E-04  0.21022E-02  0.97131E+00  0.62082E-04 -0.10676E-04 -0.96763E+00 -0.20394E-02 -0.94253E+00 
  158.00  0.21614E+00 -0.71193E-01 -0.59657E-05  0.21048E-02  0.97124E+00  0.53683E-04 -0.64212E-05 -0.96816E+00 -0.19558E-02 -0.94269E+00 
  159.00  0.21719E+00 -0.64607E-01  0.48941E-05  0.21059E-02  0.97116E+00  0.46000E-04 -0.29989E-05 -0.96860E+00 -0.18643E-02 -0.94276E+00 
  160.00  0.21820E+00 -0.58365E-01  0.13771E-04  0.21057E-02  0.97108E+00  0.39026E-04 -0.33276E-06 -0.96896E+00 -0.17657E-02 -0.94277E+00 
  161.00  0.21917E+00 -0.52462E-01  0.20772E-04  0.21043E-02  0.97098E+00  0.32749E-04  0.16602E-05 -0.96926E+00 -0.16607E-02 -0.94271E+00 
  162.00  0.22010E+00 -0.46896E-01  0.26022E-04  0.21020E-02  0.97088E+00  0.27150E-04  0.30668E-05 -0.96949E+00 -0.15504E-02 -0.94260E+00 
  163.00  0.22100E+00 -0.41664E-01  0.29661E-04  0.20987E-02  0.97078E+00  0.22209E-04  0.39744E-05 -0.96967E+00 -0.14358E-02 -0.94244E+00 
  164.00  0.22185E+00 -0.36761E-01  0.31842E-04  0.20947E-02  0.97067E+00  0.17896E-04  0.44690E-05 -0.96980E+00 -0.13179E-02 -0.94224E+00 
  165.00  0.22265E+00 -0.32185E-01  0.32724E-04  0.20901E-02  0.97056E+00  0.14179E-04  0.46325E-05 -0.96989E+00 -0.11979E-02 -0.94201E+00 
  166.00  0.22341E+00 -0.27931E-01  0.32478E-04  0.20851E-02  0.97045E+00  0.11022E-04  0.45411E-05 -0.96994E+00 -0.10770E-02 -0.94175E+00 
  167.00  0.22413E+00 -0.23996E-01  0.31276E-04  0.20797E-02  0.97034E+00  0.83827E-05  0.42635E-05 -0.96996E+00 -0.95660E-03 -0.94147E+00 
  168.00  0.22480E+00 -0.20374E-01  0.29292E-04  0.20742E-02  0.97023E+00  0.62173E-05  0.38601E-05 -0.96995E+00 -0.83789E-03 -0.94119E+00 
  169.00  0.22542E+00 -0.17063E-01  0.26702E-04  0.20686E-02  0.97012E+00  0.44779E-05  0.33822E-05 -0.96992E+00 -0.72226E-03 -0.94089E+00 
  170.00  0.22600E+00 -0.14057E-01  0.23674E-04  0.20630E-02  0.97002E+00  0.31150E-05  0.28719E-05 -0.96988E+00 -0.61105E-03 -0.94060E+00 
  171.00  0.22652E+00 -0.11352E-01  0.20375E-04  0.20577E-02  0.96992E+00  0.20783E-05  0.23625E-05 -0.96983E+00 -0.50560E-03 -0.94032E+00 
  172.00  0.22699E+00 -0.89454E-02  0.16959E-04  0.20525E-02  0.96983E+00  0.13172E-05  0.18786E-05 -0.96977E+00 -0.40721E-03 -0.94005E+00 
  173.00  0.22741E+00 -0.68320E-02  0.13574E-04  0.20478E-02  0.96974E+00  0.78260E-06  0.14378E-05 -0.96971E+00 -0.31709E-03 -0.93980E+00 
  174.00  0.22778E+00 -0.50085E-02  0.10353E-04  0.20435E-02  0.96967E+00  0.42741E-06  0.10509E-05 -0.96965E+00 -0.23643E-03 -0.93957E+00 
  175.00  0.22809E+00 -0.34716E-02  0.74148E-05  0.20397E-02  0.96960E+00  0.20819E-06  0.72394E-06 -0.96959E+00 -0.16625E-03 -0.93937E+00 
  176.00  0.22835E+00 -0.22183E-02  0.48646E-05  0.20366E-02  0.96955E+00  0.85979E-07  0.45905E-06 -0.96954E+00 -0.10750E-03 -0.93921E+00 
  177.00  0.22855E+00 -0.12463E-02  0.27888E-05  0.20340E-02  0.96950E+00  0.27379E-07  0.25592E-06 -0.96950E+00 -0.60953E-04 -0.93907E+00 
  178.00  0.22869E+00 -0.55341E-03  0.12562E-05  0.20322E-02  0.96947E+00  0.54331E-08  0.11290E-06 -0.96947E+00 -0.27246E-04 -0.93897E+00 
  179.00  0.22878E+00 -0.13828E-03  0.31657E-06  0.20311E-02  0.96945E+00  0.34051E-09  0.28090E-07 -0.96945E+00 -0.68348E-05 -0.93891E+00 
  180.00  0.22881E+00 -0.34264E-14  0.78666E-17  0.20307E-02  0.96945E+00  0.20935E-30  0.69501E-18 -0.96945E+00 -0.16959E-15 -0.93889E+00 
 scattering matrix expansion coefficients
    w  a11         a22         a33         a23         a32         a44         a12         a34         a13         a24         a14
    0  0.1000E+01  0.0000E+00  0.0000E+00  0.0000E+00  0.0000E+00  0.7811E+00  0.0000E+00  0.0000E+00  0.0000E+00  0.0000E+00 -0.1879E-04
    1  0.2101E+01  0.0000E+00  0.0000E+00  0.0000E+00  0.0000E+00  0.2304E+01  0.0000E+00  0.0000E+00  0.0000E+00  0.0000E+00 -0.5818E-03
    2  0.2723E+01  0.2637E+00  0.3772E+01  0.1616E-05  0.6560E-03  0.2727E+01 -0.4589E+00  0.7718E-02 -0.3686E-03 -0.1069E-03 -0.3884E-03
    3  0.2789E+01  0.7468E-01  0.3375E+01 -0.6415E-07 -0.2713E-03  0.2803E+01 -0.3103E+00  0.7311E-02 -0.8544E-04  0.2069E-03 -0.5977E-03
    4  0.2725E+01  0.4303E-01  0.3080E+01 -0.1400E-05 -0.1805E-03  0.2712E+01 -0.2174E+00  0.2398E-02 -0.5908E-05  0.1231E-03 -0.6754E-03
    5  0.2573E+01  0.1350E-01  0.2824E+01 -0.1019E-05 -0.2968E-03  0.2578E+01 -0.1538E+00  0.1520E-02  0.6033E-04 -0.1651E-03 -0.1034E-02
    6  0.2388E+01  0.1107E-01  0.2574E+01  0.3959E-06 -0.3766E-03  0.2385E+01 -0.1167E+00  0.3338E-02 -0.2071E-04 -0.1138E-03 -0.1003E-02
    7  0.2155E+01  0.8894E-02  0.2302E+01  0.4595E-06 -0.3418E-03  0.2146E+01 -0.9718E-01  0.5866E-02 -0.2134E-04  0.1728E-03 -0.2872E-03
    8  0.1878E+01 -0.1406E-02  0.2004E+01  0.4230E-06  0.8876E-04  0.1887E+01 -0.9636E-01  0.3034E-02  0.1457E-03  0.1883E-03  0.1803E-03
    9  0.1603E+01  0.7424E-03  0.1703E+01 -0.1099E-06  0.3503E-03  0.1612E+01 -0.8487E-01 -0.2651E-02  0.7576E-04 -0.5185E-04  0.2246E-03
   10  0.1338E+01  0.7347E-02  0.1413E+01 -0.4545E-06  0.3428E-03  0.1332E+01 -0.5506E-01 -0.5062E-02 -0.7597E-05 -0.9677E-04  0.2166E-03
   11  0.1057E+01  0.4828E-02  0.1121E+01 -0.2287E-06  0.2218E-03  0.1049E+01 -0.4030E-01 -0.2316E-02 -0.1657E-04  0.1470E-05  0.2906E-03
   12  0.7587E+00 -0.6962E-03  0.8170E+00 -0.5036E-07  0.1147E-03  0.7593E+00 -0.5027E-01  0.1528E-02 -0.5277E-05  0.3345E-04  0.3185E-03
   13  0.4839E+00 -0.2063E-02  0.5300E+00 -0.9627E-07  0.4063E-04  0.4888E+00 -0.6188E-01  0.3130E-02 -0.2193E-05  0.6055E-05  0.2361E-03
   14  0.2718E+00 -0.1821E-03  0.3010E+00 -0.9780E-07 -0.4824E-07  0.2748E+00 -0.5763E-01  0.2564E-02 -0.1790E-05 -0.1692E-04  0.1126E-03
   15  0.1345E+00  0.1446E-02  0.1493E+00 -0.6740E-07 -0.1622E-04  0.1344E+00 -0.4115E-01  0.1412E-02 -0.5705E-06 -0.1489E-04  0.2766E-04
   16  0.5888E-01  0.1700E-02  0.6496E-01 -0.3629E-07 -0.1579E-04  0.5743E-01 -0.2352E-01  0.5863E-03  0.7584E-06 -0.6334E-05 -0.4851E-05
   17  0.2297E-01  0.1183E-02  0.2501E-01 -0.1694E-07 -0.9894E-05  0.2164E-01 -0.1117E-01  0.1929E-03  0.1191E-05 -0.9489E-06 -0.9036E-05
   18  0.8049E-02  0.6156E-03  0.8603E-02 -0.6731E-08 -0.4646E-05  0.7267E-02 -0.4533E-02  0.5120E-04  0.8641E-06  0.5994E-06 -0.5493E-05
   19  0.2550E-02  0.2603E-03  0.2668E-02 -0.2232E-08 -0.1726E-05  0.2195E-02 -0.1606E-02  0.1098E-04  0.4248E-06  0.5174E-06 -0.2269E-05
   20  0.7358E-03  0.9369E-04  0.7520E-03 -0.6626E-09 -0.5238E-06  0.6018E-03 -0.5051E-03  0.1798E-05  0.1577E-06  0.2293E-06 -0.7338E-06
   21  0.1943E-03  0.2949E-04  0.1938E-03 -0.1845E-09 -0.1369E-06  0.1506E-03 -0.1428E-03  0.1832E-06  0.4957E-07  0.7709E-07 -0.2015E-06
   22  0.4711E-04  0.8256E-05  0.4584E-04 -0.4972E-10 -0.3061E-07  0.3454E-04 -0.3660E-04 -0.9072E-08  0.1271E-07  0.2216E-07 -0.5124E-07
   23  0.1049E-04  0.2077E-05  0.9959E-05 -0.1197E-10 -0.5600E-08  0.7261E-05 -0.8532E-05 -0.1032E-07  0.2202E-08  0.6061E-08 -0.1263E-07
   24  0.2144E-05  0.4712E-06  0.1984E-05 -0.2447E-11 -0.1009E-08  0.1397E-05 -0.1811E-05 -0.2660E-08  0.3784E-09  0.1561E-08 -0.2916E-08
   25  0.3999E-06  0.9642E-07  0.3608E-06 -0.4950E-12 -0.1984E-09  0.2444E-06 -0.3489E-06 -0.5479E-09  0.8639E-10  0.4080E-09 -0.6786E-09
   26  0.6798E-07  0.1773E-07  0.5986E-07 -0.8111E-13 -0.3116E-10  0.3895E-07 -0.6090E-07 -0.9833E-10  0.1396E-10  0.9961E-10 -0.1564E-09
   27  0.1017E-07  0.2853E-08  0.8727E-08 -0.9308E-14 -0.5031E-11  0.5440E-08 -0.9334E-08 -0.1575E-10  0.2450E-11  0.2068E-10 -0.3068E-10
   28  0.1486E-08  0.4380E-09  0.1250E-08 -0.1401E-14 -0.7205E-12  0.7505E-09 -0.1385E-08 -0.3414E-11  0.3371E-12  0.3705E-11 -0.5380E-11
   29  0.1553E-09  0.4869E-10  0.1273E-09 -0.1467E-15 -0.9325E-13  0.7286E-10 -0.1477E-09 -0.2367E-12  0.4918E-13  0.5005E-12 -0.7007E-12
   30  0.2355E-10  0.7504E-11  0.1903E-10 -0.5352E-16 -0.1415E-13  0.1063E-10 -0.2247E-10 -0.7179E-13  0.7957E-14  0.6221E-13 -0.8720E-13
   31  0.9652E-12  0.3281E-12  0.7595E-12 -0.7896E-17 -0.7749E-15  0.4017E-12 -0.9407E-12 -0.6442E-15  0.4735E-15  0.4114E-14 -0.5569E-14
   32  0.3237E-12  0.1137E-12  0.2584E-12 -0.3662E-18 -0.1273E-15  0.1332E-12 -0.3180E-12 -0.1115E-14  0.7827E-16  0.3292E-15 -0.4602E-15
