 input file is 
mstm5_256_6398_13_009.inp     
 input file comments follow:
***********************************************************
  This is the default mstm input file for v.3.0.
  The run is for a 7-sphere cluster of identical spheres.   The positions
  are embedded in the input file.

  The run makes use of the new_run and multiple_run options.

  14 April 2013
***********************************************************
 number of processors:
   1
 input parameters for run number 
    1
 number of spheres, volume size parameter:
  256  0.40625E+01
 position file:
position/n256/a5.out                                        
 output file:
output/256/x6398/13/009/mt_5_256_6398_13_009.dat            
 length, ref. indx. scale factors:
   0.640   1.300   0.090
 chiral factors:
  0.00000E+00  0.00000E+00
 scattering matrix directions based on incident frame
 automatic scattering angle calculation
 thetamin, thetamax:
      0.0    180.0
 number scattering angles:
      181
 epsmie, epssoln, max number iterations:
  0.1000E-05  0.1000E-07 5000
 medium refractive index:
  1.0000  0.0000
 target euler rotation angles:
    0.0000    0.0000    0.0000
 far field kr, iterations/correction:
 -0.1000E+01   20
 plane wave incidence
 random orientation calculations
 t matrix calculated, stored in file 
tmatrixfiles/5256639813009                                  
 t matrix convergence epsilon:
  0.1000E-06
 all spheres excited (total T matrix) 
 calculation results for run 
    1
 total ext, abs, scat efficiencies, w.r.t. xv, and asym. parm
  0.15126E+01  0.91284E+00  0.59973E+00  0.77116E+00
 scattering matrix elements (normalized w/ S11)
   theta      11           12           13           14           22           23           24           33           34           44      
    0.00  0.72730E+02  0.00000E+00  0.00000E+00  0.59414E-05  0.99997E+00 -0.22063E-04  0.00000E+00  0.99997E+00  0.00000E+00  0.99995E+00 
    1.00  0.72052E+02 -0.16001E-03 -0.52795E-08  0.54956E-05  0.99997E+00 -0.21587E-04 -0.51802E-09  0.99997E+00 -0.63348E-05  0.99995E+00 
    2.00  0.70053E+02 -0.64053E-03 -0.22000E-07  0.41442E-05  0.99997E+00 -0.20147E-04 -0.19612E-08  0.99997E+00 -0.25675E-04  0.99994E+00 
    3.00  0.66838E+02 -0.14430E-02 -0.52873E-07  0.18434E-05  0.99997E+00 -0.17716E-04 -0.40008E-08  0.99997E+00 -0.59049E-04  0.99994E+00 
    4.00  0.62574E+02 -0.25700E-02 -0.10263E-06 -0.14812E-05  0.99996E+00 -0.14250E-04 -0.61041E-08  0.99996E+00 -0.10824E-03  0.99993E+00 
    5.00  0.57473E+02 -0.40252E-02 -0.17833E-06 -0.59383E-05  0.99996E+00 -0.96873E-05 -0.75667E-08  0.99995E+00 -0.17587E-03  0.99991E+00 
    6.00  0.51779E+02 -0.58135E-02 -0.28985E-06 -0.11675E-04  0.99995E+00 -0.39555E-05 -0.75782E-08  0.99994E+00 -0.26559E-03  0.99989E+00 
    7.00  0.45752E+02 -0.79414E-02 -0.45047E-06 -0.18880E-04  0.99994E+00  0.30205E-05 -0.53499E-08  0.99991E+00 -0.38224E-03  0.99986E+00 
    8.00  0.39645E+02 -0.10417E-01 -0.67751E-06 -0.27790E-04  0.99993E+00  0.11304E-04 -0.34825E-09  0.99988E+00 -0.53207E-03  0.99981E+00 
    9.00  0.33690E+02 -0.13250E-01 -0.99296E-06 -0.38686E-04  0.99992E+00  0.20916E-04  0.72908E-08  0.99983E+00 -0.72301E-03  0.99975E+00 
   10.00  0.28085E+02 -0.16452E-01 -0.14236E-05 -0.51887E-04  0.99990E+00  0.31786E-04  0.16061E-07  0.99976E+00 -0.96476E-03  0.99966E+00 
   11.00  0.22985E+02 -0.20035E-01 -0.20000E-05 -0.67713E-04  0.99987E+00  0.43662E-04  0.21956E-07  0.99967E+00 -0.12686E-02  0.99955E+00 
   12.00  0.18496E+02 -0.24011E-01 -0.27520E-05 -0.86415E-04  0.99983E+00  0.55964E-04  0.16779E-07  0.99955E+00 -0.16463E-02  0.99939E+00 
   13.00  0.14675E+02 -0.28386E-01 -0.36995E-05 -0.10802E-03  0.99978E+00  0.67566E-04 -0.14039E-07  0.99939E+00 -0.21075E-02  0.99918E+00 
   14.00  0.11532E+02 -0.33154E-01 -0.48310E-05 -0.13204E-03  0.99971E+00  0.76516E-04 -0.93423E-07  0.99918E+00 -0.26540E-02  0.99892E+00 
   15.00  0.90401E+01 -0.38283E-01 -0.60703E-05 -0.15710E-03  0.99963E+00  0.79811E-04 -0.25218E-06  0.99892E+00 -0.32698E-02  0.99858E+00 
   16.00  0.71401E+01 -0.43705E-01 -0.72335E-05 -0.18047E-03  0.99952E+00  0.73547E-04 -0.52149E-06  0.99860E+00 -0.39079E-02  0.99816E+00 
   17.00  0.57527E+01 -0.49308E-01 -0.80090E-05 -0.19816E-03  0.99939E+00  0.53978E-04 -0.91318E-06  0.99823E+00 -0.44831E-02  0.99768E+00 
   18.00  0.47870E+01 -0.54967E-01 -0.80171E-05 -0.20598E-03  0.99925E+00  0.19680E-04 -0.13907E-05  0.99782E+00 -0.48864E-02  0.99715E+00 
   19.00  0.41501E+01 -0.60607E-01 -0.69760E-05 -0.20175E-03  0.99913E+00 -0.26304E-04 -0.18518E-05  0.99738E+00 -0.50317E-02  0.99660E+00 
   20.00  0.37539E+01 -0.66255E-01 -0.48768E-05 -0.18709E-03  0.99902E+00 -0.76686E-04 -0.21515E-05  0.99694E+00 -0.49087E-02  0.99607E+00 
   21.00  0.35201E+01 -0.72039E-01 -0.19992E-05 -0.16678E-03  0.99895E+00 -0.12318E-03 -0.21549E-05  0.99647E+00 -0.45908E-02  0.99554E+00 
   22.00  0.33842E+01 -0.78116E-01  0.12529E-05 -0.14627E-03  0.99890E+00 -0.16004E-03 -0.17775E-05  0.99597E+00 -0.41912E-02  0.99501E+00 
   23.00  0.32962E+01 -0.84611E-01  0.45308E-05 -0.12946E-03  0.99887E+00 -0.18521E-03 -0.98374E-06  0.99541E+00 -0.38095E-02  0.99443E+00 
   24.00  0.32205E+01 -0.91595E-01  0.76149E-05 -0.11820E-03  0.99885E+00 -0.19923E-03  0.23723E-06  0.99477E+00 -0.35072E-02  0.99378E+00 
   25.00  0.31347E+01 -0.99095E-01  0.10396E-04 -0.11275E-03  0.99882E+00 -0.20370E-03  0.18926E-05  0.99403E+00 -0.33101E-02  0.99303E+00 
   26.00  0.30271E+01 -0.10711E+00  0.12825E-04 -0.11249E-03  0.99879E+00 -0.20025E-03  0.39946E-05  0.99317E+00 -0.32198E-02  0.99215E+00 
   27.00  0.28943E+01 -0.11563E+00  0.14873E-04 -0.11635E-03  0.99875E+00 -0.19006E-03  0.65586E-05  0.99218E+00 -0.32242E-02  0.99114E+00 
   28.00  0.27383E+01 -0.12463E+00  0.16503E-04 -0.12314E-03  0.99870E+00 -0.17382E-03  0.95968E-05  0.99104E+00 -0.33040E-02  0.98997E+00 
   29.00  0.25648E+01 -0.13409E+00  0.17654E-04 -0.13157E-03  0.99863E+00 -0.15171E-03  0.13109E-04  0.98974E+00 -0.34351E-02  0.98863E+00 
   30.00  0.23808E+01 -0.14399E+00  0.18234E-04 -0.14037E-03  0.99855E+00 -0.12358E-03  0.17073E-04  0.98828E+00 -0.35909E-02  0.98712E+00 
   31.00  0.21934E+01 -0.15431E+00  0.18121E-04 -0.14829E-03  0.99845E+00 -0.89058E-04  0.21441E-04  0.98663E+00 -0.37431E-02  0.98540E+00 
   32.00  0.20089E+01 -0.16500E+00  0.17162E-04 -0.15418E-03  0.99833E+00 -0.47672E-04  0.26128E-04  0.98478E+00 -0.38631E-02  0.98348E+00 
   33.00  0.18323E+01 -0.17603E+00  0.15187E-04 -0.15715E-03  0.99818E+00  0.93288E-06  0.31021E-04  0.98273E+00 -0.39250E-02  0.98134E+00 
   34.00  0.16672E+01 -0.18739E+00  0.12019E-04 -0.15663E-03  0.99801E+00  0.56831E-04  0.35983E-04  0.98047E+00 -0.39079E-02  0.97897E+00 
   35.00  0.15157E+01 -0.19903E+00  0.75026E-05 -0.15250E-03  0.99781E+00  0.11962E-03  0.40866E-04  0.97798E+00 -0.37995E-02  0.97636E+00 
   36.00  0.13787E+01 -0.21094E+00  0.15253E-05 -0.14520E-03  0.99758E+00  0.18825E-03  0.45534E-04  0.97526E+00 -0.35984E-02  0.97349E+00 
   37.00  0.12563E+01 -0.22311E+00 -0.59511E-05 -0.13566E-03  0.99732E+00  0.26093E-03  0.49884E-04  0.97228E+00 -0.33159E-02  0.97036E+00 
   38.00  0.11480E+01 -0.23554E+00 -0.14868E-04 -0.12526E-03  0.99703E+00  0.33515E-03  0.53864E-04  0.96904E+00 -0.29755E-02  0.96694E+00 
   39.00  0.10527E+01 -0.24826E+00 -0.25052E-04 -0.11557E-03  0.99672E+00  0.40777E-03  0.57485E-04  0.96552E+00 -0.26101E-02  0.96323E+00 
   40.00  0.96924E+00 -0.26130E+00 -0.36217E-04 -0.10817E-03  0.99639E+00  0.47527E-03  0.60817E-04  0.96170E+00 -0.22577E-02  0.95921E+00 
   41.00  0.89639E+00 -0.27468E+00 -0.47974E-04 -0.10431E-03  0.99604E+00  0.53409E-03  0.63976E-04  0.95756E+00 -0.19564E-02  0.95486E+00 
   42.00  0.83294E+00 -0.28844E+00 -0.59857E-04 -0.10472E-03  0.99569E+00  0.58099E-03  0.67099E-04  0.95308E+00 -0.17384E-02  0.95017E+00 
   43.00  0.77775E+00 -0.30261E+00 -0.71366E-04 -0.10949E-03  0.99535E+00  0.61340E-03  0.70307E-04  0.94822E+00 -0.16253E-02  0.94512E+00 
   44.00  0.72983E+00 -0.31719E+00 -0.82010E-04 -0.11798E-03  0.99502E+00  0.62974E-03  0.73676E-04  0.94299E+00 -0.16254E-02  0.93970E+00 
   45.00  0.68827E+00 -0.33218E+00 -0.91347E-04 -0.12896E-03  0.99470E+00  0.62957E-03  0.77198E-04  0.93735E+00 -0.17320E-02  0.93389E+00 
   46.00  0.65230E+00 -0.34757E+00 -0.99023E-04 -0.14078E-03  0.99442E+00  0.61366E-03  0.80769E-04  0.93130E+00 -0.19250E-02  0.92770E+00 
   47.00  0.62122E+00 -0.36333E+00 -0.10480E-03 -0.15160E-03  0.99416E+00  0.58385E-03  0.84177E-04  0.92484E+00 -0.21735E-02  0.92112E+00 
   48.00  0.59439E+00 -0.37940E+00 -0.10856E-03 -0.15968E-03  0.99394E+00  0.54283E-03  0.87113E-04  0.91796E+00 -0.24407E-02  0.91415E+00 
   49.00  0.57124E+00 -0.39576E+00 -0.11029E-03 -0.16356E-03  0.99375E+00  0.49380E-03  0.89195E-04  0.91066E+00 -0.26886E-02  0.90679E+00 
   50.00  0.55121E+00 -0.41237E+00 -0.11008E-03 -0.16226E-03  0.99359E+00  0.44016E-03  0.90003E-04  0.90293E+00 -0.28837E-02  0.89903E+00 
   51.00  0.53375E+00 -0.42919E+00 -0.10812E-03 -0.15531E-03  0.99346E+00  0.38509E-03  0.89117E-04  0.89476E+00 -0.30008E-02  0.89085E+00 
   52.00  0.51834E+00 -0.44622E+00 -0.10460E-03 -0.14272E-03  0.99335E+00  0.33138E-03  0.86162E-04  0.88613E+00 -0.30264E-02  0.88223E+00 
   53.00  0.50447E+00 -0.46345E+00 -0.99762E-04 -0.12489E-03  0.99324E+00  0.28120E-03  0.80833E-04  0.87702E+00 -0.29596E-02  0.87314E+00 
   54.00  0.49166E+00 -0.48090E+00 -0.93868E-04 -0.10246E-03  0.99315E+00  0.23610E-03  0.72920E-04  0.86737E+00 -0.28122E-02  0.86353E+00 
   55.00  0.47949E+00 -0.49858E+00 -0.87182E-04 -0.76157E-04  0.99305E+00  0.19703E-03  0.62318E-04  0.85714E+00 -0.26060E-02  0.85334E+00 
   56.00  0.46759E+00 -0.51652E+00 -0.79990E-04 -0.46671E-04  0.99294E+00  0.16448E-03  0.49036E-04  0.84626E+00 -0.23711E-02  0.84252E+00 
   57.00  0.45565E+00 -0.53473E+00 -0.72613E-04 -0.14610E-04  0.99281E+00  0.13859E-03  0.33186E-04  0.83468E+00 -0.21420E-02  0.83098E+00 
   58.00  0.44349E+00 -0.55322E+00 -0.65413E-04  0.19536E-04  0.99266E+00  0.11932E-03  0.14995E-04  0.82233E+00 -0.19544E-02  0.81867E+00 
   59.00  0.43101E+00 -0.57200E+00 -0.58805E-04  0.55361E-04  0.99250E+00  0.10647E-03 -0.52018E-05  0.80915E+00 -0.18421E-02  0.80552E+00 
   60.00  0.41818E+00 -0.59105E+00 -0.53255E-04  0.92478E-04  0.99230E+00  0.99796E-04 -0.26956E-04  0.79508E+00 -0.18337E-02  0.79147E+00 
   61.00  0.40508E+00 -0.61035E+00 -0.49262E-04  0.13044E-03  0.99209E+00  0.98977E-04 -0.49699E-04  0.78007E+00 -0.19491E-02  0.77647E+00 
   62.00  0.39185E+00 -0.62983E+00 -0.47329E-04  0.16864E-03  0.99185E+00  0.10357E-03 -0.72748E-04  0.76408E+00 -0.21969E-02  0.76049E+00 
   63.00  0.37868E+00 -0.64946E+00 -0.47907E-04  0.20626E-03  0.99159E+00  0.11297E-03 -0.95315E-04  0.74710E+00 -0.25717E-02  0.74351E+00 
   64.00  0.36574E+00 -0.66914E+00 -0.51334E-04  0.24225E-03  0.99132E+00  0.12631E-03 -0.11654E-03  0.72912E+00 -0.30520E-02  0.72552E+00 
   65.00  0.35324E+00 -0.68877E+00 -0.57765E-04  0.27530E-03  0.99104E+00  0.14245E-03 -0.13552E-03  0.71017E+00 -0.36000E-02  0.70656E+00 
   66.00  0.34133E+00 -0.70828E+00 -0.67103E-04  0.30395E-03  0.99074E+00  0.15997E-03 -0.15141E-03  0.69028E+00 -0.41625E-02  0.68666E+00 
   67.00  0.33011E+00 -0.72753E+00 -0.78954E-04  0.32668E-03  0.99045E+00  0.17720E-03 -0.16346E-03  0.66950E+00 -0.46751E-02  0.66586E+00 
   68.00  0.31965E+00 -0.74644E+00 -0.92620E-04  0.34206E-03  0.99016E+00  0.19236E-03 -0.17109E-03  0.64789E+00 -0.50672E-02  0.64425E+00 
   69.00  0.30993E+00 -0.76492E+00 -0.10713E-03  0.34895E-03  0.98987E+00  0.20368E-03 -0.17399E-03  0.62551E+00 -0.52695E-02  0.62187E+00 
   70.00  0.30090E+00 -0.78287E+00 -0.12133E-03  0.34655E-03  0.98958E+00  0.20963E-03 -0.17208E-03  0.60242E+00 -0.52218E-02  0.59879E+00 
   71.00  0.29246E+00 -0.80025E+00 -0.13397E-03  0.33455E-03  0.98930E+00  0.20904E-03 -0.16551E-03  0.57867E+00 -0.48788E-02  0.57505E+00 
   72.00  0.28448E+00 -0.81699E+00 -0.14384E-03  0.31312E-03  0.98902E+00  0.20124E-03 -0.15467E-03  0.55429E+00 -0.42159E-02  0.55068E+00 
   73.00  0.27684E+00 -0.83307E+00 -0.14988E-03  0.28284E-03  0.98873E+00  0.18611E-03 -0.14002E-03  0.52928E+00 -0.32307E-02  0.52571E+00 
   74.00  0.26938E+00 -0.84846E+00 -0.15131E-03  0.24466E-03  0.98843E+00  0.16407E-03 -0.12207E-03  0.50365E+00 -0.19434E-02  0.50011E+00 
   75.00  0.26202E+00 -0.86314E+00 -0.14763E-03  0.19974E-03  0.98812E+00  0.13607E-03 -0.10129E-03  0.47737E+00 -0.39478E-03  0.47387E+00 
   76.00  0.25465E+00 -0.87709E+00 -0.13874E-03  0.14934E-03  0.98780E+00  0.10344E-03 -0.78015E-04  0.45043E+00  0.13574E-02  0.44697E+00 
   77.00  0.24725E+00 -0.89029E+00 -0.12487E-03  0.94775E-04  0.98745E+00  0.67790E-04 -0.52443E-04  0.42278E+00  0.32421E-02  0.41937E+00 
   78.00  0.23981E+00 -0.90272E+00 -0.10662E-03  0.37304E-04  0.98707E+00  0.30934E-04 -0.24589E-04  0.39439E+00  0.51789E-02  0.39104E+00 
   79.00  0.23236E+00 -0.91436E+00 -0.84924E-04 -0.21893E-04  0.98668E+00 -0.52815E-05  0.56842E-05  0.36525E+00  0.70829E-02  0.36196E+00 
   80.00  0.22497E+00 -0.92516E+00 -0.60962E-04 -0.81730E-04  0.98626E+00 -0.39070E-04  0.38633E-04  0.33533E+00  0.88686E-02  0.33210E+00 
   81.00  0.21773E+00 -0.93510E+00 -0.36131E-04 -0.14121E-03  0.98582E+00 -0.68829E-04  0.74566E-04  0.30464E+00  0.10455E-01  0.30148E+00 
   82.00  0.21074E+00 -0.94412E+00 -0.11934E-04 -0.19942E-03  0.98537E+00 -0.93246E-04  0.11376E-03  0.27318E+00  0.11770E-01  0.27009E+00 
   83.00  0.20411E+00 -0.95218E+00  0.10136E-04 -0.25549E-03  0.98491E+00 -0.11140E-03  0.15637E-03  0.24100E+00  0.12757E-01  0.23799E+00 
   84.00  0.19793E+00 -0.95924E+00  0.28719E-04 -0.30862E-03  0.98446E+00 -0.12285E-03  0.20231E-03  0.20814E+00  0.13380E-01  0.20521E+00 
   85.00  0.19229E+00 -0.96527E+00  0.42729E-04 -0.35805E-03  0.98402E+00 -0.12766E-03  0.25119E-03  0.17469E+00  0.13624E-01  0.17186E+00 
   86.00  0.18724E+00 -0.97021E+00  0.51470E-04 -0.40307E-03  0.98361E+00 -0.12639E-03  0.30225E-03  0.14073E+00  0.13505E-01  0.13801E+00 
   87.00  0.18282E+00 -0.97405E+00  0.54721E-04 -0.44307E-03  0.98322E+00 -0.12004E-03  0.35436E-03  0.10638E+00  0.13060E-01  0.10378E+00 
   88.00  0.17905E+00 -0.97675E+00  0.52756E-04 -0.47752E-03  0.98288E+00 -0.10992E-03  0.40605E-03  0.71754E-01  0.12354E-01  0.69293E-01 
   89.00  0.17591E+00 -0.97831E+00  0.46312E-04 -0.50603E-03  0.98259E+00 -0.97474E-04  0.45561E-03  0.36983E-01  0.11465E-01  0.34677E-01 
   90.00  0.17335E+00 -0.97872E+00  0.36475E-04 -0.52837E-03  0.98234E+00 -0.84120E-04  0.50122E-03  0.21858E-02  0.10482E-01  0.52743E-04 
   91.00  0.17133E+00 -0.97797E+00  0.24536E-04 -0.54446E-03  0.98214E+00 -0.71056E-04  0.54112E-03 -0.32523E-01  0.94930E-02 -0.34466E-01 
   92.00  0.16977E+00 -0.97608E+00  0.11820E-04 -0.55439E-03  0.98199E+00 -0.59147E-04  0.57370E-03 -0.67043E-01  0.85800E-02 -0.68779E-01 
   93.00  0.16859E+00 -0.97306E+00 -0.47744E-06 -0.55839E-03  0.98187E+00 -0.48851E-04  0.59769E-03 -0.10128E+00  0.78099E-02 -0.10280E+00 
   94.00  0.16771E+00 -0.96892E+00 -0.11419E-04 -0.55682E-03  0.98178E+00 -0.40209E-04  0.61216E-03 -0.13518E+00  0.72320E-02 -0.13645E+00 
   95.00  0.16704E+00 -0.96369E+00 -0.20407E-04 -0.55011E-03  0.98172E+00 -0.32890E-04  0.61660E-03 -0.16866E+00  0.68768E-02 -0.16968E+00 
   96.00  0.16651E+00 -0.95737E+00 -0.27218E-04 -0.53878E-03  0.98168E+00 -0.26269E-04  0.61088E-03 -0.20167E+00  0.67563E-02 -0.20244E+00 
   97.00  0.16605E+00 -0.95001E+00 -0.31990E-04 -0.52337E-03  0.98165E+00 -0.19532E-04  0.59524E-03 -0.23419E+00  0.68663E-02 -0.23468E+00 
   98.00  0.16561E+00 -0.94162E+00 -0.35176E-04 -0.50442E-03  0.98163E+00 -0.11784E-04  0.57026E-03 -0.26617E+00  0.71894E-02 -0.26638E+00 
   99.00  0.16512E+00 -0.93224E+00 -0.37472E-04 -0.48247E-03  0.98161E+00 -0.21509E-05  0.53674E-03 -0.29759E+00  0.76985E-02 -0.29751E+00 
  100.00  0.16457E+00 -0.92188E+00 -0.39729E-04 -0.45804E-03  0.98159E+00  0.10130E-04  0.49568E-03 -0.32841E+00  0.83596E-02 -0.32804E+00 
  101.00  0.16392E+00 -0.91060E+00 -0.42865E-04 -0.43162E-03  0.98156E+00  0.25644E-04  0.44822E-03 -0.35861E+00  0.91347E-02 -0.35795E+00 
  102.00  0.16317E+00 -0.89842E+00 -0.47777E-04 -0.40368E-03  0.98153E+00  0.44743E-04  0.39556E-03 -0.38816E+00  0.99842E-02 -0.38720E+00 
  103.00  0.16230E+00 -0.88539E+00 -0.55254E-04 -0.37463E-03  0.98150E+00  0.67521E-04  0.33893E-03 -0.41704E+00  0.10869E-01 -0.41578E+00 
  104.00  0.16133E+00 -0.87154E+00 -0.65915E-04 -0.34489E-03  0.98145E+00  0.93801E-04  0.27955E-03 -0.44523E+00  0.11751E-01 -0.44365E+00 
  105.00  0.16027E+00 -0.85693E+00 -0.80151E-04 -0.31482E-03  0.98141E+00  0.12315E-03  0.21857E-03 -0.47268E+00  0.12594E-01 -0.47081E+00 
  106.00  0.15913E+00 -0.84160E+00 -0.98090E-04 -0.28480E-03  0.98136E+00  0.15489E-03  0.15705E-03 -0.49939E+00  0.13368E-01 -0.49721E+00 
  107.00  0.15793E+00 -0.82561E+00 -0.11958E-03 -0.25518E-03  0.98130E+00  0.18817E-03  0.95944E-04 -0.52532E+00  0.14045E-01 -0.52283E+00 
  108.00  0.15670E+00 -0.80901E+00 -0.14420E-03 -0.22633E-03  0.98125E+00  0.22198E-03  0.36070E-04 -0.55046E+00  0.14599E-01 -0.54766E+00 
  109.00  0.15546E+00 -0.79187E+00 -0.17128E-03 -0.19862E-03  0.98120E+00  0.25525E-03 -0.21895E-04 -0.57477E+00  0.15013E-01 -0.57167E+00 
  110.00  0.15422E+00 -0.77423E+00 -0.19993E-03 -0.17242E-03  0.98115E+00  0.28689E-03 -0.77413E-04 -0.59825E+00  0.15271E-01 -0.59484E+00 
  111.00  0.15303E+00 -0.75616E+00 -0.22914E-03 -0.14813E-03  0.98111E+00  0.31586E-03 -0.13009E-03 -0.62087E+00  0.15364E-01 -0.61716E+00 
  112.00  0.15188E+00 -0.73773E+00 -0.25781E-03 -0.12613E-03  0.98108E+00  0.34126E-03 -0.17964E-03 -0.64263E+00  0.15285E-01 -0.63861E+00 
  113.00  0.15082E+00 -0.71900E+00 -0.28483E-03 -0.10680E-03  0.98106E+00  0.36233E-03 -0.22590E-03 -0.66351E+00  0.15033E-01 -0.65918E+00 
  114.00  0.14984E+00 -0.70002E+00 -0.30919E-03 -0.90500E-04  0.98104E+00  0.37852E-03 -0.26879E-03 -0.68350E+00  0.14611E-01 -0.67887E+00 
  115.00  0.14898E+00 -0.68087E+00 -0.33000E-03 -0.77532E-04  0.98105E+00  0.38951E-03 -0.30830E-03 -0.70261E+00  0.14026E-01 -0.69768E+00 
  116.00  0.14824E+00 -0.66161E+00 -0.34657E-03 -0.68143E-04  0.98107E+00  0.39522E-03 -0.34445E-03 -0.72083E+00  0.13288E-01 -0.71561E+00 
  117.00  0.14764E+00 -0.64228E+00 -0.35846E-03 -0.62494E-04  0.98110E+00  0.39578E-03 -0.37728E-03 -0.73817E+00  0.12413E-01 -0.73267E+00 
  118.00  0.14718E+00 -0.62295E+00 -0.36546E-03 -0.60639E-04  0.98115E+00  0.39154E-03 -0.40684E-03 -0.75465E+00  0.11416E-01 -0.74886E+00 
  119.00  0.14687E+00 -0.60366E+00 -0.36762E-03 -0.62517E-04  0.98122E+00  0.38300E-03 -0.43317E-03 -0.77028E+00  0.10318E-01 -0.76421E+00 
  120.00  0.14671E+00 -0.58447E+00 -0.36522E-03 -0.67947E-04  0.98130E+00  0.37076E-03 -0.45628E-03 -0.78508E+00  0.91380E-02 -0.77874E+00 
  121.00  0.14670E+00 -0.56541E+00 -0.35871E-03 -0.76621E-04  0.98140E+00  0.35554E-03 -0.47619E-03 -0.79907E+00  0.78999E-02 -0.79247E+00 
  122.00  0.14684E+00 -0.54652E+00 -0.34869E-03 -0.88124E-04  0.98151E+00  0.33802E-03 -0.49285E-03 -0.81228E+00  0.66259E-02 -0.80542E+00 
  123.00  0.14713E+00 -0.52783E+00 -0.33580E-03 -0.10194E-03  0.98164E+00  0.31890E-03 -0.50624E-03 -0.82473E+00  0.53383E-02 -0.81762E+00 
  124.00  0.14756E+00 -0.50937E+00 -0.32074E-03 -0.11750E-03  0.98177E+00  0.29881E-03 -0.51630E-03 -0.83645E+00  0.40587E-02 -0.82911E+00 
  125.00  0.14812E+00 -0.49116E+00 -0.30416E-03 -0.13415E-03  0.98192E+00  0.27828E-03 -0.52301E-03 -0.84748E+00  0.28070E-02 -0.83990E+00 
  126.00  0.14880E+00 -0.47322E+00 -0.28661E-03 -0.15125E-03  0.98207E+00  0.25774E-03 -0.52632E-03 -0.85784E+00  0.16014E-02 -0.85004E+00 
  127.00  0.14958E+00 -0.45556E+00 -0.26858E-03 -0.16817E-03  0.98223E+00  0.23752E-03 -0.52625E-03 -0.86756E+00  0.45745E-03 -0.85955E+00 
  128.00  0.15046E+00 -0.43820E+00 -0.25038E-03 -0.18428E-03  0.98238E+00  0.21784E-03 -0.52283E-03 -0.87669E+00 -0.61179E-03 -0.86846E+00 
  129.00  0.15142E+00 -0.42115E+00 -0.23226E-03 -0.19902E-03  0.98254E+00  0.19882E-03 -0.51614E-03 -0.88523E+00 -0.15961E-02 -0.87680E+00 
  130.00  0.15244E+00 -0.40441E+00 -0.21430E-03 -0.21192E-03  0.98270E+00  0.18051E-03 -0.50630E-03 -0.89323E+00 -0.24880E-02 -0.88460E+00 
  131.00  0.15352E+00 -0.38799E+00 -0.19653E-03 -0.22254E-03  0.98285E+00  0.16288E-03 -0.49349E-03 -0.90071E+00 -0.32827E-02 -0.89188E+00 
  132.00  0.15463E+00 -0.37189E+00 -0.17889E-03 -0.23055E-03  0.98299E+00  0.14590E-03 -0.47794E-03 -0.90769E+00 -0.39781E-02 -0.89867E+00 
  133.00  0.15576E+00 -0.35611E+00 -0.16129E-03 -0.23569E-03  0.98313E+00  0.12950E-03 -0.45990E-03 -0.91421E+00 -0.45743E-02 -0.90499E+00 
  134.00  0.15690E+00 -0.34066E+00 -0.14362E-03 -0.23778E-03  0.98325E+00  0.11363E-03 -0.43970E-03 -0.92028E+00 -0.50732E-02 -0.91087E+00 
  135.00  0.15804E+00 -0.32554E+00 -0.12577E-03 -0.23672E-03  0.98337E+00  0.98225E-04 -0.41765E-03 -0.92593E+00 -0.54788E-02 -0.91633E+00 
  136.00  0.15916E+00 -0.31075E+00 -0.10769E-03 -0.23246E-03  0.98348E+00  0.83288E-04 -0.39411E-03 -0.93118E+00 -0.57962E-02 -0.92138E+00 
  137.00  0.16025E+00 -0.29628E+00 -0.89358E-04 -0.22504E-03  0.98358E+00  0.68829E-04 -0.36944E-03 -0.93605E+00 -0.60315E-02 -0.92606E+00 
  138.00  0.16132E+00 -0.28215E+00 -0.70797E-04 -0.21451E-03  0.98366E+00  0.54896E-04 -0.34400E-03 -0.94056E+00 -0.61919E-02 -0.93037E+00 
  139.00  0.16234E+00 -0.26835E+00 -0.52092E-04 -0.20099E-03  0.98374E+00  0.41569E-04 -0.31813E-03 -0.94473E+00 -0.62847E-02 -0.93434E+00 
  140.00  0.16331E+00 -0.25488E+00 -0.33372E-04 -0.18464E-03  0.98381E+00  0.28946E-04 -0.29217E-03 -0.94857E+00 -0.63176E-02 -0.93799E+00 
  141.00  0.16424E+00 -0.24174E+00 -0.14806E-04 -0.16562E-03  0.98387E+00  0.17141E-04 -0.26642E-03 -0.95212E+00 -0.62985E-02 -0.94134E+00 
  142.00  0.16511E+00 -0.22894E+00  0.34082E-05 -0.14412E-03  0.98391E+00  0.62713E-05 -0.24115E-03 -0.95537E+00 -0.62350E-02 -0.94439E+00 
  143.00  0.16594E+00 -0.21647E+00  0.21059E-04 -0.12035E-03  0.98395E+00 -0.35542E-05 -0.21660E-03 -0.95836E+00 -0.61342E-02 -0.94718E+00 
  144.00  0.16671E+00 -0.20433E+00  0.37931E-04 -0.94496E-04  0.98399E+00 -0.12242E-04 -0.19297E-03 -0.96109E+00 -0.60032E-02 -0.94971E+00 
  145.00  0.16743E+00 -0.19254E+00  0.53821E-04 -0.66747E-04  0.98401E+00 -0.19723E-04 -0.17044E-03 -0.96359E+00 -0.58483E-02 -0.95199E+00 
  146.00  0.16810E+00 -0.18108E+00  0.68546E-04 -0.37274E-04  0.98403E+00 -0.25958E-04 -0.14914E-03 -0.96586E+00 -0.56753E-02 -0.95406E+00 
  147.00  0.16872E+00 -0.16996E+00  0.81947E-04 -0.62290E-05  0.98404E+00 -0.30940E-04 -0.12920E-03 -0.96792E+00 -0.54892E-02 -0.95591E+00 
  148.00  0.16931E+00 -0.15919E+00  0.93903E-04  0.26261E-04  0.98404E+00 -0.34697E-04 -0.11070E-03 -0.96978E+00 -0.52945E-02 -0.95757E+00 
  149.00  0.16985E+00 -0.14877E+00  0.10432E-03  0.60091E-04  0.98404E+00 -0.37286E-04 -0.93722E-04 -0.97147E+00 -0.50949E-02 -0.95905E+00 
  150.00  0.17037E+00 -0.13870E+00  0.11316E-03  0.95177E-04  0.98403E+00 -0.38793E-04 -0.78316E-04 -0.97298E+00 -0.48934E-02 -0.96035E+00 
  151.00  0.17085E+00 -0.12897E+00  0.12037E-03  0.13145E-03  0.98402E+00 -0.39324E-04 -0.64520E-04 -0.97434E+00 -0.46925E-02 -0.96149E+00 
  152.00  0.17132E+00 -0.11961E+00  0.12599E-03  0.16886E-03  0.98399E+00 -0.39002E-04 -0.52358E-04 -0.97554E+00 -0.44937E-02 -0.96249E+00 
  153.00  0.17176E+00 -0.11060E+00  0.13002E-03  0.20735E-03  0.98397E+00 -0.37957E-04 -0.41833E-04 -0.97661E+00 -0.42983E-02 -0.96335E+00 
  154.00  0.17219E+00 -0.10195E+00  0.13252E-03  0.24684E-03  0.98393E+00 -0.36324E-04 -0.32931E-04 -0.97756E+00 -0.41067E-02 -0.96408E+00 
  155.00  0.17261E+00 -0.93670E-01  0.13356E-03  0.28727E-03  0.98389E+00 -0.34231E-04 -0.25614E-04 -0.97839E+00 -0.39191E-02 -0.96469E+00 
  156.00  0.17302E+00 -0.85751E-01  0.13320E-03  0.32852E-03  0.98384E+00 -0.31800E-04 -0.19820E-04 -0.97911E+00 -0.37351E-02 -0.96519E+00 
  157.00  0.17342E+00 -0.78198E-01  0.13152E-03  0.37046E-03  0.98378E+00 -0.29144E-04 -0.15458E-04 -0.97974E+00 -0.35542E-02 -0.96559E+00 
  158.00  0.17383E+00 -0.71011E-01  0.12863E-03  0.41291E-03  0.98371E+00 -0.26360E-04 -0.12409E-04 -0.98027E+00 -0.33755E-02 -0.96590E+00 
  159.00  0.17423E+00 -0.64191E-01  0.12460E-03  0.45568E-03  0.98363E+00 -0.23534E-04 -0.10527E-04 -0.98072E+00 -0.31980E-02 -0.96612E+00 
  160.00  0.17464E+00 -0.57738E-01  0.11956E-03  0.49851E-03  0.98354E+00 -0.20735E-04 -0.96388E-05 -0.98110E+00 -0.30206E-02 -0.96626E+00 
  161.00  0.17505E+00 -0.51651E-01  0.11362E-03  0.54114E-03  0.98344E+00 -0.18022E-04 -0.95531E-05 -0.98140E+00 -0.28424E-02 -0.96632E+00 
  162.00  0.17546E+00 -0.45930E-01  0.10689E-03  0.58327E-03  0.98333E+00 -0.15442E-04 -0.10064E-04 -0.98165E+00 -0.26624E-02 -0.96631E+00 
  163.00  0.17588E+00 -0.40572E-01  0.99514E-04  0.62461E-03  0.98321E+00 -0.13030E-04 -0.10962E-04 -0.98183E+00 -0.24800E-02 -0.96624E+00 
  164.00  0.17629E+00 -0.35577E-01  0.91627E-04  0.66484E-03  0.98307E+00 -0.10813E-04 -0.12041E-04 -0.98196E+00 -0.22948E-02 -0.96611E+00 
  165.00  0.17671E+00 -0.30941E-01  0.83375E-04  0.70366E-03  0.98292E+00 -0.88103E-05 -0.13112E-04 -0.98204E+00 -0.21065E-02 -0.96592E+00 
  166.00  0.17713E+00 -0.26661E-01  0.74905E-04  0.74080E-03  0.98277E+00 -0.70325E-05 -0.14008E-04 -0.98207E+00 -0.19156E-02 -0.96568E+00 
  167.00  0.17754E+00 -0.22732E-01  0.66367E-04  0.77601E-03  0.98260E+00 -0.54844E-05 -0.14597E-04 -0.98206E+00 -0.17227E-02 -0.96540E+00 
  168.00  0.17795E+00 -0.19150E-01  0.57907E-04  0.80905E-03  0.98242E+00 -0.41649E-05 -0.14785E-04 -0.98202E+00 -0.15289E-02 -0.96508E+00 
  169.00  0.17834E+00 -0.15907E-01  0.49662E-04  0.83974E-03  0.98224E+00 -0.30667E-05 -0.14519E-04 -0.98195E+00 -0.13359E-02 -0.96473E+00 
  170.00  0.17873E+00 -0.12997E-01  0.41762E-04  0.86794E-03  0.98206E+00 -0.21776E-05 -0.13792E-04 -0.98185E+00 -0.11457E-02 -0.96436E+00 
  171.00  0.17909E+00 -0.10410E-01  0.34324E-04  0.89355E-03  0.98188E+00 -0.14805E-05 -0.12636E-04 -0.98174E+00 -0.96075E-03 -0.96398E+00 
  172.00  0.17944E+00 -0.81362E-02  0.27448E-04  0.91647E-03  0.98170E+00 -0.95450E-06 -0.11122E-04 -0.98161E+00 -0.78373E-03 -0.96360E+00 
  173.00  0.17976E+00 -0.61657E-02  0.21221E-04  0.93668E-03  0.98152E+00 -0.57581E-06 -0.93489E-05 -0.98147E+00 -0.61763E-03 -0.96322E+00 
  174.00  0.18004E+00 -0.44873E-02  0.15712E-04  0.95415E-03  0.98137E+00 -0.31870E-06 -0.74371E-05 -0.98134E+00 -0.46553E-03 -0.96287E+00 
  175.00  0.18029E+00 -0.30899E-02  0.10977E-04  0.96889E-03  0.98122E+00 -0.15702E-06 -0.55184E-05 -0.98121E+00 -0.33050E-03 -0.96255E+00 
  176.00  0.18050E+00 -0.19633E-02  0.70569E-05  0.98091E-03  0.98110E+00 -0.65456E-07 -0.37259E-05 -0.98109E+00 -0.21543E-03 -0.96227E+00 
  177.00  0.18067E+00 -0.10979E-02  0.39825E-05  0.99022E-03  0.98100E+00 -0.20998E-07 -0.21839E-05 -0.98100E+00 -0.12294E-03 -0.96204E+00 
  178.00  0.18080E+00 -0.48587E-03  0.17739E-05  0.99685E-03  0.98093E+00 -0.41887E-08 -0.99938E-06 -0.98092E+00 -0.55212E-04 -0.96187E+00 
  179.00  0.18087E+00 -0.12115E-03  0.44402E-06  0.10008E-02  0.98088E+00 -0.26335E-09 -0.25423E-06 -0.98088E+00 -0.13890E-04 -0.96176E+00 
  180.00  0.18090E+00 -0.29999E-14  0.11009E-16  0.10021E-02  0.98086E+00 -0.16208E-30 -0.63375E-17 -0.98086E+00 -0.34497E-15 -0.96173E+00 
 scattering matrix expansion coefficients
    w  a11         a22         a33         a23         a32         a44         a12         a34         a13         a24         a14
    0  0.1000E+01  0.0000E+00  0.0000E+00  0.0000E+00  0.0000E+00  0.8214E+00  0.0000E+00  0.0000E+00  0.0000E+00  0.0000E+00 -0.7373E-04
    1  0.2313E+01  0.0000E+00  0.0000E+00  0.0000E+00  0.0000E+00  0.2491E+01  0.0000E+00  0.0000E+00  0.0000E+00  0.0000E+00 -0.1732E-03
    2  0.3347E+01  0.2212E+00  0.4076E+01 -0.6545E-07  0.1322E-03  0.3349E+01 -0.3450E+00  0.5997E-03 -0.4359E-04  0.1684E-04 -0.1985E-03
    3  0.3977E+01  0.6115E-01  0.4378E+01 -0.2467E-07 -0.2045E-04  0.3974E+01 -0.1938E+00 -0.3286E-02 -0.4902E-05  0.4905E-04 -0.3348E-03
    4  0.4430E+01  0.2458E-01  0.4725E+01  0.7905E-07 -0.8176E-04  0.4423E+01 -0.1305E+00 -0.5674E-02 -0.3039E-04 -0.5750E-04 -0.2179E-03
    5  0.4712E+01  0.8866E-02  0.4962E+01  0.7180E-07 -0.1419E-03  0.4711E+01 -0.1114E+00 -0.3273E-02 -0.1140E-04  0.8003E-04 -0.1434E-03
    6  0.4854E+01  0.4697E-02  0.5069E+01  0.8178E-07  0.4685E-04  0.4856E+01 -0.1084E+00 -0.5751E-02  0.5992E-04  0.9739E-04 -0.9666E-05
    7  0.4895E+01  0.5252E-02  0.5074E+01  0.8959E-09  0.1853E-03  0.4891E+01 -0.1081E+00 -0.6613E-02 -0.4707E-05 -0.7728E-04 -0.1168E-03
    8  0.4864E+01 -0.1494E-02  0.5020E+01 -0.1151E-07  0.2397E-03  0.4875E+01 -0.1054E+00 -0.7296E-02  0.1010E-04 -0.6780E-04 -0.1156E-03
    9  0.4808E+01  0.2896E-02  0.4936E+01 -0.9106E-07  0.3121E-03  0.4815E+01 -0.8274E-01 -0.8292E-02  0.1490E-04  0.7572E-05  0.1162E-04
   10  0.4718E+01  0.9697E-02  0.4823E+01 -0.9427E-07  0.2305E-03  0.4705E+01 -0.4815E-01 -0.6283E-02 -0.7515E-05  0.1799E-04  0.1007E-03
   11  0.4538E+01  0.1197E-02  0.4645E+01  0.1583E-06  0.4266E-04  0.4536E+01 -0.3788E-01 -0.4625E-02 -0.3589E-04 -0.5210E-05  0.1224E-03
   12  0.4268E+01 -0.1975E-02  0.4376E+01  0.3494E-07 -0.1666E-03  0.4273E+01 -0.4294E-01 -0.6085E-02 -0.4661E-04 -0.1312E-04  0.1168E-03
   13  0.3916E+01  0.1659E-02  0.4018E+01 -0.5900E-07 -0.3201E-03  0.3914E+01 -0.4456E-01 -0.6569E-02 -0.4183E-04  0.8493E-06  0.1107E-03
   14  0.3483E+01  0.1762E-02  0.3580E+01  0.2062E-07 -0.3759E-03  0.3479E+01 -0.5102E-01 -0.4979E-02 -0.1519E-04 -0.6746E-05  0.1411E-03
   15  0.2992E+01 -0.1211E-02  0.3084E+01  0.5893E-07 -0.3352E-03  0.2994E+01 -0.6685E-01 -0.3754E-02  0.1111E-04 -0.1599E-05  0.1867E-03
   16  0.2487E+01 -0.1897E-02  0.2569E+01 -0.1070E-08 -0.2828E-03  0.2492E+01 -0.7842E-01 -0.4203E-02 -0.1323E-05  0.1643E-04  0.2092E-03
   17  0.2006E+01  0.3173E-04  0.2074E+01 -0.3495E-10 -0.2579E-03  0.2008E+01 -0.7756E-01 -0.4714E-02 -0.1458E-04  0.1850E-04  0.2085E-03
   18  0.1566E+01  0.1310E-02  0.1621E+01  0.2775E-07 -0.2209E-03  0.1565E+01 -0.7071E-01 -0.3892E-02  0.6184E-06  0.2920E-05  0.1881E-03
   19  0.1175E+01  0.7046E-03  0.1219E+01  0.2628E-07 -0.1713E-03  0.1175E+01 -0.6549E-01 -0.2260E-02  0.1118E-04 -0.4446E-05  0.1576E-03
   20  0.8444E+00  0.3635E-04  0.8786E+00  0.1435E-07 -0.1346E-03  0.8457E+00 -0.6068E-01 -0.9654E-03  0.5521E-05 -0.3295E-05  0.1195E-03
   21  0.5814E+00  0.3055E-03  0.6060E+00  0.1295E-07 -0.1090E-03  0.5824E+00 -0.5233E-01 -0.3093E-03  0.2724E-06 -0.1199E-05  0.7751E-04
   22  0.3849E+00  0.8093E-03  0.4014E+00  0.9050E-08 -0.8345E-04  0.3848E+00 -0.4083E-01 -0.1739E-05  0.8799E-07 -0.1641E-05  0.4004E-04
   23  0.2450E+00  0.8627E-03  0.2556E+00  0.2266E-08 -0.5465E-04  0.2444E+00 -0.2968E-01  0.1862E-03  0.2166E-05 -0.2192E-05  0.1560E-04
   24  0.1491E+00  0.6150E-03  0.1558E+00 -0.1135E-08 -0.2864E-04  0.1486E+00 -0.2097E-01  0.2756E-03  0.3144E-05 -0.1548E-05  0.4774E-05
   25  0.8591E-01  0.3977E-03  0.8997E-01 -0.1746E-08 -0.1092E-04  0.8564E-01 -0.1457E-01  0.2609E-03  0.2469E-05 -0.7088E-06  0.1545E-05
   26  0.4644E-01  0.3007E-03  0.4873E-01 -0.1436E-08 -0.1946E-05  0.4621E-01 -0.9707E-02  0.1849E-03  0.1287E-05 -0.1668E-06  0.1043E-05
   27  0.2338E-01  0.2504E-03  0.2455E-01 -0.8187E-09  0.1046E-05  0.2314E-01 -0.6009E-02  0.1048E-03  0.4199E-06  0.4955E-08  0.8935E-06
   28  0.1093E-01  0.1934E-03  0.1144E-01 -0.3029E-09  0.1322E-05  0.1070E-01 -0.3385E-02  0.4940E-04  0.1652E-07  0.1788E-07  0.6068E-06
   29  0.4732E-02  0.1288E-03  0.4930E-02 -0.6817E-10  0.8542E-06  0.4562E-02 -0.1724E-02  0.1998E-04 -0.9153E-07 -0.1008E-08  0.3297E-06
   30  0.1899E-02  0.7376E-04  0.1964E-02  0.5169E-11  0.4165E-06  0.1795E-02 -0.7943E-03  0.7138E-05 -0.7353E-07 -0.5486E-08  0.1503E-06
   31  0.7074E-03  0.3678E-04  0.7243E-03  0.1766E-10  0.1710E-06  0.6529E-03 -0.3325E-03  0.2334E-05 -0.3886E-07 -0.4279E-08  0.5566E-07
   32  0.2449E-03  0.1624E-04  0.2479E-03  0.1465E-10  0.6200E-07  0.2200E-03 -0.1272E-03  0.7253E-06 -0.1723E-07 -0.1779E-08  0.1810E-07
   33  0.7899E-04  0.6426E-05  0.7893E-04  0.8127E-11  0.1997E-07  0.6888E-04 -0.4463E-04  0.2236E-06 -0.6365E-08 -0.7247E-09  0.5598E-08
   34  0.2378E-04  0.2304E-05  0.2343E-04  0.3214E-11  0.5808E-08  0.2008E-04 -0.1445E-04  0.6992E-07 -0.2054E-08 -0.2425E-09  0.1619E-08
   35  0.6705E-05  0.7538E-06  0.6509E-05  0.8737E-12  0.1524E-08  0.5474E-05 -0.4334E-05  0.2196E-07 -0.5974E-09 -0.3092E-10  0.3853E-09
   36  0.1778E-05  0.2267E-06  0.1700E-05  0.1158E-12  0.3655E-09  0.1402E-05 -0.1212E-05  0.6962E-08 -0.1520E-09  0.1131E-10  0.2924E-10
   37  0.4471E-06  0.6312E-07  0.4213E-06 -0.4007E-13  0.9526E-10  0.3414E-06 -0.3183E-06  0.2098E-08 -0.4112E-10 -0.1516E-11 -0.6050E-11
   38  0.1082E-06  0.1653E-07  0.1006E-06 -0.3099E-13  0.3199E-10  0.8029E-07 -0.7969E-07  0.6184E-09 -0.1428E-10 -0.1167E-10  0.9456E-11
   39  0.2559E-07  0.4156E-08  0.2351E-07 -0.1055E-13  0.1192E-10  0.1854E-07 -0.1936E-07  0.1726E-09 -0.4512E-11 -0.9726E-11  0.1256E-10
   40  0.6159E-08  0.1040E-08  0.5610E-08 -0.2302E-14  0.4695E-11  0.4389E-08 -0.4725E-08  0.4107E-10 -0.1826E-11 -0.4875E-11  0.7039E-11
   41  0.1417E-08  0.2542E-09  0.1273E-08 -0.5141E-15  0.1587E-11  0.9841E-09 -0.1113E-08  0.1052E-10 -0.5756E-12 -0.1899E-11  0.3054E-11
   42  0.3907E-09  0.7124E-10  0.3494E-09 -0.1058E-15  0.4940E-12  0.2680E-09 -0.3061E-09  0.1944E-11 -0.1803E-12 -0.6243E-12  0.1071E-11
   43  0.7771E-10  0.1544E-10  0.6809E-10  0.2868E-16  0.1403E-12  0.5112E-10 -0.6286E-10  0.5290E-12 -0.5254E-13 -0.1793E-12  0.3202E-12
   44  0.2422E-10  0.4950E-11  0.2117E-10  0.1820E-16  0.3275E-13  0.1554E-10 -0.1969E-10  0.7729E-13 -0.1290E-13 -0.4351E-13  0.7813E-13
   45  0.2944E-11  0.6568E-12  0.2514E-11  0.2477E-17  0.6317E-14  0.1788E-11 -0.2478E-11  0.2038E-13 -0.2688E-14 -0.8235E-14  0.1463E-13
   46  0.9370E-12  0.2131E-12  0.7929E-12  0.2870E-18  0.8549E-15  0.5536E-12 -0.7911E-12  0.1526E-14 -0.3850E-15 -0.1164E-14  0.2025E-14
   47  0.3795E-13  0.9390E-14  0.3150E-13  0.6552E-19  0.8129E-16  0.2130E-13 -0.3317E-13  0.2867E-15 -0.3971E-16 -0.1051E-15  0.1796E-15
   48  0.2591E-13  0.6756E-14  0.2177E-13  0.1263E-19  0.2905E-17  0.1419E-13 -0.2293E-13 -0.1060E-17 -0.1570E-17 -0.4237E-17  0.7336E-17
