 input file is 
mstm25_512_4795_20_00226.inp  
 input file comments follow:
***********************************************************
  This is the default mstm input file for v.3.0.
  The run is for a 7-sphere cluster of identical spheres.   The positions
  are embedded in the input file.

  The run makes use of the new_run and multiple_run options.

  14 April 2013
***********************************************************
 number of processors:
   1
 input parameters for run number 
    1
 number of spheres, volume size parameter:
  512  0.38360E+01
 position file:
position/n512/a25.out                                       
 output file:
output/512/x4795/20/00226/mt_25_512_4795_20_00226.dat       
 length, ref. indx. scale factors:
   0.479   2.000   0.023
 chiral factors:
  0.00000E+00  0.00000E+00
 scattering matrix directions based on incident frame
 automatic scattering angle calculation
 thetamin, thetamax:
      0.0    180.0
 number scattering angles:
      181
 epsmie, epssoln, max number iterations:
  0.1000E-05  0.1000E-07 5000
 medium refractive index:
  1.0000  0.0000
 target euler rotation angles:
    0.0000    0.0000    0.0000
 far field kr, iterations/correction:
 -0.1000E+01   20
 plane wave incidence
 random orientation calculations
 t matrix calculated, stored in file 
tmatrixfiles/2551247952000226                               
 t matrix convergence epsilon:
  0.1000E-06
 all spheres excited (total T matrix) 
 calculation results for run 
    1
 total ext, abs, scat efficiencies, w.r.t. xv, and asym. parm
  0.41995E+01  0.20698E+00  0.39926E+01  0.75844E+00
 scattering matrix elements (normalized w/ S11)
   theta      11           12           13           14           22           23           24           33           34           44      
    0.00  0.76336E+02  0.00000E+00  0.00000E+00 -0.22511E-03  0.99972E+00 -0.14446E-03  0.00000E+00  0.99972E+00  0.00000E+00  0.99945E+00 
    1.00  0.74694E+02 -0.15263E-03  0.45042E-07 -0.22993E-03  0.99971E+00 -0.14836E-03  0.31117E-06  0.99971E+00  0.61092E-04  0.99944E+00 
    2.00  0.70002E+02 -0.61413E-03  0.17793E-06 -0.24383E-03  0.99969E+00 -0.15958E-03  0.12480E-05  0.99969E+00  0.23813E-03  0.99941E+00 
    3.00  0.62921E+02 -0.13961E-02  0.38649E-06 -0.26493E-03  0.99966E+00 -0.17651E-03  0.28130E-05  0.99966E+00  0.50912E-03  0.99935E+00 
    4.00  0.54398E+02 -0.25205E-02  0.63043E-06 -0.28915E-03  0.99961E+00 -0.19602E-03  0.49818E-05  0.99961E+00  0.82583E-03  0.99926E+00 
    5.00  0.45479E+02 -0.40223E-02  0.80606E-06 -0.30888E-03  0.99954E+00 -0.21288E-03  0.76497E-05  0.99954E+00  0.10953E-02  0.99912E+00 
    6.00  0.37116E+02 -0.59506E-02  0.69551E-06 -0.31153E-03  0.99944E+00 -0.21954E-03  0.10545E-04  0.99943E+00  0.11581E-02  0.99892E+00 
    7.00  0.30007E+02 -0.83587E-02 -0.68291E-07 -0.27988E-03  0.99932E+00 -0.20791E-03  0.13138E-04  0.99928E+00  0.78510E-03  0.99866E+00 
    8.00  0.24512E+02 -0.11275E-01 -0.19253E-05 -0.19851E-03  0.99916E+00 -0.17492E-03  0.14684E-04  0.99910E+00 -0.25538E-03  0.99835E+00 
    9.00  0.20644E+02 -0.14659E-01 -0.50902E-05 -0.67885E-04  0.99900E+00 -0.13118E-03  0.14588E-04  0.99889E+00 -0.20257E-02  0.99800E+00 
   10.00  0.18138E+02 -0.18391E-01 -0.91668E-05  0.84259E-04  0.99886E+00 -0.10330E-03  0.12997E-04  0.99867E+00 -0.42596E-02  0.99766E+00 
   11.00  0.16572E+02 -0.22344E-01 -0.13142E-04  0.21333E-03  0.99873E+00 -0.12115E-03  0.10949E-04  0.99846E+00 -0.64582E-02  0.99735E+00 
   12.00  0.15492E+02 -0.26463E-01 -0.15873E-04  0.28409E-03  0.99863E+00 -0.20059E-03  0.97258E-05  0.99824E+00 -0.82071E-02  0.99706E+00 
   13.00  0.14526E+02 -0.30785E-01 -0.16507E-04  0.28397E-03  0.99851E+00 -0.33972E-03  0.10111E-04  0.99800E+00 -0.93654E-02  0.99674E+00 
   14.00  0.13444E+02 -0.35377E-01 -0.14471E-04  0.21686E-03  0.99838E+00 -0.52579E-03  0.12172E-04  0.99770E+00 -0.10010E-01  0.99634E+00 
   15.00  0.12175E+02 -0.40296E-01 -0.93172E-05  0.93258E-04  0.99819E+00 -0.74025E-03  0.15338E-04  0.99733E+00 -0.10307E-01  0.99583E+00 
   16.00  0.10778E+02 -0.45551E-01 -0.69944E-06 -0.73172E-04  0.99795E+00 -0.95727E-03  0.18429E-04  0.99687E+00 -0.10435E-01  0.99519E+00 
   17.00  0.93820E+01 -0.51090E-01  0.11347E-04 -0.26259E-03  0.99765E+00 -0.11393E-02  0.19600E-04  0.99631E+00 -0.10557E-01  0.99440E+00 
   18.00  0.81263E+01 -0.56793E-01  0.25868E-04 -0.44428E-03  0.99730E+00 -0.12369E-02  0.16520E-04  0.99566E+00 -0.10807E-01  0.99350E+00 
   19.00  0.71083E+01 -0.62505E-01  0.40548E-04 -0.57798E-03  0.99695E+00 -0.12028E-02  0.72473E-05  0.99496E+00 -0.11253E-01  0.99255E+00 
   20.00  0.63593E+01 -0.68132E-01  0.52121E-04 -0.62874E-03  0.99665E+00 -0.10211E-02 -0.82449E-05  0.99427E+00 -0.11856E-01  0.99165E+00 
   21.00  0.58455E+01 -0.73741E-01  0.58023E-04 -0.58937E-03  0.99642E+00 -0.73023E-03 -0.27128E-04  0.99360E+00 -0.12475E-01  0.99084E+00 
   22.00  0.54894E+01 -0.79554E-01  0.58022E-04 -0.48809E-03  0.99626E+00 -0.40712E-03 -0.44780E-04  0.99292E+00 -0.12950E-01  0.99009E+00 
   23.00  0.51994E+01 -0.85840E-01  0.54199E-04 -0.37103E-03  0.99611E+00 -0.12439E-03 -0.57058E-04  0.99219E+00 -0.13185E-01  0.98931E+00 
   24.00  0.48991E+01 -0.92796E-01  0.49586E-04 -0.27904E-03  0.99593E+00  0.79613E-04 -0.61648E-04  0.99132E+00 -0.13176E-01  0.98837E+00 
   25.00  0.45454E+01 -0.10051E+00  0.46960E-04 -0.23702E-03  0.99565E+00  0.20154E-03 -0.57986E-04  0.99024E+00 -0.12967E-01  0.98716E+00 
   26.00  0.41326E+01 -0.10900E+00  0.48372E-04 -0.25457E-03  0.99525E+00  0.26080E-03 -0.46778E-04  0.98891E+00 -0.12616E-01  0.98561E+00 
   27.00  0.36855E+01 -0.11815E+00  0.55034E-04 -0.32846E-03  0.99469E+00  0.28904E-03 -0.29948E-04  0.98729E+00 -0.12160E-01  0.98366E+00 
   28.00  0.32441E+01 -0.12779E+00  0.67085E-04 -0.44222E-03  0.99397E+00  0.32359E-03 -0.11105E-04  0.98539E+00 -0.11604E-01  0.98133E+00 
   29.00  0.28478E+01 -0.13759E+00  0.83142E-04 -0.56417E-03  0.99312E+00  0.39958E-03  0.40616E-05  0.98326E+00 -0.10913E-01  0.97869E+00 
   30.00  0.25230E+01 -0.14719E+00  0.10007E-03 -0.65055E-03  0.99222E+00  0.53655E-03  0.85356E-05  0.98101E+00 -0.10017E-01  0.97590E+00 
   31.00  0.22775E+01 -0.15627E+00  0.11371E-03 -0.66027E-03  0.99136E+00  0.72392E-03 -0.33520E-05  0.97877E+00 -0.88398E-02  0.97314E+00 
   32.00  0.21019E+01 -0.16481E+00  0.12071E-03 -0.57627E-03  0.99060E+00  0.91999E-03 -0.32612E-04  0.97659E+00 -0.73428E-02  0.97054E+00 
   33.00  0.19756E+01 -0.17302E+00  0.12018E-03 -0.41582E-03  0.98994E+00  0.10723E-02 -0.74666E-04  0.97445E+00 -0.55536E-02  0.96805E+00 
   34.00  0.18745E+01 -0.18126E+00  0.11354E-03 -0.21954E-03  0.98932E+00  0.11446E-02 -0.12183E-03  0.97224E+00 -0.35513E-02  0.96553E+00 
   35.00  0.17784E+01 -0.18983E+00  0.10305E-03 -0.31194E-04  0.98865E+00  0.11314E-02 -0.16677E-03  0.96981E+00 -0.14345E-02  0.96278E+00 
   36.00  0.16750E+01 -0.19890E+00  0.90213E-04  0.11602E-03  0.98783E+00  0.10556E-02 -0.20432E-03  0.96705E+00  0.70100E-03  0.95964E+00 
   37.00  0.15605E+01 -0.20847E+00  0.75073E-04  0.20356E-03  0.98681E+00  0.96138E-03 -0.23168E-03  0.96391E+00  0.27668E-02  0.95603E+00 
   38.00  0.14382E+01 -0.21847E+00  0.56082E-04  0.22738E-03  0.98556E+00  0.90676E-03 -0.24794E-03  0.96039E+00  0.46817E-02  0.95190E+00 
   39.00  0.13149E+01 -0.22880E+00  0.30585E-04  0.19762E-03  0.98409E+00  0.95463E-03 -0.25380E-03  0.95652E+00  0.63790E-02  0.94730E+00 
   40.00  0.11976E+01 -0.23937E+00 -0.42205E-05  0.13811E-03  0.98244E+00  0.11584E-02 -0.25137E-03  0.95235E+00  0.78241E-02  0.94229E+00 
   41.00  0.10915E+01 -0.25014E+00 -0.49910E-04  0.82786E-04  0.98067E+00  0.15425E-02 -0.24382E-03  0.94795E+00  0.90352E-02  0.93696E+00 
   42.00  0.99867E+00 -0.26116E+00 -0.10553E-03  0.67233E-04  0.97883E+00  0.20857E-02 -0.23451E-03  0.94333E+00  0.10088E-01  0.93133E+00 
   43.00  0.91855E+00 -0.27252E+00 -0.16708E-03  0.11699E-03  0.97695E+00  0.27176E-02 -0.22589E-03  0.93843E+00  0.11094E-01  0.92538E+00 
   44.00  0.84912E+00 -0.28432E+00 -0.22822E-03  0.23813E-03  0.97502E+00  0.33347E-02 -0.21847E-03  0.93316E+00  0.12154E-01  0.91901E+00 
   45.00  0.78804E+00 -0.29662E+00 -0.28197E-03  0.41468E-03  0.97302E+00  0.38276E-02 -0.21071E-03  0.92740E+00  0.13317E-01  0.91211E+00 
   46.00  0.73358E+00 -0.30942E+00 -0.32268E-03  0.61332E-03  0.97094E+00  0.41085E-02 -0.19971E-03  0.92106E+00  0.14551E-01  0.90463E+00 
   47.00  0.68496E+00 -0.32262E+00 -0.34776E-03  0.79263E-03  0.96880E+00  0.41322E-02 -0.18245E-03  0.91413E+00  0.15760E-01  0.89662E+00 
   48.00  0.64217E+00 -0.33613E+00 -0.35888E-03  0.91427E-03  0.96668E+00  0.39079E-02 -0.15715E-03  0.90671E+00  0.16814E-01  0.88823E+00 
   49.00  0.60551E+00 -0.34982E+00 -0.36228E-03  0.95386E-03  0.96468E+00  0.35009E-02 -0.12427E-03  0.89893E+00  0.17597E-01  0.87968E+00 
   50.00  0.57508E+00 -0.36364E+00 -0.36761E-03  0.90862E-03  0.96292E+00  0.30201E-02 -0.86661E-04  0.89098E+00  0.18063E-01  0.87120E+00 
   51.00  0.55038E+00 -0.37759E+00 -0.38530E-03  0.79836E-03  0.96145E+00  0.25895E-02 -0.48760E-04  0.88298E+00  0.18246E-01  0.86288E+00 
   52.00  0.53033E+00 -0.39172E+00 -0.42311E-03  0.65789E-03  0.96026E+00  0.23130E-02 -0.15047E-04  0.87492E+00  0.18252E-01  0.85469E+00 
   53.00  0.51340E+00 -0.40610E+00 -0.48357E-03  0.52416E-03  0.95923E+00  0.22465E-02  0.11419E-04  0.86670E+00  0.18201E-01  0.84639E+00 
   54.00  0.49798E+00 -0.42079E+00 -0.56317E-03  0.42436E-03  0.95822E+00  0.23896E-02  0.29622E-04  0.85811E+00  0.18183E-01  0.83768E+00 
   55.00  0.48272E+00 -0.43580E+00 -0.65346E-03  0.36993E-03  0.95707E+00  0.26962E-02  0.40194E-04  0.84891E+00  0.18221E-01  0.82823E+00 
   56.00  0.46678E+00 -0.45111E+00 -0.74322E-03  0.35727E-03  0.95567E+00  0.30952E-02  0.44362E-04  0.83892E+00  0.18274E-01  0.81781E+00 
   57.00  0.44988E+00 -0.46666E+00 -0.82087E-03  0.37309E-03  0.95399E+00  0.35110E-02  0.42767E-04  0.82798E+00  0.18261E-01  0.80630E+00 
   58.00  0.43224E+00 -0.48239E+00 -0.87689E-03  0.40161E-03  0.95203E+00  0.38809E-02  0.34601E-04  0.81603E+00  0.18097E-01  0.79371E+00 
   59.00  0.41436E+00 -0.49822E+00 -0.90593E-03  0.43140E-03  0.94990E+00  0.41662E-02  0.17334E-04  0.80309E+00  0.17735E-01  0.78017E+00 
   60.00  0.39681E+00 -0.51415E+00 -0.90823E-03  0.46017E-03  0.94772E+00  0.43579E-02 -0.12787E-04  0.78922E+00  0.17188E-01  0.76587E+00 
   61.00  0.38001E+00 -0.53016E+00 -0.88991E-03  0.49601E-03  0.94561E+00  0.44750E-02 -0.59525E-04  0.77453E+00  0.16540E-01  0.75098E+00 
   62.00  0.36419E+00 -0.54626E+00 -0.86155E-03  0.55426E-03  0.94368E+00  0.45554E-02 -0.12500E-03  0.75910E+00  0.15922E-01  0.73565E+00 
   63.00  0.34934E+00 -0.56248E+00 -0.83541E-03  0.65087E-03  0.94196E+00  0.46413E-02 -0.20819E-03  0.74300E+00  0.15472E-01  0.71991E+00 
   64.00  0.33530E+00 -0.57880E+00 -0.82203E-03  0.79440E-03  0.94039E+00  0.47634E-02 -0.30406E-03  0.72622E+00  0.15276E-01  0.70367E+00 
   65.00  0.32186E+00 -0.59519E+00 -0.82739E-03  0.97967E-03  0.93889E+00  0.49305E-02 -0.40381E-03  0.70872E+00  0.15332E-01  0.68677E+00 
   66.00  0.30887E+00 -0.61157E+00 -0.85155E-03  0.11851E-02  0.93732E+00  0.51247E-02 -0.49605E-03  0.69045E+00  0.15524E-01  0.66902E+00 
   67.00  0.29630E+00 -0.62787E+00 -0.88894E-03  0.13750E-02  0.93557E+00  0.53059E-02 -0.56880E-03  0.67131E+00  0.15636E-01  0.65024E+00 
   68.00  0.28429E+00 -0.64401E+00 -0.93019E-03  0.15058E-02  0.93357E+00  0.54212E-02 -0.61197E-03  0.65127E+00  0.15381E-01  0.63032E+00 
   69.00  0.27307E+00 -0.65994E+00 -0.96496E-03  0.15363E-02  0.93132E+00  0.54196E-02 -0.61994E-03  0.63030E+00  0.14467E-01  0.60927E+00 
   70.00  0.26295E+00 -0.67566E+00 -0.98512E-03  0.14390E-02  0.92888E+00  0.52661E-02 -0.59362E-03  0.60843E+00  0.12667E-01  0.58718E+00 
   71.00  0.25420E+00 -0.69119E+00 -0.98744E-03  0.12101E-02  0.92641E+00  0.49537E-02 -0.54140E-03  0.58572E+00  0.98895E-02  0.56423E+00 
   72.00  0.24698E+00 -0.70658E+00 -0.97496E-03  0.87440E-03  0.92408E+00  0.45087E-02 -0.47798E-03  0.56229E+00  0.62322E-02  0.54065E+00 
   73.00  0.24132E+00 -0.72185E+00 -0.95622E-03  0.48135E-03  0.92204E+00  0.39856E-02 -0.42109E-03  0.53823E+00  0.19813E-02  0.51666E+00 
   74.00  0.23706E+00 -0.73697E+00 -0.94255E-03  0.93483E-04  0.92039E+00  0.34535E-02 -0.38683E-03  0.51366E+00 -0.24407E-02  0.49240E+00 
   75.00  0.23393E+00 -0.75185E+00 -0.94436E-03 -0.22982E-03  0.91916E+00  0.29777E-02 -0.38524E-03  0.48866E+00 -0.65683E-02  0.46797E+00 
   76.00  0.23151E+00 -0.76631E+00 -0.96786E-03 -0.44662E-03  0.91826E+00  0.26047E-02 -0.41776E-03  0.46333E+00 -0.99934E-02  0.44337E+00 
   77.00  0.22937E+00 -0.78013E+00 -0.10134E-02 -0.54037E-03  0.91756E+00  0.23543E-02 -0.47728E-03  0.43772E+00 -0.12440E-01  0.41856E+00 
   78.00  0.22709E+00 -0.79308E+00 -0.10760E-02 -0.51987E-03  0.91689E+00  0.22199E-02 -0.55037E-03  0.41188E+00 -0.13798E-01  0.39348E+00 
   79.00  0.22432E+00 -0.80495E+00 -0.11466E-02 -0.41339E-03  0.91610E+00  0.21753E-02 -0.62076E-03  0.38585E+00 -0.14117E-01  0.36807E+00 
   80.00  0.22083E+00 -0.81557E+00 -0.12150E-02 -0.25986E-03  0.91503E+00  0.21841E-02 -0.67302E-03  0.35965E+00 -0.13575E-01  0.34227E+00 
   81.00  0.21653E+00 -0.82483E+00 -0.12722E-02 -0.99872E-04  0.91361E+00  0.22085E-02 -0.69570E-03  0.33326E+00 -0.12445E-01  0.31606E+00 
   82.00  0.21146E+00 -0.83270E+00 -0.13124E-02  0.31768E-04  0.91181E+00  0.22159E-02 -0.68375E-03  0.30662E+00 -0.11049E-01  0.28938E+00 
   83.00  0.20576E+00 -0.83922E+00 -0.13344E-02  0.11141E-03  0.90965E+00  0.21837E-02 -0.63980E-03  0.27964E+00 -0.97199E-02  0.26219E+00 
   84.00  0.19969E+00 -0.84449E+00 -0.13421E-02  0.12940E-03  0.90721E+00  0.21011E-02 -0.57432E-03  0.25215E+00 -0.87696E-02  0.23442E+00 
   85.00  0.19351E+00 -0.84866E+00 -0.13437E-02  0.90310E-04  0.90461E+00  0.19686E-02 -0.50413E-03  0.22397E+00 -0.84471E-02  0.20595E+00 
   86.00  0.18753E+00 -0.85188E+00 -0.13502E-02  0.10391E-04  0.90201E+00  0.17964E-02 -0.44940E-03  0.19491E+00 -0.89076E-02  0.17670E+00 
   87.00  0.18198E+00 -0.85433E+00 -0.13723E-02 -0.87438E-04  0.89956E+00  0.15998E-02 -0.42896E-03  0.16479E+00 -0.10187E-01  0.14657E+00 
   88.00  0.17706E+00 -0.85614E+00 -0.14175E-02 -0.18031E-03  0.89739E+00  0.13953E-02 -0.45507E-03  0.13353E+00 -0.12192E-01  0.11550E+00 
   89.00  0.17287E+00 -0.85739E+00 -0.14871E-02 -0.25221E-03  0.89561E+00  0.11953E-02 -0.52876E-03  0.10112E+00 -0.14718E-01  0.83543E-01 
   90.00  0.16945E+00 -0.85807E+00 -0.15751E-02 -0.29884E-03  0.89423E+00  0.10056E-02 -0.63742E-03  0.67708E-01 -0.17484E-01  0.50803E-01 
   91.00  0.16674E+00 -0.85812E+00 -0.16684E-02 -0.32907E-03  0.89325E+00  0.82456E-03 -0.75559E-03  0.33554E-01 -0.20190E-01  0.17494E-01 
   92.00  0.16463E+00 -0.85743E+00 -0.17496E-02 -0.36257E-03  0.89255E+00  0.64460E-03 -0.84892E-03 -0.10104E-02 -0.22572E-01 -0.16107E-01 
   93.00  0.16297E+00 -0.85586E+00 -0.18001E-02 -0.42447E-03  0.89204E+00  0.45549E-03 -0.88016E-03 -0.35620E-01 -0.24446E-01 -0.49695E-01 
   94.00  0.16161E+00 -0.85329E+00 -0.18042E-02 -0.53906E-03  0.89159E+00  0.24790E-03 -0.81557E-03 -0.69931E-01 -0.25732E-01 -0.82971E-01 
   95.00  0.16037E+00 -0.84961E+00 -0.17514E-02 -0.72410E-03  0.89109E+00  0.16356E-04 -0.63015E-03 -0.10366E+00 -0.26449E-01 -0.11568E+00 
   96.00  0.15913E+00 -0.84476E+00 -0.16379E-02 -0.98721E-03  0.89046E+00 -0.23923E-03 -0.31116E-03 -0.13661E+00 -0.26701E-01 -0.14762E+00 
   97.00  0.15780E+00 -0.83874E+00 -0.14670E-02 -0.13244E-02  0.88968E+00 -0.51335E-03  0.14048E-03 -0.16865E+00 -0.26650E-01 -0.17866E+00 
   98.00  0.15635E+00 -0.83155E+00 -0.12483E-02 -0.17206E-02  0.88874E+00 -0.79588E-03  0.71038E-03 -0.19976E+00 -0.26483E-01 -0.20873E+00 
   99.00  0.15477E+00 -0.82327E+00 -0.99574E-03 -0.21521E-02  0.88768E+00 -0.10738E-02  0.13721E-02 -0.22993E+00 -0.26390E-01 -0.23783E+00 
  100.00  0.15313E+00 -0.81398E+00 -0.72586E-03 -0.25892E-02  0.88659E+00 -0.13332E-02  0.20899E-02 -0.25924E+00 -0.26535E-01 -0.26599E+00 
  101.00  0.15149E+00 -0.80379E+00 -0.45575E-03 -0.30007E-02  0.88555E+00 -0.15615E-02  0.28215E-02 -0.28777E+00 -0.27040E-01 -0.29328E+00 
  102.00  0.14995E+00 -0.79282E+00 -0.20087E-03 -0.33570E-02  0.88466E+00 -0.17488E-02  0.35228E-02 -0.31558E+00 -0.27972E-01 -0.31975E+00 
  103.00  0.14861E+00 -0.78122E+00  0.26588E-04 -0.36341E-02  0.88403E+00 -0.18895E-02  0.41518E-02 -0.34276E+00 -0.29339E-01 -0.34549E+00 
  104.00  0.14755E+00 -0.76911E+00  0.21878E-03 -0.38158E-02  0.88371E+00 -0.19826E-02  0.46729E-02 -0.36934E+00 -0.31087E-01 -0.37057E+00 
  105.00  0.14685E+00 -0.75661E+00  0.37251E-03 -0.38958E-02  0.88378E+00 -0.20310E-02  0.50607E-02 -0.39535E+00 -0.33114E-01 -0.39502E+00 
  106.00  0.14654E+00 -0.74382E+00  0.48859E-03 -0.38764E-02  0.88423E+00 -0.20406E-02  0.53018E-02 -0.42076E+00 -0.35285E-01 -0.41886E+00 
  107.00  0.14663E+00 -0.73083E+00  0.57060E-03 -0.37680E-02  0.88507E+00 -0.20188E-02  0.53954E-02 -0.44556E+00 -0.37453E-01 -0.44210E+00 
  108.00  0.14711E+00 -0.71767E+00  0.62315E-03 -0.35858E-02  0.88622E+00 -0.19727E-02  0.53517E-02 -0.46968E+00 -0.39479E-01 -0.46470E+00 
  109.00  0.14793E+00 -0.70438E+00  0.65030E-03 -0.33472E-02  0.88764E+00 -0.19081E-02  0.51887E-02 -0.49308E+00 -0.41250E-01 -0.48664E+00 
  110.00  0.14903E+00 -0.69097E+00  0.65429E-03 -0.30692E-02  0.88924E+00 -0.18283E-02  0.49294E-02 -0.51571E+00 -0.42687E-01 -0.50787E+00 
  111.00  0.15034E+00 -0.67740E+00  0.63511E-03 -0.27668E-02  0.89095E+00 -0.17348E-02  0.45975E-02 -0.53753E+00 -0.43748E-01 -0.52836E+00 
  112.00  0.15178E+00 -0.66368E+00  0.59061E-03 -0.24521E-02  0.89269E+00 -0.16272E-02  0.42159E-02 -0.55853E+00 -0.44426E-01 -0.54808E+00 
  113.00  0.15329E+00 -0.64975E+00  0.51728E-03 -0.21347E-02  0.89441E+00 -0.15046E-02  0.38043E-02 -0.57869E+00 -0.44741E-01 -0.56700E+00 
  114.00  0.15479E+00 -0.63561E+00  0.41137E-03 -0.18220E-02  0.89607E+00 -0.13662E-02  0.33794E-02 -0.59803E+00 -0.44730E-01 -0.58513E+00 
  115.00  0.15623E+00 -0.62123E+00  0.27011E-03 -0.15206E-02  0.89765E+00 -0.12122E-02  0.29545E-02 -0.61656E+00 -0.44441E-01 -0.60248E+00 
  116.00  0.15759E+00 -0.60660E+00  0.92727E-04 -0.12363E-02  0.89914E+00 -0.10442E-02  0.25404E-02 -0.63430E+00 -0.43924E-01 -0.61905E+00 
  117.00  0.15883E+00 -0.59170E+00 -0.11867E-03 -0.97522E-03  0.90053E+00 -0.86584E-03  0.21460E-02 -0.65130E+00 -0.43230E-01 -0.63487E+00 
  118.00  0.15995E+00 -0.57655E+00 -0.35876E-03 -0.74340E-03  0.90183E+00 -0.68198E-03  0.17789E-02 -0.66757E+00 -0.42403E-01 -0.64997E+00 
  119.00  0.16095E+00 -0.56116E+00 -0.61902E-03 -0.54689E-03  0.90305E+00 -0.49883E-03  0.14457E-02 -0.68316E+00 -0.41484E-01 -0.66438E+00 
  120.00  0.16185E+00 -0.54553E+00 -0.88826E-03 -0.39108E-03  0.90420E+00 -0.32313E-03  0.11521E-02 -0.69810E+00 -0.40509E-01 -0.67813E+00 
  121.00  0.16266E+00 -0.52970E+00 -0.11534E-02 -0.28012E-03  0.90529E+00 -0.16150E-03  0.90247E-03 -0.71241E+00 -0.39510E-01 -0.69124E+00 
  122.00  0.16340E+00 -0.51370E+00 -0.14009E-02 -0.21637E-03  0.90632E+00 -0.19759E-04  0.69989E-03 -0.72610E+00 -0.38514E-01 -0.70372E+00 
  123.00  0.16410E+00 -0.49757E+00 -0.16174E-02 -0.19993E-03  0.90730E+00  0.97591E-04  0.54556E-03 -0.73920E+00 -0.37545E-01 -0.71560E+00 
  124.00  0.16478E+00 -0.48134E+00 -0.17918E-02 -0.22847E-03  0.90824E+00  0.18778E-03  0.43862E-03 -0.75171E+00 -0.36623E-01 -0.72688E+00 
  125.00  0.16544E+00 -0.46507E+00 -0.19156E-02 -0.29733E-03  0.90912E+00  0.24991E-03  0.37612E-03 -0.76363E+00 -0.35763E-01 -0.73755E+00 
  126.00  0.16612E+00 -0.44880E+00 -0.19840E-02 -0.39991E-03  0.90995E+00  0.28494E-03  0.35311E-03 -0.77496E+00 -0.34978E-01 -0.74762E+00 
  127.00  0.16682E+00 -0.43259E+00 -0.19962E-02 -0.52830E-03  0.91073E+00  0.29545E-03  0.36314E-03 -0.78569E+00 -0.34273E-01 -0.75708E+00 
  128.00  0.16754E+00 -0.41648E+00 -0.19553E-02 -0.67399E-03  0.91146E+00  0.28523E-03  0.39874E-03 -0.79582E+00 -0.33646E-01 -0.76594E+00 
  129.00  0.16830E+00 -0.40051E+00 -0.18678E-02 -0.82869E-03  0.91213E+00  0.25890E-03  0.45216E-03 -0.80535E+00 -0.33092E-01 -0.77419E+00 
  130.00  0.16908E+00 -0.38474E+00 -0.17429E-02 -0.98499E-03  0.91275E+00  0.22141E-03  0.51605E-03 -0.81430E+00 -0.32597E-01 -0.78185E+00 
  131.00  0.16988E+00 -0.36920E+00 -0.15919E-02 -0.11369E-02  0.91332E+00  0.17763E-03  0.58403E-03 -0.82266E+00 -0.32146E-01 -0.78895E+00 
  132.00  0.17071E+00 -0.35391E+00 -0.14266E-02 -0.12803E-02  0.91385E+00  0.13200E-03  0.65121E-03 -0.83047E+00 -0.31719E-01 -0.79549E+00 
  133.00  0.17156E+00 -0.33891E+00 -0.12591E-02 -0.14125E-02  0.91434E+00  0.88280E-04  0.71428E-03 -0.83774E+00 -0.31295E-01 -0.80152E+00 
  134.00  0.17242E+00 -0.32419E+00 -0.11002E-02 -0.15328E-02  0.91481E+00  0.49431E-04  0.77163E-03 -0.84451E+00 -0.30853E-01 -0.80707E+00 
  135.00  0.17329E+00 -0.30979E+00 -0.95925E-03 -0.16416E-02  0.91524E+00  0.17549E-04  0.82300E-03 -0.85081E+00 -0.30375E-01 -0.81216E+00 
  136.00  0.17416E+00 -0.29569E+00 -0.84374E-03 -0.17401E-02  0.91566E+00 -0.60765E-05  0.86914E-03 -0.85667E+00 -0.29845E-01 -0.81684E+00 
  137.00  0.17503E+00 -0.28191E+00 -0.75867E-03 -0.18300E-02  0.91606E+00 -0.20875E-04  0.91132E-03 -0.86211E+00 -0.29253E-01 -0.82113E+00 
  138.00  0.17591E+00 -0.26844E+00 -0.70674E-03 -0.19126E-02  0.91645E+00 -0.26872E-04  0.95079E-03 -0.86717E+00 -0.28593E-01 -0.82506E+00 
  139.00  0.17679E+00 -0.25529E+00 -0.68835E-03 -0.19892E-02  0.91684E+00 -0.24560E-04  0.98838E-03 -0.87186E+00 -0.27865E-01 -0.82867E+00 
  140.00  0.17767E+00 -0.24246E+00 -0.70182E-03 -0.20600E-02  0.91722E+00 -0.14781E-04  0.10241E-02 -0.87623E+00 -0.27072E-01 -0.83196E+00 
  141.00  0.17856E+00 -0.22995E+00 -0.74370E-03 -0.21250E-02  0.91759E+00  0.13731E-05  0.10573E-02 -0.88027E+00 -0.26222E-01 -0.83497E+00 
  142.00  0.17945E+00 -0.21775E+00 -0.80916E-03 -0.21834E-02  0.91796E+00  0.22647E-04  0.10861E-02 -0.88403E+00 -0.25329E-01 -0.83771E+00 
  143.00  0.18035E+00 -0.20587E+00 -0.89236E-03 -0.22344E-02  0.91833E+00  0.47699E-04  0.11083E-02 -0.88751E+00 -0.24407E-01 -0.84019E+00 
  144.00  0.18127E+00 -0.19430E+00 -0.98694E-03 -0.22771E-02  0.91870E+00  0.75169E-04  0.11212E-02 -0.89073E+00 -0.23472E-01 -0.84245E+00 
  145.00  0.18219E+00 -0.18304E+00 -0.10864E-02 -0.23110E-02  0.91907E+00  0.10376E-03  0.11224E-02 -0.89372E+00 -0.22542E-01 -0.84449E+00 
  146.00  0.18314E+00 -0.17209E+00 -0.11845E-02 -0.23360E-02  0.91944E+00  0.13228E-03  0.11095E-02 -0.89649E+00 -0.21632E-01 -0.84633E+00 
  147.00  0.18410E+00 -0.16145E+00 -0.12757E-02 -0.23529E-02  0.91981E+00  0.15976E-03  0.10811E-02 -0.89907E+00 -0.20757E-01 -0.84799E+00 
  148.00  0.18508E+00 -0.15112E+00 -0.13552E-02 -0.23628E-02  0.92017E+00  0.18543E-03  0.10362E-02 -0.90145E+00 -0.19926E-01 -0.84948E+00 
  149.00  0.18608E+00 -0.14111E+00 -0.14193E-02 -0.23672E-02  0.92054E+00  0.20879E-03  0.97480E-03 -0.90367E+00 -0.19146E-01 -0.85082E+00 
  150.00  0.18710E+00 -0.13141E+00 -0.14654E-02 -0.23677E-02  0.92090E+00  0.22956E-03  0.89745E-03 -0.90572E+00 -0.18421E-01 -0.85200E+00 
  151.00  0.18815E+00 -0.12203E+00 -0.14921E-02 -0.23655E-02  0.92125E+00  0.24762E-03  0.80510E-03 -0.90762E+00 -0.17747E-01 -0.85305E+00 
  152.00  0.18923E+00 -0.11298E+00 -0.14989E-02 -0.23617E-02  0.92159E+00  0.26295E-03  0.69895E-03 -0.90938E+00 -0.17121E-01 -0.85396E+00 
  153.00  0.19034E+00 -0.10426E+00 -0.14864E-02 -0.23565E-02  0.92191E+00  0.27556E-03  0.58030E-03 -0.91101E+00 -0.16534E-01 -0.85474E+00 
  154.00  0.19147E+00 -0.95869E-01 -0.14558E-02 -0.23497E-02  0.92222E+00  0.28536E-03  0.45056E-03 -0.91251E+00 -0.15974E-01 -0.85540E+00 
  155.00  0.19264E+00 -0.87815E-01 -0.14091E-02 -0.23408E-02  0.92251E+00  0.29215E-03  0.31126E-03 -0.91389E+00 -0.15431E-01 -0.85593E+00 
  156.00  0.19383E+00 -0.80100E-01 -0.13483E-02 -0.23296E-02  0.92278E+00  0.29564E-03  0.16430E-03 -0.91516E+00 -0.14891E-01 -0.85636E+00 
  157.00  0.19506E+00 -0.72726E-01 -0.12759E-02 -0.23162E-02  0.92303E+00  0.29544E-03  0.12066E-04 -0.91632E+00 -0.14345E-01 -0.85666E+00 
  158.00  0.19631E+00 -0.65698E-01 -0.11946E-02 -0.23012E-02  0.92325E+00  0.29116E-03 -0.14231E-03 -0.91737E+00 -0.13780E-01 -0.85686E+00 
  159.00  0.19760E+00 -0.59021E-01 -0.11066E-02 -0.22865E-02  0.92343E+00  0.28253E-03 -0.29492E-03 -0.91833E+00 -0.13189E-01 -0.85694E+00 
  160.00  0.19891E+00 -0.52700E-01 -0.10143E-02 -0.22748E-02  0.92359E+00  0.26945E-03 -0.44115E-03 -0.91918E+00 -0.12564E-01 -0.85690E+00 
  161.00  0.20025E+00 -0.46742E-01 -0.91995E-03 -0.22694E-02  0.92371E+00  0.25210E-03 -0.57590E-03 -0.91994E+00 -0.11901E-01 -0.85674E+00 
  162.00  0.20161E+00 -0.41152E-01 -0.82532E-03 -0.22738E-02  0.92381E+00  0.23095E-03 -0.69400E-03 -0.92059E+00 -0.11199E-01 -0.85647E+00 
  163.00  0.20298E+00 -0.35931E-01 -0.73207E-03 -0.22915E-02  0.92387E+00  0.20678E-03 -0.79066E-03 -0.92115E+00 -0.10458E-01 -0.85608E+00 
  164.00  0.20438E+00 -0.31081E-01 -0.64161E-03 -0.23250E-02  0.92391E+00  0.18058E-03 -0.86198E-03 -0.92161E+00 -0.96838E-02 -0.85559E+00 
  165.00  0.20578E+00 -0.26600E-01 -0.55514E-03 -0.23761E-02  0.92391E+00  0.15349E-03 -0.90536E-03 -0.92198E+00 -0.88818E-02 -0.85501E+00 
  166.00  0.20718E+00 -0.22482E-01 -0.47365E-03 -0.24451E-02  0.92389E+00  0.12671E-03 -0.91976E-03 -0.92228E+00 -0.80608E-02 -0.85435E+00 
  167.00  0.20857E+00 -0.18726E-01 -0.39798E-03 -0.25310E-02  0.92385E+00  0.10131E-03 -0.90584E-03 -0.92250E+00 -0.72303E-02 -0.85362E+00 
  168.00  0.20995E+00 -0.15328E-01 -0.32880E-03 -0.26317E-02  0.92378E+00  0.78226E-04 -0.86584E-03 -0.92267E+00 -0.64004E-02 -0.85284E+00 
  169.00  0.21130E+00 -0.12291E-01 -0.26659E-03 -0.27443E-02  0.92368E+00  0.58104E-04 -0.80333E-03 -0.92278E+00 -0.55810E-02 -0.85201E+00 
  170.00  0.21263E+00 -0.96175E-02 -0.21165E-03 -0.28651E-02  0.92355E+00  0.41319E-04 -0.72291E-03 -0.92285E+00 -0.47816E-02 -0.85113E+00 
  171.00  0.21392E+00 -0.73095E-02 -0.16407E-03 -0.29903E-02  0.92339E+00  0.27953E-04 -0.62975E-03 -0.92286E+00 -0.40110E-02 -0.85022E+00 
  172.00  0.21515E+00 -0.53668E-02 -0.12372E-03 -0.31159E-02  0.92320E+00  0.17837E-04 -0.52929E-03 -0.92282E+00 -0.32780E-02 -0.84927E+00 
  173.00  0.21632E+00 -0.37813E-02 -0.90274E-04 -0.32382E-02  0.92299E+00  0.10605E-04 -0.42686E-03 -0.92274E+00 -0.25918E-02 -0.84830E+00 
  174.00  0.21740E+00 -0.25346E-02 -0.63223E-04 -0.33534E-02  0.92277E+00  0.57692E-05 -0.32744E-03 -0.92261E+00 -0.19622E-02 -0.84733E+00 
  175.00  0.21838E+00 -0.15963E-02 -0.41944E-04 -0.34580E-02  0.92254E+00  0.27900E-05 -0.23554E-03 -0.92246E+00 -0.14002E-02 -0.84639E+00 
  176.00  0.21923E+00 -0.92546E-03 -0.25756E-04 -0.35487E-02  0.92232E+00  0.11421E-05 -0.15502E-03 -0.92228E+00 -0.91751E-03 -0.84552E+00 
  177.00  0.21993E+00 -0.47441E-03 -0.13990E-04 -0.36228E-02  0.92213E+00  0.36045E-06 -0.89067E-04 -0.92212E+00 -0.52615E-03 -0.84477E+00 
  178.00  0.22045E+00 -0.19514E-03 -0.60549E-05 -0.36776E-02  0.92198E+00  0.70987E-07 -0.40179E-04 -0.92198E+00 -0.23721E-03 -0.84419E+00 
  179.00  0.22077E+00 -0.46314E-04 -0.14888E-05 -0.37114E-02  0.92188E+00  0.44264E-08 -0.10134E-04 -0.92188E+00 -0.59826E-04 -0.84382E+00 
  180.00  0.22087E+00 -0.11270E-14 -0.36689E-16 -0.37227E-02  0.92185E+00  0.27166E-29 -0.25189E-15 -0.92185E+00 -0.14871E-14 -0.84370E+00 
 scattering matrix expansion coefficients
    w  a11         a22         a33         a23         a32         a44         a12         a34         a13         a24         a14
    0  0.1000E+01  0.0000E+00  0.0000E+00  0.0000E+00  0.0000E+00  0.8171E+00  0.0000E+00  0.0000E+00  0.0000E+00  0.0000E+00 -0.2355E-03
    1  0.2275E+01  0.0000E+00  0.0000E+00  0.0000E+00  0.0000E+00  0.2446E+01  0.0000E+00  0.0000E+00  0.0000E+00  0.0000E+00 -0.5582E-04
    2  0.3251E+01  0.2168E+00  0.4011E+01  0.4873E-07  0.5993E-03  0.3214E+01 -0.3051E+00 -0.4476E-02 -0.3606E-03  0.1737E-03 -0.6798E-03
    3  0.3687E+01  0.3373E-01  0.4176E+01 -0.4332E-07 -0.1774E-02  0.3685E+01 -0.1815E+00  0.7086E-02 -0.6429E-04 -0.4630E-03 -0.8875E-03
    4  0.3872E+01  0.1646E-01  0.4259E+01 -0.3513E-07 -0.3037E-02  0.3874E+01 -0.1731E+00 -0.6361E-02 -0.7792E-04 -0.2721E-04 -0.9454E-03
    5  0.3853E+01  0.1089E-01  0.4164E+01  0.1120E-07 -0.2222E-02  0.3854E+01 -0.1677E+00 -0.1534E-01  0.3742E-03  0.2227E-03 -0.3535E-03
    6  0.3707E+01  0.7710E-02  0.3954E+01 -0.1768E-06 -0.1398E-02  0.3705E+01 -0.1679E+00 -0.2597E-01  0.6099E-04 -0.2251E-03 -0.2402E-03
    7  0.3495E+01  0.3595E-03  0.3692E+01  0.1954E-07 -0.1218E-02  0.3509E+01 -0.1639E+00 -0.3251E-01  0.1186E-03 -0.3169E-03 -0.3235E-03
    8  0.3299E+01  0.1031E-01  0.3440E+01  0.1028E-06 -0.5642E-03  0.3295E+01 -0.1348E+00 -0.3497E-01  0.2025E-03  0.2881E-03  0.1593E-04
    9  0.3108E+01  0.6615E-02  0.3217E+01  0.1668E-06  0.9012E-04  0.3105E+01 -0.1076E+00 -0.3187E-01  0.5845E-04  0.2539E-03 -0.4040E-04
   10  0.2934E+01  0.2987E-02  0.3022E+01 -0.7788E-07  0.5100E-03  0.2938E+01 -0.9263E-01 -0.2987E-01 -0.2849E-03 -0.2808E-03 -0.6154E-03
   11  0.2787E+01  0.2980E-02  0.2855E+01  0.2970E-06  0.9445E-03  0.2789E+01 -0.7414E-01 -0.2650E-01  0.4299E-04  0.3119E-03 -0.5306E-03
   12  0.2659E+01  0.4317E-02  0.2713E+01  0.1373E-06  0.1156E-02  0.2655E+01 -0.5316E-01 -0.2104E-01  0.2953E-04  0.1698E-03 -0.8117E-03
   13  0.2527E+01  0.1343E-02  0.2574E+01 -0.5085E-08  0.7795E-03  0.2526E+01 -0.4495E-01 -0.1488E-01 -0.2200E-03 -0.1950E-03 -0.1421E-02
   14  0.2396E+01  0.1378E-02  0.2437E+01  0.1843E-06  0.6867E-03  0.2395E+01 -0.4503E-01 -0.1117E-01  0.1994E-04 -0.1168E-03 -0.1613E-02
   15  0.2277E+01  0.1885E-03  0.2311E+01  0.1532E-06  0.7534E-03  0.2278E+01 -0.4768E-01 -0.8193E-02 -0.4799E-04  0.2604E-03 -0.1407E-02
   16  0.2183E+01 -0.2029E-02  0.2212E+01  0.7050E-07  0.7114E-03  0.2189E+01 -0.4377E-01 -0.7336E-02 -0.8833E-04  0.6857E-04 -0.1519E-02
   17  0.2116E+01  0.7566E-03  0.2138E+01  0.1316E-06  0.2605E-03  0.2117E+01 -0.2708E-01 -0.6324E-02 -0.5574E-05  0.2194E-04 -0.1705E-02
   18  0.2053E+01  0.4454E-02  0.2069E+01  0.1188E-06 -0.5892E-03  0.2045E+01 -0.1108E-01 -0.2957E-02 -0.3604E-04  0.1745E-03 -0.1833E-02
   19  0.1965E+01  0.7100E-03  0.1984E+01  0.8957E-07 -0.1436E-02  0.1963E+01 -0.1246E-01 -0.5267E-03 -0.1821E-04  0.1535E-03 -0.1813E-02
   20  0.1864E+01 -0.2570E-02  0.1885E+01 -0.1498E-07 -0.1887E-02  0.1869E+01 -0.1969E-01 -0.3603E-03 -0.6767E-04  0.2083E-05 -0.1634E-02
   21  0.1769E+01  0.2025E-03  0.1785E+01  0.3993E-07 -0.1964E-02  0.1769E+01 -0.1761E-01  0.8966E-03 -0.1270E-03 -0.1127E-05 -0.1366E-02
   22  0.1683E+01  0.2270E-02  0.1694E+01  0.4040E-07 -0.1749E-02  0.1678E+01 -0.1232E-01  0.4931E-02 -0.3930E-04  0.7537E-04 -0.1193E-02
   23  0.1605E+01 -0.1264E-03  0.1616E+01 -0.8504E-08 -0.1433E-02  0.1604E+01 -0.1310E-01  0.8897E-02  0.1838E-04 -0.6077E-05 -0.1150E-02
   24  0.1546E+01 -0.1605E-02  0.1556E+01  0.6192E-07 -0.1162E-02  0.1548E+01 -0.1344E-01  0.1041E-01  0.1213E-04 -0.1483E-03 -0.1038E-02
   25  0.1510E+01 -0.1333E-03  0.1517E+01  0.8024E-07 -0.9564E-03  0.1510E+01 -0.6477E-02  0.1104E-01  0.6310E-04 -0.1150E-03 -0.6603E-03
   26  0.1484E+01  0.1397E-02  0.1489E+01  0.3834E-07 -0.8853E-03  0.1483E+01  0.3497E-02  0.1258E-01  0.1112E-03  0.1702E-04 -0.1678E-03
   27  0.1450E+01  0.1108E-02  0.1456E+01  0.3848E-07 -0.9123E-03  0.1449E+01  0.9105E-02  0.1440E-01  0.6334E-04  0.3911E-04  0.1918E-03
   28  0.1395E+01  0.2631E-03  0.1403E+01  0.1534E-07 -0.7536E-03  0.1394E+01  0.9781E-02  0.1519E-01  0.5186E-05  0.2743E-04  0.5230E-03
   29  0.1312E+01 -0.4373E-04  0.1321E+01 -0.1921E-07 -0.1945E-03  0.1311E+01  0.8546E-02  0.1489E-01  0.2054E-04  0.6176E-04  0.9101E-03
   30  0.1199E+01  0.1336E-03  0.1209E+01 -0.1986E-07  0.5672E-03  0.1198E+01  0.6728E-02  0.1419E-01  0.6882E-04  0.1158E-03  0.1200E-02
   31  0.1055E+01  0.1611E-03  0.1067E+01 -0.4321E-08  0.1144E-02  0.1054E+01  0.3026E-02  0.1350E-01  0.8215E-04  0.1320E-03  0.1223E-02
   32  0.8864E+00 -0.1010E-03  0.8991E+00  0.4378E-08  0.1325E-02  0.8863E+00 -0.3390E-02  0.1265E-01  0.5168E-04  0.1039E-03  0.1004E-02
   33  0.7042E+00 -0.4707E-03  0.7168E+00  0.5608E-08  0.1179E-02  0.7048E+00 -0.1134E-01  0.1131E-01  0.1040E-04  0.6327E-04  0.7115E-03
   34  0.5252E+00 -0.6359E-03  0.5367E+00  0.4272E-08  0.8919E-03  0.5263E+00 -0.1806E-01  0.9364E-02 -0.1555E-04  0.2861E-04  0.4676E-03
   35  0.3660E+00 -0.5467E-03  0.3753E+00  0.3173E-08  0.6087E-03  0.3670E+00 -0.2139E-01  0.7070E-02 -0.2361E-04  0.8144E-05  0.3067E-03
   36  0.2376E+00 -0.2861E-03  0.2444E+00  0.1827E-08  0.3890E-03  0.2382E+00 -0.2079E-01  0.4832E-02 -0.2160E-04 -0.1838E-05  0.2037E-03
   37  0.1435E+00 -0.2258E-04  0.1480E+00  0.1554E-08  0.2358E-03  0.1437E+00 -0.1732E-01  0.2990E-02 -0.1637E-04 -0.4903E-05  0.1328E-03
   38  0.8069E-01  0.1498E-03  0.8331E-01  0.1900E-08  0.1353E-03  0.8059E-01 -0.1266E-01  0.1677E-02 -0.1134E-04 -0.4842E-05  0.8085E-04
   39  0.4227E-01  0.2069E-03  0.4366E-01  0.2134E-08  0.7269E-04  0.4204E-01 -0.8263E-02  0.8565E-03 -0.7284E-05 -0.3567E-05  0.4488E-04
   40  0.2067E-01  0.1870E-03  0.2133E-01  0.2056E-08  0.3616E-04  0.2043E-01 -0.4864E-02  0.4008E-03 -0.4362E-05 -0.2207E-05  0.2246E-04
   41  0.9453E-02  0.1348E-03  0.9731E-02  0.1456E-08  0.1659E-04  0.9266E-02 -0.2607E-02  0.1730E-03 -0.2363E-05 -0.1160E-05  0.1014E-04
   42  0.4050E-02  0.8322E-04  0.4155E-02  0.8224E-09  0.7003E-05  0.3929E-02 -0.1281E-02  0.6940E-04 -0.1181E-05 -0.5234E-06  0.4140E-05
   43  0.1629E-02  0.4520E-04  0.1663E-02  0.3673E-09  0.2718E-05  0.1561E-02 -0.5802E-03  0.2611E-04 -0.5268E-06 -0.2057E-06  0.1567E-05
   44  0.6161E-03  0.2205E-04  0.6254E-03  0.1288E-09  0.9690E-06  0.5818E-03 -0.2435E-03  0.9292E-05 -0.2121E-06 -0.7182E-07  0.5510E-06
   45  0.2195E-03  0.9773E-05  0.2213E-03  0.3335E-10  0.3202E-06  0.2039E-03 -0.9503E-04  0.3148E-05 -0.7791E-07 -0.2141E-07  0.1786E-06
   46  0.7372E-04  0.3979E-05  0.7374E-04  0.5117E-11  0.9863E-07  0.6726E-04 -0.3460E-04  0.1008E-05 -0.2653E-07 -0.5110E-08  0.5136E-07
   47  0.2334E-04  0.1496E-05  0.2315E-04 -0.4903E-13  0.2908E-07  0.2088E-04 -0.1178E-04  0.3051E-06 -0.8818E-08 -0.6134E-09  0.1216E-07
   48  0.6961E-05  0.5209E-06  0.6838E-05  0.6162E-13  0.8226E-08  0.6090E-05 -0.3746E-05  0.8710E-07 -0.2825E-08  0.1152E-09  0.2333E-08
   49  0.1953E-05  0.1678E-06  0.1899E-05  0.5316E-12  0.2250E-08  0.1669E-05 -0.1114E-05  0.2374E-07 -0.9032E-09  0.5247E-10  0.4493E-09
   50  0.5163E-06  0.5006E-07  0.4967E-06  0.5749E-12  0.5661E-09  0.4306E-06 -0.3097E-06  0.6234E-08 -0.2595E-09 -0.1027E-10  0.1516E-09
   51  0.1281E-06  0.1381E-07  0.1219E-06  0.3976E-12  0.1253E-09  0.1043E-06 -0.8048E-07  0.1655E-08 -0.6375E-10 -0.1599E-10  0.6718E-10
   52  0.3089E-07  0.3614E-08  0.2914E-07  0.2153E-12  0.2609E-10  0.2461E-07 -0.2009E-07  0.3949E-09 -0.1244E-10 -0.1056E-10  0.2967E-10
   53  0.6604E-08  0.8467E-09  0.6145E-08  0.9598E-13  0.3887E-11  0.5123E-08 -0.4481E-08  0.1018E-09 -0.2004E-11 -0.2268E-11  0.6457E-11
   54  0.1693E-08  0.2253E-09  0.1571E-08  0.3567E-13  0.1230E-11  0.1299E-08 -0.1161E-08  0.1753E-10 -0.4184E-12 -0.1452E-11  0.3104E-11
   55  0.2778E-09  0.4063E-10  0.2522E-09  0.1118E-13  0.2304E-13  0.2066E-09 -0.1990E-09  0.4278E-11 -0.3267E-13 -0.1419E-12  0.3751E-12
   56  0.1066E-09  0.1592E-10  0.9739E-10  0.3184E-14  0.1268E-12  0.7869E-10 -0.7614E-10  0.2660E-12 -0.4818E-13 -0.1324E-12  0.2634E-12
   57  0.1046E-10  0.1682E-11  0.9296E-11  0.8409E-15  0.5664E-14  0.7486E-11 -0.7743E-11  0.1005E-12 -0.4349E-14 -0.6526E-14  0.1811E-13
   58  0.6092E-11  0.1025E-11  0.5428E-11  0.1842E-15  0.1219E-13  0.4254E-11 -0.4552E-11 -0.2192E-13 -0.5502E-14 -0.6541E-14  0.1252E-13
   59  0.1816E-12  0.3128E-13  0.1553E-12  0.2797E-16  0.2603E-15  0.1274E-12 -0.1366E-12  0.1065E-14 -0.2311E-15  0.9516E-16  0.3623E-16
   60  0.2785E-12  0.5472E-13  0.2469E-12  0.2383E-17  0.6094E-15  0.1838E-12 -0.2205E-12 -0.1860E-14 -0.2879E-15 -0.1852E-15  0.3765E-15
