 input file is 
mstm22_512_4795_20_00226.inp  
 input file comments follow:
***********************************************************
  This is the default mstm input file for v.3.0.
  The run is for a 7-sphere cluster of identical spheres.   The positions
  are embedded in the input file.

  The run makes use of the new_run and multiple_run options.

  14 April 2013
***********************************************************
 number of processors:
   1
 input parameters for run number 
    1
 number of spheres, volume size parameter:
  512  0.38360E+01
 position file:
position/n512/a22.out                                       
 output file:
output/512/x4795/20/00226/mt_22_512_4795_20_00226.dat       
 length, ref. indx. scale factors:
   0.479   2.000   0.023
 chiral factors:
  0.00000E+00  0.00000E+00
 scattering matrix directions based on incident frame
 automatic scattering angle calculation
 thetamin, thetamax:
      0.0    180.0
 number scattering angles:
      181
 epsmie, epssoln, max number iterations:
  0.1000E-05  0.1000E-07 5000
 medium refractive index:
  1.0000  0.0000
 target euler rotation angles:
    0.0000    0.0000    0.0000
 far field kr, iterations/correction:
 -0.1000E+01   20
 plane wave incidence
 random orientation calculations
 t matrix calculated, stored in file 
tmatrixfiles/2251247952000226                               
 t matrix convergence epsilon:
  0.1000E-06
 all spheres excited (total T matrix) 
 calculation results for run 
    1
 total ext, abs, scat efficiencies, w.r.t. xv, and asym. parm
  0.38892E+01  0.20549E+00  0.36837E+01  0.73204E+00
 scattering matrix elements (normalized w/ S11)
   theta      11           12           13           14           22           23           24           33           34           44      
    0.00  0.84671E+02  0.00000E+00  0.00000E+00  0.31788E-03  0.99983E+00  0.10346E-03  0.00000E+00  0.99983E+00  0.00000E+00  0.99969E+00 
    1.00  0.83306E+02 -0.14398E-03 -0.12366E-06  0.31654E-03  0.99983E+00  0.93577E-04 -0.35994E-07  0.99983E+00 -0.12895E-04  0.99968E+00 
    2.00  0.79348E+02 -0.57805E-03 -0.49119E-06  0.31265E-03  0.99982E+00  0.63700E-04 -0.14570E-06  0.99982E+00 -0.53989E-04  0.99966E+00 
    3.00  0.73181E+02 -0.13085E-02 -0.10906E-05  0.30670E-03  0.99980E+00  0.13220E-04 -0.33447E-06  0.99979E+00 -0.13040E-03  0.99962E+00 
    4.00  0.65383E+02 -0.23451E-02 -0.18961E-05  0.29956E-03  0.99977E+00 -0.58731E-04 -0.61192E-06  0.99976E+00 -0.25345E-03  0.99956E+00 
    5.00  0.56641E+02 -0.36998E-02 -0.28567E-05  0.29264E-03  0.99972E+00 -0.15298E-03 -0.99328E-06  0.99971E+00 -0.43723E-03  0.99948E+00 
    6.00  0.47653E+02 -0.53829E-02 -0.38768E-05  0.28801E-03  0.99967E+00 -0.26969E-03 -0.15021E-05  0.99965E+00 -0.69519E-03  0.99936E+00 
    7.00  0.39048E+02 -0.73968E-02 -0.47820E-05  0.28863E-03  0.99959E+00 -0.40734E-03 -0.21758E-05  0.99955E+00 -0.10327E-02  0.99920E+00 
    8.00  0.31309E+02 -0.97245E-02 -0.52701E-05  0.29829E-03  0.99948E+00 -0.56093E-03 -0.30760E-05  0.99943E+00 -0.14334E-02  0.99898E+00 
    9.00  0.24743E+02 -0.12312E-01 -0.48561E-05  0.32114E-03  0.99934E+00 -0.71982E-03 -0.43074E-05  0.99926E+00 -0.18375E-02  0.99869E+00 
   10.00  0.19473E+02 -0.15055E-01 -0.28518E-05  0.36014E-03  0.99916E+00 -0.86617E-03 -0.60459E-05  0.99905E+00 -0.21184E-02  0.99832E+00 
   11.00  0.15460E+02 -0.17803E-01  0.15289E-05  0.41438E-03  0.99892E+00 -0.97699E-03 -0.85676E-05  0.99878E+00 -0.20794E-02  0.99785E+00 
   12.00  0.12549E+02 -0.20419E-01  0.88586E-05  0.47620E-03  0.99863E+00 -0.10330E-02 -0.12251E-04  0.99847E+00 -0.15082E-02  0.99730E+00 
   13.00  0.10516E+02 -0.22878E-01  0.19077E-04  0.53156E-03  0.99831E+00 -0.10327E-02 -0.17522E-04  0.99813E+00 -0.29706E-03  0.99668E+00 
   14.00  0.91225E+01 -0.25344E-01  0.31326E-04  0.56560E-03  0.99797E+00 -0.99859E-03 -0.24757E-04  0.99777E+00  0.14501E-02  0.99603E+00 
   15.00  0.81492E+01 -0.28122E-01  0.44284E-04  0.56999E-03  0.99763E+00 -0.96777E-03 -0.34214E-04  0.99738E+00  0.34367E-02  0.99536E+00 
   16.00  0.74227E+01 -0.31529E-01  0.56701E-04  0.54551E-03  0.99731E+00 -0.97159E-03 -0.46032E-04  0.99695E+00  0.53085E-02  0.99465E+00 
   17.00  0.68231E+01 -0.35787E-01  0.67653E-04  0.49891E-03  0.99698E+00 -0.10227E-02 -0.60244E-04  0.99645E+00  0.67806E-02  0.99389E+00 
   18.00  0.62801E+01 -0.40989E-01  0.76465E-04  0.43836E-03  0.99665E+00 -0.11137E-02 -0.76733E-04  0.99585E+00  0.76829E-02  0.99305E+00 
   19.00  0.57621E+01 -0.47112E-01  0.82547E-04  0.37079E-03  0.99631E+00 -0.12217E-02 -0.95150E-04  0.99515E+00  0.79493E-02  0.99210E+00 
   20.00  0.52611E+01 -0.54037E-01  0.85329E-04  0.30123E-03  0.99594E+00 -0.13148E-02 -0.11482E-03  0.99434E+00  0.75954E-02  0.99104E+00 
   21.00  0.47810E+01 -0.61571E-01  0.84356E-04  0.23329E-03  0.99555E+00 -0.13570E-02 -0.13478E-03  0.99341E+00  0.66997E-02  0.98984E+00 
   22.00  0.43280E+01 -0.69487E-01  0.79469E-04  0.17016E-03  0.99511E+00 -0.13155E-02 -0.15384E-03  0.99237E+00  0.53839E-02  0.98851E+00 
   23.00  0.39064E+01 -0.77583E-01  0.70956E-04  0.11555E-03  0.99462E+00 -0.11658E-02 -0.17092E-03  0.99122E+00  0.37826E-02  0.98704E+00 
   24.00  0.35177E+01 -0.85734E-01  0.59583E-04  0.74428E-04  0.99405E+00 -0.89701E-03 -0.18526E-03  0.98996E+00  0.20074E-02  0.98538E+00 
   25.00  0.31618E+01 -0.93947E-01  0.46472E-04  0.53317E-04  0.99339E+00 -0.51354E-03 -0.19662E-03  0.98857E+00  0.11645E-03  0.98350E+00 
   26.00  0.28388E+01 -0.10236E+00  0.32874E-04  0.59781E-04  0.99261E+00 -0.34759E-04 -0.20532E-03  0.98700E+00 -0.18930E-02  0.98136E+00 
   27.00  0.25497E+01 -0.11123E+00  0.19927E-04  0.10089E-03  0.99173E+00  0.50627E-03 -0.21204E-03  0.98522E+00 -0.40625E-02  0.97891E+00 
   28.00  0.22972E+01 -0.12082E+00  0.84839E-05  0.18057E-03  0.99075E+00  0.10641E-02 -0.21758E-03  0.98318E+00 -0.64225E-02  0.97613E+00 
   29.00  0.20839E+01 -0.13136E+00 -0.96834E-06  0.29624E-03  0.98972E+00  0.15836E-02 -0.22251E-03  0.98086E+00 -0.89311E-02  0.97304E+00 
   30.00  0.19114E+01 -0.14289E+00 -0.82776E-05  0.43626E-03  0.98871E+00  0.20068E-02 -0.22694E-03  0.97831E+00 -0.11430E-01  0.96974E+00 
   31.00  0.17792E+01 -0.15522E+00 -0.13505E-04  0.58046E-03  0.98780E+00  0.22849E-02 -0.23046E-03  0.97558E+00 -0.13655E-01  0.96636E+00 
   32.00  0.16838E+01 -0.16800E+00 -0.16768E-04  0.70527E-03  0.98703E+00  0.23933E-02 -0.23234E-03  0.97278E+00 -0.15313E-01  0.96305E+00 
   33.00  0.16194E+01 -0.18079E+00 -0.18130E-04  0.79174E-03  0.98645E+00  0.23395E-02 -0.23194E-03  0.96999E+00 -0.16198E-01  0.95991E+00 
   34.00  0.15782E+01 -0.19326E+00 -0.17630E-04  0.83202E-03  0.98602E+00  0.21591E-02 -0.22909E-03  0.96726E+00 -0.16272E-01  0.95698E+00 
   35.00  0.15521E+01 -0.20528E+00 -0.15413E-04  0.83047E-03  0.98571E+00  0.19017E-02 -0.22420E-03  0.96458E+00 -0.15665E-01  0.95419E+00 
   36.00  0.15332E+01 -0.21690E+00 -0.11885E-04  0.79970E-03  0.98545E+00  0.16156E-02 -0.21809E-03  0.96189E+00 -0.14608E-01  0.95146E+00 
   37.00  0.15149E+01 -0.22830E+00 -0.77911E-05  0.75479E-03  0.98519E+00  0.13384E-02 -0.21162E-03  0.95912E+00 -0.13345E-01  0.94866E+00 
   38.00  0.14922E+01 -0.23967E+00 -0.41726E-05  0.70835E-03  0.98489E+00  0.10939E-02 -0.20545E-03  0.95619E+00 -0.12070E-01  0.94567E+00 
   39.00  0.14618E+01 -0.25123E+00 -0.22171E-05  0.66779E-03  0.98450E+00  0.89356E-03 -0.19980E-03  0.95300E+00 -0.10899E-01  0.94238E+00 
   40.00  0.14217E+01 -0.26311E+00 -0.30334E-05  0.63459E-03  0.98402E+00  0.73937E-03 -0.19437E-03  0.94947E+00 -0.98711E-02  0.93871E+00 
   41.00  0.13711E+01 -0.27542E+00 -0.74079E-05  0.60515E-03  0.98341E+00  0.62703E-03 -0.18839E-03  0.94553E+00 -0.89720E-02  0.93455E+00 
   42.00  0.13104E+01 -0.28824E+00 -0.15594E-04  0.57250E-03  0.98264E+00  0.54842E-03 -0.18072E-03  0.94108E+00 -0.81663E-02  0.92981E+00 
   43.00  0.12407E+01 -0.30163E+00 -0.27176E-04  0.52846E-03  0.98170E+00  0.49362E-03 -0.17010E-03  0.93603E+00 -0.74326E-02  0.92435E+00 
   44.00  0.11642E+01 -0.31567E+00 -0.41029E-04  0.46583E-03  0.98056E+00  0.45239E-03 -0.15537E-03  0.93025E+00 -0.67925E-02  0.91807E+00 
   45.00  0.10835E+01 -0.33042E+00 -0.55387E-04  0.38028E-03  0.97919E+00  0.41529E-03 -0.13572E-03  0.92363E+00 -0.63274E-02  0.91082E+00 
   46.00  0.10019E+01 -0.34595E+00 -0.68024E-04  0.27187E-03  0.97761E+00  0.37471E-03 -0.11100E-03  0.91606E+00 -0.61779E-02  0.90251E+00 
   47.00  0.92292E+00 -0.36231E+00 -0.76585E-04  0.14586E-03  0.97583E+00  0.32578E-03 -0.81874E-04  0.90747E+00 -0.65196E-02  0.89308E+00 
   48.00  0.84951E+00 -0.37945E+00 -0.79075E-04  0.12470E-04  0.97390E+00  0.26743E-03 -0.49869E-04  0.89784E+00 -0.75136E-02  0.88257E+00 
   49.00  0.78400E+00 -0.39724E+00 -0.74451E-04 -0.11483E-03  0.97191E+00  0.20318E-03 -0.17140E-04  0.88728E+00 -0.92386E-02  0.87113E+00 
   50.00  0.72765E+00 -0.41543E+00 -0.63172E-04 -0.22253E-03  0.96994E+00  0.14135E-03  0.14067E-04  0.87598E+00 -0.11627E-01  0.85902E+00 
   51.00  0.68052E+00 -0.43367E+00 -0.47411E-04 -0.30120E-03  0.96807E+00  0.94119E-04  0.42168E-04  0.86422E+00 -0.14442E-01  0.84657E+00 
   52.00  0.64167E+00 -0.45162E+00 -0.30761E-04 -0.34849E-03  0.96633E+00  0.75431E-04  0.66877E-04  0.85229E+00 -0.17320E-01  0.83408E+00 
   53.00  0.60943E+00 -0.46903E+00 -0.17511E-04 -0.36977E-03  0.96471E+00  0.98378E-04  0.89364E-04  0.84039E+00 -0.19873E-01  0.82173E+00 
   54.00  0.58182E+00 -0.48577E+00 -0.11856E-04 -0.37574E-03  0.96313E+00  0.17313E-03  0.11184E-03  0.82858E+00 -0.21800E-01  0.80955E+00 
   55.00  0.55703E+00 -0.50188E+00 -0.17397E-04 -0.37877E-03  0.96150E+00  0.30582E-03  0.13675E-03  0.81681E+00 -0.22955E-01  0.79741E+00 
   56.00  0.53370E+00 -0.51749E+00 -0.37020E-04 -0.38945E-03  0.95973E+00  0.49807E-03  0.16597E-03  0.80492E+00 -0.23370E-01  0.78511E+00 
   57.00  0.51110E+00 -0.53280E+00 -0.72970E-04 -0.41468E-03  0.95777E+00  0.74647E-03  0.20022E-03  0.79274E+00 -0.23214E-01  0.77244E+00 
   58.00  0.48917E+00 -0.54801E+00 -0.12683E-03 -0.45711E-03  0.95561E+00  0.10416E-02  0.23874E-03  0.78007E+00 -0.22741E-01  0.75923E+00 
   59.00  0.46825E+00 -0.56329E+00 -0.19922E-03 -0.51555E-03  0.95332E+00  0.13669E-02  0.27929E-03  0.76679E+00 -0.22222E-01  0.74539E+00 
   60.00  0.44896E+00 -0.57878E+00 -0.28922E-03 -0.58583E-03  0.95100E+00  0.16983E-02  0.31843E-03  0.75282E+00 -0.21887E-01  0.73093E+00 
   61.00  0.43183E+00 -0.59455E+00 -0.39372E-03 -0.66168E-03  0.94879E+00  0.20062E-02  0.35197E-03  0.73815E+00 -0.21875E-01  0.71591E+00 
   62.00  0.41719E+00 -0.61060E+00 -0.50718E-03 -0.73550E-03  0.94681E+00  0.22595E-02  0.37566E-03  0.72279E+00 -0.22205E-01  0.70042E+00 
   63.00  0.40502E+00 -0.62691E+00 -0.62190E-03 -0.79887E-03  0.94515E+00  0.24318E-02  0.38575E-03  0.70676E+00 -0.22793E-01  0.68448E+00 
   64.00  0.39498E+00 -0.64340E+00 -0.72900E-03 -0.84275E-03  0.94383E+00  0.25068E-02  0.37923E-03  0.69002E+00 -0.23487E-01  0.66809E+00 
   65.00  0.38653E+00 -0.66002E+00 -0.81969E-03 -0.85747E-03  0.94280E+00  0.24808E-02  0.35385E-03  0.67252E+00 -0.24128E-01  0.65111E+00 
   66.00  0.37905E+00 -0.67667E+00 -0.88630E-03 -0.83278E-03  0.94200E+00  0.23619E-02  0.30781E-03  0.65417E+00 -0.24599E-01  0.63340E+00 
   67.00  0.37199E+00 -0.69332E+00 -0.92299E-03 -0.75845E-03  0.94133E+00  0.21675E-02  0.23967E-03  0.63485E+00 -0.24848E-01  0.61476E+00 
   68.00  0.36501E+00 -0.70988E+00 -0.92602E-03 -0.62550E-03  0.94071E+00  0.19191E-02  0.14852E-03  0.61448E+00 -0.24889E-01  0.59507E+00 
   69.00  0.35797E+00 -0.72631E+00 -0.89392E-03 -0.42825E-03  0.94009E+00  0.16400E-02  0.34714E-04  0.59306E+00 -0.24771E-01  0.57427E+00 
   70.00  0.35096E+00 -0.74252E+00 -0.82763E-03 -0.16693E-03  0.93948E+00  0.13518E-02 -0.99215E-04  0.57064E+00 -0.24551E-01  0.55241E+00 
   71.00  0.34419E+00 -0.75842E+00 -0.73071E-03  0.14993E-03  0.93888E+00  0.10732E-02 -0.24757E-03  0.54736E+00 -0.24262E-01  0.52964E+00 
   72.00  0.33791E+00 -0.77389E+00 -0.60936E-03  0.50420E-03  0.93835E+00  0.81880E-03 -0.40109E-03  0.52343E+00 -0.23890E-01  0.50619E+00 
   73.00  0.33230E+00 -0.78880E+00 -0.47214E-03  0.86901E-03  0.93789E+00  0.59842E-03 -0.54743E-03  0.49907E+00 -0.23371E-01  0.48235E+00 
   74.00  0.32739E+00 -0.80302E+00 -0.32925E-03  0.12121E-02  0.93754E+00  0.41742E-03 -0.67275E-03  0.47451E+00 -0.22610E-01  0.45833E+00 
   75.00  0.32306E+00 -0.81645E+00 -0.19140E-03  0.15007E-02  0.93725E+00  0.27726E-03 -0.76400E-03  0.44988E+00 -0.21500E-01  0.43432E+00 
   76.00  0.31905E+00 -0.82899E+00 -0.68734E-04  0.17075E-02  0.93697E+00  0.17690E-03 -0.81128E-03  0.42523E+00 -0.19962E-01  0.41035E+00 
   77.00  0.31499E+00 -0.84057E+00  0.30034E-04  0.18142E-02  0.93661E+00  0.11432E-03 -0.80959E-03  0.40052E+00 -0.17958E-01  0.38637E+00 
   78.00  0.31048E+00 -0.85114E+00  0.97957E-04  0.18139E-02  0.93609E+00  0.87764E-04 -0.75955E-03  0.37563E+00 -0.15513E-01  0.36225E+00 
   79.00  0.30520E+00 -0.86067E+00  0.12988E-03  0.17106E-02  0.93532E+00  0.96423E-04 -0.66728E-03  0.35039E+00 -0.12703E-01  0.33778E+00 
   80.00  0.29893E+00 -0.86912E+00  0.12231E-03  0.15179E-02  0.93421E+00  0.14025E-03 -0.54361E-03  0.32465E+00 -0.96524E-02  0.31279E+00 
   81.00  0.29158E+00 -0.87646E+00  0.73476E-04  0.12567E-02  0.93273E+00  0.21913E-03 -0.40305E-03  0.29827E+00 -0.65108E-02  0.28712E+00 
   82.00  0.28325E+00 -0.88268E+00 -0.16356E-04  0.95313E-03  0.93086E+00  0.33157E-03 -0.26266E-03  0.27115E+00 -0.34426E-02  0.26068E+00 
   83.00  0.27417E+00 -0.88778E+00 -0.14412E-03  0.63659E-03  0.92861E+00  0.47310E-03 -0.14080E-03  0.24325E+00 -0.60850E-03  0.23343E+00 
   84.00  0.26464E+00 -0.89175E+00 -0.30303E-03  0.33739E-03  0.92604E+00  0.63489E-03 -0.55629E-04  0.21461E+00  0.18480E-02  0.20542E+00 
   85.00  0.25502E+00 -0.89463E+00 -0.48170E-03  0.84239E-04  0.92322E+00  0.80293E-03 -0.23347E-04  0.18529E+00  0.38139E-02  0.17674E+00 
   86.00  0.24568E+00 -0.89647E+00 -0.66389E-03 -0.98859E-04  0.92025E+00  0.95822E-03 -0.56188E-04  0.15544E+00  0.52181E-02  0.14755E+00 
   87.00  0.23689E+00 -0.89735E+00 -0.82912E-03 -0.19585E-03  0.91725E+00  0.10784E-02 -0.16050E-03  0.12522E+00  0.60376E-02  0.11806E+00 
   88.00  0.22889E+00 -0.89736E+00 -0.95459E-03 -0.20138E-03  0.91434E+00  0.11405E-02 -0.33544E-03  0.94798E-01  0.62985E-02  0.88447E-01 
   89.00  0.22178E+00 -0.89657E+00 -0.10181E-02 -0.12219E-03  0.91161E+00  0.11252E-02 -0.57268E-03  0.64337E-01  0.60699E-02  0.58899E-01 
   90.00  0.21559E+00 -0.89506E+00 -0.10018E-02  0.23538E-04  0.90914E+00  0.10199E-02 -0.85743E-03  0.33969E-01  0.54500E-02  0.29550E-01 
   91.00  0.21027E+00 -0.89288E+00 -0.89476E-03  0.20888E-03  0.90696E+00  0.82198E-03 -0.11706E-02  0.37849E-02  0.45509E-02  0.48250E-03 
   92.00  0.20571E+00 -0.89002E+00 -0.69569E-03  0.40242E-03  0.90506E+00  0.53930E-03 -0.14914E-02 -0.26169E-01  0.34835E-02 -0.28272E-01 
   93.00  0.20179E+00 -0.88649E+00 -0.41293E-03  0.57296E-03  0.90342E+00  0.18935E-03 -0.17998E-02 -0.55881E-01  0.23468E-02 -0.56722E-01 
   94.00  0.19836E+00 -0.88226E+00 -0.63557E-04  0.69374E-03  0.90199E+00 -0.20339E-03 -0.20786E-02 -0.85362E-01  0.12242E-02 -0.84899E-01 
   95.00  0.19529E+00 -0.87728E+00  0.32882E-03  0.74549E-03  0.90072E+00 -0.61078E-03 -0.23139E-02 -0.11463E+00  0.18350E-03 -0.11284E+00 
   96.00  0.19248E+00 -0.87153E+00  0.73690E-03  0.71805E-03  0.89958E+00 -0.10045E-02 -0.24953E-02 -0.14370E+00 -0.71942E-03 -0.14057E+00 
   97.00  0.18986E+00 -0.86497E+00  0.11327E-02  0.61076E-03  0.89853E+00 -0.13591E-02 -0.26155E-02 -0.17258E+00 -0.14375E-02 -0.16809E+00 
   98.00  0.18740E+00 -0.85759E+00  0.14903E-02  0.43181E-03  0.89756E+00 -0.16542E-02 -0.26696E-02 -0.20125E+00 -0.19312E-02 -0.19540E+00 
   99.00  0.18507E+00 -0.84940E+00  0.17884E-02  0.19678E-03  0.89665E+00 -0.18763E-02 -0.26545E-02 -0.22969E+00 -0.21700E-02 -0.22246E+00 
  100.00  0.18289E+00 -0.84040E+00  0.20121E-02 -0.73239E-04  0.89581E+00 -0.20192E-02 -0.25692E-02 -0.25785E+00 -0.21362E-02 -0.24922E+00 
  101.00  0.18087E+00 -0.83061E+00  0.21543E-02 -0.35400E-03  0.89505E+00 -0.20841E-02 -0.24143E-02 -0.28567E+00 -0.18300E-02 -0.27561E+00 
  102.00  0.17903E+00 -0.82006E+00  0.22154E-02 -0.62057E-03  0.89439E+00 -0.20784E-02 -0.21928E-02 -0.31310E+00 -0.12737E-02 -0.30157E+00 
  103.00  0.17738E+00 -0.80877E+00  0.22031E-02 -0.84976E-03  0.89383E+00 -0.20144E-02 -0.19105E-02 -0.34007E+00 -0.51426E-03 -0.32703E+00 
  104.00  0.17594E+00 -0.79678E+00  0.21308E-02 -0.10223E-02  0.89338E+00 -0.19075E-02 -0.15763E-02 -0.36653E+00  0.37828E-03 -0.35193E+00 
  105.00  0.17471E+00 -0.78412E+00  0.20153E-02 -0.11245E-02  0.89304E+00 -0.17738E-02 -0.12024E-02 -0.39242E+00  0.13152E-02 -0.37623E+00 
  106.00  0.17367E+00 -0.77082E+00  0.18746E-02 -0.11491E-02  0.89280E+00 -0.16283E-02 -0.80376E-03 -0.41769E+00  0.21972E-02 -0.39989E+00 
  107.00  0.17282E+00 -0.75691E+00  0.17258E-02 -0.10958E-02  0.89267E+00 -0.14835E-02 -0.39785E-03 -0.44232E+00  0.29243E-02 -0.42288E+00 
  108.00  0.17214E+00 -0.74242E+00  0.15827E-02 -0.97043E-03  0.89263E+00 -0.13486E-02 -0.32917E-05 -0.46626E+00  0.34061E-02 -0.44519E+00 
  109.00  0.17161E+00 -0.72740E+00  0.14550E-02 -0.78428E-03  0.89267E+00 -0.12287E-02  0.36127E-03 -0.48950E+00  0.35706E-02 -0.46683E+00 
  110.00  0.17121E+00 -0.71189E+00  0.13477E-02 -0.55251E-03  0.89278E+00 -0.11258E-02  0.67858E-03 -0.51204E+00  0.33712E-02 -0.48779E+00 
  111.00  0.17092E+00 -0.69594E+00  0.12612E-02 -0.29268E-03  0.89296E+00 -0.10387E-02  0.93412E-03 -0.53386E+00  0.27901E-02 -0.50808E+00 
  112.00  0.17073E+00 -0.67958E+00  0.11921E-02 -0.23145E-04  0.89320E+00 -0.96435E-03  0.11173E-02 -0.55496E+00  0.18386E-02 -0.52770E+00 
  113.00  0.17062E+00 -0.66288E+00  0.11343E-02  0.23832E-03  0.89350E+00 -0.89879E-03  0.12220E-02 -0.57534E+00  0.55457E-03 -0.54668E+00 
  114.00  0.17058E+00 -0.64588E+00  0.10802E-02  0.47574E-03  0.89385E+00 -0.83791E-03  0.12477E-02 -0.59501E+00 -0.10026E-02 -0.56501E+00 
  115.00  0.17062E+00 -0.62864E+00  0.10220E-02  0.67584E-03  0.89425E+00 -0.77826E-03  0.11986E-02 -0.61397E+00 -0.27590E-02 -0.58269E+00 
  116.00  0.17072E+00 -0.61119E+00  0.95297E-03  0.82855E-03  0.89470E+00 -0.71749E-03  0.10839E-02 -0.63221E+00 -0.46336E-02 -0.59972E+00 
  117.00  0.17088E+00 -0.59358E+00  0.86778E-03  0.92729E-03  0.89520E+00 -0.65457E-03  0.91699E-03 -0.64975E+00 -0.65456E-02 -0.61609E+00 
  118.00  0.17109E+00 -0.57586E+00  0.76336E-03  0.96892E-03  0.89572E+00 -0.58975E-03  0.71385E-03 -0.66657E+00 -0.84215E-02 -0.63179E+00 
  119.00  0.17137E+00 -0.55805E+00  0.63885E-03  0.95343E-03  0.89628E+00 -0.52430E-03  0.49238E-03 -0.68268E+00 -0.10200E-01 -0.64680E+00 
  120.00  0.17169E+00 -0.54019E+00  0.49547E-03  0.88355E-03  0.89685E+00 -0.46014E-03  0.27081E-03 -0.69807E+00 -0.11835E-01 -0.66112E+00 
  121.00  0.17206E+00 -0.52232E+00  0.33613E-03  0.76413E-03  0.89742E+00 -0.39938E-03  0.66485E-04 -0.71274E+00 -0.13299E-01 -0.67473E+00 
  122.00  0.17247E+00 -0.50446E+00  0.16495E-03  0.60163E-03  0.89800E+00 -0.34390E-03 -0.10525E-03 -0.72669E+00 -0.14581E-01 -0.68761E+00 
  123.00  0.17292E+00 -0.48666E+00 -0.13315E-04  0.40356E-03  0.89856E+00 -0.29498E-03 -0.23197E-03 -0.73993E+00 -0.15684E-01 -0.69976E+00 
  124.00  0.17340E+00 -0.46893E+00 -0.19380E-03  0.17795E-03  0.89910E+00 -0.25306E-03 -0.30480E-03 -0.75245E+00 -0.16625E-01 -0.71117E+00 
  125.00  0.17392E+00 -0.45132E+00 -0.37194E-03 -0.66990E-04  0.89962E+00 -0.21766E-03 -0.31878E-03 -0.76426E+00 -0.17430E-01 -0.72183E+00 
  126.00  0.17448E+00 -0.43387E+00 -0.54379E-03 -0.32323E-03  0.90010E+00 -0.18736E-03 -0.27297E-03 -0.77537E+00 -0.18128E-01 -0.73177E+00 
  127.00  0.17508E+00 -0.41660E+00 -0.70625E-03 -0.58317E-03  0.90056E+00 -0.16006E-03 -0.17027E-03 -0.78580E+00 -0.18752E-01 -0.74098E+00 
  128.00  0.17571E+00 -0.39957E+00 -0.85708E-03 -0.83977E-03  0.90099E+00 -0.13316E-03 -0.17088E-04 -0.79555E+00 -0.19331E-01 -0.74949E+00 
  129.00  0.17639E+00 -0.38281E+00 -0.99485E-03 -0.10868E-02  0.90140E+00 -0.10392E-03  0.17727E-03 -0.80465E+00 -0.19893E-01 -0.75732E+00 
  130.00  0.17712E+00 -0.36636E+00 -0.11189E-02 -0.13188E-02  0.90178E+00 -0.69788E-04  0.40123E-03 -0.81313E+00 -0.20457E-01 -0.76450E+00 
  131.00  0.17790E+00 -0.35026E+00 -0.12290E-02 -0.15314E-02  0.90216E+00 -0.28674E-04  0.64177E-03 -0.82099E+00 -0.21038E-01 -0.77106E+00 
  132.00  0.17874E+00 -0.33455E+00 -0.13255E-02 -0.17211E-02  0.90253E+00  0.20802E-04  0.88522E-03 -0.82827E+00 -0.21644E-01 -0.77704E+00 
  133.00  0.17965E+00 -0.31925E+00 -0.14087E-02 -0.18858E-02  0.90290E+00  0.79165E-04  0.11181E-02 -0.83501E+00 -0.22277E-01 -0.78248E+00 
  134.00  0.18063E+00 -0.30440E+00 -0.14791E-02 -0.20242E-02  0.90328E+00  0.14603E-03  0.13280E-02 -0.84122E+00 -0.22935E-01 -0.78743E+00 
  135.00  0.18168E+00 -0.29000E+00 -0.15369E-02 -0.21364E-02  0.90369E+00  0.22013E-03  0.15040E-02 -0.84694E+00 -0.23609E-01 -0.79191E+00 
  136.00  0.18280E+00 -0.27608E+00 -0.15826E-02 -0.22235E-02  0.90411E+00  0.29947E-03  0.16376E-02 -0.85220E+00 -0.24290E-01 -0.79597E+00 
  137.00  0.18399E+00 -0.26263E+00 -0.16161E-02 -0.22876E-02  0.90456E+00  0.38146E-03  0.17227E-02 -0.85705E+00 -0.24965E-01 -0.79967E+00 
  138.00  0.18525E+00 -0.24965E+00 -0.16376E-02 -0.23315E-02  0.90504E+00  0.46320E-03  0.17564E-02 -0.86151E+00 -0.25621E-01 -0.80303E+00 
  139.00  0.18656E+00 -0.23713E+00 -0.16469E-02 -0.23587E-02  0.90554E+00  0.54169E-03  0.17385E-02 -0.86563E+00 -0.26242E-01 -0.80609E+00 
  140.00  0.18793E+00 -0.22504E+00 -0.16441E-02 -0.23733E-02  0.90606E+00  0.61404E-03  0.16718E-02 -0.86943E+00 -0.26816E-01 -0.80889E+00 
  141.00  0.18933E+00 -0.21337E+00 -0.16292E-02 -0.23793E-02  0.90660E+00  0.67774E-03  0.15615E-02 -0.87295E+00 -0.27328E-01 -0.81146E+00 
  142.00  0.19077E+00 -0.20209E+00 -0.16024E-02 -0.23809E-02  0.90715E+00  0.73077E-03  0.14151E-02 -0.87622E+00 -0.27766E-01 -0.81383E+00 
  143.00  0.19222E+00 -0.19118E+00 -0.15640E-02 -0.23820E-02  0.90770E+00  0.77174E-03  0.12417E-02 -0.87927E+00 -0.28118E-01 -0.81601E+00 
  144.00  0.19369E+00 -0.18060E+00 -0.15141E-02 -0.23860E-02  0.90824E+00  0.79989E-03  0.10514E-02 -0.88212E+00 -0.28374E-01 -0.81802E+00 
  145.00  0.19515E+00 -0.17034E+00 -0.14533E-02 -0.23957E-02  0.90876E+00  0.81513E-03  0.85472E-03 -0.88479E+00 -0.28525E-01 -0.81988E+00 
  146.00  0.19661E+00 -0.16038E+00 -0.13819E-02 -0.24131E-02  0.90926E+00  0.81793E-03  0.66180E-03 -0.88730E+00 -0.28564E-01 -0.82158E+00 
  147.00  0.19805E+00 -0.15071E+00 -0.13001E-02 -0.24393E-02  0.90973E+00  0.80921E-03  0.48207E-03 -0.88965E+00 -0.28487E-01 -0.82313E+00 
  148.00  0.19948E+00 -0.14132E+00 -0.12083E-02 -0.24745E-02  0.91016E+00  0.79025E-03  0.32355E-03 -0.89184E+00 -0.28289E-01 -0.82453E+00 
  149.00  0.20087E+00 -0.13220E+00 -0.11068E-02 -0.25178E-02  0.91054E+00  0.76250E-03  0.19240E-03 -0.89389E+00 -0.27971E-01 -0.82577E+00 
  150.00  0.20224E+00 -0.12336E+00 -0.99582E-03 -0.25675E-02  0.91088E+00  0.72751E-03  0.92720E-04 -0.89579E+00 -0.27532E-01 -0.82686E+00 
  151.00  0.20358E+00 -0.11479E+00 -0.87598E-03 -0.26209E-02  0.91116E+00  0.68676E-03  0.26349E-04 -0.89754E+00 -0.26977E-01 -0.82778E+00 
  152.00  0.20489E+00 -0.10649E+00 -0.74804E-03 -0.26750E-02  0.91140E+00  0.64166E-03 -0.70965E-05 -0.89913E+00 -0.26311E-01 -0.82853E+00 
  153.00  0.20617E+00 -0.98474E-01 -0.61318E-03 -0.27262E-02  0.91158E+00  0.59345E-03 -0.10055E-04 -0.90058E+00 -0.25540E-01 -0.82912E+00 
  154.00  0.20743E+00 -0.90740E-01 -0.47306E-03 -0.27708E-02  0.91172E+00  0.54324E-03  0.13284E-04 -0.90187E+00 -0.24673E-01 -0.82954E+00 
  155.00  0.20865E+00 -0.83291E-01 -0.32989E-03 -0.28056E-02  0.91181E+00  0.49197E-03  0.57396E-04 -0.90301E+00 -0.23720E-01 -0.82979E+00 
  156.00  0.20984E+00 -0.76131E-01 -0.18637E-03 -0.28273E-02  0.91186E+00  0.44048E-03  0.11590E-03 -0.90400E+00 -0.22691E-01 -0.82988E+00 
  157.00  0.21101E+00 -0.69259E-01 -0.45643E-04 -0.28339E-02  0.91187E+00  0.38955E-03  0.18206E-03 -0.90486E+00 -0.21599E-01 -0.82983E+00 
  158.00  0.21215E+00 -0.62676E-01  0.88875E-04 -0.28236E-02  0.91184E+00  0.33987E-03  0.24933E-03 -0.90558E+00 -0.20454E-01 -0.82963E+00 
  159.00  0.21327E+00 -0.56381E-01  0.21366E-03 -0.27958E-02  0.91178E+00  0.29210E-03  0.31173E-03 -0.90618E+00 -0.19267E-01 -0.82930E+00 
  160.00  0.21436E+00 -0.50375E-01  0.32533E-03 -0.27508E-02  0.91169E+00  0.24687E-03  0.36428E-03 -0.90667E+00 -0.18051E-01 -0.82886E+00 
  161.00  0.21544E+00 -0.44657E-01  0.42086E-03 -0.26895E-02  0.91156E+00  0.20476E-03  0.40326E-03 -0.90706E+00 -0.16815E-01 -0.82831E+00 
  162.00  0.21649E+00 -0.39228E-01  0.49784E-03 -0.26138E-02  0.91140E+00  0.16626E-03  0.42636E-03 -0.90736E+00 -0.15570E-01 -0.82767E+00 
  163.00  0.21753E+00 -0.34094E-01  0.55458E-03 -0.25261E-02  0.91120E+00  0.13181E-03  0.43269E-03 -0.90759E+00 -0.14325E-01 -0.82695E+00 
  164.00  0.21856E+00 -0.29263E-01  0.59030E-03 -0.24291E-02  0.91096E+00  0.10169E-03  0.42276E-03 -0.90774E+00 -0.13088E-01 -0.82614E+00 
  165.00  0.21958E+00 -0.24748E-01  0.60518E-03 -0.23259E-02  0.91068E+00  0.76034E-04  0.39831E-03 -0.90784E+00 -0.11866E-01 -0.82525E+00 
  166.00  0.22059E+00 -0.20569E-01  0.60029E-03 -0.22196E-02  0.91035E+00  0.54840E-04  0.36200E-03 -0.90787E+00 -0.10665E-01 -0.82427E+00 
  167.00  0.22161E+00 -0.16747E-01  0.57757E-03 -0.21134E-02  0.90995E+00  0.37923E-04  0.31718E-03 -0.90784E+00 -0.94910E-02 -0.82319E+00 
  168.00  0.22263E+00 -0.13310E-01  0.53967E-03 -0.20103E-02  0.90950E+00  0.24947E-04  0.26749E-03 -0.90774E+00 -0.83480E-02 -0.82200E+00 
  169.00  0.22366E+00 -0.10279E-01  0.48976E-03 -0.19129E-02  0.90898E+00  0.15446E-04  0.21655E-03 -0.90757E+00 -0.72412E-02 -0.82070E+00 
  170.00  0.22470E+00 -0.76731E-02  0.43131E-03 -0.18234E-02  0.90841E+00  0.88661E-05  0.16764E-03 -0.90731E+00 -0.61761E-02 -0.81928E+00 
  171.00  0.22574E+00 -0.55011E-02  0.36789E-03 -0.17434E-02  0.90778E+00  0.46085E-05  0.12343E-03 -0.90697E+00 -0.51595E-02 -0.81775E+00 
  172.00  0.22677E+00 -0.37573E-02  0.30292E-03 -0.16740E-02  0.90712E+00  0.20813E-05  0.85794E-04 -0.90656E+00 -0.41997E-02 -0.81614E+00 
  173.00  0.22777E+00 -0.24197E-02  0.23951E-03 -0.16156E-02  0.90645E+00  0.74590E-06  0.55713E-04 -0.90608E+00 -0.33069E-02 -0.81448E+00 
  174.00  0.22873E+00 -0.14493E-02  0.18032E-03 -0.15681E-02  0.90578E+00  0.15241E-06  0.33310E-04 -0.90557E+00 -0.24931E-02 -0.81283E+00 
  175.00  0.22961E+00 -0.79235E-03  0.12749E-03 -0.15308E-02  0.90515E+00 -0.39452E-07  0.17953E-04 -0.90504E+00 -0.17716E-02 -0.81125E+00 
  176.00  0.23039E+00 -0.38490E-03  0.82642E-04 -0.15028E-02  0.90458E+00 -0.57269E-07  0.84478E-05 -0.90454E+00 -0.11563E-02 -0.80982E+00 
  177.00  0.23104E+00 -0.15923E-03  0.46887E-04 -0.14827E-02  0.90411E+00 -0.28916E-07  0.32986E-05 -0.90410E+00 -0.66077E-03 -0.80861E+00 
  178.00  0.23152E+00 -0.51629E-04  0.20951E-04 -0.14694E-02  0.90375E+00 -0.73101E-08  0.97424E-06 -0.90375E+00 -0.29709E-03 -0.80769E+00 
  179.00  0.23182E+00 -0.99358E-05  0.52532E-05 -0.14618E-02  0.90353E+00 -0.51874E-09  0.16664E-06 -0.90353E+00 -0.74798E-04 -0.80711E+00 
  180.00  0.23192E+00 -0.22128E-15  0.13032E-15 -0.14594E-02  0.90346E+00 -0.33150E-30  0.34814E-17 -0.90346E+00 -0.18582E-14 -0.80691E+00 
 scattering matrix expansion coefficients
    w  a11         a22         a33         a23         a32         a44         a12         a34         a13         a24         a14
    0  0.1000E+01  0.0000E+00  0.0000E+00  0.0000E+00  0.0000E+00  0.7893E+00  0.0000E+00  0.0000E+00  0.0000E+00  0.0000E+00  0.2138E-03
    1  0.2196E+01  0.0000E+00  0.0000E+00  0.0000E+00  0.0000E+00  0.2366E+01  0.0000E+00  0.0000E+00  0.0000E+00  0.0000E+00  0.9873E-03
    2  0.3083E+01  0.2376E+00  0.3896E+01  0.8499E-07 -0.7396E-03  0.3079E+01 -0.3905E+00 -0.7959E-02 -0.2863E-04 -0.1687E-03  0.8599E-03
    3  0.3536E+01  0.6086E-01  0.3975E+01 -0.1932E-06 -0.1896E-02  0.3559E+01 -0.2400E+00 -0.8045E-02 -0.1128E-03 -0.1497E-03  0.1479E-02
    4  0.3883E+01  0.4065E-01  0.4169E+01 -0.1596E-06 -0.2953E-02  0.3873E+01 -0.1547E+00 -0.1219E-01 -0.1829E-03  0.1527E-03  0.1450E-02
    5  0.4093E+01  0.1393E-01  0.4317E+01 -0.7422E-07 -0.2852E-02  0.4088E+01 -0.1157E+00  0.1614E-02  0.4599E-03 -0.3965E-03  0.1279E-02
    6  0.4223E+01  0.2837E-02  0.4403E+01  0.2553E-06 -0.2686E-02  0.4230E+01 -0.1047E+00  0.6486E-03  0.1298E-04 -0.4524E-03  0.1238E-02
    7  0.4314E+01  0.1662E-02  0.4458E+01 -0.2413E-06 -0.2803E-02  0.4327E+01 -0.8182E-01  0.3444E-02 -0.1238E-03 -0.1748E-03  0.9401E-03
    8  0.4381E+01  0.9378E-02  0.4495E+01 -0.2519E-06 -0.1891E-02  0.4377E+01 -0.3685E-01  0.3541E-02  0.2650E-03 -0.8245E-04  0.1511E-02
    9  0.4371E+01  0.8967E-02  0.4474E+01  0.2085E-08 -0.9292E-03  0.4355E+01 -0.7134E-02  0.8325E-02  0.1170E-04 -0.1176E-03  0.1946E-02
   10  0.4247E+01 -0.1457E-02  0.4356E+01 -0.1006E-06  0.3094E-03  0.4244E+01 -0.2384E-01  0.1260E-01  0.9015E-04 -0.8171E-04  0.1648E-02
   11  0.4048E+01 -0.6620E-02  0.4154E+01 -0.6930E-07  0.1351E-02  0.4059E+01 -0.5933E-01  0.1387E-01  0.1256E-03  0.1837E-03  0.1243E-02
   12  0.3848E+01 -0.1518E-02  0.3933E+01  0.1446E-06  0.2179E-02  0.3855E+01 -0.6884E-01  0.9547E-02  0.2911E-03 -0.1067E-03  0.1040E-02
   13  0.3678E+01  0.2959E-02  0.3743E+01 -0.1080E-06  0.1866E-02  0.3678E+01 -0.5584E-01  0.4080E-02 -0.3197E-04 -0.3696E-03  0.6195E-03
   14  0.3540E+01  0.3803E-02  0.3590E+01 -0.1033E-06  0.9842E-03  0.3535E+01 -0.4046E-01  0.4869E-03 -0.2111E-03  0.3471E-03  0.6739E-03
   15  0.3416E+01 -0.9784E-03  0.3461E+01 -0.4073E-07  0.6151E-03  0.3418E+01 -0.3416E-01 -0.5874E-02 -0.2349E-04  0.1962E-03  0.6047E-03
   16  0.3296E+01 -0.1830E-02  0.3338E+01 -0.9840E-07  0.5989E-03  0.3301E+01 -0.2449E-01 -0.1393E-01  0.2318E-03 -0.1623E-03  0.8439E-04
   17  0.3158E+01  0.1162E-02  0.3196E+01  0.5345E-09  0.3968E-03  0.3157E+01 -0.9206E-02 -0.1686E-01 -0.6869E-05  0.1693E-04  0.1348E-03
   18  0.2970E+01  0.2680E-02  0.3008E+01  0.7887E-07  0.2853E-04  0.2964E+01 -0.2825E-02 -0.1553E-01 -0.2816E-03  0.9457E-04  0.6693E-03
   19  0.2718E+01  0.4293E-03  0.2760E+01  0.5180E-07  0.3113E-04  0.2716E+01 -0.1392E-01 -0.1366E-01 -0.1559E-03  0.1382E-03  0.8895E-03
   20  0.2428E+01 -0.1396E-02  0.2469E+01 -0.6319E-08  0.4463E-03  0.2429E+01 -0.2983E-01 -0.1250E-01 -0.1839E-04  0.3041E-04  0.6360E-03
   21  0.2131E+01 -0.9514E-03  0.2168E+01  0.4050E-08  0.9362E-03  0.2132E+01 -0.3862E-01 -0.1175E-01 -0.6956E-04 -0.6753E-04  0.5371E-03
   22  0.1848E+01  0.1253E-04  0.1879E+01  0.3120E-07  0.1460E-02  0.1847E+01 -0.4069E-01 -0.1118E-01 -0.9342E-04 -0.6765E-04  0.7209E-03
   23  0.1587E+01 -0.9534E-03  0.1614E+01  0.5726E-07  0.1951E-02  0.1588E+01 -0.4210E-01 -0.1001E-01 -0.2013E-04  0.2730E-05  0.8512E-03
   24  0.1356E+01 -0.1361E-02  0.1379E+01  0.3598E-07  0.2143E-02  0.1358E+01 -0.3963E-01 -0.8299E-02 -0.1816E-04  0.1391E-05  0.7884E-03
   25  0.1155E+01  0.8337E-04  0.1174E+01  0.1711E-07  0.2038E-02  0.1156E+01 -0.3051E-01 -0.6137E-02 -0.4420E-04 -0.4414E-04  0.6578E-03
   26  0.9747E+00  0.1473E-02  0.9899E+00  0.5796E-08  0.1827E-02  0.9730E+00 -0.2058E-01 -0.3550E-02 -0.3258E-04 -0.4199E-04  0.5598E-03
   27  0.8027E+00  0.9683E-03  0.8165E+00  0.4735E-08  0.1609E-02  0.8015E+00 -0.1743E-01 -0.1224E-02 -0.7745E-05 -0.1017E-04  0.4781E-03
   28  0.6410E+00 -0.1973E-03  0.6539E+00  0.7387E-08  0.1350E-02  0.6419E+00 -0.1926E-01 -0.7726E-04 -0.4379E-05 -0.4815E-05  0.3796E-03
   29  0.4996E+00 -0.4599E-03  0.5105E+00  0.4476E-08  0.1051E-02  0.5013E+00 -0.1918E-01  0.1791E-03 -0.7296E-05 -0.1739E-04  0.2885E-03
   30  0.3841E+00  0.1852E-03  0.3921E+00 -0.2435E-08  0.7686E-03  0.3848E+00 -0.1445E-01  0.6229E-03 -0.2053E-06 -0.1760E-04  0.2444E-03
   31  0.2909E+00  0.7018E-03  0.2967E+00 -0.5445E-08  0.5485E-03  0.2906E+00 -0.8406E-02  0.1747E-02  0.7054E-05 -0.1868E-05  0.2493E-03
   32  0.2136E+00  0.6660E-03  0.2181E+00 -0.4942E-08  0.3884E-03  0.2131E+00 -0.4770E-02  0.2979E-02  0.4867E-05  0.1153E-04  0.2618E-03
   33  0.1485E+00  0.3218E-03  0.1522E+00 -0.2576E-08  0.2670E-03  0.1484E+00 -0.4094E-02  0.3541E-02 -0.3228E-05  0.1411E-04  0.2481E-03
   34  0.9594E-01  0.5593E-04  0.9887E-01 -0.1068E-08  0.1718E-03  0.9612E-01 -0.4574E-02  0.3221E-02 -0.9786E-05  0.8686E-05  0.2016E-03
   35  0.5692E-01 -0.2683E-04  0.5894E-01 -0.4387E-09  0.1007E-03  0.5713E-01 -0.4611E-02  0.2376E-02 -0.1096E-04  0.2263E-05  0.1400E-03
   36  0.3086E-01 -0.1139E-05  0.3207E-01 -0.1013E-09  0.5293E-04  0.3095E-01 -0.3823E-02  0.1472E-02 -0.8565E-05 -0.1276E-05  0.8364E-04
   37  0.1528E-01  0.3507E-04  0.1590E-01 -0.1651E-09  0.2490E-04  0.1527E-01 -0.2640E-02  0.7872E-03 -0.5258E-05 -0.2027E-05  0.4360E-04
   38  0.6928E-02  0.4643E-04  0.7204E-02 -0.4195E-09  0.1048E-04  0.6871E-02 -0.1556E-02  0.3702E-03 -0.2705E-05 -0.1519E-05  0.2014E-04
   39  0.2885E-02  0.3755E-04  0.2990E-02 -0.5461E-09  0.3958E-05  0.2830E-02 -0.7995E-03  0.1557E-03 -0.1194E-05 -0.8339E-06  0.8349E-05
   40  0.1107E-02  0.2332E-04  0.1142E-02 -0.4436E-09  0.1364E-05  0.1071E-02 -0.3642E-03  0.5926E-04 -0.4714E-06 -0.3784E-06  0.3147E-05
   41  0.3936E-03  0.1200E-04  0.4032E-03 -0.2654E-09  0.4320E-06  0.3740E-03 -0.1491E-03  0.2063E-04 -0.1683E-06 -0.1477E-06  0.1097E-05
   42  0.1300E-03  0.5337E-05  0.1321E-03 -0.1338E-09  0.1256E-06  0.1211E-03 -0.5542E-04  0.6617E-05 -0.5379E-07 -0.5221E-07  0.3559E-06
   43  0.4006E-04  0.2101E-05  0.4030E-04 -0.6348E-10  0.3435E-07  0.3649E-04 -0.1887E-04  0.1969E-05 -0.1598E-07 -0.1708E-07  0.1076E-06
   44  0.1155E-04  0.7434E-06  0.1150E-04 -0.3177E-10  0.9982E-08  0.1027E-04 -0.5922E-05  0.5490E-06 -0.4757E-08 -0.5460E-08  0.3097E-07
   45  0.3135E-05  0.2386E-06  0.3086E-05 -0.1649E-10  0.3259E-08  0.2720E-05 -0.1727E-05  0.1463E-06 -0.1491E-08 -0.1751E-08  0.8801E-08
   46  0.8108E-06  0.7018E-07  0.7896E-06 -0.7794E-11  0.1133E-08  0.6879E-06 -0.4735E-06  0.3812E-07 -0.4803E-09 -0.4888E-09  0.2358E-08
   47  0.2047E-06  0.1927E-07  0.1975E-06 -0.2875E-11  0.3479E-09  0.1708E-06 -0.1248E-06  0.9953E-08 -0.1459E-09 -0.8702E-10  0.5245E-09
   48  0.5299E-07  0.5060E-08  0.5087E-07 -0.5969E-12  0.7607E-10  0.4404E-07 -0.3286E-07  0.2779E-08 -0.3555E-10  0.7647E-11  0.7774E-10
   49  0.1520E-07  0.1279E-08  0.1465E-07  0.1701E-12  0.8147E-11  0.1296E-07 -0.9259E-08  0.9164E-09 -0.6466E-11  0.1734E-10 -0.1032E-10
   50  0.5629E-08  0.3407E-09  0.5540E-08  0.2592E-12 -0.2151E-11  0.5067E-08 -0.3112E-08  0.3890E-09  0.6951E-12  0.5723E-11 -0.3053E-11
   51  0.2110E-08  0.9969E-10  0.2080E-08  0.1612E-12 -0.2931E-11  0.1966E-08 -0.1176E-08  0.1631E-09  0.1256E-12  0.4809E-11 -0.6740E-11
   52  0.1307E-08  0.6797E-10  0.1309E-08  0.7616E-13  0.1052E-13  0.1209E-08 -0.6868E-09  0.7478E-10  0.3307E-12 -0.9827E-12  0.3686E-11
   53  0.3345E-09  0.1860E-10  0.3252E-09  0.3034E-13 -0.3662E-12  0.3106E-09 -0.1932E-09  0.2267E-10 -0.6002E-14  0.8763E-12 -0.1199E-11
   54  0.2731E-09  0.2358E-10  0.2668E-09  0.1015E-13  0.9942E-13  0.2354E-09 -0.1606E-09  0.9298E-11  0.6798E-14 -0.3700E-12  0.9635E-12
   55  0.3119E-10  0.2602E-11  0.2913E-10  0.3004E-14 -0.9825E-14  0.2760E-10 -0.1943E-10  0.1646E-11 -0.8693E-14  0.9482E-13 -0.1139E-12
   56  0.3521E-10  0.4274E-11  0.3334E-10  0.8643E-15  0.1526E-13  0.2798E-10 -0.2308E-10  0.7266E-12 -0.3745E-14 -0.4177E-13  0.1016E-12
   57  0.1383E-11  0.1500E-12  0.1220E-11  0.2002E-15  0.6849E-15  0.1178E-11 -0.9039E-12  0.5724E-13 -0.1016E-14  0.5027E-14 -0.5155E-14
   58  0.2699E-11  0.4008E-12  0.2471E-11  0.3218E-16  0.1390E-14  0.1994E-11 -0.1911E-11  0.3810E-13 -0.5023E-15 -0.2785E-14  0.6724E-14
   59  0.2341E-13  0.2417E-14  0.1661E-13  0.7860E-17  0.6262E-16  0.2223E-13 -0.1333E-13  0.7749E-15 -0.5484E-16  0.1181E-15 -0.7463E-16
   60  0.1444E-12  0.2557E-13  0.1305E-12  0.3245E-17  0.8215E-16  0.1001E-12 -0.1096E-12  0.1611E-14 -0.4231E-16 -0.1174E-15  0.3077E-15
