 input file is 
mstm18_256_9598_171_0006.inp  
 input file comments follow:
***********************************************************
  This is the default mstm input file for v.3.0.
  The run is for a 7-sphere cluster of identical spheres.   The positions
  are embedded in the input file.

  The run makes use of the new_run and multiple_run options.

  14 April 2013
***********************************************************
 number of processors:
   1
 input parameters for run number 
    1
 number of spheres, volume size parameter:
  256  0.60944E+01
 position file:
position/n256/a18.out                                       
 output file:
output/256/x9598/171/0006/mt_18_256_9598_171_0006.dat       
 length, ref. indx. scale factors:
   0.960   1.710   0.006
 chiral factors:
  0.00000E+00  0.00000E+00
 scattering matrix directions based on incident frame
 automatic scattering angle calculation
 thetamin, thetamax:
      0.0    180.0
 number scattering angles:
      181
 epsmie, epssoln, max number iterations:
  0.1000E-05  0.1000E-07 5000
 medium refractive index:
  1.0000  0.0000
 target euler rotation angles:
    0.0000    0.0000    0.0000
 far field kr, iterations/correction:
 -0.1000E+01   20
 plane wave incidence
 random orientation calculations
 t matrix calculated, stored in file 
tmatrixfiles/1825695981710006                               
 t matrix convergence epsilon:
  0.1000E-06
 all spheres excited (total T matrix) 
 calculation results for run 
    1
 total ext, abs, scat efficiencies, w.r.t. xv, and asym. parm
  0.70364E+01  0.12499E+00  0.69114E+01  0.73359E+00
 scattering matrix elements (normalized w/ S11)
   theta      11           12           13           14           22           23           24           33           34           44      
    0.00  0.14659E+03  0.00000E+00  0.00000E+00  0.57363E-04  0.99967E+00 -0.64569E-04  0.00000E+00  0.99967E+00  0.00000E+00  0.99940E+00 
    1.00  0.13976E+03 -0.16834E-03 -0.68110E-06  0.68589E-04  0.99966E+00 -0.88102E-04  0.26663E-06  0.99966E+00 -0.37046E-03  0.99938E+00 
    2.00  0.12169E+03 -0.71107E-03 -0.27489E-05  0.94924E-04  0.99962E+00 -0.15800E-03  0.95707E-06  0.99963E+00 -0.15349E-02  0.99931E+00 
    3.00  0.98204E+02 -0.17302E-02 -0.62524E-05  0.11176E-03  0.99955E+00 -0.26994E-03  0.18380E-05  0.99956E+00 -0.35953E-02  0.99919E+00 
    4.00  0.75333E+02 -0.33397E-02 -0.11181E-04  0.75391E-04  0.99943E+00 -0.41078E-03  0.28788E-05  0.99945E+00 -0.65175E-02  0.99899E+00 
    5.00  0.56696E+02 -0.55558E-02 -0.17312E-04 -0.59985E-04  0.99925E+00 -0.55756E-03  0.47096E-05  0.99928E+00 -0.98991E-02  0.99868E+00 
    6.00  0.43015E+02 -0.82262E-02 -0.24041E-04 -0.29760E-03  0.99902E+00 -0.69104E-03  0.85663E-05  0.99903E+00 -0.13049E-01  0.99826E+00 
    7.00  0.33324E+02 -0.11169E-01 -0.30248E-04 -0.57072E-03  0.99874E+00 -0.81270E-03  0.15293E-04  0.99869E+00 -0.15567E-01  0.99771E+00 
    8.00  0.26418E+02 -0.14386E-01 -0.34330E-04 -0.78560E-03  0.99841E+00 -0.93497E-03  0.24748E-04  0.99825E+00 -0.17690E-01  0.99703E+00 
    9.00  0.21467E+02 -0.17991E-01 -0.34998E-04 -0.89394E-03  0.99803E+00 -0.10536E-02  0.36867E-04  0.99773E+00 -0.19804E-01  0.99624E+00 
   10.00  0.17909E+02 -0.21967E-01 -0.33083E-04 -0.91953E-03  0.99761E+00 -0.11487E-02  0.52549E-04  0.99719E+00 -0.21819E-01  0.99538E+00 
   11.00  0.15251E+02 -0.26134E-01 -0.32360E-04 -0.91466E-03  0.99715E+00 -0.12166E-02  0.71760E-04  0.99666E+00 -0.23294E-01  0.99453E+00 
   12.00  0.13110E+02 -0.30395E-01 -0.37241E-04 -0.89299E-03  0.99666E+00 -0.12770E-02  0.90272E-04  0.99612E+00 -0.23972E-01  0.99367E+00 
   13.00  0.11330E+02 -0.34824E-01 -0.49307E-04 -0.82079E-03  0.99613E+00 -0.13336E-02  0.99631E-04  0.99555E+00 -0.23826E-01  0.99276E+00 
   14.00  0.99145E+01 -0.39493E-01 -0.65739E-04 -0.68066E-03  0.99560E+00 -0.13427E-02  0.92891E-04  0.99492E+00 -0.22731E-01  0.99180E+00 
   15.00  0.88396E+01 -0.44366E-01 -0.81403E-04 -0.53566E-03  0.99509E+00 -0.12416E-02  0.72562E-04  0.99422E+00 -0.20531E-01  0.99081E+00 
   16.00  0.79583E+01 -0.49451E-01 -0.93674E-04 -0.50247E-03  0.99460E+00 -0.10139E-02  0.49624E-04  0.99339E+00 -0.17505E-01  0.98972E+00 
   17.00  0.70965E+01 -0.54928E-01 -0.10418E-03 -0.66174E-03  0.99400E+00 -0.69986E-03  0.32266E-04  0.99235E+00 -0.14465E-01  0.98836E+00 
   18.00  0.61881E+01 -0.60988E-01 -0.11514E-03 -0.10201E-02  0.99316E+00 -0.34894E-03  0.19843E-04  0.99100E+00 -0.12332E-01  0.98654E+00 
   19.00  0.52957E+01 -0.67533E-01 -0.12511E-03 -0.15221E-02  0.99203E+00  0.16220E-04  0.81339E-05  0.98933E+00 -0.11682E-01  0.98422E+00 
   20.00  0.45172E+01 -0.74091E-01 -0.12857E-03 -0.20576E-02  0.99062E+00  0.40713E-03 -0.19110E-05  0.98742E+00 -0.12411E-01  0.98149E+00 
   21.00  0.38985E+01 -0.80176E-01 -0.12111E-03 -0.24752E-02  0.98907E+00  0.85959E-03 -0.19064E-05  0.98540E+00 -0.13756E-01  0.97861E+00 
   22.00  0.34247E+01 -0.85792E-01 -0.10544E-03 -0.26324E-02  0.98753E+00  0.14015E-02  0.15030E-04  0.98340E+00 -0.14851E-01  0.97581E+00 
   23.00  0.30629E+01 -0.91405E-01 -0.90129E-04 -0.24597E-02  0.98611E+00  0.20051E-02  0.44331E-04  0.98147E+00 -0.15304E-01  0.97323E+00 
   24.00  0.27891E+01 -0.97386E-01 -0.81832E-04 -0.20075E-02  0.98487E+00  0.25666E-02  0.72407E-04  0.97963E+00 -0.15202E-01  0.97091E+00 
   25.00  0.25853E+01 -0.10367E+00 -0.81414E-04 -0.14394E-02  0.98379E+00  0.29576E-02  0.88494E-04  0.97785E+00 -0.14873E-01  0.96877E+00 
   26.00  0.24300E+01 -0.10997E+00 -0.89550E-04 -0.93666E-03  0.98278E+00  0.31261E-02  0.92254E-04  0.97601E+00 -0.14725E-01  0.96663E+00 
   27.00  0.23016E+01 -0.11617E+00 -0.11408E-03 -0.58276E-03  0.98169E+00  0.31473E-02  0.90937E-04  0.97406E+00 -0.15107E-01  0.96435E+00 
   28.00  0.21859E+01 -0.12243E+00 -0.16660E-03 -0.35295E-03  0.98050E+00  0.31706E-02  0.93611E-04  0.97198E+00 -0.16126E-01  0.96188E+00 
   29.00  0.20784E+01 -0.12901E+00 -0.24814E-03 -0.19404E-03  0.97925E+00  0.33151E-02  0.10889E-03  0.96978E+00 -0.17662E-01  0.95928E+00 
   30.00  0.19779E+01 -0.13609E+00 -0.33903E-03 -0.79244E-04  0.97800E+00  0.35892E-02  0.14222E-03  0.96743E+00 -0.19608E-01  0.95653E+00 
   31.00  0.18828E+01 -0.14362E+00 -0.40788E-03  0.15470E-04  0.97674E+00  0.38836E-02  0.18959E-03  0.96482E+00 -0.21996E-01  0.95357E+00 
   32.00  0.17907E+01 -0.15126E+00 -0.43557E-03  0.15044E-03  0.97539E+00  0.40465E-02  0.23424E-03  0.96197E+00 -0.24741E-01  0.95037E+00 
   33.00  0.16992E+01 -0.15855E+00 -0.43224E-03  0.39369E-03  0.97386E+00  0.39895E-02  0.25380E-03  0.95898E+00 -0.27335E-01  0.94700E+00 
   34.00  0.16078E+01 -0.16516E+00 -0.43082E-03  0.74254E-03  0.97204E+00  0.37551E-02  0.23412E-03  0.95601E+00 -0.29001E-01  0.94353E+00 
   35.00  0.15190E+01 -0.17121E+00 -0.46245E-03  0.10989E-02  0.96996E+00  0.35009E-02  0.17701E-03  0.95310E+00 -0.29270E-01  0.94000E+00 
   36.00  0.14384E+01 -0.17726E+00 -0.53558E-03  0.13522E-02  0.96775E+00  0.34115E-02  0.96108E-04  0.95023E+00 -0.28380E-01  0.93642E+00 
   37.00  0.13701E+01 -0.18405E+00 -0.63459E-03  0.14941E-02  0.96564E+00  0.35840E-02  0.80672E-05  0.94730E+00 -0.27043E-01  0.93285E+00 
   38.00  0.13125E+01 -0.19206E+00 -0.73569E-03  0.16235E-02  0.96378E+00  0.39536E-02 -0.71064E-04  0.94420E+00 -0.25859E-01  0.92926E+00 
   39.00  0.12582E+01 -0.20133E+00 -0.82132E-03  0.18201E-02  0.96208E+00  0.43207E-02 -0.12381E-03  0.94072E+00 -0.25029E-01  0.92544E+00 
   40.00  0.12015E+01 -0.21179E+00 -0.87911E-03  0.20381E-02  0.96034E+00  0.44549E-02 -0.13203E-03  0.93666E+00 -0.24564E-01  0.92105E+00 
   41.00  0.11442E+01 -0.22338E+00 -0.89542E-03  0.21542E-02  0.95851E+00  0.42034E-02 -0.86786E-04  0.93193E+00 -0.24491E-01  0.91596E+00 
   42.00  0.10936E+01 -0.23596E+00 -0.86170E-03  0.21164E-02  0.95675E+00  0.35714E-02 -0.19692E-05  0.92674E+00 -0.24717E-01  0.91041E+00 
   43.00  0.10543E+01 -0.24899E+00 -0.79107E-03  0.20260E-02  0.95529E+00  0.27382E-02  0.85766E-04  0.92144E+00 -0.24876E-01  0.90483E+00 
   44.00  0.10227E+01 -0.26168E+00 -0.71882E-03  0.20298E-02  0.95405E+00  0.19479E-02  0.14086E-03  0.91618E+00 -0.24631E-01  0.89943E+00 
   45.00  0.99075E+00 -0.27353E+00 -0.67648E-03  0.21408E-02  0.95273E+00  0.13477E-02  0.15424E-03  0.91078E+00 -0.24157E-01  0.89394E+00 
   46.00  0.95359E+00 -0.28467E+00 -0.66732E-03  0.22070E-02  0.95104E+00  0.93543E-03  0.14355E-03  0.90493E+00 -0.24091E-01  0.88797E+00 
   47.00  0.91353E+00 -0.29572E+00 -0.66805E-03  0.20594E-02  0.94898E+00  0.63264E-03  0.13500E-03  0.89847E+00 -0.24893E-01  0.88134E+00 
   48.00  0.87602E+00 -0.30731E+00 -0.65399E-03  0.16821E-02  0.94677E+00  0.38766E-03  0.14791E-03  0.89148E+00 -0.26207E-01  0.87417E+00 
   49.00  0.84318E+00 -0.31965E+00 -0.62585E-03  0.12359E-02  0.94459E+00  0.22318E-03  0.19066E-03  0.88410E+00 -0.26994E-01  0.86662E+00 
   50.00  0.81176E+00 -0.33243E+00 -0.61184E-03  0.89701E-03  0.94234E+00  0.20213E-03  0.26419E-03  0.87627E+00 -0.26444E-01  0.85862E+00 
   51.00  0.77672E+00 -0.34513E+00 -0.64245E-03  0.69753E-03  0.93973E+00  0.35690E-03  0.36265E-03  0.86779E+00 -0.24689E-01  0.84990E+00 
   52.00  0.73616E+00 -0.35739E+00 -0.72485E-03  0.53797E-03  0.93654E+00  0.64869E-03  0.46632E-03  0.85847E+00 -0.22595E-01  0.84024E+00 
   53.00  0.69260E+00 -0.36909E+00 -0.83740E-03  0.32429E-03  0.93283E+00  0.97658E-03  0.53665E-03  0.84840E+00 -0.21021E-01  0.82973E+00 
   54.00  0.65055E+00 -0.38037E+00 -0.94444E-03  0.71548E-04  0.92887E+00  0.12262E-02  0.52847E-03  0.83786E+00 -0.20252E-01  0.81875E+00 
   55.00  0.61326E+00 -0.39155E+00 -0.10198E-02 -0.12524E-03  0.92493E+00  0.13378E-02  0.42007E-03  0.82716E+00 -0.19960E-01  0.80765E+00 
   56.00  0.58140E+00 -0.40296E+00 -0.10610E-02 -0.21592E-03  0.92115E+00  0.13508E-02  0.23678E-03  0.81639E+00 -0.19617E-01  0.79656E+00 
   57.00  0.55390E+00 -0.41493E+00 -0.10826E-02 -0.26811E-03  0.91747E+00  0.13838E-02  0.41306E-04  0.80542E+00 -0.18864E-01  0.78533E+00 
   58.00  0.52925E+00 -0.42761E+00 -0.10980E-02 -0.40219E-03  0.91374E+00  0.15611E-02 -0.10302E-03  0.79398E+00 -0.17550E-01  0.77368E+00 
   59.00  0.50625E+00 -0.44093E+00 -0.11098E-02 -0.66724E-03  0.90984E+00  0.19371E-02 -0.16487E-03  0.78184E+00 -0.15650E-01  0.76133E+00 
   60.00  0.48412E+00 -0.45462E+00 -0.11140E-02 -0.99155E-03  0.90568E+00  0.24624E-02 -0.15154E-03  0.76881E+00 -0.13306E-01  0.74807E+00 
   61.00  0.46243E+00 -0.46834E+00 -0.11132E-02 -0.12464E-02  0.90123E+00  0.30061E-02 -0.92298E-04  0.75479E+00 -0.10914E-01  0.73383E+00 
   62.00  0.44109E+00 -0.48183E+00 -0.11254E-02 -0.13472E-02  0.89648E+00  0.34182E-02 -0.17074E-04  0.73984E+00 -0.90037E-02  0.71866E+00 
   63.00  0.42045E+00 -0.49501E+00 -0.11805E-02 -0.12968E-02  0.89149E+00  0.35961E-02  0.54259E-04  0.72417E+00 -0.79322E-02  0.70275E+00 
   64.00  0.40123E+00 -0.50799E+00 -0.13030E-02 -0.11493E-02  0.88644E+00  0.35187E-02  0.11020E-03  0.70803E+00 -0.76914E-02  0.68636E+00 
   65.00  0.38432E+00 -0.52099E+00 -0.14870E-02 -0.94574E-03  0.88156E+00  0.32318E-02  0.14222E-03  0.69166E+00 -0.80525E-02  0.66972E+00 
   66.00  0.37044E+00 -0.53426E+00 -0.16794E-02 -0.68275E-03  0.87718E+00  0.28019E-02  0.14321E-03  0.67514E+00 -0.88944E-02  0.65293E+00 
   67.00  0.35971E+00 -0.54792E+00 -0.17917E-02 -0.33161E-03  0.87355E+00  0.22744E-02  0.11040E-03  0.65841E+00 -0.10319E-01  0.63599E+00 
   68.00  0.35137E+00 -0.56185E+00 -0.17427E-02  0.12434E-03  0.87062E+00  0.16712E-02  0.48764E-04  0.64131E+00 -0.12412E-01  0.61879E+00 
   69.00  0.34406E+00 -0.57575E+00 -0.15064E-02  0.66934E-03  0.86803E+00  0.10230E-02 -0.27521E-04  0.62366E+00 -0.14973E-01  0.60113E+00 
   70.00  0.33657E+00 -0.58925E+00 -0.11319E-02  0.12564E-02  0.86536E+00  0.39880E-03 -0.94928E-04  0.60532E+00 -0.17573E-01  0.58287E+00 
   71.00  0.32860E+00 -0.60215E+00 -0.72252E-03  0.18161E-02  0.86241E+00 -0.99814E-04 -0.12295E-03  0.58634E+00 -0.19890E-01  0.56404E+00 
   72.00  0.32089E+00 -0.61453E+00 -0.39000E-03  0.22717E-02  0.85941E+00 -0.38539E-03 -0.84309E-04  0.56695E+00 -0.21922E-01  0.54495E+00 
   73.00  0.31453E+00 -0.62664E+00 -0.20171E-03  0.25730E-02  0.85686E+00 -0.44741E-03  0.24725E-04  0.54748E+00 -0.23844E-01  0.52601E+00 
   74.00  0.30999E+00 -0.63872E+00 -0.14745E-03  0.27369E-02  0.85508E+00 -0.38244E-03  0.16663E-03  0.52812E+00 -0.25640E-01  0.50748E+00 
   75.00  0.30665E+00 -0.65067E+00 -0.15190E-03  0.28523E-02  0.85387E+00 -0.35215E-03  0.26933E-03  0.50871E+00 -0.26916E-01  0.48916E+00 
   76.00  0.30316E+00 -0.66217E+00 -0.12641E-03  0.30271E-02  0.85263E+00 -0.49416E-03  0.26143E-03  0.48878E+00 -0.27168E-01  0.47054E+00 
   77.00  0.29833E+00 -0.67282E+00 -0.18072E-04  0.33120E-02  0.85074E+00 -0.85603E-03  0.11293E-03  0.46784E+00 -0.26247E-01  0.45099E+00 
   78.00  0.29183E+00 -0.68244E+00  0.17527E-03  0.36563E-02  0.84792E+00 -0.13892E-02 -0.14361E-03  0.44549E+00 -0.24620E-01  0.43008E+00 
   79.00  0.28416E+00 -0.69106E+00  0.42169E-03  0.39259E-02  0.84433E+00 -0.19885E-02 -0.42239E-03  0.42164E+00 -0.23196E-01  0.40767E+00 
   80.00  0.27612E+00 -0.69881E+00  0.68477E-03  0.39739E-02  0.84033E+00 -0.25482E-02 -0.62358E-03  0.39640E+00 -0.22824E-01  0.38382E+00 
   81.00  0.26818E+00 -0.70572E+00  0.94703E-03  0.37247E-02  0.83617E+00 -0.30068E-02 -0.68638E-03  0.37009E+00 -0.23787E-01  0.35874E+00 
   82.00  0.26036E+00 -0.71160E+00  0.12143E-02  0.32122E-02  0.83180E+00 -0.33591E-02 -0.62231E-03  0.34314E+00 -0.25698E-01  0.33279E+00 
   83.00  0.25253E+00 -0.71626E+00  0.15022E-02  0.25480E-02  0.82706E+00 -0.36346E-02 -0.50367E-03  0.31609E+00 -0.27865E-01  0.30644E+00 
   84.00  0.24480E+00 -0.71976E+00  0.18189E-02  0.18516E-02  0.82197E+00 -0.38654E-02 -0.41723E-03  0.28942E+00 -0.29811E-01  0.28025E+00 
   85.00  0.23759E+00 -0.72256E+00  0.21573E-02  0.11973E-02  0.81689E+00 -0.40681E-02 -0.41636E-03  0.26349E+00 -0.31552E-01  0.25476E+00 
   86.00  0.23139E+00 -0.72532E+00  0.24989E-02  0.60631E-03  0.81241E+00 -0.42451E-02 -0.50092E-03  0.23826E+00 -0.33451E-01  0.23017E+00 
   87.00  0.22642E+00 -0.72853E+00  0.28214E-02  0.73508E-04  0.80896E+00 -0.43930E-02 -0.63469E-03  0.21329E+00 -0.35845E-01  0.20620E+00 
   88.00  0.22240E+00 -0.73206E+00  0.31005E-02 -0.39862E-03  0.80649E+00 -0.45057E-02 -0.78529E-03  0.18792E+00 -0.38748E-01  0.18223E+00 
   89.00  0.21872E+00 -0.73527E+00  0.33055E-02 -0.78793E-03  0.80450E+00 -0.45703E-02 -0.95339E-03  0.16166E+00 -0.41865E-01  0.15770E+00 
   90.00  0.21484E+00 -0.73738E+00  0.33986E-02 -0.10673E-02  0.80236E+00 -0.45650E-02 -0.11682E-02  0.13448E+00 -0.44862E-01  0.13238E+00 
   91.00  0.21054E+00 -0.73793E+00  0.33463E-02 -0.12300E-02  0.79972E+00 -0.44683E-02 -0.14551E-02  0.10682E+00 -0.47605E-01  0.10655E+00 
   92.00  0.20605E+00 -0.73706E+00  0.31437E-02 -0.13061E-02  0.79665E+00 -0.42768E-02 -0.18005E-02  0.79302E-01 -0.50198E-01  0.80748E-01 
   93.00  0.20182E+00 -0.73540E+00  0.28375E-02 -0.13567E-02  0.79356E+00 -0.40198E-02 -0.21396E-02  0.52400E-01 -0.52809E-01  0.55464E-01 
   94.00  0.19828E+00 -0.73366E+00  0.25274E-02 -0.14476E-02  0.79096E+00 -0.37564E-02 -0.23784E-02  0.26218E-01 -0.55438E-01  0.30868E-01 
   95.00  0.19558E+00 -0.73224E+00  0.23347E-02 -0.16148E-02  0.78913E+00 -0.35515E-02 -0.24410E-02  0.49110E-03 -0.57813E-01  0.67691E-02 
   96.00  0.19360E+00 -0.73105E+00  0.23509E-02 -0.18445E-02  0.78801E+00 -0.34461E-02 -0.23107E-02 -0.25179E-01 -0.59509E-01 -0.17208E-01 
   97.00  0.19206E+00 -0.72962E+00  0.25997E-02 -0.20822E-02  0.78730E+00 -0.34396E-02 -0.20373E-02 -0.51058E-01 -0.60213E-01 -0.41368E-01 
   98.00  0.19065E+00 -0.72746E+00  0.30331E-02 -0.22621E-02  0.78667E+00 -0.34966E-02 -0.17069E-02 -0.77156E-01 -0.59934E-01 -0.65808E-01 
   99.00  0.18921E+00 -0.72429E+00  0.35569E-02 -0.23406E-02  0.78595E+00 -0.35670E-02 -0.13976E-02 -0.10330E+00 -0.59023E-01 -0.90436E-01 
  100.00  0.18774E+00 -0.72013E+00  0.40680E-02 -0.23136E-02  0.78512E+00 -0.36054E-02 -0.11460E-02 -0.12931E+00 -0.58003E-01 -0.11509E+00 
  101.00  0.18630E+00 -0.71515E+00  0.44843E-02 -0.22135E-02  0.78432E+00 -0.35806E-02 -0.93935E-03 -0.15509E+00 -0.57324E-01 -0.13966E+00 
  102.00  0.18498E+00 -0.70951E+00  0.47577E-02 -0.20891E-02  0.78367E+00 -0.34737E-02 -0.73418E-03 -0.18066E+00 -0.57158E-01 -0.16407E+00 
  103.00  0.18383E+00 -0.70321E+00  0.48702E-02 -0.19791E-02  0.78321E+00 -0.32735E-02 -0.48852E-03 -0.20608E+00 -0.57362E-01 -0.18828E+00 
  104.00  0.18282E+00 -0.69611E+00  0.48229E-02 -0.18945E-02  0.78292E+00 -0.29750E-02 -0.18981E-03 -0.23134E+00 -0.57609E-01 -0.21220E+00 
  105.00  0.18188E+00 -0.68800E+00  0.46259E-02 -0.18175E-02  0.78272E+00 -0.25822E-02  0.13616E-03 -0.25632E+00 -0.57606E-01 -0.23567E+00 
  106.00  0.18095E+00 -0.67878E+00  0.42961E-02 -0.17152E-02  0.78257E+00 -0.21147E-02  0.43766E-03 -0.28083E+00 -0.57256E-01 -0.25847E+00 
  107.00  0.18001E+00 -0.66850E+00  0.38604E-02 -0.15578E-02  0.78250E+00 -0.16092E-02  0.66180E-03 -0.30468E+00 -0.56705E-01 -0.28046E+00 
  108.00  0.17910E+00 -0.65741E+00  0.33590E-02 -0.13314E-02  0.78260E+00 -0.11131E-02  0.77798E-03 -0.32777E+00 -0.56252E-01 -0.30154E+00 
  109.00  0.17829E+00 -0.64583E+00  0.28419E-02 -0.10399E-02  0.78295E+00 -0.67287E-03  0.78897E-03 -0.35011E+00 -0.56186E-01 -0.32174E+00 
  110.00  0.17766E+00 -0.63407E+00  0.23592E-02 -0.69680E-03  0.78366E+00 -0.32009E-03  0.72578E-03 -0.37180E+00 -0.56647E-01 -0.34117E+00 
  111.00  0.17729E+00 -0.62235E+00  0.19478E-02 -0.31480E-03  0.78472E+00 -0.64060E-04  0.63005E-03 -0.39295E+00 -0.57565E-01 -0.35994E+00 
  112.00  0.17720E+00 -0.61072E+00  0.16225E-02  0.10135E-03  0.78609E+00  0.10645E-03  0.53321E-03 -0.41362E+00 -0.58697E-01 -0.37819E+00 
  113.00  0.17737E+00 -0.59914E+00  0.13750E-02  0.55324E-03  0.78766E+00  0.21353E-03  0.44242E-03 -0.43383E+00 -0.59740E-01 -0.39599E+00 
  114.00  0.17774E+00 -0.58750E+00  0.11812E-02  0.10404E-02  0.78934E+00  0.27789E-03  0.33922E-03 -0.45351E+00 -0.60445E-01 -0.41339E+00 
  115.00  0.17823E+00 -0.57569E+00  0.10130E-02  0.15504E-02  0.79106E+00  0.31037E-03  0.19017E-03 -0.47264E+00 -0.60695E-01 -0.43043E+00 
  116.00  0.17876E+00 -0.56362E+00  0.84790E-03  0.20533E-02  0.79276E+00  0.31018E-03 -0.36597E-04 -0.49117E+00 -0.60513E-01 -0.44709E+00 
  117.00  0.17927E+00 -0.55125E+00  0.67423E-03  0.25045E-02  0.79445E+00  0.26922E-03 -0.35653E-03 -0.50909E+00 -0.60023E-01 -0.46336E+00 
  118.00  0.17973E+00 -0.53854E+00  0.49136E-03  0.28536E-02  0.79611E+00  0.17935E-03 -0.76133E-03 -0.52640E+00 -0.59388E-01 -0.47918E+00 
  119.00  0.18012E+00 -0.52546E+00  0.30616E-03  0.30582E-02  0.79772E+00  0.38994E-04 -0.12210E-02 -0.54311E+00 -0.58752E-01 -0.49446E+00 
  120.00  0.18044E+00 -0.51199E+00  0.12882E-03  0.30955E-02  0.79926E+00 -0.14326E-03 -0.16939E-02 -0.55921E+00 -0.58219E-01 -0.50908E+00 
  121.00  0.18067E+00 -0.49809E+00 -0.30201E-04  0.29692E-02  0.80065E+00 -0.34887E-03 -0.21394E-02 -0.57466E+00 -0.57840E-01 -0.52293E+00 
  122.00  0.18081E+00 -0.48375E+00 -0.16138E-03  0.27091E-02  0.80183E+00 -0.55276E-03 -0.25302E-02 -0.58943E+00 -0.57629E-01 -0.53592E+00 
  123.00  0.18085E+00 -0.46901E+00 -0.25591E-03  0.23652E-02  0.80278E+00 -0.72857E-03 -0.28578E-02 -0.60345E+00 -0.57574E-01 -0.54801E+00 
  124.00  0.18078E+00 -0.45394E+00 -0.30492E-03  0.19964E-02  0.80346E+00 -0.85412E-03 -0.31324E-02 -0.61671E+00 -0.57646E-01 -0.55919E+00 
  125.00  0.18061E+00 -0.43863E+00 -0.29926E-03  0.16603E-02  0.80390E+00 -0.91564E-03 -0.33768E-02 -0.62920E+00 -0.57797E-01 -0.56953E+00 
  126.00  0.18035E+00 -0.42321E+00 -0.23022E-03  0.14034E-02  0.80416E+00 -0.91027E-03 -0.36170E-02 -0.64095E+00 -0.57966E-01 -0.57913E+00 
  127.00  0.18006E+00 -0.40779E+00 -0.91096E-04  0.12558E-02  0.80431E+00 -0.84655E-03 -0.38737E-02 -0.65205E+00 -0.58077E-01 -0.58811E+00 
  128.00  0.17977E+00 -0.39245E+00  0.12122E-03  0.12281E-02  0.80443E+00 -0.74327E-03 -0.41550E-02 -0.66258E+00 -0.58054E-01 -0.59657E+00 
  129.00  0.17953E+00 -0.37725E+00  0.40501E-03  0.13127E-02  0.80460E+00 -0.62690E-03 -0.44543E-02 -0.67266E+00 -0.57830E-01 -0.60463E+00 
  130.00  0.17939E+00 -0.36218E+00  0.75327E-03  0.14869E-02  0.80488E+00 -0.52758E-03 -0.47507E-02 -0.68237E+00 -0.57364E-01 -0.61234E+00 
  131.00  0.17938E+00 -0.34724E+00  0.11538E-02  0.17185E-02  0.80529E+00 -0.47402E-03 -0.50139E-02 -0.69178E+00 -0.56650E-01 -0.61973E+00 
  132.00  0.17953E+00 -0.33239E+00  0.15895E-02  0.19730E-02  0.80587E+00 -0.48812E-03 -0.52103E-02 -0.70094E+00 -0.55714E-01 -0.62680E+00 
  133.00  0.17984E+00 -0.31762E+00  0.20395E-02  0.22200E-02  0.80662E+00 -0.58055E-03 -0.53101E-02 -0.70983E+00 -0.54610E-01 -0.63353E+00 
  134.00  0.18030E+00 -0.30293E+00  0.24796E-02  0.24377E-02  0.80751E+00 -0.74872E-03 -0.52925E-02 -0.71844E+00 -0.53404E-01 -0.63989E+00 
  135.00  0.18091E+00 -0.28834E+00  0.28851E-02  0.26148E-02  0.80854E+00 -0.97778E-03 -0.51488E-02 -0.72674E+00 -0.52155E-01 -0.64588E+00 
  136.00  0.18163E+00 -0.27391E+00  0.32325E-02  0.27483E-02  0.80968E+00 -0.12440E-02 -0.48824E-02 -0.73468E+00 -0.50910E-01 -0.65149E+00 
  137.00  0.18245E+00 -0.25967E+00  0.35025E-02  0.28404E-02  0.81091E+00 -0.15197E-02 -0.45070E-02 -0.74221E+00 -0.49695E-01 -0.65671E+00 
  138.00  0.18335E+00 -0.24568E+00  0.36815E-02  0.28946E-02  0.81222E+00 -0.17778E-02 -0.40439E-02 -0.74933E+00 -0.48515E-01 -0.66157E+00 
  139.00  0.18429E+00 -0.23200E+00  0.37626E-02  0.29135E-02  0.81356E+00 -0.19962E-02 -0.35190E-02 -0.75600E+00 -0.47358E-01 -0.66608E+00 
  140.00  0.18527E+00 -0.21864E+00  0.37462E-02  0.28973E-02  0.81493E+00 -0.21596E-02 -0.29602E-02 -0.76222E+00 -0.46207E-01 -0.67024E+00 
  141.00  0.18628E+00 -0.20564E+00  0.36386E-02  0.28441E-02  0.81629E+00 -0.22603E-02 -0.23955E-02 -0.76799E+00 -0.45042E-01 -0.67407E+00 
  142.00  0.18729E+00 -0.19300E+00  0.34511E-02  0.27515E-02  0.81764E+00 -0.22973E-02 -0.18502E-02 -0.77330E+00 -0.43850E-01 -0.67755E+00 
  143.00  0.18832E+00 -0.18074E+00  0.31979E-02  0.26177E-02  0.81895E+00 -0.22748E-02 -0.13443E-02 -0.77816E+00 -0.42633E-01 -0.68069E+00 
  144.00  0.18936E+00 -0.16882E+00  0.28938E-02  0.24419E-02  0.82021E+00 -0.21994E-02 -0.89031E-03 -0.78260E+00 -0.41411E-01 -0.68350E+00 
  145.00  0.19040E+00 -0.15725E+00  0.25526E-02  0.22238E-02  0.82142E+00 -0.20793E-02 -0.49137E-03 -0.78664E+00 -0.40215E-01 -0.68599E+00 
  146.00  0.19145E+00 -0.14599E+00  0.21867E-02  0.19629E-02  0.82257E+00 -0.19224E-02 -0.14174E-03 -0.79033E+00 -0.39085E-01 -0.68818E+00 
  147.00  0.19251E+00 -0.13504E+00  0.18071E-02  0.16586E-02  0.82366E+00 -0.17365E-02  0.17036E-03 -0.79370E+00 -0.38060E-01 -0.69008E+00 
  148.00  0.19359E+00 -0.12437E+00  0.14242E-02  0.13120E-02  0.82468E+00 -0.15293E-02  0.45793E-03 -0.79679E+00 -0.37169E-01 -0.69175E+00 
  149.00  0.19470E+00 -0.11399E+00  0.10488E-02  0.92854E-03  0.82565E+00 -0.13094E-02  0.72985E-03 -0.79966E+00 -0.36424E-01 -0.69320E+00 
  150.00  0.19586E+00 -0.10391E+00  0.69069E-03  0.51879E-03  0.82656E+00 -0.10863E-02  0.98720E-03 -0.80233E+00 -0.35818E-01 -0.69448E+00 
  151.00  0.19708E+00 -0.94183E-01  0.35798E-03  0.98269E-04  0.82742E+00 -0.86956E-03  0.12222E-02 -0.80484E+00 -0.35325E-01 -0.69559E+00 
  152.00  0.19838E+00 -0.84829E-01  0.56034E-04 -0.31490E-03  0.82824E+00 -0.66758E-03  0.14203E-02 -0.80719E+00 -0.34904E-01 -0.69657E+00 
  153.00  0.19977E+00 -0.75883E-01 -0.21222E-03 -0.70233E-03  0.82903E+00 -0.48674E-03  0.15632E-02 -0.80941E+00 -0.34505E-01 -0.69743E+00 
  154.00  0.20129E+00 -0.67362E-01 -0.44502E-03 -0.10475E-02  0.82980E+00 -0.33138E-03  0.16341E-02 -0.81149E+00 -0.34076E-01 -0.69818E+00 
  155.00  0.20292E+00 -0.59269E-01 -0.64078E-03 -0.13375E-02  0.83057E+00 -0.20424E-03  0.16210E-02 -0.81348E+00 -0.33577E-01 -0.69883E+00 
  156.00  0.20468E+00 -0.51595E-01 -0.79818E-03 -0.15647E-02  0.83132E+00 -0.10617E-03  0.15212E-02 -0.81538E+00 -0.32982E-01 -0.69940E+00 
  157.00  0.20656E+00 -0.44330E-01 -0.91722E-03 -0.17282E-02  0.83208E+00 -0.35361E-04  0.13425E-02 -0.81723E+00 -0.32284E-01 -0.69990E+00 
  158.00  0.20857E+00 -0.37466E-01 -0.10002E-02 -0.18329E-02  0.83284E+00  0.13364E-04  0.11029E-02 -0.81905E+00 -0.31490E-01 -0.70033E+00 
  159.00  0.21071E+00 -0.30998E-01 -0.10518E-02 -0.18882E-02  0.83359E+00  0.47918E-04  0.82629E-03 -0.82083E+00 -0.30616E-01 -0.70070E+00 
  160.00  0.21297E+00 -0.24930E-01 -0.10774E-02 -0.19058E-02  0.83434E+00  0.77051E-04  0.53761E-03 -0.82257E+00 -0.29673E-01 -0.70100E+00 
  161.00  0.21536E+00 -0.19272E-01 -0.10825E-02 -0.18964E-02  0.83506E+00  0.10791E-03  0.25777E-03 -0.82427E+00 -0.28663E-01 -0.70120E+00 
  162.00  0.21788E+00 -0.14043E-01 -0.10708E-02 -0.18695E-02  0.83576E+00  0.14401E-03  0.12506E-05 -0.82591E+00 -0.27572E-01 -0.70128E+00 
  163.00  0.22055E+00 -0.92604E-02 -0.10448E-02 -0.18313E-02  0.83642E+00  0.18417E-03 -0.22371E-03 -0.82747E+00 -0.26371E-01 -0.70121E+00 
  164.00  0.22337E+00 -0.49397E-02 -0.10057E-02 -0.17853E-02  0.83702E+00  0.22277E-03 -0.41310E-03 -0.82893E+00 -0.25027E-01 -0.70095E+00 
  165.00  0.22635E+00 -0.10966E-02 -0.95457E-03 -0.17318E-02  0.83756E+00  0.25145E-03 -0.56450E-03 -0.83028E+00 -0.23512E-01 -0.70049E+00 
  166.00  0.22948E+00  0.22505E-02 -0.89301E-03 -0.16686E-02  0.83801E+00  0.26230E-03 -0.67523E-03 -0.83152E+00 -0.21813E-01 -0.69981E+00 
  167.00  0.23276E+00  0.50773E-02 -0.82348E-03 -0.15920E-02  0.83838E+00  0.25116E-03 -0.74215E-03 -0.83264E+00 -0.19936E-01 -0.69887E+00 
  168.00  0.23619E+00  0.73567E-02 -0.74935E-03 -0.14975E-02  0.83865E+00  0.21963E-03 -0.76343E-03 -0.83364E+00 -0.17908E-01 -0.69766E+00 
  169.00  0.23975E+00  0.90628E-02 -0.67419E-03 -0.13804E-02  0.83880E+00  0.17444E-03 -0.74111E-03 -0.83451E+00 -0.15777E-01 -0.69617E+00 
  170.00  0.24343E+00  0.10175E-01 -0.60094E-03 -0.12385E-02  0.83883E+00  0.12480E-03 -0.68272E-03 -0.83525E+00 -0.13600E-01 -0.69437E+00 
  171.00  0.24720E+00  0.10684E-01 -0.53117E-03 -0.10741E-02  0.83873E+00  0.79223E-04 -0.60020E-03 -0.83584E+00 -0.11442E-01 -0.69226E+00 
  172.00  0.25102E+00  0.10593E-01 -0.46466E-03 -0.89632E-03  0.83848E+00  0.43307E-04 -0.50657E-03 -0.83625E+00 -0.93612E-02 -0.68981E+00 
  173.00  0.25484E+00  0.99307E-02 -0.39943E-03 -0.72039E-03  0.83810E+00  0.19094E-04 -0.41209E-03 -0.83649E+00 -0.74094E-02 -0.68704E+00 
  174.00  0.25858E+00  0.87512E-02 -0.33264E-03 -0.56466E-03  0.83761E+00  0.55935E-05 -0.32240E-03 -0.83654E+00 -0.56245E-02 -0.68400E+00 
  175.00  0.26215E+00  0.71480E-02 -0.26225E-03 -0.44475E-03  0.83704E+00 -0.51327E-07 -0.23941E-03 -0.83640E+00 -0.40344E-02 -0.68080E+00 
  176.00  0.26544E+00  0.52684E-02 -0.18901E-03 -0.36820E-03  0.83643E+00 -0.12358E-05 -0.16396E-03 -0.83612E+00 -0.26641E-02 -0.67759E+00 
  177.00  0.26828E+00  0.33299E-02 -0.11769E-03 -0.33196E-03  0.83586E+00 -0.75986E-06 -0.98096E-04 -0.83574E+00 -0.15416E-02 -0.67461E+00 
  178.00  0.27050E+00  0.16154E-02 -0.56510E-04 -0.32388E-03  0.83538E+00 -0.21064E-06 -0.45788E-04 -0.83536E+00 -0.70102E-03 -0.67214E+00 
  179.00  0.27193E+00  0.42643E-03 -0.14824E-04 -0.32799E-03  0.83507E+00 -0.15668E-07 -0.11811E-04 -0.83507E+00 -0.17789E-03 -0.67049E+00 
  180.00  0.27242E+00  0.10766E-13 -0.37343E-15 -0.33106E-03  0.83496E+00 -0.10162E-28 -0.29587E-15 -0.83496E+00 -0.44318E-14 -0.66992E+00 
 scattering matrix expansion coefficients
    w  a11         a22         a33         a23         a32         a44         a12         a34         a13         a24         a14
    0  0.1000E+01  0.0000E+00  0.0000E+00  0.0000E+00  0.0000E+00  0.8011E+00  0.0000E+00  0.0000E+00  0.0000E+00  0.0000E+00 -0.1208E-03
    1  0.2201E+01  0.0000E+00  0.0000E+00  0.0000E+00  0.0000E+00  0.2346E+01  0.0000E+00  0.0000E+00  0.0000E+00  0.0000E+00 -0.8130E-03
    2  0.3118E+01  0.2068E+00  0.3886E+01 -0.2188E-06  0.9115E-03  0.3091E+01 -0.3226E+00 -0.2293E-01  0.2464E-03 -0.2652E-03 -0.1554E-02
    3  0.3624E+01  0.3542E-01  0.4026E+01  0.6578E-07 -0.1762E-03  0.3631E+01 -0.1819E+00 -0.9792E-02 -0.9473E-03  0.4583E-03 -0.2238E-02
    4  0.4039E+01  0.2439E-01  0.4306E+01 -0.1820E-06 -0.3630E-02  0.4029E+01 -0.1436E+00 -0.2868E-01 -0.7980E-03 -0.8315E-04 -0.3027E-02
    5  0.4341E+01  0.5243E-02  0.4546E+01  0.1475E-06 -0.5074E-02  0.4351E+01 -0.1220E+00 -0.3095E-01 -0.2231E-03  0.2739E-03 -0.2129E-02
    6  0.4604E+01  0.1340E-01  0.4756E+01 -0.1616E-06 -0.5291E-02  0.4590E+01 -0.9588E-01 -0.3541E-01  0.3309E-03  0.8622E-04 -0.2299E-02
    7  0.4768E+01 -0.2595E-02  0.4910E+01 -0.8381E-07 -0.5392E-02  0.4780E+01 -0.9118E-01 -0.3107E-01 -0.2371E-03 -0.3244E-03 -0.1819E-02
    8  0.4882E+01  0.8896E-02  0.5000E+01  0.2178E-06 -0.6091E-02  0.4873E+01 -0.7520E-01 -0.3359E-01 -0.4542E-03  0.6993E-03  0.1987E-03
    9  0.4891E+01  0.2099E-02  0.5007E+01  0.6853E-07 -0.4434E-02  0.4888E+01 -0.7374E-01 -0.3664E-01  0.3969E-03 -0.1448E-03  0.1706E-02
   10  0.4825E+01  0.1397E-02  0.4932E+01  0.6577E-07 -0.2524E-02  0.4823E+01 -0.8493E-01 -0.4584E-01 -0.3068E-03 -0.1153E-03  0.1799E-02
   11  0.4708E+01 -0.3206E-02  0.4807E+01  0.2470E-06 -0.8803E-03  0.4719E+01 -0.9786E-01 -0.5122E-01  0.1670E-03  0.5890E-03  0.5033E-03
   12  0.4601E+01  0.4787E-02  0.4679E+01  0.2682E-06  0.2533E-04  0.4601E+01 -0.8772E-01 -0.6036E-01  0.9163E-05 -0.5868E-04  0.4538E-03
   13  0.4492E+01  0.2149E-02  0.4559E+01  0.1599E-06 -0.2343E-05  0.4494E+01 -0.6961E-01 -0.6478E-01 -0.5047E-03  0.7700E-04  0.3832E-03
   14  0.4386E+01  0.5229E-02  0.4441E+01  0.2655E-06 -0.1111E-03  0.4379E+01 -0.5229E-01 -0.6816E-01 -0.2497E-03 -0.3658E-04  0.5108E-03
   15  0.4257E+01  0.7399E-03  0.4310E+01  0.2558E-06 -0.1250E-03  0.4256E+01 -0.5366E-01 -0.7087E-01 -0.2001E-03  0.2136E-03  0.7053E-03
   16  0.4126E+01 -0.1855E-02  0.4174E+01  0.1518E-07  0.6329E-03  0.4131E+01 -0.5829E-01 -0.7632E-01 -0.1617E-03  0.1679E-03  0.1899E-03
   17  0.4013E+01  0.1346E-03  0.4053E+01 -0.2872E-08  0.9905E-03  0.4015E+01 -0.5463E-01 -0.7913E-01 -0.1637E-03  0.2510E-03  0.2919E-03
   18  0.3919E+01  0.1709E-02  0.3951E+01  0.3191E-07  0.1353E-02  0.3918E+01 -0.4526E-01 -0.7655E-01 -0.7080E-04  0.4061E-03  0.8533E-03
   19  0.3830E+01 -0.5505E-03  0.3860E+01 -0.6132E-07  0.1482E-02  0.3833E+01 -0.4087E-01 -0.7103E-01  0.1806E-03  0.3546E-03  0.8871E-03
   20  0.3750E+01  0.1342E-02  0.3775E+01  0.1224E-08  0.6928E-03  0.3748E+01 -0.3355E-01 -0.6702E-01 -0.8596E-04  0.6135E-04  0.9774E-03
   21  0.3667E+01  0.7433E-03  0.3690E+01 -0.1141E-06  0.9555E-04  0.3666E+01 -0.2589E-01 -0.6371E-01 -0.1622E-03  0.8038E-05  0.1418E-02
   22  0.3578E+01  0.1057E-02  0.3600E+01 -0.1351E-06  0.1022E-04  0.3577E+01 -0.1791E-01 -0.6028E-01  0.1406E-03  0.1724E-04  0.1819E-02
   23  0.3472E+01  0.1455E-02  0.3494E+01 -0.1391E-06 -0.1125E-03  0.3470E+01 -0.1248E-01 -0.5690E-01  0.3878E-04  0.3950E-05  0.2252E-02
   24  0.3343E+01  0.9967E-03  0.3365E+01 -0.1480E-06 -0.1613E-03  0.3341E+01 -0.1238E-01 -0.5362E-01 -0.2746E-03  0.9201E-05  0.2728E-02
   25  0.3191E+01 -0.7516E-03  0.3214E+01 -0.5810E-07 -0.1662E-03  0.3192E+01 -0.1918E-01 -0.5082E-01 -0.1205E-03 -0.8970E-04  0.2847E-02
   26  0.3031E+01 -0.6458E-03  0.3053E+01 -0.6609E-07  0.1439E-03  0.3032E+01 -0.2304E-01 -0.4896E-01  0.1461E-03  0.6425E-04  0.3032E-02
   27  0.2870E+01 -0.1359E-03  0.2889E+01 -0.3724E-07  0.5245E-03  0.2870E+01 -0.2224E-01 -0.4600E-01  0.6076E-04  0.1305E-04  0.2986E-02
   28  0.2707E+01  0.1995E-03  0.2725E+01 -0.1111E-07  0.6272E-03  0.2707E+01 -0.2123E-01 -0.4149E-01 -0.1792E-03 -0.1513E-03  0.2469E-02
   29  0.2541E+01 -0.3475E-03  0.2558E+01 -0.2093E-07  0.4519E-03  0.2541E+01 -0.2290E-01 -0.3683E-01 -0.2161E-03 -0.6246E-04  0.2085E-02
   30  0.2378E+01 -0.1124E-03  0.2394E+01 -0.3224E-07  0.1139E-03  0.2378E+01 -0.2347E-01 -0.3247E-01 -0.2037E-03  0.9477E-05  0.1838E-02
   31  0.2223E+01  0.5938E-03  0.2237E+01  0.3848E-08 -0.1794E-03  0.2222E+01 -0.2171E-01 -0.2973E-01 -0.2227E-03  0.3100E-04  0.1429E-02
   32  0.2078E+01  0.7363E-03  0.2090E+01 -0.2707E-07  0.7173E-04  0.2077E+01 -0.1952E-01 -0.2839E-01 -0.1416E-03 -0.1002E-03  0.7947E-03
   33  0.1945E+01  0.2227E-03  0.1956E+01 -0.2831E-07  0.6594E-03  0.1945E+01 -0.1875E-01 -0.2740E-01 -0.3714E-04 -0.2797E-03  0.1506E-03
   34  0.1829E+01  0.3310E-03  0.1838E+01 -0.1206E-07  0.1012E-02  0.1828E+01 -0.1654E-01 -0.2696E-01 -0.7499E-04 -0.2234E-03 -0.2990E-03
   35  0.1727E+01  0.6323E-03  0.1735E+01  0.2200E-07  0.1057E-02  0.1726E+01 -0.1222E-01 -0.2740E-01 -0.1237E-03 -0.1786E-04 -0.4495E-03
   36  0.1635E+01  0.8275E-03  0.1641E+01  0.3494E-07  0.9524E-03  0.1633E+01 -0.8668E-02 -0.2778E-01 -0.5166E-04  0.8667E-04 -0.5106E-03
   37  0.1544E+01  0.1354E-03  0.1550E+01  0.3498E-07  0.8371E-03  0.1542E+01 -0.9443E-02 -0.2755E-01  0.8292E-04  0.1007E-03 -0.4915E-03
   38  0.1454E+01 -0.5189E-03  0.1461E+01  0.3381E-07  0.6696E-03  0.1454E+01 -0.1177E-01 -0.2775E-01  0.7488E-04  0.1240E-03 -0.3278E-03
   39  0.1371E+01 -0.1086E-03  0.1377E+01  0.2092E-07  0.4718E-03  0.1372E+01 -0.1063E-01 -0.2827E-01 -0.7064E-04  0.5231E-04 -0.1226E-03
   40  0.1297E+01  0.6327E-03  0.1301E+01  0.2121E-07  0.3283E-03  0.1295E+01 -0.6134E-02 -0.2783E-01 -0.1637E-03 -0.8143E-05  0.6533E-05
   41  0.1224E+01  0.4157E-03  0.1228E+01  0.1664E-07  0.3683E-03  0.1223E+01 -0.2952E-02 -0.2615E-01 -0.1045E-03  0.1244E-04  0.7297E-04
   42  0.1150E+01  0.1928E-03  0.1154E+01  0.1133E-07  0.5307E-03  0.1149E+01 -0.2292E-02 -0.2386E-01 -0.3599E-04 -0.1497E-04  0.5338E-04
   43  0.1073E+01  0.3424E-03  0.1077E+01  0.3090E-08  0.7001E-03  0.1072E+01 -0.2976E-02 -0.2136E-01 -0.3731E-04 -0.4698E-04  0.2060E-04
   44  0.9947E+00 -0.2704E-04  0.9991E+00 -0.9954E-08  0.8395E-03  0.9945E+00 -0.4779E-02 -0.1943E-01 -0.4477E-04  0.1825E-04  0.4429E-04
   45  0.9180E+00 -0.7267E-03  0.9227E+00 -0.6790E-08  0.9769E-03  0.9190E+00 -0.6638E-02 -0.1850E-01 -0.4129E-05  0.9610E-04  0.5857E-04
   46  0.8460E+00 -0.4984E-03  0.8500E+00  0.5592E-08  0.1015E-02  0.8464E+00 -0.6021E-02 -0.1762E-01  0.3719E-04  0.4524E-04 -0.8501E-04
   47  0.7770E+00  0.9948E-04  0.7801E+00  0.2615E-08  0.8482E-03  0.7760E+00 -0.3930E-02 -0.1599E-01  0.6342E-04 -0.3190E-04 -0.3016E-03
   48  0.7075E+00 -0.1112E-03  0.7105E+00  0.8849E-09  0.5034E-03  0.7066E+00 -0.3743E-02 -0.1414E-01  0.6069E-04 -0.1163E-04 -0.4243E-03
   49  0.6378E+00 -0.7628E-03  0.6413E+00  0.2856E-08  0.1210E-03  0.6382E+00 -0.5671E-02 -0.1245E-01  0.4447E-05  0.5544E-04 -0.4713E-03
   50  0.5727E+00 -0.6525E-03  0.5759E+00 -0.2905E-08 -0.1213E-03  0.5732E+00 -0.6563E-02 -0.1051E-01 -0.5985E-04  0.5714E-04 -0.5659E-03
   51  0.5149E+00 -0.5843E-04  0.5172E+00 -0.4966E-08 -0.1218E-03  0.5145E+00 -0.5632E-02 -0.8486E-02 -0.5753E-04  0.1648E-04 -0.6920E-03
   52  0.4637E+00  0.2663E-04  0.4656E+00  0.1167E-08  0.5940E-04  0.4632E+00 -0.4937E-02 -0.7284E-02 -0.4667E-05 -0.2907E-05 -0.7491E-03
   53  0.4192E+00 -0.4029E-03  0.4212E+00  0.3390E-08  0.2513E-03  0.4196E+00 -0.5105E-02 -0.7084E-02  0.2256E-04  0.7759E-05 -0.7047E-03
   54  0.3829E+00 -0.4784E-03  0.3847E+00  0.1203E-08  0.3558E-03  0.3837E+00 -0.4181E-02 -0.7009E-02  0.5169E-05  0.9697E-05 -0.6391E-03
   55  0.3544E+00 -0.4694E-04  0.3556E+00 -0.1980E-09  0.3948E-03  0.3544E+00 -0.1507E-02 -0.6403E-02 -0.1212E-04 -0.4766E-05 -0.6298E-03
   56  0.3293E+00  0.2673E-03  0.3300E+00 -0.1063E-08  0.4140E-03  0.3286E+00  0.8250E-03 -0.5565E-02 -0.8211E-05 -0.1628E-04 -0.6813E-03
   57  0.3037E+00  0.7036E-04  0.3046E+00 -0.1468E-08  0.4159E-03  0.3032E+00  0.8272E-03 -0.4993E-02  0.3769E-05 -0.1925E-04 -0.7435E-03
   58  0.2780E+00 -0.2868E-03  0.2791E+00 -0.3887E-09  0.3923E-03  0.2781E+00 -0.8068E-03 -0.4668E-02  0.8172E-05 -0.2187E-04 -0.7608E-03
   59  0.2551E+00 -0.3986E-03  0.2562E+00  0.8331E-10  0.3607E-03  0.2556E+00 -0.2064E-02 -0.4265E-02  0.9381E-05 -0.2737E-04 -0.7015E-03
   60  0.2374E+00 -0.2601E-03  0.2382E+00  0.1094E-08  0.3409E-03  0.2378E+00 -0.1946E-02 -0.3690E-02  0.1049E-04 -0.2733E-04 -0.5687E-03
   61  0.2243E+00 -0.1146E-03  0.2249E+00  0.2306E-08  0.3307E-03  0.2245E+00 -0.9101E-03 -0.3078E-02  0.6348E-05 -0.1628E-04 -0.4070E-03
   62  0.2138E+00 -0.5163E-04  0.2142E+00  0.3474E-08  0.3139E-03  0.2137E+00  0.3202E-03 -0.2474E-02 -0.6230E-05 -0.6847E-06 -0.2860E-03
   63  0.2033E+00 -0.1894E-04  0.2036E+00  0.2439E-08  0.2808E-03  0.2031E+00  0.1366E-02 -0.1759E-02 -0.2304E-04  0.8522E-05 -0.2532E-03
   64  0.1910E+00  0.2636E-04  0.1914E+00  0.8747E-09  0.2367E-03  0.1907E+00  0.2031E-02 -0.8877E-03 -0.3427E-04  0.7162E-05 -0.2957E-03
   65  0.1760E+00  0.3943E-04  0.1764E+00 -0.1406E-09  0.1934E-03  0.1756E+00  0.2084E-02 -0.4017E-04 -0.3442E-04  0.6255E-06 -0.3491E-03
   66  0.1583E+00 -0.8162E-05  0.1588E+00 -0.4911E-09  0.1585E-03  0.1580E+00  0.1518E-02  0.5185E-03 -0.2533E-04 -0.2633E-05 -0.3494E-03
   67  0.1393E+00 -0.8590E-04  0.1399E+00 -0.1076E-08  0.1331E-03  0.1392E+00  0.6955E-03  0.6965E-03 -0.1264E-04  0.9418E-06 -0.2773E-03
   68  0.1207E+00 -0.1321E-03  0.1212E+00 -0.1476E-08  0.1138E-03  0.1207E+00  0.1196E-03  0.6474E-03 -0.2243E-05  0.9824E-05 -0.1614E-03
   69  0.1034E+00 -0.1259E-03  0.1040E+00 -0.1507E-08  0.9713E-04  0.1035E+00  0.2422E-04  0.6172E-03  0.3287E-05  0.1868E-04 -0.4943E-04
   70  0.8777E-01 -0.8686E-04  0.8826E-01 -0.1064E-08  0.8038E-04  0.8780E-01  0.2651E-03  0.7487E-03  0.4050E-05  0.2410E-04  0.2552E-04
   71  0.7326E-01 -0.5215E-04  0.7369E-01 -0.6240E-09  0.6345E-04  0.7325E-01  0.5053E-03  0.1009E-02  0.2112E-05  0.2450E-04  0.5587E-04
   72  0.5946E-01 -0.3622E-04  0.5985E-01 -0.2574E-09  0.4686E-04  0.5943E-01  0.5139E-03  0.1261E-02 -0.4465E-06  0.2119E-04  0.5382E-04
   73  0.4636E-01 -0.3660E-04  0.4672E-01 -0.1322E-09  0.3214E-04  0.4634E-01  0.2728E-03  0.1379E-02 -0.2301E-05  0.1603E-04  0.3727E-04
   74  0.3441E-01 -0.3882E-04  0.3473E-01  0.2432E-10  0.2038E-04  0.3441E-01 -0.7357E-04  0.1320E-02 -0.2994E-05  0.1083E-04  0.1953E-04
   75  0.2417E-01 -0.3623E-04  0.2443E-01  0.7546E-10  0.1184E-04  0.2418E-01 -0.3678E-03  0.1120E-02 -0.2849E-05  0.6630E-05  0.7027E-05
   76  0.1601E-01 -0.2727E-04  0.1621E-01  0.1245E-09  0.6353E-05  0.1603E-01 -0.5206E-03  0.8542E-03 -0.2209E-05  0.3675E-05  0.4043E-06
   77  0.1000E-01 -0.1643E-04  0.1014E-01  0.9027E-10  0.3059E-05  0.1001E-01 -0.5317E-03  0.5923E-03 -0.1523E-05  0.1861E-05 -0.1987E-05
   78  0.5891E-02 -0.7022E-05  0.5975E-02  0.5894E-10  0.1329E-05  0.5891E-02 -0.4492E-03  0.3768E-03 -0.9249E-06  0.8453E-06 -0.2205E-05
   79  0.3276E-02 -0.1071E-05  0.3324E-02  0.1747E-10  0.4759E-06  0.3270E-02 -0.3313E-03  0.2216E-03 -0.5211E-06  0.3412E-06 -0.1640E-05
   80  0.1722E-02  0.1738E-05  0.1748E-02 -0.4433E-12  0.1231E-06  0.1716E-02 -0.2191E-03  0.1212E-03 -0.2637E-06  0.1142E-06 -0.1008E-05
   81  0.8580E-03  0.2394E-05  0.8700E-03 -0.8689E-11 -0.1212E-08  0.8519E-03 -0.1321E-03  0.6202E-04 -0.1254E-06  0.2757E-07 -0.5446E-06
   82  0.4057E-03  0.2040E-05  0.4109E-03 -0.8040E-11 -0.2609E-07  0.4012E-03 -0.7341E-04  0.2979E-04 -0.5362E-07  0.3016E-09 -0.2669E-06
   83  0.1825E-03  0.1401E-05  0.1845E-03 -0.5244E-11 -0.2035E-07  0.1795E-03 -0.3794E-04  0.1349E-04 -0.2172E-07 -0.4380E-08 -0.1216E-06
   84  0.7818E-04  0.8403E-06  0.7889E-04 -0.2715E-11 -0.9690E-08  0.7650E-04 -0.1835E-04  0.5774E-05 -0.8131E-08 -0.3353E-08 -0.5207E-07
   85  0.3197E-04  0.4537E-06  0.3218E-04 -0.1147E-11 -0.2946E-08  0.3108E-04 -0.8346E-05  0.2341E-05 -0.3059E-08 -0.1639E-08 -0.2143E-07
   86  0.1249E-04  0.2251E-06  0.1254E-04 -0.4151E-12  0.2263E-09  0.1206E-04 -0.3583E-05  0.8997E-06 -0.1232E-08 -0.6391E-09 -0.8468E-08
   87  0.4663E-05  0.1035E-06  0.4664E-05 -0.1351E-12  0.9134E-09  0.4465E-05 -0.1455E-05  0.3281E-06 -0.5457E-09 -0.1850E-09 -0.3271E-08
   88  0.1663E-05  0.4445E-07  0.1658E-05 -0.4690E-13  0.8185E-09  0.1579E-05 -0.5600E-06  0.1134E-06 -0.2745E-09 -0.3357E-10 -0.1224E-08
   89  0.5652E-06  0.1785E-07  0.5611E-06 -0.2604E-13  0.4810E-09  0.5314E-06 -0.2040E-06  0.3711E-07 -0.1318E-09  0.4729E-11 -0.4446E-09
   90  0.1832E-06  0.6721E-08  0.1810E-06 -0.1455E-13  0.2453E-09  0.1705E-06 -0.7037E-07  0.1149E-07 -0.6308E-10  0.7579E-11 -0.1553E-09
   91  0.5599E-07  0.2356E-08  0.5508E-07 -0.7811E-14  0.1039E-09  0.5154E-07 -0.2280E-07  0.3351E-08 -0.2650E-10  0.4561E-11 -0.5164E-10
   92  0.1628E-07  0.7753E-09  0.1595E-07 -0.3504E-14  0.4005E-10  0.1482E-07 -0.6991E-08  0.9224E-09 -0.1043E-10  0.1939E-11 -0.1614E-10
   93  0.4366E-08  0.2331E-09  0.4254E-08 -0.1527E-14  0.1340E-10  0.3927E-08 -0.1971E-08  0.2352E-09 -0.3608E-11  0.7266E-12 -0.4731E-11
   94  0.1118E-08  0.6608E-10  0.1084E-08 -0.5680E-15  0.4060E-11  0.9934E-09 -0.5276E-09  0.5672E-10 -0.1125E-11  0.2212E-12 -0.1251E-11
   95  0.2513E-09  0.1636E-10  0.2424E-09 -0.2095E-15  0.1079E-11  0.2204E-09 -0.1239E-09  0.1215E-10 -0.3122E-12  0.6372E-13 -0.3125E-12
   96  0.5514E-10  0.3908E-11  0.5295E-10 -0.6296E-16  0.2529E-12  0.4776E-10 -0.2822E-10  0.2509E-11 -0.7465E-13  0.1483E-13 -0.6513E-13
   97  0.9425E-11  0.7253E-12  0.9005E-11 -0.1690E-16  0.5132E-13  0.8049E-11 -0.5015E-11  0.4121E-12 -0.1597E-13  0.3232E-14 -0.1299E-13
   98  0.1704E-11  0.1402E-12  0.1619E-11 -0.6755E-17  0.8298E-14  0.1438E-11 -0.9330E-12  0.6982E-13 -0.2581E-14  0.5761E-15 -0.1869E-14
   99  0.1591E-12  0.1414E-13  0.1507E-12 -0.9236E-18  0.1065E-14  0.1324E-12 -0.9035E-13  0.6470E-14 -0.3521E-15  0.8808E-16 -0.2592E-15
  100  0.3411E-13  0.3271E-14  0.3240E-13  0.4311E-18  0.4881E-16  0.2820E-13 -0.1982E-13  0.1200E-14 -0.1140E-16  0.1040E-16 -0.6198E-17
