 input file is 
mstm15_1024_6398_13_0045.inp  
 input file comments follow:
***********************************************************
  This is the default mstm input file for v.3.0.
  The run is for a 7-sphere cluster of identical spheres.   The positions
  are embedded in the input file.

  The run makes use of the new_run and multiple_run options.

  14 April 2013
***********************************************************
 number of processors:
   1
 input parameters for run number 
    1
 number of spheres, volume size parameter:
 1024  0.64488E+01
 position file:
position/n1024/a15.out                                      
 output file:
output/1024/x6398/13/0045/mt_15_1024_6398_13_0045.dat       
 length, ref. indx. scale factors:
   0.640   1.300   0.045
 chiral factors:
  0.00000E+00  0.00000E+00
 scattering matrix directions based on incident frame
 automatic scattering angle calculation
 thetamin, thetamax:
      0.0    180.0
 number scattering angles:
      181
 epsmie, epssoln, max number iterations:
  0.1000E-05  0.1000E-07 5000
 medium refractive index:
  1.0000  0.0000
 target euler rotation angles:
    0.0000    0.0000    0.0000
 far field kr, iterations/correction:
  0.1000E-07   20
 plane wave incidence
 random orientation calculations
 t matrix calculated, stored in file 
tmatrixfiles/1510246398130045                               
 t matrix convergence epsilon:
  0.1000E-06
 all spheres excited (total T matrix) 
 calculation results for run 
    1
 total ext, abs, scat efficiencies, w.r.t. xv, and asym. parm
  0.18246E+01  0.76178E+00  0.10628E+01  0.79700E+00
 scattering matrix elements (normalized w/ S11)
   theta      11           12           13           14           22           23           24           33           34           44      
    0.00  0.25504E+03  0.00000E+00  0.00000E+00  0.10290E-04  0.99998E+00 -0.27688E-05  0.00000E+00  0.99998E+00  0.00000E+00  0.99997E+00 
    1.00  0.23955E+03 -0.45434E-04  0.20307E-08  0.98304E-05  0.99998E+00 -0.47920E-05  0.12716E-07  0.99998E+00  0.60158E-04  0.99996E+00 
    2.00  0.19871E+03 -0.16819E-03  0.67354E-08  0.85133E-05  0.99998E+00 -0.11503E-04  0.53697E-07  0.99998E+00  0.25458E-03  0.99996E+00 
    3.00  0.14637E+03 -0.33583E-03  0.10754E-07  0.66583E-05  0.99997E+00 -0.25000E-04  0.13178E-06  0.99997E+00  0.62353E-03  0.99995E+00 
    4.00  0.97477E+02 -0.54391E-03  0.12942E-07  0.53812E-05  0.99996E+00 -0.48900E-04  0.26032E-06  0.99997E+00  0.12130E-02  0.99993E+00 
    5.00  0.61519E+02 -0.96944E-03  0.26677E-07  0.75660E-05  0.99995E+00 -0.85803E-04  0.44152E-06  0.99995E+00  0.19726E-02  0.99990E+00 
    6.00  0.40142E+02 -0.21668E-02  0.91712E-07  0.17255E-04  0.99992E+00 -0.12741E-03  0.61835E-06  0.99992E+00  0.25441E-02  0.99984E+00 
    7.00  0.29392E+02 -0.46355E-02  0.23099E-06  0.33388E-04  0.99989E+00 -0.14939E-03  0.66274E-06  0.99988E+00  0.24096E-02  0.99977E+00 
    8.00  0.23965E+02 -0.79515E-02  0.38444E-06  0.47385E-04  0.99986E+00 -0.13849E-03  0.51418E-06  0.99983E+00  0.16518E-02  0.99970E+00 
    9.00  0.20326E+02 -0.11448E-01  0.47175E-06  0.53065E-04  0.99984E+00 -0.10483E-03  0.22772E-06  0.99976E+00  0.79634E-03  0.99961E+00 
   10.00  0.17309E+02 -0.15083E-01  0.44778E-06  0.49292E-04  0.99981E+00 -0.60321E-04 -0.10732E-06  0.99969E+00  0.10344E-03  0.99951E+00 
   11.00  0.14960E+02 -0.19171E-01  0.26973E-06  0.37655E-04  0.99978E+00 -0.15389E-04 -0.36181E-06  0.99960E+00 -0.47421E-03  0.99939E+00 
   12.00  0.13288E+02 -0.23852E-01 -0.12292E-06  0.23166E-04  0.99975E+00  0.17211E-04 -0.43631E-06  0.99947E+00 -0.10990E-02  0.99924E+00 
   13.00  0.11926E+02 -0.28916E-01 -0.77999E-06  0.11644E-04  0.99971E+00  0.30902E-04 -0.43451E-06  0.99931E+00 -0.18823E-02  0.99905E+00 
   14.00  0.10497E+02 -0.34087E-01 -0.16768E-05  0.50443E-05  0.99967E+00  0.30610E-04 -0.65674E-06  0.99911E+00 -0.28076E-02  0.99881E+00 
   15.00  0.89807E+01 -0.39241E-01 -0.26125E-05  0.11084E-05  0.99961E+00  0.26820E-04 -0.13880E-05  0.99886E+00 -0.37220E-02  0.99851E+00 
   16.00  0.76419E+01 -0.44414E-01 -0.31391E-05 -0.43457E-05  0.99955E+00  0.28936E-04 -0.25720E-05  0.99857E+00 -0.43344E-02  0.99817E+00 
   17.00  0.67019E+01 -0.49751E-01 -0.28206E-05 -0.14051E-04  0.99949E+00  0.39088E-04 -0.35578E-05  0.99825E+00 -0.43759E-02  0.99780E+00 
   18.00  0.61192E+01 -0.55367E-01 -0.17707E-05 -0.26004E-04  0.99946E+00  0.49022E-04 -0.36094E-05  0.99790E+00 -0.39237E-02  0.99743E+00 
   19.00  0.56632E+01 -0.61195E-01 -0.50024E-06 -0.35422E-04  0.99942E+00  0.48276E-04 -0.28719E-05  0.99753E+00 -0.33537E-02  0.99704E+00 
   20.00  0.51336E+01 -0.67046E-01  0.86564E-06 -0.39331E-04  0.99936E+00  0.33164E-04 -0.23807E-05  0.99712E+00 -0.29523E-02  0.99659E+00 
   21.00  0.44971E+01 -0.72809E-01  0.28600E-05 -0.37329E-04  0.99928E+00  0.67818E-05 -0.34131E-05  0.99665E+00 -0.28098E-02  0.99605E+00 
   22.00  0.38542E+01 -0.78638E-01  0.62413E-05 -0.30191E-04  0.99916E+00 -0.22914E-04 -0.68363E-05  0.99609E+00 -0.29620E-02  0.99541E+00 
   23.00  0.33199E+01 -0.85030E-01  0.11040E-04 -0.18935E-04  0.99902E+00 -0.44806E-04 -0.12256E-04  0.99542E+00 -0.34853E-02  0.99465E+00 
   24.00  0.29410E+01 -0.92544E-01  0.15785E-04 -0.45467E-05  0.99889E+00 -0.50345E-04 -0.17639E-04  0.99461E+00 -0.44196E-02  0.99373E+00 
   25.00  0.26920E+01 -0.10128E+00  0.18318E-04  0.11639E-04  0.99878E+00 -0.40033E-04 -0.20635E-04  0.99363E+00 -0.56084E-02  0.99268E+00 
   26.00  0.25169E+01 -0.11081E+00  0.17700E-04  0.27390E-04  0.99869E+00 -0.22062E-04 -0.20390E-04  0.99251E+00 -0.67035E-02  0.99149E+00 
   27.00  0.23649E+01 -0.12062E+00  0.14874E-04  0.40208E-04  0.99859E+00 -0.65124E-05 -0.17647E-04  0.99127E+00 -0.73637E-02  0.99018E+00 
   28.00  0.22066E+01 -0.13040E+00  0.11790E-04  0.49029E-04  0.99847E+00 -0.34085E-05 -0.13675E-04  0.98991E+00 -0.74259E-02  0.98874E+00 
   29.00  0.20352E+01 -0.14000E+00  0.10342E-04  0.55102E-04  0.99833E+00 -0.22727E-04 -0.95984E-05  0.98844E+00 -0.69333E-02  0.98720E+00 
   30.00  0.18635E+01 -0.14935E+00  0.11827E-04  0.60825E-04  0.99816E+00 -0.69832E-04 -0.64724E-05  0.98689E+00 -0.60737E-02  0.98556E+00 
   31.00  0.17141E+01 -0.15848E+00  0.16587E-04  0.67394E-04  0.99799E+00 -0.13510E-03 -0.55137E-05  0.98528E+00 -0.51166E-02  0.98387E+00 
   32.00  0.16042E+01 -0.16776E+00  0.23520E-04  0.73818E-04  0.99787E+00 -0.18844E-03 -0.77771E-05  0.98358E+00 -0.43435E-02  0.98212E+00 
   33.00  0.15339E+01 -0.17775E+00  0.30112E-04  0.79061E-04  0.99780E+00 -0.19560E-03 -0.13298E-04  0.98171E+00 -0.39152E-02  0.98023E+00 
   34.00  0.14854E+01 -0.18877E+00  0.33798E-04  0.84682E-04  0.99777E+00 -0.14872E-03 -0.20796E-04  0.97959E+00 -0.37566E-02  0.97812E+00 
   35.00  0.14342E+01 -0.20060E+00  0.33715E-04  0.93579E-04  0.99773E+00 -0.76721E-04 -0.28411E-04  0.97718E+00 -0.36173E-02  0.97572E+00 
   36.00  0.13637E+01 -0.21277E+00  0.31270E-04  0.10552E-03  0.99764E+00 -0.26722E-04 -0.34433E-04  0.97454E+00 -0.32753E-02  0.97304E+00 
   37.00  0.12719E+01 -0.22490E+00  0.29371E-04  0.11366E-03  0.99747E+00 -0.36578E-04 -0.37336E-04  0.97166E+00 -0.27204E-02  0.97008E+00 
   38.00  0.11696E+01 -0.23710E+00  0.30640E-04  0.10533E-03  0.99722E+00 -0.11181E-03 -0.35629E-04  0.96851E+00 -0.22075E-02  0.96679E+00 
   39.00  0.10717E+01 -0.24982E+00  0.35027E-04  0.68880E-04  0.99691E+00 -0.21487E-03 -0.28264E-04  0.96497E+00 -0.21069E-02  0.96308E+00 
   40.00  0.98872E+00 -0.26350E+00  0.38546E-04  0.46676E-05  0.99660E+00 -0.28183E-03 -0.15669E-04  0.96097E+00 -0.25756E-02  0.95891E+00 
   41.00  0.92344E+00 -0.27807E+00  0.35566E-04 -0.69936E-04  0.99632E+00 -0.26810E-03 -0.37151E-06  0.95656E+00 -0.33350E-02  0.95436E+00 
   42.00  0.87250E+00 -0.29305E+00  0.23801E-04 -0.13050E-03  0.99610E+00 -0.18559E-03  0.13966E-04  0.95185E+00 -0.38717E-02  0.94957E+00 
   43.00  0.83089E+00 -0.30798E+00  0.71823E-05 -0.16340E-03  0.99593E+00 -0.91547E-04  0.24588E-04  0.94693E+00 -0.39026E-02  0.94460E+00 
   44.00  0.79583E+00 -0.32282E+00 -0.64607E-05 -0.17511E-03  0.99578E+00 -0.41576E-04  0.31007E-04  0.94175E+00 -0.35920E-02  0.93940E+00 
   45.00  0.76719E+00 -0.33783E+00 -0.10938E-04 -0.18549E-03  0.99565E+00 -0.50827E-04  0.34711E-04  0.93622E+00 -0.33097E-02  0.93387E+00 
   46.00  0.74495E+00 -0.35317E+00 -0.60921E-05 -0.21068E-03  0.99555E+00 -0.91935E-04  0.37585E-04  0.93029E+00 -0.31980E-02  0.92796E+00 
   47.00  0.72638E+00 -0.36874E+00  0.27700E-05 -0.24905E-03  0.99544E+00 -0.12708E-03  0.40256E-04  0.92404E+00 -0.29945E-02  0.92173E+00 
   48.00  0.70592E+00 -0.38427E+00  0.10160E-04 -0.28245E-03  0.99532E+00 -0.14329E-03  0.41756E-04  0.91754E+00 -0.22879E-02  0.91523E+00 
   49.00  0.67820E+00 -0.39968E+00  0.15307E-04 -0.29038E-03  0.99513E+00 -0.15893E-03  0.40699E-04  0.91075E+00 -0.90664E-03  0.90841E+00 
   50.00  0.64170E+00 -0.41518E+00  0.22480E-04 -0.26388E-03  0.99486E+00 -0.20160E-03  0.36784E-04  0.90352E+00  0.93616E-03  0.90110E+00 
   51.00  0.59980E+00 -0.43110E+00  0.36999E-04 -0.21058E-03  0.99450E+00 -0.27922E-03  0.31437E-04  0.89562E+00  0.27905E-02  0.89311E+00 
   52.00  0.55843E+00 -0.44771E+00  0.59564E-04 -0.14996E-03  0.99410E+00 -0.36400E-03  0.27012E-04  0.88694E+00  0.42634E-02  0.88431E+00 
   53.00  0.52229E+00 -0.46499E+00  0.82955E-04 -0.99917E-04  0.99368E+00 -0.40379E-03  0.24700E-04  0.87748E+00  0.52693E-02  0.87474E+00 
   54.00  0.49261E+00 -0.48268E+00  0.95431E-04 -0.62838E-04  0.99328E+00 -0.36055E-03  0.22781E-04  0.86736E+00  0.60280E-02  0.86452E+00 
   55.00  0.46771E+00 -0.50054E+00  0.89630E-04 -0.25101E-04  0.99290E+00 -0.24474E-03  0.17496E-04  0.85665E+00  0.67804E-02  0.85371E+00 
   56.00  0.44529E+00 -0.51846E+00  0.68975E-04  0.27398E-04  0.99251E+00 -0.11220E-03  0.63863E-05  0.84535E+00  0.75068E-02  0.84228E+00 
   57.00  0.42423E+00 -0.53652E+00  0.46070E-04  0.92394E-04  0.99212E+00 -0.28129E-04 -0.87554E-05  0.83334E+00  0.79171E-02  0.83015E+00 
   58.00  0.40473E+00 -0.55485E+00  0.34614E-04  0.14789E-03  0.99174E+00 -0.27022E-04 -0.21857E-04  0.82056E+00  0.76825E-02  0.81726E+00 
   59.00  0.38732E+00 -0.57348E+00  0.40127E-04  0.16540E-03  0.99139E+00 -0.92576E-04 -0.25967E-04  0.80698E+00  0.66918E-02  0.80362E+00 
   60.00  0.37189E+00 -0.59237E+00  0.55787E-04  0.13015E-03  0.99108E+00 -0.16995E-03 -0.18026E-04  0.79264E+00  0.51433E-02  0.78926E+00 
   61.00  0.35778E+00 -0.61142E+00  0.67012E-04  0.52077E-04  0.99078E+00 -0.20236E-03 -0.13222E-05  0.77754E+00  0.34341E-02  0.77415E+00 
   62.00  0.34434E+00 -0.63057E+00  0.61437E-04 -0.40196E-04  0.99047E+00 -0.16475E-03  0.16221E-04  0.76162E+00  0.19821E-02  0.75822E+00 
   63.00  0.33152E+00 -0.64978E+00  0.36843E-04 -0.11510E-03  0.99012E+00 -0.72715E-04  0.26145E-04  0.74484E+00  0.11069E-02  0.74140E+00 
   64.00  0.31971E+00 -0.66898E+00  0.21070E-05 -0.15149E-03  0.98975E+00  0.33503E-04  0.22949E-04  0.72716E+00  0.97131E-03  0.72368E+00 
   65.00  0.30928E+00 -0.68811E+00 -0.28890E-04 -0.14329E-03  0.98936E+00  0.11620E-03  0.51923E-05  0.70856E+00  0.15368E-02  0.70504E+00 
   66.00  0.30013E+00 -0.70710E+00 -0.46104E-04 -0.95572E-04  0.98898E+00  0.16053E-03 -0.25793E-04  0.68903E+00  0.25573E-02  0.68549E+00 
   67.00  0.29167E+00 -0.72587E+00 -0.48499E-04 -0.17561E-04  0.98860E+00  0.17600E-03 -0.67918E-04  0.66857E+00  0.36664E-02  0.66503E+00 
   68.00  0.28323E+00 -0.74435E+00 -0.42249E-04  0.81158E-04  0.98823E+00  0.18174E-03 -0.11901E-03  0.64719E+00  0.45373E-02  0.64369E+00 
   69.00  0.27434E+00 -0.76244E+00 -0.34640E-04  0.18938E-03  0.98785E+00  0.19005E-03 -0.17556E-03  0.62496E+00  0.50186E-02  0.62151E+00 
   70.00  0.26496E+00 -0.78006E+00 -0.29031E-04  0.29180E-03  0.98745E+00  0.20026E-03 -0.23102E-03  0.60197E+00  0.51619E-02  0.59858E+00 
   71.00  0.25531E+00 -0.79713E+00 -0.24208E-04  0.37025E-03  0.98702E+00  0.20437E-03 -0.27557E-03  0.57829E+00  0.51341E-02  0.57495E+00 
   72.00  0.24573E+00 -0.81361E+00 -0.17726E-04  0.40968E-03  0.98655E+00  0.19762E-03 -0.29860E-03  0.55391E+00  0.50818E-02  0.55061E+00 
   73.00  0.23657E+00 -0.82949E+00 -0.10062E-04  0.40539E-03  0.98607E+00  0.18499E-03 -0.29284E-03  0.52876E+00  0.50445E-02  0.52547E+00 
   74.00  0.22803E+00 -0.84477E+00 -0.59918E-05  0.36565E-03  0.98560E+00  0.17868E-03 -0.25785E-03  0.50277E+00  0.49696E-02  0.49951E+00 
   75.00  0.22025E+00 -0.85943E+00 -0.11855E-04  0.30728E-03  0.98517E+00  0.18880E-03 -0.20079E-03  0.47595E+00  0.47990E-02  0.47275E+00 
   76.00  0.21321E+00 -0.87343E+00 -0.30791E-04  0.24665E-03  0.98480E+00  0.21484E-03 -0.13358E-03  0.44839E+00  0.45416E-02  0.44527E+00 
   77.00  0.20687E+00 -0.88677E+00 -0.59767E-04  0.19219E-03  0.98448E+00  0.24473E-03 -0.68238E-04  0.42017E+00  0.42662E-02  0.41717E+00 
   78.00  0.20119E+00 -0.89943E+00 -0.90853E-04  0.14303E-03  0.98419E+00  0.26213E-03 -0.12811E-04  0.39134E+00  0.40328E-02  0.38846E+00 
   79.00  0.19625E+00 -0.91138E+00 -0.11593E-03  0.93581E-04  0.98390E+00  0.25678E-03  0.29907E-04  0.36183E+00  0.38377E-02  0.35908E+00 
   80.00  0.19218E+00 -0.92259E+00 -0.13150E-03  0.40100E-04  0.98361E+00  0.23086E-03  0.60867E-04  0.33159E+00  0.36303E-02  0.32894E+00 
   81.00  0.18911E+00 -0.93297E+00 -0.14040E-03 -0.15660E-04  0.98334E+00  0.19732E-03  0.82002E-04  0.30060E+00  0.33915E-02  0.29805E+00 
   82.00  0.18697E+00 -0.94241E+00 -0.14913E-03 -0.67709E-04  0.98310E+00  0.17175E-03  0.94235E-04  0.26898E+00  0.31991E-02  0.26656E+00 
   83.00  0.18543E+00 -0.95079E+00 -0.16292E-03 -0.11030E-03  0.98291E+00  0.16315E-03  0.97386E-04  0.23695E+00  0.32138E-02  0.23469E+00 
   84.00  0.18390E+00 -0.95806E+00 -0.18209E-03 -0.14177E-03  0.98275E+00  0.16983E-03  0.91587E-04  0.20470E+00  0.35882E-02  0.20266E+00 
   85.00  0.18179E+00 -0.96415E+00 -0.20175E-03 -0.16499E-03  0.98257E+00  0.18196E-03  0.78774E-04  0.17234E+00  0.43673E-02  0.17054E+00 
   86.00  0.17865E+00 -0.96905E+00 -0.21440E-03 -0.18489E-03  0.98233E+00  0.18752E-03  0.63062E-04  0.13988E+00  0.54491E-02  0.13829E+00 
   87.00  0.17435E+00 -0.97276E+00 -0.21316E-03 -0.20527E-03  0.98201E+00  0.17768E-03  0.49739E-04  0.10722E+00  0.66202E-02  0.10582E+00 
   88.00  0.16908E+00 -0.97526E+00 -0.19395E-03 -0.22681E-03  0.98159E+00  0.14936E-03  0.43341E-04  0.74292E-01  0.76397E-02  0.73037E-01 
   89.00  0.16327E+00 -0.97653E+00 -0.15621E-03 -0.24688E-03  0.98108E+00  0.10513E-03  0.45639E-04  0.41061E-01  0.83311E-02  0.39921E-01 
   90.00  0.15739E+00 -0.97658E+00 -0.10260E-03 -0.26118E-03  0.98054E+00  0.51421E-04  0.54557E-04  0.75627E-02  0.86456E-02  0.65401E-02 
   91.00  0.15183E+00 -0.97546E+00 -0.38294E-04 -0.26599E-03  0.97999E+00 -0.39182E-05  0.64902E-04 -0.26126E-01  0.86678E-02 -0.26997E-01 
   92.00  0.14683E+00 -0.97318E+00  0.29580E-04 -0.26014E-03  0.97949E+00 -0.53523E-04  0.70951E-04 -0.59924E-01  0.85610E-02 -0.60588E-01 
   93.00  0.14251E+00 -0.96982E+00  0.92147E-04 -0.24575E-03  0.97904E+00 -0.91395E-04  0.69633E-04 -0.93773E-01  0.84828E-02 -0.94175E-01 
   94.00  0.13891E+00 -0.96539E+00  0.13927E-03 -0.22758E-03  0.97866E+00 -0.11291E-03  0.62389E-04 -0.12763E+00  0.85168E-02 -0.12773E+00 
   95.00  0.13603E+00 -0.95992E+00  0.16096E-03 -0.21144E-03  0.97835E+00 -0.11474E-03  0.54428E-04 -0.16142E+00  0.86513E-02 -0.16121E+00 
   96.00  0.13387E+00 -0.95341E+00  0.14999E-03 -0.20211E-03  0.97811E+00 -0.95307E-04  0.51608E-04 -0.19502E+00  0.88066E-02 -0.19452E+00 
   97.00  0.13240E+00 -0.94589E+00  0.10472E-03 -0.20129E-03  0.97795E+00 -0.55692E-04  0.56652E-04 -0.22824E+00  0.88820E-02 -0.22747E+00 
   98.00  0.13153E+00 -0.93739E+00  0.30696E-04 -0.20631E-03  0.97786E+00 -0.28892E-06  0.66815E-04 -0.26088E+00  0.87981E-02 -0.25988E+00 
   99.00  0.13117E+00 -0.92797E+00 -0.60228E-04 -0.21035E-03  0.97784E+00  0.63569E-04  0.74374E-04 -0.29280E+00  0.85171E-02 -0.29158E+00 
  100.00  0.13117E+00 -0.91767E+00 -0.15316E-03 -0.20437E-03  0.97789E+00  0.12708E-03  0.69675E-04 -0.32394E+00  0.80444E-02 -0.32251E+00 
  101.00  0.13141E+00 -0.90652E+00 -0.23444E-03 -0.18055E-03  0.97799E+00  0.18207E-03  0.45214E-04 -0.35432E+00  0.74215E-02 -0.35268E+00 
  102.00  0.13175E+00 -0.89453E+00 -0.29518E-03 -0.13578E-03  0.97813E+00  0.22288E-03 -0.11071E-05 -0.38402E+00  0.67180E-02 -0.38216E+00 
  103.00  0.13209E+00 -0.88173E+00 -0.33295E-03 -0.73758E-04  0.97829E+00  0.24756E-03 -0.64740E-04 -0.41310E+00  0.60231E-02 -0.41100E+00 
  104.00  0.13233E+00 -0.86811E+00 -0.35128E-03 -0.47637E-05  0.97845E+00  0.25807E-03 -0.13547E-03 -0.44157E+00  0.54318E-02 -0.43921E+00 
  105.00  0.13240E+00 -0.85373E+00 -0.35763E-03  0.57151E-04  0.97858E+00  0.25943E-03 -0.20002E-03 -0.46935E+00  0.50235E-02 -0.46672E+00 
  106.00  0.13226E+00 -0.83865E+00 -0.36053E-03  0.98456E-04  0.97869E+00  0.25825E-03 -0.24533E-03 -0.49635E+00  0.48393E-02 -0.49342E+00 
  107.00  0.13189E+00 -0.82293E+00 -0.36705E-03  0.11047E-03  0.97875E+00  0.26078E-03 -0.26155E-03 -0.52246E+00  0.48649E-02 -0.51920E+00 
  108.00  0.13132E+00 -0.80666E+00 -0.38101E-03  0.92199E-04  0.97879E+00  0.27122E-03 -0.24403E-03 -0.54760E+00  0.50309E-02 -0.54398E+00 
  109.00  0.13066E+00 -0.78993E+00 -0.40237E-03  0.50819E-04  0.97881E+00  0.29046E-03 -0.19436E-03 -0.57176E+00  0.52316E-02 -0.56776E+00 
  110.00  0.13004E+00 -0.77279E+00 -0.42776E-03 -0.39754E-06  0.97885E+00  0.31576E-03 -0.12002E-03 -0.59494E+00  0.53602E-02 -0.59058E+00 
  111.00  0.12960E+00 -0.75531E+00 -0.45185E-03 -0.46082E-04  0.97893E+00  0.34157E-03 -0.33029E-04 -0.61723E+00  0.53482E-02 -0.61251E+00 
  112.00  0.12947E+00 -0.73755E+00 -0.46938E-03 -0.73498E-04  0.97907E+00  0.36116E-03  0.52549E-04 -0.63866E+00  0.51932E-02 -0.63362E+00 
  113.00  0.12971E+00 -0.71956E+00 -0.47700E-03 -0.76381E-04  0.97929E+00  0.36880E-03  0.12370E-03 -0.65928E+00  0.49625E-02 -0.65398E+00 
  114.00  0.13033E+00 -0.70138E+00 -0.47434E-03 -0.56438E-04  0.97958E+00  0.36164E-03  0.17133E-03 -0.67911E+00  0.47676E-02 -0.67358E+00 
  115.00  0.13123E+00 -0.68305E+00 -0.46392E-03 -0.22013E-04  0.97991E+00  0.34043E-03  0.19194E-03 -0.69813E+00  0.47213E-02 -0.69242E+00 
  116.00  0.13226E+00 -0.66459E+00 -0.45001E-03  0.15347E-04  0.98025E+00  0.30904E-03  0.18762E-03 -0.71631E+00  0.48960E-02 -0.71045E+00 
  117.00  0.13327E+00 -0.64602E+00 -0.43693E-03  0.44874E-04  0.98057E+00  0.27295E-03  0.16453E-03 -0.73365E+00  0.52984E-02 -0.72764E+00 
  118.00  0.13408E+00 -0.62735E+00 -0.42773E-03  0.59691E-04  0.98083E+00  0.23762E-03  0.13057E-03 -0.75014E+00  0.58704E-02 -0.74396E+00 
  119.00  0.13460E+00 -0.60859E+00 -0.42340E-03  0.58270E-04  0.98102E+00  0.20713E-03  0.93108E-04 -0.76578E+00  0.65080E-02 -0.75942E+00 
  120.00  0.13475E+00 -0.58975E+00 -0.42293E-03  0.44212E-04  0.98113E+00  0.18369E-03  0.57264E-04 -0.78061E+00  0.70909E-02 -0.77403E+00 
  121.00  0.13455E+00 -0.57087E+00 -0.42398E-03  0.24742E-04  0.98116E+00  0.16758E-03  0.25168E-04 -0.79464E+00  0.75120E-02 -0.78781E+00 
  122.00  0.13403E+00 -0.55200E+00 -0.42374E-03  0.84906E-05  0.98113E+00  0.15770E-03 -0.39254E-05 -0.80789E+00  0.76997E-02 -0.80079E+00 
  123.00  0.13328E+00 -0.53319E+00 -0.41982E-03  0.31607E-05  0.98105E+00  0.15215E-03 -0.32745E-04 -0.82040E+00  0.76292E-02 -0.81300E+00 
  124.00  0.13239E+00 -0.51452E+00 -0.41080E-03  0.13646E-04  0.98095E+00  0.14887E-03 -0.64687E-04 -0.83219E+00  0.73215E-02 -0.82449E+00 
  125.00  0.13146E+00 -0.49605E+00 -0.39630E-03  0.41015E-04  0.98085E+00  0.14609E-03 -0.10247E-03 -0.84329E+00  0.68335E-02 -0.83527E+00 
  126.00  0.13056E+00 -0.47782E+00 -0.37678E-03  0.82530E-04  0.98077E+00  0.14255E-03 -0.14714E-03 -0.85372E+00  0.62405E-02 -0.84540E+00 
  127.00  0.12976E+00 -0.45987E+00 -0.35302E-03  0.13257E-03  0.98071E+00  0.13767E-03 -0.19772E-03 -0.86351E+00  0.56189E-02 -0.85489E+00 
  128.00  0.12910E+00 -0.44222E+00 -0.32578E-03  0.18412E-03  0.98068E+00  0.13138E-03 -0.25146E-03 -0.87270E+00  0.50317E-02 -0.86380E+00 
  129.00  0.12862E+00 -0.42488E+00 -0.29577E-03  0.23031E-03  0.98068E+00  0.12405E-03 -0.30458E-03 -0.88133E+00  0.45206E-02 -0.87215E+00 
  130.00  0.12835E+00 -0.40785E+00 -0.26388E-03  0.26570E-03  0.98071E+00  0.11629E-03 -0.35311E-03 -0.88943E+00  0.41042E-02 -0.87999E+00 
  131.00  0.12829E+00 -0.39112E+00 -0.23150E-03  0.28705E-03  0.98077E+00  0.10890E-03 -0.39369E-03 -0.89703E+00  0.37804E-02 -0.88733E+00 
  132.00  0.12845E+00 -0.37469E+00 -0.20083E-03  0.29350E-03  0.98085E+00  0.10273E-03 -0.42411E-03 -0.90416E+00  0.35327E-02 -0.89421E+00 
  133.00  0.12882E+00 -0.35856E+00 -0.17469E-03  0.28638E-03  0.98095E+00  0.98676E-04 -0.44352E-03 -0.91084E+00  0.33364E-02 -0.90065E+00 
  134.00  0.12940E+00 -0.34273E+00 -0.15610E-03  0.26857E-03  0.98106E+00  0.97504E-04 -0.45240E-03 -0.91710E+00  0.31641E-02 -0.90668E+00 
  135.00  0.13015E+00 -0.32723E+00 -0.14749E-03  0.24389E-03  0.98118E+00  0.99734E-04 -0.45236E-03 -0.92294E+00  0.29909E-02 -0.91231E+00 
  136.00  0.13105E+00 -0.31206E+00 -0.15004E-03  0.21628E-03  0.98132E+00  0.10546E-03 -0.44582E-03 -0.92839E+00  0.27968E-02 -0.91755E+00 
  137.00  0.13205E+00 -0.29724E+00 -0.16317E-03  0.18924E-03  0.98146E+00  0.11422E-03 -0.43558E-03 -0.93347E+00  0.25691E-02 -0.92244E+00 
  138.00  0.13311E+00 -0.28278E+00 -0.18449E-03  0.16524E-03  0.98162E+00  0.12507E-03 -0.42444E-03 -0.93818E+00  0.23017E-02 -0.92697E+00 
  139.00  0.13419E+00 -0.26868E+00 -0.21016E-03  0.14550E-03  0.98178E+00  0.13662E-03 -0.41483E-03 -0.94254E+00  0.19953E-02 -0.93117E+00 
  140.00  0.13524E+00 -0.25496E+00 -0.23555E-03  0.12999E-03  0.98194E+00  0.14734E-03 -0.40855E-03 -0.94657E+00  0.16555E-02 -0.93505E+00 
  141.00  0.13625E+00 -0.24162E+00 -0.25609E-03  0.11770E-03  0.98210E+00  0.15578E-03 -0.40661E-03 -0.95029E+00  0.12916E-02 -0.93862E+00 
  142.00  0.13717E+00 -0.22865E+00 -0.26807E-03  0.10708E-03  0.98226E+00  0.16081E-03 -0.40920E-03 -0.95370E+00  0.91503E-03 -0.94189E+00 
  143.00  0.13799E+00 -0.21606E+00 -0.26924E-03  0.96574E-04  0.98241E+00  0.16181E-03 -0.41573E-03 -0.95683E+00  0.53751E-03 -0.94488E+00 
  144.00  0.13871E+00 -0.20384E+00 -0.25907E-03  0.84957E-04  0.98255E+00  0.15869E-03 -0.42485E-03 -0.95969E+00  0.17007E-03 -0.94759E+00 
  145.00  0.13931E+00 -0.19199E+00 -0.23858E-03  0.71506E-04  0.98267E+00  0.15190E-03 -0.43452E-03 -0.96230E+00 -0.17818E-03 -0.95005E+00 
  146.00  0.13982E+00 -0.18049E+00 -0.21000E-03  0.55954E-04  0.98277E+00  0.14223E-03 -0.44224E-03 -0.96467E+00 -0.50053E-03 -0.95226E+00 
  147.00  0.14024E+00 -0.16936E+00 -0.17613E-03  0.38351E-04  0.98286E+00  0.13063E-03 -0.44526E-03 -0.96683E+00 -0.79275E-03 -0.95425E+00 
  148.00  0.14059E+00 -0.15858E+00 -0.13988E-03  0.18951E-04  0.98293E+00  0.11802E-03 -0.44111E-03 -0.96877E+00 -0.10527E-02 -0.95601E+00 
  149.00  0.14090E+00 -0.14817E+00 -0.10382E-03 -0.18263E-05  0.98298E+00  0.10512E-03 -0.42805E-03 -0.97053E+00 -0.12798E-02 -0.95758E+00 
  150.00  0.14117E+00 -0.13813E+00 -0.69986E-04 -0.23380E-04  0.98302E+00  0.92396E-04 -0.40544E-03 -0.97209E+00 -0.14745E-02 -0.95895E+00 
  151.00  0.14144E+00 -0.12847E+00 -0.39854E-04 -0.44966E-04  0.98305E+00  0.80030E-04 -0.37393E-03 -0.97349E+00 -0.16377E-02 -0.96015E+00 
  152.00  0.14172E+00 -0.11920E+00 -0.14400E-04 -0.65826E-04  0.98306E+00  0.67980E-04 -0.33522E-03 -0.97473E+00 -0.17710E-02 -0.96118E+00 
  153.00  0.14203E+00 -0.11033E+00  0.57326E-05 -0.85388E-04  0.98306E+00  0.56082E-04 -0.29168E-03 -0.97582E+00 -0.18762E-02 -0.96206E+00 
  154.00  0.14237E+00 -0.10185E+00  0.20043E-04 -0.10343E-03  0.98306E+00  0.44179E-04 -0.24584E-03 -0.97678E+00 -0.19561E-02 -0.96280E+00 
  155.00  0.14276E+00 -0.93773E-01  0.28046E-04 -0.12009E-03  0.98304E+00  0.32261E-04 -0.20003E-03 -0.97761E+00 -0.20132E-02 -0.96343E+00 
  156.00  0.14320E+00 -0.86088E-01  0.29245E-04 -0.13575E-03  0.98302E+00  0.20555E-04 -0.15625E-03 -0.97834E+00 -0.20500E-02 -0.96394E+00 
  157.00  0.14369E+00 -0.78788E-01  0.23263E-04 -0.15084E-03  0.98299E+00  0.95264E-05 -0.11616E-03 -0.97897E+00 -0.20676E-02 -0.96434E+00 
  158.00  0.14422E+00 -0.71862E-01  0.10084E-04 -0.16571E-03  0.98296E+00 -0.20394E-06 -0.81009E-04 -0.97950E+00 -0.20656E-02 -0.96466E+00 
  159.00  0.14479E+00 -0.65294E-01 -0.96963E-05 -0.18065E-03  0.98292E+00 -0.80087E-05 -0.51620E-04 -0.97995E+00 -0.20418E-02 -0.96490E+00 
  160.00  0.14540E+00 -0.59068E-01 -0.34717E-04 -0.19591E-03  0.98287E+00 -0.13410E-04 -0.28180E-04 -0.98033E+00 -0.19932E-02 -0.96506E+00 
  161.00  0.14602E+00 -0.53167E-01 -0.62881E-04 -0.21179E-03  0.98282E+00 -0.16201E-04 -0.10200E-04 -0.98065E+00 -0.19167E-02 -0.96517E+00 
  162.00  0.14666E+00 -0.47578E-01 -0.91570E-04 -0.22852E-03  0.98277E+00 -0.16501E-04  0.33476E-05 -0.98091E+00 -0.18101E-02 -0.96523E+00 
  163.00  0.14730E+00 -0.42293E-01 -0.11798E-03 -0.24604E-03  0.98272E+00 -0.14758E-04  0.13682E-04 -0.98112E+00 -0.16733E-02 -0.96524E+00 
  164.00  0.14794E+00 -0.37307E-01 -0.13950E-03 -0.26384E-03  0.98266E+00 -0.11673E-04  0.21808E-04 -0.98129E+00 -0.15089E-02 -0.96520E+00 
  165.00  0.14857E+00 -0.32617E-01 -0.15407E-03 -0.28096E-03  0.98260E+00 -0.80672E-05  0.28271E-04 -0.98141E+00 -0.13221E-02 -0.96513E+00 
  166.00  0.14920E+00 -0.28225E-01 -0.16048E-03 -0.29621E-03  0.98254E+00 -0.47086E-05  0.33165E-04 -0.98150E+00 -0.11209E-02 -0.96503E+00 
  167.00  0.14980E+00 -0.24128E-01 -0.15843E-03 -0.30854E-03  0.98247E+00 -0.21438E-05  0.36350E-04 -0.98156E+00 -0.91484E-03 -0.96489E+00 
  168.00  0.15038E+00 -0.20328E-01 -0.14859E-03 -0.31739E-03  0.98239E+00 -0.59981E-06  0.37685E-04 -0.98158E+00 -0.71449E-03 -0.96473E+00 
  169.00  0.15095E+00 -0.16827E-01 -0.13238E-03 -0.32274E-03  0.98229E+00  0.89077E-08  0.37161E-04 -0.98158E+00 -0.52997E-03 -0.96453E+00 
  170.00  0.15149E+00 -0.13629E-01 -0.11177E-03 -0.32505E-03  0.98219E+00 -0.22389E-07  0.34889E-04 -0.98156E+00 -0.36982E-03 -0.96430E+00 
  171.00  0.15200E+00 -0.10738E-01 -0.88981E-04 -0.32504E-03  0.98206E+00 -0.33518E-06  0.31060E-04 -0.98152E+00 -0.23999E-03 -0.96404E+00 
  172.00  0.15250E+00 -0.81663E-02 -0.66259E-04 -0.32360E-03  0.98190E+00 -0.63543E-06  0.25964E-04 -0.98145E+00 -0.14290E-03 -0.96373E+00 
  173.00  0.15297E+00 -0.59300E-02 -0.45594E-04 -0.32169E-03  0.98170E+00 -0.76232E-06  0.20060E-04 -0.98135E+00 -0.77144E-04 -0.96336E+00 
  174.00  0.15342E+00 -0.40537E-02 -0.28487E-04 -0.32025E-03  0.98147E+00 -0.69194E-06  0.14014E-04 -0.98121E+00 -0.37749E-04 -0.96292E+00 
  175.00  0.15385E+00 -0.25605E-02 -0.15749E-04 -0.32002E-03  0.98119E+00 -0.49473E-06  0.85935E-05 -0.98103E+00 -0.17422E-04 -0.96239E+00 
  176.00  0.15424E+00 -0.14567E-02 -0.74033E-05 -0.32130E-03  0.98088E+00 -0.27361E-06  0.44328E-05 -0.98080E+00 -0.84356E-05 -0.96180E+00 
  177.00  0.15459E+00 -0.71652E-03 -0.27693E-05 -0.32379E-03  0.98058E+00 -0.10823E-06  0.17996E-05 -0.98055E+00 -0.45753E-05 -0.96120E+00 
  178.00  0.15487E+00 -0.27875E-03 -0.72981E-06 -0.32672E-03  0.98031E+00 -0.24968E-07  0.51105E-06 -0.98031E+00 -0.23090E-05 -0.96065E+00 
  179.00  0.15505E+00 -0.62896E-04 -0.10118E-06 -0.32904E-03  0.98013E+00 -0.17102E-08  0.76374E-07 -0.98013E+00 -0.65912E-06 -0.96027E+00 
  180.00  0.15511E+00 -0.14989E-14 -0.18103E-17 -0.32992E-03  0.98007E+00 -0.10828E-29  0.14316E-17 -0.98007E+00 -0.17201E-16 -0.96013E+00 
 scattering matrix expansion coefficients
    w  a11         a22         a33         a23         a32         a44         a12         a34         a13         a24         a14
    0  0.1000E+01  0.0000E+00  0.0000E+00  0.0000E+00  0.0000E+00  0.8461E+00  0.0000E+00  0.0000E+00  0.0000E+00  0.0000E+00  0.5460E-05
    1  0.2391E+01  0.0000E+00  0.0000E+00  0.0000E+00  0.0000E+00  0.2536E+01  0.0000E+00  0.0000E+00  0.0000E+00  0.0000E+00  0.2157E-04
    2  0.3485E+01  0.1871E+00  0.4171E+01  0.1227E-07 -0.1912E-03  0.3488E+01 -0.3099E+00  0.1011E-02 -0.3503E-04 -0.1798E-04  0.4217E-04
    3  0.4196E+01  0.5504E-01  0.4587E+01 -0.9999E-08 -0.2287E-03  0.4194E+01 -0.1951E+00 -0.1740E-02  0.5846E-04  0.1404E-04  0.7552E-04
    4  0.4743E+01  0.2236E-01  0.5024E+01  0.3728E-07 -0.1331E-03  0.4743E+01 -0.1454E+00 -0.3914E-02  0.8438E-05 -0.3793E-04  0.6575E-04
    5  0.5168E+01  0.1178E-01  0.5388E+01 -0.1374E-07 -0.1686E-03  0.5170E+01 -0.1181E+00 -0.5649E-02  0.1041E-04  0.3685E-04  0.1379E-03
    6  0.5501E+01  0.9471E-02  0.5679E+01  0.2455E-09 -0.2000E-03  0.5497E+01 -0.9864E-01 -0.7372E-02  0.2494E-04 -0.2791E-04  0.8441E-04
    7  0.5748E+01  0.1853E-02  0.5902E+01 -0.1513E-07 -0.3240E-03  0.5753E+01 -0.8844E-01 -0.7003E-02 -0.1020E-04 -0.2700E-04  0.2068E-04
    8  0.5936E+01  0.3612E-02  0.6068E+01  0.1009E-07 -0.4091E-03  0.5939E+01 -0.7498E-01 -0.6384E-02 -0.1416E-04 -0.2738E-04  0.1579E-04
    9  0.6072E+01  0.6762E-02  0.6182E+01  0.2033E-07 -0.4109E-03  0.6062E+01 -0.6222E-01 -0.4377E-02  0.2527E-04 -0.3389E-04  0.8645E-04
   10  0.6147E+01 -0.3709E-03  0.6249E+01  0.7562E-09 -0.3794E-03  0.6148E+01 -0.6539E-01 -0.2972E-02  0.8781E-05  0.5109E-04  0.1908E-03
   11  0.6193E+01 -0.3151E-02  0.6286E+01  0.8499E-08 -0.4392E-03  0.6203E+01 -0.6799E-01 -0.2698E-02 -0.3281E-04  0.2427E-04  0.2053E-03
   12  0.6240E+01  0.5013E-02  0.6313E+01 -0.2124E-07 -0.4721E-03  0.6235E+01 -0.5563E-01 -0.2140E-02 -0.1960E-04 -0.1711E-04  0.1693E-03
   13  0.6269E+01  0.9157E-03  0.6334E+01 -0.6886E-08 -0.4481E-03  0.6268E+01 -0.4664E-01 -0.7827E-03  0.6281E-05 -0.8493E-05  0.1611E-03
   14  0.6291E+01 -0.6011E-03  0.6350E+01 -0.1369E-07 -0.4353E-03  0.6294E+01 -0.4357E-01  0.5719E-03 -0.2083E-04  0.1845E-04  0.1133E-03
   15  0.6313E+01  0.1370E-02  0.6363E+01 -0.3255E-08 -0.3842E-03  0.6313E+01 -0.3552E-01  0.2191E-02 -0.5408E-05 -0.6080E-05  0.1439E-04
   16  0.6331E+01  0.5793E-03  0.6376E+01 -0.6542E-08 -0.3114E-03  0.6332E+01 -0.2523E-01  0.4312E-02 -0.2859E-07  0.5105E-05 -0.5659E-04
   17  0.6345E+01  0.3088E-02  0.6383E+01  0.1038E-07 -0.2391E-03  0.6339E+01 -0.2035E-01  0.5359E-02  0.4233E-04 -0.1226E-05 -0.8442E-04
   18  0.6346E+01 -0.1330E-02  0.6384E+01  0.3313E-08 -0.2111E-03  0.6348E+01 -0.2449E-01  0.5260E-02 -0.3563E-05 -0.2953E-04 -0.3987E-04
   19  0.6351E+01 -0.4051E-02  0.6388E+01 -0.7567E-08 -0.1895E-03  0.6361E+01 -0.2181E-01  0.4938E-02 -0.3578E-04  0.2158E-04  0.3038E-04
   20  0.6368E+01  0.3279E-02  0.6396E+01 -0.1265E-07 -0.1383E-03  0.6364E+01 -0.1623E-02  0.5368E-02 -0.1772E-05  0.4929E-04  0.3139E-04
   21  0.6361E+01  0.4003E-02  0.6387E+01  0.5451E-08 -0.7255E-04  0.6353E+01  0.1251E-01  0.7496E-02  0.9291E-05  0.1222E-04 -0.3586E-04
   22  0.6309E+01 -0.1485E-02  0.6341E+01 -0.1338E-07 -0.6932E-05  0.6312E+01  0.8472E-02  0.1042E-01  0.1146E-04 -0.3241E-04 -0.1047E-03
   23  0.6230E+01 -0.1217E-02  0.6262E+01 -0.1630E-07  0.5308E-04  0.6232E+01  0.3335E-02  0.1235E-01  0.3835E-05 -0.2306E-04 -0.1105E-03
   24  0.6131E+01  0.1432E-02  0.6159E+01 -0.8003E-08  0.1264E-03  0.6128E+01  0.3692E-02  0.1338E-01  0.1835E-04  0.5124E-05 -0.4863E-04
   25  0.6014E+01  0.5901E-04  0.6042E+01  0.1828E-07  0.1899E-03  0.6013E+01  0.8003E-03  0.1364E-01  0.2540E-04 -0.2946E-05 -0.1596E-04
   26  0.5890E+01 -0.1113E-02  0.5917E+01 -0.1421E-07  0.2009E-03  0.5892E+01 -0.3708E-02  0.1355E-01  0.2696E-05  0.6317E-05 -0.1304E-04
   27  0.5770E+01 -0.5705E-03  0.5795E+01 -0.9998E-08  0.1975E-03  0.5771E+01 -0.3396E-02  0.1366E-01 -0.8307E-05  0.4757E-05 -0.1264E-04
   28  0.5653E+01 -0.2104E-03  0.5675E+01 -0.2474E-07  0.2185E-03  0.5653E+01  0.1799E-02  0.1348E-01  0.3903E-05 -0.1072E-04 -0.3405E-04
   29  0.5530E+01  0.7226E-03  0.5551E+01 -0.8852E-08  0.2367E-03  0.5529E+01  0.7939E-02  0.1273E-01 -0.8127E-05  0.1459E-04 -0.8956E-05
   30  0.5391E+01  0.1126E-02  0.5411E+01  0.3578E-08  0.2678E-03  0.5389E+01  0.9806E-02  0.1183E-01 -0.1492E-04  0.3722E-04  0.5024E-04
   31  0.5231E+01 -0.3354E-03  0.5252E+01 -0.7348E-08  0.3165E-03  0.5231E+01  0.5637E-02  0.1057E-01 -0.2027E-05  0.1558E-04  0.4840E-04
   32  0.5057E+01 -0.7582E-03  0.5078E+01 -0.4232E-08  0.3307E-03  0.5058E+01  0.5002E-03  0.9151E-02  0.1132E-04 -0.6128E-05  0.1068E-04
   33  0.4878E+01 -0.1308E-04  0.4897E+01 -0.5411E-08  0.2775E-03  0.4878E+01 -0.2318E-02  0.8450E-02 -0.1935E-05 -0.4214E-05  0.3436E-06
   34  0.4698E+01 -0.4070E-03  0.4717E+01 -0.3828E-08  0.1999E-03  0.4699E+01 -0.3629E-02  0.8205E-02 -0.1667E-04 -0.8063E-05 -0.1877E-05
   35  0.4523E+01 -0.8010E-03  0.4540E+01  0.6585E-09  0.1601E-03  0.4524E+01 -0.2271E-02  0.7727E-02 -0.8995E-05 -0.1057E-04  0.5689E-05
   36  0.4351E+01  0.1726E-03  0.4367E+01 -0.2270E-08  0.1795E-03  0.4351E+01  0.3057E-02  0.7317E-02  0.3239E-06 -0.2134E-05  0.3379E-04
   37  0.4176E+01  0.8617E-03  0.4191E+01 -0.3106E-08  0.2417E-03  0.4175E+01  0.8658E-02  0.7472E-02  0.6271E-05  0.8075E-06  0.5325E-04
   38  0.3989E+01  0.5420E-03  0.4004E+01  0.1635E-08  0.2968E-03  0.3988E+01  0.1047E-01  0.8030E-02  0.1056E-04 -0.3043E-05  0.5433E-04
   39  0.3787E+01  0.3293E-04  0.3802E+01  0.1749E-08  0.3095E-03  0.3787E+01  0.8710E-02  0.8597E-02  0.5446E-05 -0.3709E-06  0.6597E-04
   40  0.3573E+01 -0.1167E-03  0.3589E+01  0.3203E-08  0.2848E-03  0.3573E+01  0.6042E-02  0.8852E-02 -0.2000E-05  0.6506E-05  0.8908E-04
   41  0.3353E+01  0.5944E-04  0.3367E+01  0.3573E-08  0.2419E-03  0.3352E+01  0.3670E-02  0.8704E-02 -0.3713E-05  0.9017E-05  0.1002E-03
   42  0.3128E+01  0.1912E-03  0.3142E+01 -0.3171E-08  0.1898E-03  0.3128E+01  0.7726E-03  0.8322E-02 -0.2445E-05  0.5630E-05  0.9401E-04
   43  0.2905E+01 -0.1273E-03  0.2918E+01 -0.3955E-08  0.1354E-03  0.2905E+01 -0.3283E-02  0.7857E-02 -0.1762E-05  0.4090E-05  0.8136E-04
   44  0.2689E+01 -0.4482E-03  0.2702E+01  0.3725E-08  0.8125E-04  0.2690E+01 -0.7070E-02  0.7345E-02 -0.1619E-05  0.5573E-05  0.7279E-04
   45  0.2488E+01 -0.2898E-03  0.2500E+01  0.4338E-08  0.2529E-04  0.2489E+01 -0.9006E-02  0.6819E-02 -0.3503E-05  0.4164E-05  0.7496E-04
   46  0.2306E+01 -0.3579E-04  0.2316E+01  0.1372E-08 -0.2581E-04  0.2306E+01 -0.9282E-02  0.6230E-02 -0.7080E-05 -0.1568E-07  0.8744E-04
   47  0.2144E+01 -0.1612E-03  0.2152E+01  0.2525E-08 -0.4929E-04  0.2144E+01 -0.8618E-02  0.5515E-02 -0.7764E-05 -0.6029E-06  0.1031E-03
   48  0.2002E+01 -0.3188E-03  0.2009E+01  0.3118E-08 -0.2622E-04  0.2003E+01 -0.6466E-02  0.4822E-02 -0.2970E-06  0.3248E-05  0.1123E-03
   49  0.1878E+01 -0.9983E-04  0.1884E+01  0.1829E-08  0.3048E-04  0.1878E+01 -0.2303E-02  0.4434E-02  0.1138E-04  0.4747E-05  0.1059E-03
   50  0.1765E+01  0.2905E-03  0.1771E+01  0.1991E-08  0.7755E-04  0.1765E+01  0.2687E-02  0.4384E-02  0.1590E-04  0.1081E-05  0.8260E-04
   51  0.1656E+01  0.4486E-03  0.1661E+01  0.2663E-08  0.7806E-04  0.1655E+01  0.6340E-02  0.4389E-02  0.8207E-05 -0.4107E-05  0.5238E-04
   52  0.1544E+01  0.3441E-03  0.1549E+01  0.2191E-08  0.3439E-04  0.1543E+01  0.7433E-02  0.4153E-02 -0.3725E-05 -0.6537E-05  0.3215E-04
   53  0.1426E+01  0.1385E-03  0.1432E+01  0.2030E-08 -0.1786E-04  0.1426E+01  0.6197E-02  0.3602E-02 -0.9202E-05 -0.4837E-05  0.3155E-04
   54  0.1305E+01 -0.6654E-04  0.1310E+01  0.1970E-08 -0.4383E-04  0.1305E+01  0.3744E-02  0.2838E-02 -0.6106E-05 -0.1771E-05  0.4270E-04
   55  0.1183E+01 -0.2137E-03  0.1188E+01  0.1489E-08 -0.3404E-04  0.1183E+01  0.1385E-02  0.2016E-02  0.4255E-07  0.3889E-06  0.5006E-04
   56  0.1062E+01 -0.2142E-03  0.1067E+01  0.9529E-09 -0.2467E-05  0.1062E+01  0.9514E-04  0.1292E-02  0.3606E-05  0.4903E-06  0.4457E-04
   57  0.9448E+00 -0.6885E-04  0.9495E+00  0.1062E-08  0.3009E-04  0.9450E+00 -0.6916E-04  0.7992E-03  0.3282E-05 -0.4041E-06  0.2990E-04
   58  0.8310E+00  0.9550E-04  0.8352E+00  0.1323E-08  0.4994E-04  0.8308E+00  0.5447E-04  0.5756E-03  0.9020E-06 -0.9319E-06  0.1507E-04
   59  0.7197E+00  0.1395E-03  0.7237E+00  0.1038E-08  0.5413E-04  0.7194E+00 -0.5128E-03  0.5253E-03 -0.1434E-05 -0.3696E-06  0.6349E-05
   60  0.6118E+00  0.5533E-04  0.6155E+00  0.3796E-09  0.4695E-04  0.6116E+00 -0.2038E-02  0.4823E-03 -0.2582E-05  0.8278E-06  0.4261E-05
   61  0.5092E+00 -0.6194E-04  0.5127E+00 -0.9208E-10  0.3492E-04  0.5092E+00 -0.3989E-02  0.3371E-03 -0.2498E-05  0.1834E-05  0.5829E-05
   62  0.4146E+00 -0.1227E-03  0.4178E+00 -0.1249E-09  0.2334E-04  0.4148E+00 -0.5606E-02  0.1056E-03 -0.1640E-05  0.2204E-05  0.8013E-05
   63  0.3301E+00 -0.1157E-03  0.3329E+00  0.4599E-10  0.1497E-04  0.3303E+00 -0.6489E-02 -0.1119E-03 -0.5214E-06  0.1949E-05  0.9283E-05
   64  0.2566E+00 -0.7957E-04  0.2589E+00  0.2077E-09  0.1017E-04  0.2568E+00 -0.6700E-02 -0.2246E-03  0.4257E-06  0.1391E-05  0.9536E-05
   65  0.1941E+00 -0.5116E-04  0.1960E+00  0.2362E-09  0.7959E-05  0.1942E+00 -0.6505E-02 -0.2120E-03  0.1030E-05  0.8134E-06  0.9205E-05
   66  0.1422E+00 -0.3763E-04  0.1437E+00  0.1808E-09  0.7006E-05  0.1423E+00 -0.6097E-02 -0.1184E-03  0.1267E-05  0.3847E-06  0.8644E-05
   67  0.1004E+00 -0.2884E-04  0.1016E+00  0.1235E-09  0.6338E-05  0.1005E+00 -0.5531E-02 -0.8950E-05  0.1228E-05  0.1016E-06  0.7925E-05
   68  0.6792E-01 -0.1546E-04  0.6881E-01  0.8679E-10  0.5492E-05  0.6799E-01 -0.4801E-02  0.7017E-04  0.1009E-05 -0.6840E-07  0.7024E-05
   69  0.4390E-01  0.2217E-05  0.4451E-01  0.5687E-10  0.4418E-05  0.4393E-01 -0.3933E-02  0.1045E-03  0.7303E-06 -0.1697E-06  0.5900E-05
   70  0.2703E-01  0.1839E-04  0.2743E-01  0.2879E-10  0.3267E-05  0.2703E-01 -0.3013E-02  0.1027E-03  0.4724E-06 -0.2115E-06  0.4611E-05
   71  0.1584E-01  0.2795E-04  0.1608E-01  0.4648E-11  0.2228E-05  0.1581E-01 -0.2151E-02  0.8192E-04  0.2759E-06 -0.2061E-06  0.3305E-05
   72  0.8826E-02  0.2978E-04  0.8955E-02 -0.8515E-11  0.1415E-05  0.8785E-02 -0.1430E-02  0.5661E-04  0.1426E-06 -0.1708E-06  0.2173E-05
   73  0.4679E-02  0.2593E-04  0.4743E-02 -0.1121E-10  0.8442E-06  0.4640E-02 -0.8867E-03  0.3499E-04  0.6342E-07 -0.1262E-06  0.1320E-05
   74  0.2362E-02  0.1955E-04  0.2390E-02 -0.8010E-11  0.4729E-06  0.2330E-02 -0.5144E-03  0.1973E-04  0.2256E-07 -0.8484E-07  0.7504E-06
   75  0.1136E-02  0.1313E-04  0.1147E-02 -0.3770E-11  0.2480E-06  0.1114E-02 -0.2801E-03  0.1028E-04  0.5598E-08 -0.5206E-07  0.4002E-06
   76  0.5214E-03  0.8008E-05  0.5253E-03 -0.9016E-12  0.1219E-06  0.5079E-03 -0.1436E-03  0.5006E-05 -0.8464E-11 -0.2904E-07  0.1992E-06
   77  0.2287E-03  0.4490E-05  0.2296E-03  0.2880E-12  0.5648E-07  0.2210E-03 -0.6950E-04  0.2293E-05 -0.1239E-08 -0.1468E-07  0.9230E-07
   78  0.9598E-04  0.2337E-05  0.9602E-04  0.4445E-12  0.2480E-07  0.9191E-04 -0.3187E-04  0.9931E-06 -0.1154E-08 -0.6830E-08  0.3989E-07
   79  0.3860E-04  0.1137E-05  0.3845E-04  0.2477E-12  0.1030E-07  0.3659E-04 -0.1388E-04  0.4082E-06 -0.7044E-09 -0.2935E-08  0.1638E-07
   80  0.1489E-04  0.5204E-06  0.1476E-04  0.4685E-13  0.4040E-08  0.1396E-04 -0.5754E-05  0.1600E-06 -0.3704E-09 -0.1182E-08  0.6319E-08
   81  0.5512E-05  0.2248E-06  0.5437E-05 -0.5680E-13  0.1515E-08  0.5110E-05 -0.2275E-05  0.6002E-07 -0.1605E-09 -0.4183E-09  0.2277E-08
   82  0.1962E-05  0.9182E-07  0.1925E-05 -0.7503E-13  0.5756E-09  0.1797E-05 -0.8595E-06  0.2177E-07 -0.8164E-10 -0.1219E-09  0.7035E-09
   83  0.6722E-06  0.3556E-07  0.6558E-06 -0.5413E-13  0.2339E-09  0.6079E-06 -0.3110E-06  0.7651E-08 -0.4670E-10 -0.1971E-10  0.1736E-09
   84  0.2231E-06  0.1310E-07  0.2165E-06 -0.2969E-13  0.1017E-09  0.1993E-06 -0.1082E-06  0.2642E-08 -0.2783E-10  0.3899E-11  0.2514E-10
   85  0.7130E-07  0.4609E-08  0.6878E-07 -0.1489E-13  0.4338E-10  0.6291E-07 -0.3618E-07  0.8906E-09 -0.1476E-10  0.4911E-11 -0.1423E-11
   86  0.2269E-07  0.1576E-08  0.2179E-07 -0.7274E-14  0.1732E-10  0.1982E-07 -0.1190E-07  0.3005E-09 -0.6560E-11  0.2283E-11 -0.1608E-11
   87  0.6722E-08  0.5105E-09  0.6409E-08 -0.3448E-14  0.6266E-11  0.5789E-08 -0.3682E-08  0.9448E-10 -0.2524E-11  0.6421E-12 -0.1324E-12
   88  0.2212E-08  0.1748E-09  0.2102E-08 -0.1494E-14  0.2217E-11  0.1891E-08 -0.1226E-08  0.3177E-10 -0.8692E-12  0.6750E-13  0.4291E-12
   89  0.6220E-09  0.5360E-10  0.5859E-09 -0.6354E-15  0.7642E-12  0.5240E-09 -0.3578E-09  0.8713E-11 -0.2750E-12 -0.4919E-13  0.2853E-12
   90  0.2435E-09  0.2122E-10  0.2292E-09 -0.2764E-15  0.2777E-12  0.2045E-09 -0.1388E-09  0.3130E-11 -0.9005E-13 -0.4844E-13  0.1742E-12
   91  0.6586E-10  0.6203E-11  0.6148E-10 -0.1073E-15  0.8872E-13  0.5444E-10 -0.3873E-10  0.7389E-12 -0.2629E-13 -0.2396E-13  0.7001E-13
   92  0.2638E-10  0.2569E-11  0.2462E-10 -0.3563E-16  0.2665E-13  0.2161E-10 -0.1563E-10  0.2875E-12 -0.7599E-14 -0.1047E-13  0.2941E-13
   93  0.5245E-11  0.5507E-12  0.4856E-11 -0.9704E-17  0.5829E-14  0.4213E-11 -0.3216E-11  0.4886E-13 -0.1633E-14 -0.3038E-14  0.7868E-14
   94  0.1699E-11  0.1857E-12  0.1566E-11 -0.2735E-17  0.1163E-14  0.1347E-11 -0.1059E-11  0.1793E-13 -0.3332E-15 -0.8036E-15  0.2134E-14
   95  0.1536E-12  0.1810E-13  0.1407E-12 -0.1128E-17  0.1162E-15  0.1193E-12 -0.9917E-13  0.1346E-14 -0.3191E-16 -0.1109E-15  0.2734E-15
   96  0.6895E-13  0.8764E-14  0.6356E-13 -0.3140E-18  0.2413E-16  0.5300E-13 -0.4562E-13  0.8275E-15 -0.8252E-17 -0.1809E-16  0.4924E-16
